0 0.66328125 0.7848769050410317 0.0078125 0.007033997655334115
0 0.675 0.764947245017585 0.0109375 0.008206330597889801
0 0.2890625 0.7608440797186401 0.0125 0.009378663540445486
0 0.76484375 0.7599648300117233 0.0109375 0.008792497069167644
0 0.2671875 0.7549824150058617 0.0125 0.009378663540445486
0 0.60859375 0.7523446658851114 0.0109375 0.008792497069167644
0 0.509765625 0.7485345838218054 0.00859375 0.007033997655334115
0 0.193359375 0.7379835873388042 0.01171875 0.009378663540445486
0 0.6078125 0.7356389214536928 0.0109375 0.008206330597889801
0 0.70859375 0.7306565064478312 0.0109375 0.008792497069167644
0 0.34140625 0.7303634232121923 0.0109375 0.009378663540445486
0 0.428515625 0.7259671746776084 0.01015625 0.008792497069167644
0 0.380078125 0.7227432590855803 0.01171875 0.009378663540445486
0 0.6609375 0.7206916764361079 0.0109375 0.006447831184056272
0 0.44375 0.713071512309496 0.0109375 0.008792497069167644
0 0.48828125 0.7045720984759671 0.0109375 0.008206330597889801
0 0.42578125 0.701641266119578 0.009375 0.005861664712778429
0 0.6640625 0.7013481828839391 0.0109375 0.008792497069167644
0 0.756640625 0.6981242672919109 0.01015625 0.008206330597889801
0 0.39609375 0.6960726846424384 0.0109375 0.008792497069167644
0 0.344140625 0.6931418522860492 0.01171875 0.008792497069167644
0 0.4765625 0.6907971864009379 0.0109375 0.008792497069167644
0 0.38515625 0.6802461899179367 0.0109375 0.008792497069167644
0 0.729296875 0.6776084407971864 0.01015625 0.008206330597889801
0 0.621875 0.6767291910902696 0.0109375 0.008792497069167644
0 0.6875 0.6743845252051582 0.0109375 0.0076201641266119575
0 0.672265625 0.6635404454865181 0.01171875 0.008206330597889801
0 0.226171875 0.6538686987104337 0.01171875 0.008792497069167644
0 0.65546875 0.6524032825322391 0.0109375 0.008206330597889801
0 0.7046875 0.6424384525205158 0.009375 0.008206330597889801
0 0.283984375 0.6359906213364596 0.01171875 0.008206330597889801
0 0.241796875 0.6251465416178195 0.01171875 0.008792497069167644
0 0.755078125 0.6022860492379836 0.01015625 0.0076201641266119575
0 0.253125 0.5981828839390387 0.0125 0.008792497069167644
0 0.287890625 0.5949589683470106 0.01171875 0.008206330597889801
0 0.22109375 0.5937866354044549 0.0109375 0.008206330597889801
0 0.311328125 0.5926143024618992 0.01171875 0.008206330597889801
0 0.580859375 0.5867526377491208 0.01015625 0.007033997655334115
0 0.237109375 0.578253223915592 0.01171875 0.008792497069167644
0 0.63515625 0.5744431418522861 0.0109375 0.007033997655334115
0 0.37890625 0.5732708089097304 0.0109375 0.008206330597889801
0 0.575390625 0.5715123094958968 0.01015625 0.008206330597889801
0 0.317578125 0.5694607268464243 0.01171875 0.008792497069167644
0 0.25625 0.5668229777256741 0.0125 0.009378663540445486
0 0.29375 0.5647713950762017 0.0109375 0.008792497069167644
0 0.76328125 0.5568581477139508 0.0109375 0.007033997655334115
0 0.230859375 0.5545134818288394 0.01015625 0.007033997655334115
0 0.446875 0.5515826494724502 0.0109375 0.007033997655334115
0 0.31015625 0.5524618991793669 0.0125 0.008792497069167644
0 0.331640625 0.5466002344665886 0.01171875 0.008792497069167644
0 0.7078125 0.5445486518171161 0.0109375 0.008206330597889801
0 0.73828125 0.5424970691676436 0.0109375 0.0076201641266119575
0 0.30390625 0.5360492379835874 0.0125 0.006447831184056272
0 0.21015625 0.5322391559202814 0.0125 0.009378663540445486
0 0.124609375 0.5313599062133646 0.01328125 0.008792497069167644
0 0.69140625 0.5287221570926143 0.0109375 0.008206330597889801
0 0.5890625 0.5234466588511137 0.009375 0.007033997655334115
0 0.2546875 0.522567409144197 0.0125 0.008792497069167644
0 0.3828125 0.5205158264947245 0.0109375 0.008206330597889801
0 0.621484375 0.5082063305978898 0.01015625 0.007033997655334115
0 0.16171875 0.5029308323563892 0.0125 0.008206330597889801
0 0.3453125 0.4894490035169988 0.0109375 0.008206330597889801
0 0.210546875 0.4876905041031653 0.01328125 0.009378663540445486
0 0.166015625 0.4827080890973036 0.01328125 0.008792497069167644
0 0.732421875 0.4750879249706917 0.01015625 0.0076201641266119575
0 0.2265625 0.473915592028136 0.0109375 0.008792497069167644
0 0.25 0.46805392731535755 0.0125 0.008792497069167644
0 0.620703125 0.4645369284876905 0.01015625 0.0076201641266119575
0 0.371484375 0.46483001172332944 0.01171875 0.008206330597889801
0 0.24609375 0.45076201641266117 0.0125 0.009378663540445486
0 0.653515625 0.44724501758499413 0.01015625 0.007033997655334115
0 0.381640625 0.4469519343493552 0.01171875 0.008792497069167644
0 0.2984375 0.4449003516998828 0.0125 0.009378663540445486
0 0.1859375 0.44109026963657677 0.0109375 0.008792497069167644
0 0.46171875 0.4393317702227433 0.0109375 0.008792497069167644
0 0.43203125 0.4358147713950762 0.0109375 0.008792497069167644
0 0.31640625 0.4340562719812427 0.0125 0.008792497069167644
0 0.357421875 0.42819460726846426 0.01171875 0.008792497069167644
0 0.8015625 0.4243845252051583 0.009375 0.008206330597889801
0 0.174609375 0.42028135990621335 0.00703125 0.005861664712778429
0 0.420703125 0.4211606096131301 0.01171875 0.008792497069167644
0 0.265625 0.42145369284876905 0.0125 0.009378663540445486
0 0.1953125 0.41324736225087927 0.0125 0.009378663540445486
0 0.3875 0.4091441969519343 0.0109375 0.009378663540445486
0 0.756640625 0.40357561547479487 0.01015625 0.0076201641266119575
0 0.483984375 0.3947831184056272 0.01171875 0.008792497069167644
0 0.36171875 0.3883352872215709 0.0125 0.008792497069167644
0 0.51484375 0.3824736225087925 0.0109375 0.0076201641266119575
0 0.677734375 0.3821805392731536 0.01015625 0.008206330597889801
0 0.2234375 0.3786635404454865 0.0125 0.009378663540445486
0 0.416796875 0.3733880422039859 0.01171875 0.008206330597889801
0 0.546875 0.36840562719812425 0.0109375 0.0076201641266119575
0 0.32265625 0.3678194607268464 0.0125 0.008792497069167644
0 0.56953125 0.36518171160609614 0.0109375 0.008206330597889801
0 0.635546875 0.36283704572098474 0.01015625 0.008206330597889801
0 0.130859375 0.3525791324736225 0.01328125 0.008792497069167644
0 0.602734375 0.35140679953106685 0.01015625 0.0076201641266119575
0 0.226953125 0.3440797186400938 0.01328125 0.009378663540445486
0 0.50546875 0.34144196951934347 0.009375 0.0076201641266119575
0 0.465234375 0.33909730363423213 0.01171875 0.008792497069167644
0 0.3171875 0.33909730363423213 0.0125 0.008792497069167644
0 0.377734375 0.3388042203985932 0.01171875 0.009378663540445486
0 0.613671875 0.3323563892145369 0.01015625 0.008206330597889801
0 0.536328125 0.3308909730363423 0.01015625 0.005275498241500586
0 0.395703125 0.3279601406799531 0.01171875 0.008792497069167644
0 0.368359375 0.32327080890973037 0.01171875 0.00996483001172333
0 0.339453125 0.3182883939038687 0.01171875 0.009378663540445486
0 0.414453125 0.31740914419695193 0.01171875 0.008792497069167644
0 0.530859375 0.3150644783118406 0.01171875 0.0076201641266119575
0 0.509765625 0.3141852286049238 0.01171875 0.009378663540445486
0 0.490234375 0.302168815943728 0.01171875 0.008792497069167644
0 0.635546875 0.3007033997655334 0.01015625 0.008206330597889801
0 0.397265625 0.29923798358733883 0.01171875 0.008792497069167644
0 0.6015625 0.2936694021101993 0.0109375 0.008206330597889801
0 0.333203125 0.29396248534583824 0.01171875 0.008792497069167644
0 0.4625 0.2922039859320047 0.009375 0.008792497069167644
0 0.4828125 0.28399765533411486 0.0109375 0.008792497069167644
0 0.303125 0.2828253223915592 0.0125 0.00996483001172333
0 0.41171875 0.2784290738569754 0.0109375 0.009378663540445486
0 0.604296875 0.2772567409144197 0.01015625 0.009378663540445486
0 0.32734375 0.276084407971864 0.0125 0.009378663540445486
0 0.45390625 0.27549824150058616 0.0109375 0.009378663540445486
0 0.216796875 0.27139507620164127 0.01328125 0.009378663540445486
0 0.431640625 0.26875732708089095 0.00859375 0.008792497069167644
0 0.344140625 0.26670574443141853 0.00703125 0.004689331770222743
0 0.586328125 0.26670574443141853 0.01015625 0.008206330597889801
0 0.70703125 0.26348182883939036 0.0109375 0.0076201641266119575
0 0.369921875 0.26143024618991795 0.01171875 0.008206330597889801
0 0.451953125 0.257620164126612 0.01171875 0.008792497069167644
0 0.740234375 0.25 0.01015625 0.0076201641266119575
0 0.27109375 0.2444314185228605 0.0125 0.009378663540445486
0 0.426953125 0.24384525205158264 0.01171875 0.009378663540445486
0 0.636328125 0.24150058616647127 0.01015625 0.008206330597889801
0 0.51875 0.23886283704572098 0.0109375 0.008792497069167644
0 0.340625 0.23681125439624853 0.0125 0.007033997655334115
0 0.446875 0.22977725674091443 0.0109375 0.009378663540445486
0 0.416015625 0.22450175849941384 0.01171875 0.010550996483001172
0 0.615625 0.21131301289566237 0.0046875 0.0076201641266119575
0 0.399609375 0.2116060961313013 0.01015625 0.009378663540445486
0 0.423046875 0.20955451348182885 0.01171875 0.00996483001172333
0 0.501953125 0.19314185228604924 0.01171875 0.008792497069167644
0 0.709765625 0.1872801875732708 0.00546875 0.0076201641266119575
0 0.613671875 0.18347010550996484 0.01015625 0.009378663540445486
0 0.679296875 0.17584994138335286 0.00859375 0.005861664712778429
0 0.53359375 0.17702227432590856 0.0109375 0.009378663540445486
0 0.393359375 0.17702227432590856 0.01015625 0.009378663540445486
0 0.796484375 0.17438452520515826 0.00703125 0.006447831184056272
0 0.847265625 0.17028135990621338 0.01015625 0.0076201641266119575
0 0.415234375 0.1694021101992966 0.01171875 0.009378663540445486
0 0.5296875 0.15885111371629543 0.0109375 0.009378663540445486
0 0.50703125 0.15826494724501758 0.0109375 0.009378663540445486
0 0.776953125 0.15211019929660025 0.01015625 0.008792497069167644
0 0.56328125 0.1450762016412661 0.0109375 0.008792497069167644
0 0.54375 0.14243845252051582 0.00625 0.004689331770222743
0 0.609765625 0.14243845252051582 0.01015625 0.008206330597889801
0 0.455078125 0.13159437280187572 0.01171875 0.00996483001172333
0 0.558984375 0.12749120750293083 0.00546875 0.0076201641266119575
0 0.203515625 0.12397420867526378 0.00078125 0.0005861664712778429
0 0.202734375 0.1228018757327081 0.00078125 0.0005861664712778429
0 0.532421875 0.1254396248534584 0.00546875 0.007033997655334115
0 0.66328125 0.1228018757327081 0.0109375 0.005275498241500586
0 0.5734375 0.11635404454865182 0.009375 0.006447831184056272
0 0.54609375 0.11137162954279015 0.00625 0.005861664712778429
0 0.528125 0.10169988276670575 0.0046875 0.005275498241500586
0 0.655078125 0.09935521688159438 0.01015625 0.008792497069167644
0 0.58671875 0.0955451348182884 0.0078125 0.005861664712778429
