0 0.462890625 0.7692708333333333 0.00859375 0.011458333333333333
0 0.201171875 0.7640625 0.00703125 0.009375
0 0.516015625 0.7640625 0.00859375 0.011458333333333333
0 0.4765625 0.7614583333333333 0.0078125 0.010416666666666666
0 0.325 0.759375 0.0078125 0.010416666666666666
0 0.563671875 0.7583333333333333 0.00859375 0.010416666666666666
0 0.626171875 0.75625 0.00859375 0.010416666666666666
0 0.490234375 0.7526041666666666 0.00703125 0.011458333333333333
0 0.610546875 0.7505208333333333 0.00859375 0.011458333333333333
0 0.579296875 0.7484375 0.00859375 0.011458333333333333
0 0.52890625 0.7473958333333334 0.0078125 0.011458333333333333
0 0.595703125 0.74375 0.00859375 0.010416666666666666
0 0.75625 0.7401041666666667 0.009375 0.011458333333333333
0 0.55390625 0.7375 0.0078125 0.010416666666666666
0 0.452734375 0.7375 0.00703125 0.010416666666666666
0 0.56875 0.734375 0.0078125 0.010416666666666666
0 0.51015625 0.7348958333333333 0.0078125 0.011458333333333333
0 0.4953125 0.7317708333333334 0.0078125 0.011458333333333333
0 0.357421875 0.7302083333333333 0.00859375 0.010416666666666666
0 0.647265625 0.7291666666666666 0.00859375 0.010416666666666666
0 0.60703125 0.7296875 0.0078125 0.011458333333333333
0 0.584765625 0.7296875 0.00859375 0.011458333333333333
0 0.673046875 0.7286458333333333 0.00859375 0.011458333333333333
0 0.5390625 0.7265625 0.0078125 0.011458333333333333
0 0.404296875 0.7260416666666667 0.00859375 0.010416666666666666
0 0.465234375 0.725 0.00859375 0.010416666666666666
0 0.425 0.725 0.0078125 0.010416666666666666
0 0.631640625 0.7203125 0.00859375 0.011458333333333333
0 0.525390625 0.7203125 0.00859375 0.011458333333333333
0 0.658984375 0.7166666666666667 0.00859375 0.010416666666666666
0 0.55390625 0.715625 0.0078125 0.010416666666666666
0 0.723828125 0.7135416666666666 0.01015625 0.010416666666666666
0 0.59765625 0.7135416666666666 0.0078125 0.010416666666666666
0 0.56875 0.7140625 0.0078125 0.011458333333333333
0 0.775390625 0.7119791666666667 0.00859375 0.011458333333333333
0 0.61796875 0.7104166666666667 0.0078125 0.010416666666666666
0 0.6453125 0.709375 0.00625 0.010416666666666666
0 0.3515625 0.709375 0.0078125 0.010416666666666666
0 0.49921875 0.7083333333333334 0.0078125 0.010416666666666666
0 0.513671875 0.7072916666666667 0.00703125 0.010416666666666666
0 0.41015625 0.7072916666666667 0.0078125 0.010416666666666666
0 0.58125 0.7041666666666667 0.0078125 0.010416666666666666
0 0.7421875 0.7036458333333333 0.009375 0.011458333333333333
0 0.36640625 0.703125 0.0078125 0.010416666666666666
0 0.4578125 0.6994791666666667 0.0078125 0.011458333333333333
0 0.3875 0.6979166666666666 0.0078125 0.010416666666666666
0 0.6078125 0.6963541666666667 0.0078125 0.011458333333333333
0 0.34140625 0.6947916666666667 0.0078125 0.010416666666666666
0 0.5921875 0.6916666666666667 0.0078125 0.010416666666666666
0 0.520703125 0.6895833333333333 0.00859375 0.010416666666666666
0 0.326953125 0.6895833333333333 0.00703125 0.010416666666666666
0 0.625 0.6854166666666667 0.0078125 0.010416666666666666
0 0.740234375 0.6828125 0.00859375 0.011458333333333333
0 0.70859375 0.6828125 0.009375 0.011458333333333333
0 0.46328125 0.68125 0.0078125 0.010416666666666666
0 0.478125 0.6776041666666667 0.0078125 0.011458333333333333
0 0.421875 0.6755208333333333 0.0078125 0.009375
0 0.5078125 0.675 0.0078125 0.010416666666666666
0 0.446484375 0.6739583333333333 0.00859375 0.010416666666666666
0 0.33828125 0.6734375 0.0078125 0.009375
0 0.390625 0.6729166666666667 0.0078125 0.010416666666666666
0 0.319921875 0.6723958333333333 0.00703125 0.009375
0 0.293359375 0.66875 0.00703125 0.010416666666666666
0 0.49453125 0.6651041666666667 0.0078125 0.011458333333333333
0 0.40390625 0.6640625 0.0078125 0.009375
0 0.6046875 0.65625 0.0078125 0.010416666666666666
0 0.55859375 0.6546875 0.0078125 0.009375
0 0.509375 0.6552083333333333 0.0078125 0.010416666666666666
0 0.2640625 0.6552083333333333 0.0078125 0.010416666666666666
0 0.46328125 0.6541666666666667 0.0078125 0.010416666666666666
0 0.732421875 0.6505208333333333 0.00859375 0.011458333333333333
0 0.39453125 0.6489583333333333 0.0078125 0.010416666666666666
0 0.36796875 0.6489583333333333 0.0078125 0.010416666666666666
0 0.294140625 0.6489583333333333 0.00703125 0.010416666666666666
0 0.69609375 0.6479166666666667 0.009375 0.010416666666666666
0 0.382421875 0.6395833333333333 0.00859375 0.010416666666666666
0 0.708984375 0.6385416666666667 0.00859375 0.010416666666666666
0 0.35078125 0.6369791666666667 0.0078125 0.009375
0 0.2578125 0.6375 0.0078125 0.010416666666666666
0 0.51328125 0.6364583333333333 0.0078125 0.010416666666666666
0 0.417578125 0.6354166666666666 0.00703125 0.010416666666666666
0 0.305078125 0.6348958333333333 0.00859375 0.009375
0 0.27265625 0.6333333333333333 0.0078125 0.010416666666666666
0 0.319921875 0.6302083333333334 0.00703125 0.010416666666666666
0 0.47265625 0.625 0.0078125 0.010416666666666666
0 0.434375 0.621875 0.0078125 0.010416666666666666
0 0.48515625 0.615625 0.0078125 0.010416666666666666
0 0.713671875 0.6125 0.00859375 0.010416666666666666
0 0.32578125 0.6114583333333333 0.0078125 0.010416666666666666
0 0.7328125 0.609375 0.009375 0.010416666666666666
0 0.308984375 0.609375 0.00703125 0.010416666666666666
0 0.22421875 0.6052083333333333 0.0078125 0.010416666666666666
0 0.721484375 0.596875 0.00859375 0.010416666666666666
0 0.4859375 0.5963541666666666 0.0078125 0.009375
0 0.362109375 0.5932291666666667 0.00859375 0.009375
0 0.33984375 0.5911458333333334 0.0078125 0.009375
0 0.45234375 0.590625 0.0078125 0.010416666666666666
0 0.467578125 0.5885416666666666 0.00703125 0.010416666666666666
0 0.478125 0.5760416666666667 0.0078125 0.010416666666666666
0 0.28515625 0.5723958333333333 0.0078125 0.009375
0 0.26328125 0.5713541666666667 0.0078125 0.009375
0 0.7015625 0.5697916666666667 0.009375 0.010416666666666666
0 0.36640625 0.5697916666666667 0.0078125 0.010416666666666666
0 0.39609375 0.56875 0.0078125 0.010416666666666666
0 0.30703125 0.5666666666666667 0.0078125 0.010416666666666666
0 0.467578125 0.5640625 0.00703125 0.009375
0 0.24609375 0.5604166666666667 0.0078125 0.010416666666666666
0 0.71328125 0.5598958333333334 0.009375 0.011458333333333333
0 0.33671875 0.5588541666666667 0.0078125 0.009375
0 0.487109375 0.5578125 0.00703125 0.009375
0 0.380078125 0.5536458333333333 0.00703125 0.009375
0 0.365625 0.5505208333333333 0.0078125 0.009375
0 0.19765625 0.5458333333333333 0.00625 0.008333333333333333
0 0.35234375 0.5432291666666667 0.0078125 0.009375
0 0.75 0.5411458333333333 0.009375 0.009375
0 0.24609375 0.540625 0.0078125 0.008333333333333333
0 0.21796875 0.5416666666666666 0.0078125 0.010416666666666666
0 0.38828125 0.5375 0.0078125 0.010416666666666666
0 0.26171875 0.5369791666666667 0.0078125 0.009375
0 0.405078125 0.5348958333333333 0.00703125 0.009375
0 0.23046875 0.5286458333333334 0.0078125 0.005208333333333333
0 0.206640625 0.5296875 0.00703125 0.009375
0 0.39453125 0.5203125 0.0078125 0.009375
0 0.219140625 0.5192708333333333 0.00703125 0.009375
0 0.234375 0.5119791666666667 0.0078125 0.009375
0 0.38359375 0.5052083333333334 0.0078125 0.010416666666666666
0 0.210546875 0.5046875 0.00859375 0.009375
0 0.409765625 0.4984375 0.00703125 0.009375
0 0.508984375 0.4973958333333333 0.00703125 0.009375
0 0.33671875 0.496875 0.0078125 0.010416666666666666
0 0.1921875 0.4953125 0.0078125 0.009375
0 0.372265625 0.49375 0.00859375 0.010416666666666666
0 0.59609375 0.4895833333333333 0.0078125 0.010416666666666666
0 0.609375 0.48489583333333336 0.0078125 0.009375
0 0.3765625 0.47552083333333334 0.0078125 0.009375
0 0.329296875 0.47552083333333334 0.00703125 0.009375
0 0.419921875 0.4734375 0.00703125 0.009375
0 0.23125 0.4734375 0.0078125 0.009375
0 0.290234375 0.46927083333333336 0.00703125 0.009375
0 0.266015625 0.46927083333333336 0.00703125 0.009375
0 0.3640625 0.46510416666666665 0.0078125 0.009375
0 0.382421875 0.4588541666666667 0.00703125 0.009375
0 0.734375 0.4583333333333333 0.0078125 0.010416666666666666
0 0.74921875 0.45677083333333335 0.0078125 0.009375
0 0.683203125 0.44947916666666665 0.00859375 0.009375
0 0.487890625 0.44947916666666665 0.00703125 0.009375
0 0.39375 0.4484375 0.0078125 0.009375
0 0.315625 0.4484375 0.0078125 0.009375
0 0.349609375 0.44635416666666666 0.00703125 0.009375
0 0.554296875 0.44479166666666664 0.00703125 0.010416666666666666
0 0.425390625 0.44114583333333335 0.00703125 0.009375
0 0.596875 0.4401041666666667 0.0078125 0.009375
0 0.475390625 0.4401041666666667 0.00703125 0.009375
0 0.19375 0.43697916666666664 0.0078125 0.009375
0 0.7046875 0.434375 0.009375 0.010416666666666666
0 0.21484375 0.42864583333333334 0.0078125 0.009375
0 0.55 0.42552083333333335 0.0078125 0.009375
0 0.534375 0.4203125 0.0078125 0.009375
0 0.7765625 0.41510416666666666 0.009375 0.009375
0 0.259375 0.41510416666666666 0.0078125 0.009375
0 0.72109375 0.4140625 0.0078125 0.009375
0 0.43984375 0.41302083333333334 0.0078125 0.009375
0 0.706640625 0.4125 0.00859375 0.010416666666666666
0 0.671484375 0.40677083333333336 0.00859375 0.009375
0 0.47578125 0.40260416666666665 0.00625 0.009375
0 0.762890625 0.4005208333333333 0.02265625 0.013541666666666667
0 0.680078125 0.39375 0.00859375 0.010416666666666666
0 0.26796875 0.390625 0.0078125 0.010416666666666666
0 0.5 0.3880208333333333 0.0078125 0.009375
0 0.3328125 0.3885416666666667 0.0078125 0.010416666666666666
0 0.4421875 0.3875 0.0078125 0.010416666666666666
0 0.4125 0.3828125 0.0078125 0.009375
0 0.726171875 0.37447916666666664 0.00859375 0.009375
0 0.698828125 0.371875 0.00859375 0.010416666666666666
0 0.61328125 0.37083333333333335 0.0078125 0.010416666666666666
0 0.510546875 0.3625 0.00703125 0.010416666666666666
0 0.3203125 0.3614583333333333 0.0078125 0.010416666666666666
0 0.35859375 0.35625 0.0078125 0.010416666666666666
0 0.46328125 0.3515625 0.0078125 0.009375
0 0.451171875 0.34270833333333334 0.00703125 0.010416666666666666
0 0.697265625 0.3359375 0.00859375 0.009375
0 0.23671875 0.33541666666666664 0.0078125 0.010416666666666666
0 0.660546875 0.33229166666666665 0.00859375 0.010416666666666666
0 0.628125 0.3302083333333333 0.0078125 0.010416666666666666
0 0.61015625 0.32864583333333336 0.0078125 0.009375
0 0.271484375 0.32760416666666664 0.00859375 0.009375
0 0.240234375 0.3182291666666667 0.00859375 0.009375
0 0.674609375 0.315625 0.00859375 0.010416666666666666
0 0.334375 0.31145833333333334 0.0078125 0.010416666666666666
0 0.466015625 0.3067708333333333 0.00703125 0.009375
0 0.455078125 0.296875 0.00703125 0.010416666666666666
0 0.24140625 0.29322916666666665 0.0078125 0.009375
