0 0.405859375 0.8807291666666667 0.00078125 0.0010416666666666667
0 0.333984375 0.8807291666666667 0.00078125 0.0010416666666666667
0 0.5140625 0.8807291666666667 0.003125 0.005208333333333333
0 0.616796875 0.8765625 0.00078125 0.0010416666666666667
0 0.56796875 0.8765625 0.0015625 0.0010416666666666667
0 0.311328125 0.8770833333333333 0.00546875 0.00625
0 0.4859375 0.8713541666666667 0.0046875 0.003125
0 0.389453125 0.8703125 0.00234375 0.0010416666666666667
0 0.50390625 0.8604166666666667 0.003125 0.0020833333333333333
0 0.66484375 0.8578125 0.003125 0.0010416666666666667
0 0.40625 0.8557291666666667 0.003125 0.0010416666666666667
0 0.64609375 0.8526041666666667 0.0015625 0.0010416666666666667
0 0.363671875 0.8541666666666666 0.00234375 0.004166666666666667
0 0.437890625 0.8515625 0.00234375 0.0010416666666666667
0 0.51953125 0.8479166666666667 0.003125 0.0020833333333333333
0 0.384765625 0.8453125 0.00390625 0.0010416666666666667
0 0.33828125 0.840625 0.0046875 0.004166666666666667
0 0.53671875 0.8364583333333333 0.003125 0.0020833333333333333
0 0.50234375 0.8359375 0.0015625 0.0010416666666666667
0 0.423828125 0.8338541666666667 0.00390625 0.0010416666666666667
0 0.553515625 0.8307291666666666 0.00234375 0.0010416666666666667
0 0.4 0.83125 0.003125 0.0020833333333333333
0 0.46640625 0.825 0.003125 0.0020833333333333333
0 0.516015625 0.8234375 0.00390625 0.0010416666666666667
0 0.369140625 0.825 0.00390625 0.004166666666666667
0 0.322265625 0.825 0.00703125 0.00625
0 0.38671875 0.8151041666666666 0.0015625 0.0010416666666666667
0 0.342578125 0.8151041666666666 0.00234375 0.003125
0 0.501171875 0.8109375 0.00390625 0.0010416666666666667
0 0.536328125 0.8098958333333334 0.00234375 0.0010416666666666667
0 0.419921875 0.8104166666666667 0.00390625 0.0020833333333333333
0 0.687890625 0.8078125 0.00078125 0.0010416666666666667
0 0.60390625 0.8046875 0.0015625 0.0010416666666666667
0 0.40234375 0.8036458333333333 0.0046875 0.003125
0 0.298828125 0.8010416666666667 0.00234375 0.004166666666666667
0 0.354296875 0.7973958333333333 0.00234375 0.0010416666666666667
0 0.328515625 0.7973958333333333 0.00234375 0.003125
0 0.491796875 0.7880208333333333 0.00390625 0.003125
0 0.537890625 0.7854166666666667 0.00390625 0.0020833333333333333
0 0.41640625 0.7848958333333333 0.003125 0.0010416666666666667
0 0.314453125 0.7838541666666666 0.00078125 0.0010416666666666667
0 0.387109375 0.7838541666666666 0.00390625 0.003125
0 0.68515625 0.7807291666666667 0.0015625 0.0010416666666666667
0 0.286328125 0.7807291666666667 0.00703125 0.005208333333333333
0 0.447265625 0.778125 0.00390625 0.0020833333333333333
0 0.366015625 0.7776041666666667 0.00234375 0.0010416666666666667
0 0.244140625 0.7713541666666667 0.00078125 0.0010416666666666667
0 0.523046875 0.7708333333333334 0.00390625 0.0020833333333333333
0 0.503515625 0.7692708333333333 0.00234375 0.0010416666666666667
0 0.4296875 0.7677083333333333 0.003125 0.004166666666666667
0 0.162890625 0.7666666666666667 0.00078125 0.0020833333333333333
0 0.3 0.7619791666666667 0.003125 0.003125
0 0.48671875 0.7604166666666666 0.0046875 0.0020833333333333333
0 0.63828125 0.75625 0.0015625 0.0020833333333333333
0 0.375390625 0.7567708333333333 0.00234375 0.003125
0 0.31796875 0.7546875 0.0015625 0.0010416666666666667
0 0.278125 0.7552083333333334 0.0015625 0.0020833333333333333
0 0.356640625 0.7541666666666667 0.00390625 0.0020833333333333333
0 0.658984375 0.7505208333333333 0.00234375 0.0010416666666666667
0 0.470703125 0.7510416666666667 0.00234375 0.0020833333333333333
0 0.4515625 0.7489583333333333 0.003125 0.0020833333333333333
0 0.5171875 0.7479166666666667 0.0015625 0.0020833333333333333
0 0.400390625 0.7489583333333333 0.00546875 0.004166666666666667
0 0.33984375 0.7479166666666667 0.003125 0.0020833333333333333
0 0.676171875 0.7463541666666667 0.00234375 0.0010416666666666667
0 0.53515625 0.7453125 0.0015625 0.003125
0 0.573828125 0.7447916666666666 0.00390625 0.004166666666666667
0 0.1734375 0.7416666666666667 0.0015625 0.0020833333333333333
0 0.2265625 0.7416666666666667 0.003125 0.008333333333333333
0 0.598046875 0.7395833333333334 0.00546875 0.00625
0 0.615625 0.7359375 0.00625 0.003125
0 0.2984375 0.7359375 0.003125 0.003125
0 0.748046875 0.7338541666666667 0.00078125 0.0010416666666666667
0 0.482421875 0.734375 0.00546875 0.0020833333333333333
0 0.640625 0.7307291666666667 0.0046875 0.003125
0 0.433203125 0.7307291666666667 0.00390625 0.003125
0 0.462890625 0.7255208333333333 0.00703125 0.003125
0 0.584375 0.7234375 0.0046875 0.003125
0 0.53984375 0.7223958333333333 0.003125 0.0010416666666666667
0 0.344140625 0.7234375 0.00234375 0.003125
0 0.580859375 0.7213541666666666 0.00078125 0.0010416666666666667
0 0.512109375 0.721875 0.00390625 0.0020833333333333333
0 0.66953125 0.7197916666666667 0.003125 0.0020833333333333333
0 0.55546875 0.7182291666666667 0.00625 0.003125
0 0.4484375 0.7151041666666667 0.0015625 0.0010416666666666667
0 0.382421875 0.7135416666666666 0.00390625 0.0020833333333333333
0 0.477734375 0.7098958333333333 0.00390625 0.0010416666666666667
0 0.23984375 0.7078125 0.0015625 0.0010416666666666667
0 0.42109375 0.70625 0.0046875 0.0020833333333333333
0 0.527734375 0.7005208333333334 0.00078125 0.003125
0 0.459375 0.7 0.0046875 0.008333333333333333
0 0.507421875 0.6973958333333333 0.00703125 0.005208333333333333
0 0.766015625 0.6932291666666667 0.00078125 0.0010416666666666667
0 0.41328125 0.6838541666666667 0.003125 0.003125
0 0.7234375 0.6833333333333333 0.003125 0.004166666666666667
0 0.473828125 0.6838541666666667 0.00703125 0.005208333333333333
0 0.333984375 0.6822916666666666 0.00234375 0.0020833333333333333
0 0.519921875 0.6739583333333333 0.00546875 0.008333333333333333
0 0.319921875 0.6682291666666667 0.00234375 0.0010416666666666667
0 0.25625 0.6630208333333333 0.003125 0.0010416666666666667
0 0.4140625 0.659375 0.003125 0.0020833333333333333
0 0.473046875 0.6609375 0.00703125 0.007291666666666667
0 0.3359375 0.6546875 0.003125 0.0010416666666666667
0 0.72734375 0.6546875 0.0078125 0.005208333333333333
0 0.38125 0.6510416666666666 0.003125 0.004166666666666667
0 0.356640625 0.6494791666666667 0.00234375 0.003125
0 0.596484375 0.6463541666666667 0.00546875 0.003125
0 0.3984375 0.6473958333333333 0.003125 0.005208333333333333
0 0.282421875 0.6421875 0.00078125 0.0010416666666666667
0 0.264453125 0.6416666666666667 0.00234375 0.0020833333333333333
0 0.423828125 0.6411458333333333 0.00703125 0.005208333333333333
0 0.319140625 0.6348958333333333 0.00234375 0.0010416666666666667
0 0.6890625 0.6317708333333333 0.003125 0.0010416666666666667
0 0.33984375 0.6307291666666667 0.003125 0.003125
0 0.462890625 0.6333333333333333 0.00703125 0.010416666666666666
0 0.2203125 0.6260416666666667 0.0015625 0.0020833333333333333
0 0.398828125 0.6229166666666667 0.00703125 0.00625
0 0.275 0.6208333333333333 0.0015625 0.0020833333333333333
0 0.351953125 0.6145833333333334 0.00390625 0.004166666666666667
0 0.55078125 0.6114583333333333 0.0078125 0.010416666666666666
0 0.247265625 0.6010416666666667 0.00078125 0.0020833333333333333
0 0.267578125 0.6 0.00078125 0.0020833333333333333
0 0.77890625 0.5942708333333333 0.0015625 0.0010416666666666667
0 0.341015625 0.59375 0.00390625 0.004166666666666667
0 0.3625 0.5901041666666667 0.0046875 0.003125
0 0.240234375 0.5807291666666666 0.00078125 0.0010416666666666667
0 0.2765625 0.5796875 0.0015625 0.0010416666666666667
0 0.25703125 0.5791666666666667 0.0015625 0.004166666666666667
0 0.538671875 0.578125 0.00703125 0.010416666666666666
0 0.14921875 0.5734375 0.0015625 0.003125
0 0.446484375 0.5692708333333333 0.00703125 0.005208333333333333
0 0.230078125 0.5609375 0.00078125 0.0010416666666666667
0 0.283203125 0.5572916666666666 0.00078125 0.0020833333333333333
0 0.53671875 0.5536458333333333 0.0078125 0.009375
0 0.3453125 0.5489583333333333 0.003125 0.0020833333333333333
0 0.442578125 0.5484375 0.00546875 0.003125
0 0.36171875 0.5411458333333333 0.003125 0.003125
0 0.273828125 0.5390625 0.00078125 0.0010416666666666667
0 0.398828125 0.5359375 0.00078125 0.0010416666666666667
0 0.70625 0.5291666666666667 0.0015625 0.0020833333333333333
0 0.711328125 0.5255208333333333 0.00546875 0.003125
0 0.413671875 0.5276041666666667 0.00546875 0.007291666666666667
0 0.293359375 0.5234375 0.00234375 0.003125
0 0.3109375 0.5192708333333333 0.003125 0.003125
0 0.235546875 0.5171875 0.00234375 0.0010416666666666667
0 0.43125 0.5192708333333333 0.0078125 0.009375
0 0.327734375 0.5125 0.00234375 0.0020833333333333333
0 0.251171875 0.5046875 0.00078125 0.0010416666666666667
0 0.29921875 0.5020833333333333 0.0015625 0.0020833333333333333
0 0.396875 0.5015625 0.00625 0.007291666666666667
0 0.35078125 0.49635416666666665 0.00625 0.007291666666666667
0 0.27578125 0.48385416666666664 0.003125 0.0010416666666666667
0 0.2578125 0.484375 0.003125 0.0020833333333333333
0 0.52578125 0.4869791666666667 0.0078125 0.009375
0 0.3921875 0.48072916666666665 0.003125 0.005208333333333333
0 0.24375 0.4734375 0.0015625 0.0010416666666666667
0 0.54296875 0.47552083333333334 0.00625 0.007291666666666667
0 0.2265625 0.47239583333333335 0.0015625 0.0010416666666666667
0 0.672265625 0.46770833333333334 0.00703125 0.004166666666666667
0 0.2671875 0.46458333333333335 0.0015625 0.0020833333333333333
0 0.252734375 0.4546875 0.00234375 0.0010416666666666667
0 0.30078125 0.45364583333333336 0.0015625 0.0010416666666666667
0 0.332421875 0.45 0.00546875 0.004166666666666667
0 0.726171875 0.44427083333333334 0.00234375 0.0010416666666666667
0 0.286328125 0.4401041666666667 0.00234375 0.0010416666666666667
0 0.219140625 0.43125 0.00078125 0.0020833333333333333
0 0.30078125 0.4276041666666667 0.0046875 0.003125
0 0.2609375 0.4234375 0.0015625 0.0010416666666666667
0 0.466015625 0.41822916666666665 0.00078125 0.0010416666666666667
0 0.593359375 0.4166666666666667 0.00078125 0.0020833333333333333
0 0.566015625 0.4166666666666667 0.00390625 0.0020833333333333333
0 0.315234375 0.4166666666666667 0.00234375 0.0020833333333333333
0 0.74609375 0.4078125 0.0015625 0.0010416666666666667
0 0.250390625 0.4078125 0.00234375 0.0010416666666666667
0 0.467578125 0.40989583333333335 0.00703125 0.009375
0 0.3625 0.40677083333333336 0.00625 0.005208333333333333
0 0.190625 0.4041666666666667 0.0046875 0.004166666666666667
0 0.30703125 0.39895833333333336 0.0015625 0.0020833333333333333
0 0.3234375 0.39739583333333334 0.003125 0.003125
0 0.286328125 0.39739583333333334 0.00234375 0.003125
0 0.55 0.39947916666666666 0.00625 0.009375
0 0.5796875 0.39739583333333334 0.00625 0.007291666666666667
0 0.610546875 0.3963541666666667 0.00859375 0.007291666666666667
0 0.428125 0.38958333333333334 0.00625 0.004166666666666667
0 0.2453125 0.3875 0.0015625 0.0020833333333333333
0 0.346484375 0.38333333333333336 0.00390625 0.00625
0 0.2734375 0.37864583333333335 0.0015625 0.003125
0 0.290625 0.3770833333333333 0.003125 0.0020833333333333333
0 0.5578125 0.378125 0.00625 0.00625
0 0.25703125 0.3697916666666667 0.0015625 0.0020833333333333333
0 0.233984375 0.3692708333333333 0.00078125 0.0010416666666666667
0 0.418359375 0.371875 0.00703125 0.010416666666666666
0 0.671875 0.36041666666666666 0.003125 0.0020833333333333333
0 0.325390625 0.35833333333333334 0.00234375 0.0020833333333333333
0 0.29375 0.35520833333333335 0.003125 0.0020833333333333333
0 0.540625 0.353125 0.00625 0.008333333333333333
0 0.6828125 0.34375 0.003125 0.0020833333333333333
0 0.506640625 0.3458333333333333 0.00703125 0.00625
0 0.527734375 0.34322916666666664 0.00390625 0.003125
0 0.312890625 0.34270833333333334 0.00234375 0.0020833333333333333
0 0.655859375 0.34270833333333334 0.00546875 0.00625
0 0.283203125 0.3375 0.00234375 0.004166666666666667
0 0.39765625 0.3380208333333333 0.00625 0.007291666666666667
0 0.757421875 0.33177083333333335 0.00390625 0.0010416666666666667
0 0.428125 0.3328125 0.00625 0.005208333333333333
0 0.298828125 0.3296875 0.00390625 0.003125
0 0.342578125 0.3265625 0.00234375 0.003125
0 0.4125 0.3255208333333333 0.0046875 0.007291666666666667
0 0.528515625 0.31614583333333335 0.00234375 0.0010416666666666667
0 0.390234375 0.31666666666666665 0.00546875 0.004166666666666667
0 0.595703125 0.3171875 0.00546875 0.007291666666666667
0 0.354296875 0.31145833333333334 0.00234375 0.0020833333333333333
0 0.6671875 0.3098958333333333 0.0015625 0.0010416666666666667
0 0.50625 0.31197916666666664 0.00625 0.007291666666666667
0 0.3359375 0.3067708333333333 0.0015625 0.003125
0 0.302734375 0.3078125 0.00234375 0.005208333333333333
0 0.4203125 0.3026041666666667 0.0046875 0.003125
0 0.36875 0.3026041666666667 0.003125 0.003125
0 0.240625 0.29791666666666666 0.0015625 0.0020833333333333333
0 0.318359375 0.296875 0.00234375 0.00625
0 0.53984375 0.2953125 0.003125 0.005208333333333333
0 0.345703125 0.29010416666666666 0.00546875 0.003125
0 0.66484375 0.28854166666666664 0.003125 0.0020833333333333333
0 0.407421875 0.28854166666666664 0.00390625 0.0020833333333333333
0 0.221875 0.2875 0.0015625 0.0020833333333333333
0 0.430859375 0.2864583333333333 0.00390625 0.0020833333333333333
0 0.390625 0.2864583333333333 0.0046875 0.0020833333333333333
0 0.30390625 0.2864583333333333 0.003125 0.00625
0 0.566796875 0.2859375 0.00546875 0.007291666666666667
0 0.375390625 0.2828125 0.00234375 0.0010416666666666667
0 0.3296875 0.28125 0.003125 0.00625
0 0.274609375 0.2796875 0.00078125 0.003125
0 0.41875 0.271875 0.003125 0.0020833333333333333
0 0.360546875 0.2708333333333333 0.00234375 0.0020833333333333333
0 0.50078125 0.2713541666666667 0.0078125 0.007291666666666667
0 0.309375 0.2677083333333333 0.0015625 0.0020833333333333333
0 0.2921875 0.2677083333333333 0.003125 0.004166666666666667
0 0.2453125 0.26614583333333336 0.0015625 0.0010416666666666667
0 0.34296875 0.2677083333333333 0.00625 0.00625
0 0.384375 0.2640625 0.00625 0.003125
0 0.18203125 0.2640625 0.0015625 0.003125
0 0.65546875 0.26510416666666664 0.0046875 0.007291666666666667
0 0.786328125 0.2546875 0.00234375 0.0010416666666666667
0 0.408203125 0.2546875 0.00390625 0.003125
0 0.5921875 0.25416666666666665 0.0046875 0.004166666666666667
0 0.748046875 0.2515625 0.00234375 0.0010416666666666667
0 0.325390625 0.2515625 0.00234375 0.003125
0 0.4578125 0.24947916666666667 0.00625 0.007291666666666667
0 0.424609375 0.24739583333333334 0.00390625 0.003125
0 0.565625 0.24739583333333334 0.00625 0.007291666666666667
0 0.309765625 0.24427083333333333 0.00390625 0.003125
0 0.25078125 0.23958333333333334 0.0015625 0.0020833333333333333
0 0.187109375 0.2390625 0.00234375 0.0010416666666666667
0 0.267578125 0.2375 0.00234375 0.0020833333333333333
0 0.23515625 0.23489583333333333 0.0015625 0.0010416666666666667
0 0.285546875 0.23385416666666667 0.00078125 0.0010416666666666667
0 0.359765625 0.23072916666666668 0.00078125 0.0010416666666666667
0 0.412109375 0.23229166666666667 0.00390625 0.00625
0 0.301171875 0.22604166666666667 0.00234375 0.0020833333333333333
0 0.374609375 0.2203125 0.00390625 0.003125
0 0.258203125 0.2203125 0.00234375 0.003125
0 0.391015625 0.21822916666666667 0.00234375 0.007291666666666667
0 0.28671875 0.2109375 0.00625 0.007291666666666667
0 0.4234375 0.2078125 0.00625 0.007291666666666667
0 0.215625 0.1890625 0.0015625 0.0010416666666666667
0 0.435546875 0.18489583333333334 0.00546875 0.007291666666666667
