0 0.254296875 0.9119791666666667 0.00078125 0.0010416666666666667
0 0.345703125 0.9104166666666667 0.00859375 0.0125
0 0.260546875 0.9078125 0.00703125 0.009375
0 0.23984375 0.9088541666666666 0.009375 0.013541666666666667
0 0.65234375 0.90625 0.00625 0.0125
0 0.325 0.9067708333333333 0.009375 0.013541666666666667
0 0.396875 0.90625 0.009375 0.014583333333333334
0 0.463671875 0.9046875 0.01015625 0.015625
0 0.304296875 0.9036458333333334 0.01015625 0.013541666666666667
0 0.50625 0.9026041666666667 0.009375 0.013541666666666667
0 0.3640625 0.903125 0.009375 0.014583333333333334
0 0.6109375 0.8979166666666667 0.003125 0.008333333333333333
0 0.634375 0.8994791666666667 0.00625 0.013541666666666667
0 0.5609375 0.8984375 0.0078125 0.011458333333333333
0 0.591796875 0.8958333333333334 0.00859375 0.0125
0 0.54296875 0.8963541666666667 0.009375 0.013541666666666667
0 0.6109375 0.8901041666666667 0.0015625 0.003125
0 0.670703125 0.8932291666666666 0.00703125 0.011458333333333333
0 0.38125 0.8947916666666667 0.009375 0.014583333333333334
0 0.41328125 0.8932291666666666 0.009375 0.013541666666666667
0 0.694140625 0.8911458333333333 0.00703125 0.011458333333333333
0 0.47890625 0.8916666666666667 0.009375 0.014583333333333334
0 0.337109375 0.8880208333333334 0.00859375 0.011458333333333333
0 0.711328125 0.8854166666666666 0.00546875 0.0125
0 0.575390625 0.8838541666666667 0.00859375 0.011458333333333333
0 0.49609375 0.8822916666666667 0.009375 0.0125
0 0.729296875 0.8791666666666667 0.00703125 0.010416666666666666
0 0.783984375 0.878125 0.00546875 0.010416666666666666
0 0.747265625 0.8765625 0.00390625 0.007291666666666667
0 0.620703125 0.878125 0.00546875 0.010416666666666666
0 0.452734375 0.8807291666666667 0.00859375 0.015625
0 0.398046875 0.8796875 0.01015625 0.013541666666666667
0 0.35546875 0.8802083333333334 0.009375 0.014583333333333334
0 0.128125 0.8786458333333333 0.0109375 0.011458333333333333
0 0.656640625 0.8765625 0.00546875 0.011458333333333333
0 0.6 0.8744791666666667 0.0046875 0.007291666666666667
0 0.76640625 0.8729166666666667 0.00625 0.0125
0 0.680078125 0.8723958333333334 0.00703125 0.011458333333333333
0 0.42890625 0.8744791666666667 0.009375 0.015625
0 0.897265625 0.8723958333333334 0.01015625 0.013541666666666667
0 0.5546875 0.8723958333333334 0.009375 0.013541666666666667
0 0.6390625 0.8697916666666666 0.00625 0.010416666666666666
0 0.871875 0.8640625 0.0109375 0.003125
0 0.816015625 0.8682291666666667 0.00703125 0.011458333333333333
0 0.51171875 0.8692708333333333 0.009375 0.013541666666666667
0 0.376953125 0.8692708333333333 0.01015625 0.013541666666666667
0 0.925390625 0.8640625 0.00390625 0.005208333333333333
0 0.7 0.8666666666666667 0.0078125 0.010416666666666666
0 0.46953125 0.86875 0.009375 0.014583333333333334
0 0.329296875 0.8661458333333333 0.01015625 0.013541666666666667
0 0.797265625 0.8598958333333333 0.00234375 0.005208333333333333
0 0.930078125 0.8557291666666667 0.00078125 0.0010416666666666667
0 0.56796875 0.8598958333333333 0.0046875 0.009375
0 0.7171875 0.8583333333333333 0.00625 0.010416666666666666
0 0.528515625 0.8588541666666667 0.01015625 0.013541666666666667
0 0.491796875 0.8578125 0.01015625 0.011458333333333333
0 0.415234375 0.8588541666666667 0.01015625 0.013541666666666667
0 0.73828125 0.8546875 0.0078125 0.011458333333333333
0 0.616796875 0.853125 0.00390625 0.008333333333333333
0 0.3921875 0.8552083333333333 0.009375 0.014583333333333334
0 0.669140625 0.8526041666666667 0.00703125 0.011458333333333333
0 0.780078125 0.8520833333333333 0.00703125 0.0125
0 0.757421875 0.85 0.00703125 0.0125
0 0.65 0.85 0.009375 0.0125
0 0.546875 0.8505208333333333 0.0078125 0.013541666666666667
0 0.315234375 0.846875 0.00859375 0.00625
0 0.687890625 0.8479166666666667 0.00703125 0.010416666666666666
0 0.6 0.8479166666666667 0.0046875 0.010416666666666666
0 0.359765625 0.85 0.01015625 0.014583333333333334
0 0.458203125 0.8484375 0.01015625 0.013541666666666667
0 0.82109375 0.8453125 0.00625 0.011458333333333333
0 0.581640625 0.8427083333333333 0.00546875 0.008333333333333333
0 0.50859375 0.8442708333333333 0.009375 0.013541666666666667
0 0.860546875 0.8411458333333334 0.00703125 0.009375
0 0.4765625 0.84375 0.009375 0.014583333333333334
0 0.333203125 0.8411458333333334 0.01015625 0.013541666666666667
0 0.632421875 0.8395833333333333 0.00703125 0.0125
0 0.376953125 0.8401041666666667 0.01015625 0.013541666666666667
0 0.702734375 0.8369791666666667 0.00703125 0.013541666666666667
0 0.9203125 0.8322916666666667 0.0046875 0.00625
0 0.72578125 0.8354166666666667 0.0078125 0.0125
0 0.55859375 0.834375 0.0078125 0.014583333333333334
0 0.411328125 0.8328125 0.01015625 0.013541666666666667
0 0.149609375 0.8265625 0.00078125 0.0010416666666666667
0 0.794921875 0.8317708333333333 0.00859375 0.013541666666666667
0 0.766015625 0.8286458333333333 0.00390625 0.007291666666666667
0 0.526171875 0.8307291666666666 0.00703125 0.011458333333333333
0 0.49296875 0.8317708333333333 0.009375 0.013541666666666667
0 0.6625 0.8291666666666667 0.009375 0.010416666666666666
0 0.941015625 0.828125 0.00703125 0.010416666666666666
0 0.393359375 0.8286458333333333 0.01015625 0.013541666666666667
0 0.612109375 0.8276041666666667 0.00546875 0.013541666666666667
0 0.594921875 0.825 0.00703125 0.010416666666666666
0 0.288671875 0.8265625 0.01015625 0.013541666666666667
0 0.74765625 0.825 0.00625 0.0125
0 0.464453125 0.8244791666666667 0.00859375 0.011458333333333333
0 0.36328125 0.825 0.009375 0.0125
0 0.679296875 0.8244791666666667 0.00546875 0.013541666666666667
0 0.1453125 0.81875 0.003125 0.0020833333333333333
0 0.3453125 0.8229166666666666 0.009375 0.0125
0 0.31953125 0.8234375 0.009375 0.013541666666666667
0 0.42890625 0.8223958333333333 0.009375 0.013541666666666667
0 0.54375 0.821875 0.0078125 0.014583333333333334
0 0.86796875 0.81875 0.0109375 0.0125
0 0.51171875 0.8182291666666667 0.009375 0.013541666666666667
0 0.63515625 0.8140625 0.009375 0.011458333333333333
0 0.69296875 0.809375 0.00625 0.008333333333333333
0 0.773046875 0.8078125 0.00703125 0.009375
0 0.55859375 0.809375 0.00625 0.0125
0 0.483203125 0.8104166666666667 0.01015625 0.014583333333333334
0 0.30390625 0.8098958333333334 0.009375 0.013541666666666667
0 0.4078125 0.8088541666666667 0.009375 0.013541666666666667
0 0.37734375 0.8088541666666667 0.009375 0.013541666666666667
0 0.65234375 0.8072916666666666 0.0078125 0.0125
0 0.52890625 0.80625 0.009375 0.0125
0 0.278515625 0.8067708333333333 0.01015625 0.013541666666666667
0 0.792578125 0.8052083333333333 0.00703125 0.0125
0 0.582421875 0.8057291666666667 0.00703125 0.013541666666666667
0 0.8390625 0.8015625 0.00625 0.007291666666666667
0 0.147265625 0.7984375 0.00078125 0.0010416666666666667
0 0.93203125 0.803125 0.0109375 0.0125
0 0.465625 0.8010416666666667 0.00625 0.008333333333333333
0 0.355078125 0.8010416666666667 0.00703125 0.010416666666666666
0 0.603125 0.7994791666666666 0.00625 0.011458333333333333
0 0.43828125 0.8005208333333333 0.009375 0.013541666666666667
0 0.337890625 0.8005208333333333 0.00859375 0.013541666666666667
0 0.2359375 0.7989583333333333 0.009375 0.0125
0 0.62109375 0.7979166666666667 0.0046875 0.0125
0 0.676953125 0.7973958333333333 0.00859375 0.013541666666666667
0 0.3921875 0.796875 0.0078125 0.0125
0 0.31953125 0.796875 0.0078125 0.0125
0 0.1546875 0.7947916666666667 0.00625 0.008333333333333333
0 0.752734375 0.7958333333333333 0.00703125 0.0125
0 0.513671875 0.7927083333333333 0.00859375 0.0125
0 0.568359375 0.7895833333333333 0.00546875 0.008333333333333333
0 0.4203125 0.7921875 0.009375 0.013541666666666667
0 0.495703125 0.7911458333333333 0.00859375 0.013541666666666667
0 0.734375 0.7885416666666667 0.0078125 0.0125
0 0.824609375 0.7833333333333333 0.00546875 0.004166666666666667
0 0.290234375 0.7880208333333333 0.01015625 0.013541666666666667
0 0.66015625 0.7864583333333334 0.0078125 0.0125
0 0.540234375 0.7869791666666667 0.00859375 0.013541666666666667
0 0.690625 0.7848958333333333 0.00625 0.011458333333333333
0 0.866796875 0.7817708333333333 0.00703125 0.007291666666666667
0 0.767578125 0.7838541666666666 0.00703125 0.011458333333333333
0 0.58984375 0.7838541666666666 0.00625 0.011458333333333333
0 0.26875 0.7828125 0.009375 0.011458333333333333
0 0.478515625 0.7828125 0.00859375 0.013541666666666667
0 0.3078125 0.78125 0.009375 0.0125
0 0.36484375 0.7802083333333333 0.009375 0.0125
0 0.346875 0.7791666666666667 0.0078125 0.0125
0 0.14453125 0.7760416666666666 0.009375 0.0125
0 0.630078125 0.7739583333333333 0.00859375 0.0125
0 0.329296875 0.7739583333333333 0.00859375 0.0125
0 0.46171875 0.7734375 0.009375 0.013541666666666667
0 0.41015625 0.7729166666666667 0.009375 0.0125
0 0.162890625 0.7729166666666667 0.01015625 0.0125
0 0.4421875 0.7723958333333333 0.009375 0.013541666666666667
0 0.391796875 0.771875 0.00859375 0.0125
0 0.234375 0.7703125 0.0078125 0.009375
0 0.8078125 0.7703125 0.0078125 0.011458333333333333
0 0.881640625 0.7645833333333333 0.00390625 0.0020833333333333333
0 0.70703125 0.7697916666666667 0.00625 0.0125
0 0.509375 0.7697916666666667 0.00625 0.0125
0 0.725390625 0.7677083333333333 0.00546875 0.010416666666666666
0 0.650390625 0.7671875 0.00859375 0.011458333333333333
0 0.526953125 0.7671875 0.00859375 0.013541666666666667
0 0.216796875 0.7661458333333333 0.00859375 0.011458333333333333
0 0.565625 0.7645833333333333 0.0078125 0.0125
0 0.548046875 0.7645833333333333 0.00859375 0.0125
0 0.490625 0.7630208333333334 0.0078125 0.011458333333333333
0 0.28828125 0.7630208333333334 0.009375 0.011458333333333333
0 0.251953125 0.7619791666666667 0.00703125 0.009375
0 0.667578125 0.7625 0.00703125 0.0125
0 0.376171875 0.7604166666666666 0.00859375 0.0125
0 0.75546875 0.759375 0.009375 0.0125
0 0.316796875 0.7588541666666667 0.00859375 0.011458333333333333
0 0.841796875 0.7583333333333333 0.00703125 0.0125
0 0.590234375 0.7588541666666667 0.00859375 0.013541666666666667
0 0.35625 0.7583333333333333 0.0078125 0.0125
0 0.269921875 0.7583333333333333 0.00859375 0.0125
0 0.82265625 0.75625 0.0078125 0.0125
0 0.6078125 0.7546875 0.009375 0.011458333333333333
0 0.473828125 0.7557291666666667 0.00859375 0.013541666666666667
0 0.42578125 0.7546875 0.00625 0.013541666666666667
0 0.68828125 0.7520833333333333 0.009375 0.0125
0 0.40234375 0.7510416666666667 0.009375 0.0125
0 0.63203125 0.7494791666666667 0.009375 0.011458333333333333
0 0.333203125 0.75 0.00703125 0.0125
0 0.8671875 0.7489583333333333 0.0109375 0.0125
0 0.7390625 0.7489583333333333 0.009375 0.0125
0 0.45546875 0.7484375 0.009375 0.013541666666666667
0 0.71640625 0.7453125 0.00625 0.011458333333333333
0 0.300390625 0.7453125 0.00859375 0.011458333333333333
0 0.503515625 0.74375 0.00859375 0.0125
0 0.280859375 0.7411458333333333 0.00546875 0.007291666666666667
0 0.57578125 0.7427083333333333 0.009375 0.0125
0 0.530078125 0.7427083333333333 0.00859375 0.0125
0 0.144921875 0.7411458333333333 0.00859375 0.011458333333333333
0 0.487890625 0.7348958333333333 0.00078125 0.0010416666666666667
0 0.246484375 0.7401041666666667 0.00859375 0.011458333333333333
0 0.774609375 0.7390625 0.00703125 0.011458333333333333
0 0.54765625 0.7395833333333334 0.0078125 0.0125
0 0.4375 0.7385416666666667 0.009375 0.0125
0 0.661328125 0.7375 0.00859375 0.0125
0 0.373046875 0.7375 0.00859375 0.0125
0 0.316796875 0.734375 0.00703125 0.008333333333333333
0 0.228125 0.7348958333333333 0.0078125 0.009375
0 0.2640625 0.7338541666666667 0.0078125 0.011458333333333333
0 0.46875 0.7322916666666667 0.009375 0.0125
0 0.41171875 0.7302083333333333 0.009375 0.0125
0 0.35546875 0.7296875 0.00625 0.011458333333333333
0 0.74375 0.7255208333333333 0.00625 0.011458333333333333
0 0.334375 0.725 0.00625 0.010416666666666666
0 0.4515625 0.7239583333333334 0.0078125 0.0125
0 0.2015625 0.7229166666666667 0.0078125 0.010416666666666666
0 0.389453125 0.7229166666666667 0.00859375 0.0125
0 0.51875 0.7208333333333333 0.00625 0.0125
0 0.49921875 0.7208333333333333 0.0078125 0.0125
0 0.30234375 0.7197916666666667 0.0078125 0.010416666666666666
0 0.866796875 0.7182291666666667 0.01015625 0.011458333333333333
0 0.27578125 0.7161458333333334 0.00625 0.009375
0 0.88671875 0.7166666666666667 0.009375 0.0125
0 0.243359375 0.7151041666666667 0.00703125 0.009375
0 0.3703125 0.7130208333333333 0.0078125 0.011458333333333333
0 0.783203125 0.7104166666666667 0.00546875 0.008333333333333333
0 0.225 0.7098958333333333 0.00625 0.007291666666666667
0 0.175390625 0.7083333333333334 0.00390625 0.004166666666666667
0 0.834375 0.7109375 0.00625 0.011458333333333333
0 0.802734375 0.7104166666666667 0.00546875 0.0125
0 0.321875 0.7088541666666667 0.0078125 0.009375
0 0.4046875 0.709375 0.0078125 0.0125
0 0.46484375 0.7083333333333334 0.0078125 0.0125
0 0.259765625 0.7057291666666666 0.00546875 0.007291666666666667
0 0.75546875 0.7072916666666667 0.0078125 0.0125
0 0.290625 0.7020833333333333 0.00625 0.010416666666666666
0 0.209765625 0.6989583333333333 0.00546875 0.00625
0 0.354296875 0.7005208333333334 0.00546875 0.011458333333333333
0 0.712890625 0.7 0.01015625 0.0125
0 0.5109375 0.6984375 0.0078125 0.011458333333333333
0 0.388671875 0.6989583333333333 0.00859375 0.0125
0 0.3375 0.6973958333333333 0.0078125 0.011458333333333333
0 0.308203125 0.6958333333333333 0.00703125 0.010416666666666666
0 0.275 0.6911458333333333 0.0046875 0.005208333333333333
0 0.40390625 0.6885416666666667 0.0015625 0.0020833333333333333
0 0.24453125 0.6911458333333333 0.0078125 0.009375
0 0.73515625 0.6880208333333333 0.00625 0.011458333333333333
0 0.798828125 0.6869791666666667 0.00703125 0.011458333333333333
0 0.780078125 0.6833333333333333 0.00703125 0.008333333333333333
0 0.837890625 0.6833333333333333 0.01015625 0.010416666666666666
0 0.464453125 0.684375 0.00859375 0.0125
0 0.40546875 0.6807291666666667 0.0046875 0.007291666666666667
0 0.325390625 0.6822916666666666 0.00859375 0.010416666666666666
0 0.17265625 0.6786458333333333 0.00625 0.005208333333333333
0 0.213671875 0.6770833333333334 0.00546875 0.008333333333333333
0 0.3703125 0.6776041666666667 0.0078125 0.011458333333333333
0 0.345703125 0.6755208333333333 0.00859375 0.011458333333333333
0 0.23125 0.6744791666666666 0.0078125 0.009375
0 0.38828125 0.6723958333333333 0.0078125 0.011458333333333333
0 0.269140625 0.6692708333333334 0.00703125 0.007291666666666667
0 0.2515625 0.6692708333333334 0.00625 0.009375
0 0.71875 0.6692708333333334 0.009375 0.011458333333333333
0 0.28984375 0.6677083333333333 0.0078125 0.008333333333333333
0 0.58984375 0.6614583333333334 0.0046875 0.00625
0 0.414453125 0.6645833333333333 0.00859375 0.0125
0 0.308203125 0.6625 0.00859375 0.010416666666666666
0 0.83125 0.6588541666666666 0.0078125 0.009375
0 0.327734375 0.6583333333333333 0.00859375 0.010416666666666666
0 0.18828125 0.6541666666666667 0.0015625 0.0020833333333333333
0 0.453515625 0.6567708333333333 0.00859375 0.011458333333333333
0 0.2078125 0.65625 0.00625 0.010416666666666666
0 0.2265625 0.653125 0.00625 0.010416666666666666
0 0.389453125 0.6489583333333333 0.00859375 0.010416666666666666
0 0.262890625 0.6479166666666667 0.00859375 0.008333333333333333
0 0.24453125 0.6479166666666667 0.00625 0.008333333333333333
0 0.678515625 0.6473958333333333 0.00859375 0.011458333333333333
0 0.28359375 0.646875 0.0078125 0.010416666666666666
0 0.4140625 0.6411458333333333 0.0078125 0.011458333333333333
0 0.340234375 0.6411458333333333 0.00859375 0.011458333333333333
0 0.3 0.6380208333333334 0.00625 0.005208333333333333
0 0.3171875 0.6380208333333334 0.00625 0.007291666666666667
0 0.1984375 0.6348958333333333 0.0046875 0.007291666666666667
0 0.217578125 0.63125 0.00546875 0.004166666666666667
0 0.64921875 0.6333333333333333 0.0046875 0.010416666666666666
0 0.541015625 0.6317708333333333 0.00859375 0.011458333333333333
0 0.2359375 0.6286458333333333 0.0078125 0.007291666666666667
0 0.2546875 0.6286458333333333 0.0078125 0.011458333333333333
0 0.273828125 0.6260416666666667 0.00703125 0.010416666666666666
0 0.837109375 0.6244791666666667 0.01015625 0.011458333333333333
0 0.56015625 0.6223958333333334 0.0078125 0.011458333333333333
0 0.789453125 0.6213541666666667 0.01015625 0.011458333333333333
0 0.3296875 0.6213541666666667 0.0078125 0.011458333333333333
0 0.290625 0.6171875 0.0046875 0.005208333333333333
0 0.310546875 0.6177083333333333 0.00703125 0.010416666666666666
0 0.351953125 0.6166666666666667 0.00859375 0.010416666666666666
0 0.208984375 0.6109375 0.00390625 0.005208333333333333
0 0.226953125 0.6088541666666667 0.00703125 0.007291666666666667
0 0.76875 0.6088541666666667 0.009375 0.011458333333333333
0 0.2640625 0.6067708333333334 0.0078125 0.007291666666666667
0 0.244921875 0.6083333333333333 0.00859375 0.010416666666666666
0 0.193359375 0.6046875 0.00546875 0.007291666666666667
0 0.1359375 0.6046875 0.0046875 0.007291666666666667
0 0.529296875 0.6005208333333333 0.00859375 0.011458333333333333
0 0.301953125 0.5958333333333333 0.00390625 0.00625
0 0.284765625 0.5973958333333333 0.00703125 0.009375
0 0.43671875 0.5942708333333333 0.0078125 0.011458333333333333
0 0.217578125 0.5890625 0.00546875 0.005208333333333333
0 0.234375 0.5875 0.0046875 0.004166666666666667
0 0.356640625 0.5885416666666666 0.00859375 0.010416666666666666
0 0.1609375 0.5848958333333333 0.0015625 0.003125
0 0.25234375 0.5864583333333333 0.00625 0.008333333333333333
0 0.18125 0.5854166666666667 0.0046875 0.00625
0 0.2703125 0.5864583333333333 0.0078125 0.010416666666666666
0 0.200390625 0.58125 0.00546875 0.00625
0 0.14140625 0.5786458333333333 0.0046875 0.003125
0 0.315625 0.58125 0.0078125 0.010416666666666666
0 0.2921875 0.575 0.00625 0.00625
0 0.5265625 0.5760416666666667 0.0078125 0.010416666666666666
0 0.333203125 0.575 0.00859375 0.010416666666666666
0 0.434375 0.571875 0.0046875 0.010416666666666666
0 0.22578125 0.5692708333333333 0.00625 0.009375
0 0.35 0.5677083333333334 0.0078125 0.010416666666666666
0 0.2609375 0.5661458333333333 0.00625 0.007291666666666667
0 0.190625 0.5635416666666667 0.003125 0.004166666666666667
0 0.1625 0.5635416666666667 0.00625 0.008333333333333333
0 0.209375 0.5614583333333333 0.00625 0.00625
0 0.387109375 0.5604166666666667 0.00703125 0.010416666666666666
0 0.246484375 0.5505208333333333 0.00546875 0.005208333333333333
0 0.280859375 0.5515625 0.00703125 0.009375
0 0.17734375 0.5484375 0.00625 0.005208333333333333
0 0.403515625 0.55 0.00859375 0.010416666666666666
0 0.29765625 0.5463541666666667 0.0078125 0.009375
0 0.221875 0.5458333333333333 0.00625 0.008333333333333333
0 0.793359375 0.5453125 0.01015625 0.011458333333333333
0 0.4203125 0.5447916666666667 0.0078125 0.010416666666666666
0 0.2015625 0.5416666666666666 0.0046875 0.00625
0 0.826171875 0.5432291666666667 0.01015625 0.011458333333333333
0 0.890234375 0.5416666666666666 0.01171875 0.0125
0 0.698828125 0.5411458333333333 0.00859375 0.011458333333333333
0 0.263671875 0.5390625 0.00703125 0.007291666666666667
0 0.31484375 0.5390625 0.0078125 0.009375
0 0.237109375 0.5338541666666666 0.00703125 0.009375
0 0.166796875 0.5317708333333333 0.00390625 0.007291666666666667
0 0.28671875 0.5296875 0.0078125 0.009375
0 0.139453125 0.5260416666666666 0.00234375 0.0020833333333333333
0 0.3859375 0.5276041666666667 0.0078125 0.011458333333333333
0 0.339453125 0.5239583333333333 0.00859375 0.010416666666666666
0 0.219921875 0.5208333333333334 0.00703125 0.00625
0 0.201953125 0.5208333333333334 0.00546875 0.008333333333333333
0 0.804296875 0.5192708333333333 0.01015625 0.011458333333333333
0 0.185546875 0.5130208333333334 0.00546875 0.005208333333333333
0 0.262109375 0.5125 0.00703125 0.008333333333333333
0 0.244140625 0.5125 0.00703125 0.008333333333333333
0 0.51484375 0.5088541666666667 0.0078125 0.009375
0 0.383203125 0.5046875 0.00859375 0.011458333333333333
0 0.2296875 0.5020833333333333 0.0078125 0.008333333333333333
0 0.21171875 0.5005208333333333 0.00625 0.005208333333333333
0 0.346875 0.5020833333333333 0.0078125 0.010416666666666666
0 0.53203125 0.4979166666666667 0.0078125 0.010416666666666666
0 0.27265625 0.49166666666666664 0.0046875 0.004166666666666667
0 0.25390625 0.49270833333333336 0.00625 0.00625
0 0.87890625 0.49166666666666664 0.0109375 0.0125
0 0.766015625 0.48541666666666666 0.00859375 0.010416666666666666
0 0.201953125 0.4822916666666667 0.00390625 0.004166666666666667
0 0.6609375 0.484375 0.0078125 0.010416666666666666
0 0.239453125 0.4817708333333333 0.00703125 0.007291666666666667
0 0.221875 0.48072916666666665 0.0046875 0.005208333333333333
0 0.86171875 0.4822916666666667 0.009375 0.010416666666666666
0 0.286328125 0.4791666666666667 0.00703125 0.008333333333333333
0 0.842578125 0.47760416666666666 0.01015625 0.011458333333333333
0 0.3203125 0.4765625 0.0078125 0.009375
0 0.1890625 0.4713541666666667 0.00625 0.007291666666666667
0 0.255078125 0.46927083333333336 0.00546875 0.005208333333333333
0 0.72890625 0.4713541666666667 0.009375 0.011458333333333333
0 0.27265625 0.4666666666666667 0.00625 0.00625
0 0.82578125 0.46822916666666664 0.009375 0.011458333333333333
0 0.790625 0.4661458333333333 0.00625 0.007291666666666667
0 0.17265625 0.46458333333333335 0.0046875 0.00625
0 0.773046875 0.465625 0.00703125 0.010416666666666666
0 0.755859375 0.4661458333333333 0.00859375 0.011458333333333333
0 0.231640625 0.46145833333333336 0.00390625 0.004166666666666667
0 0.205859375 0.459375 0.00546875 0.004166666666666667
0 0.713671875 0.46041666666666664 0.00859375 0.010416666666666666
0 0.87421875 0.4588541666666667 0.0109375 0.011458333333333333
0 0.28671875 0.4552083333333333 0.0078125 0.010416666666666666
0 0.246875 0.45260416666666664 0.00625 0.009375
0 0.190625 0.44895833333333335 0.00625 0.00625
0 0.220703125 0.446875 0.00703125 0.00625
0 0.859375 0.4432291666666667 0.0046875 0.003125
0 0.746875 0.446875 0.009375 0.010416666666666666
0 0.806640625 0.44635416666666666 0.01015625 0.011458333333333333
0 0.263671875 0.4432291666666667 0.00546875 0.005208333333333333
0 0.554296875 0.4401041666666667 0.00078125 0.0010416666666666667
0 0.301953125 0.44427083333333334 0.00703125 0.009375
0 0.768359375 0.44375 0.00859375 0.010416666666666666
0 0.178125 0.4354166666666667 0.00625 0.00625
0 0.555859375 0.4348958333333333 0.00390625 0.007291666666666667
0 0.237109375 0.4359375 0.00703125 0.009375
0 0.57890625 0.4359375 0.0078125 0.011458333333333333
0 0.45546875 0.434375 0.0078125 0.010416666666666666
0 0.3484375 0.434375 0.0078125 0.010416666666666666
0 0.78359375 0.43385416666666665 0.009375 0.011458333333333333
0 0.844921875 0.4328125 0.01015625 0.011458333333333333
0 0.253515625 0.428125 0.00703125 0.008333333333333333
0 0.869921875 0.42864583333333334 0.01015625 0.011458333333333333
0 0.292578125 0.4265625 0.00703125 0.009375
0 0.273046875 0.42552083333333335 0.00703125 0.007291666666666667
0 0.215234375 0.4234375 0.00234375 0.003125
0 0.309765625 0.4239583333333333 0.00703125 0.010416666666666666
0 0.19140625 0.42135416666666664 0.0046875 0.005208333333333333
0 0.53828125 0.42083333333333334 0.0078125 0.010416666666666666
0 0.732421875 0.4203125 0.00859375 0.011458333333333333
0 0.813671875 0.4192708333333333 0.01015625 0.011458333333333333
0 0.56796875 0.4192708333333333 0.0078125 0.011458333333333333
0 0.76796875 0.4171875 0.009375 0.011458333333333333
0 0.59765625 0.4171875 0.0078125 0.011458333333333333
0 0.231640625 0.4161458333333333 0.00703125 0.009375
0 0.418359375 0.4140625 0.00390625 0.009375
0 0.167578125 0.4125 0.00546875 0.008333333333333333
0 0.3328125 0.4114583333333333 0.0078125 0.010416666666666666
0 0.784765625 0.40729166666666666 0.00703125 0.00625
0 0.259375 0.4078125 0.00625 0.007291666666666667
0 0.2765625 0.4041666666666667 0.0078125 0.008333333333333333
0 0.183984375 0.4041666666666667 0.00546875 0.008333333333333333
0 0.5453125 0.4 0.0078125 0.010416666666666666
0 0.242578125 0.4 0.00703125 0.010416666666666666
0 0.219140625 0.39791666666666664 0.00546875 0.00625
0 0.203125 0.3953125 0.003125 0.003125
0 0.4078125 0.396875 0.0046875 0.010416666666666666
0 0.823828125 0.3953125 0.01015625 0.011458333333333333
0 0.29453125 0.39166666666666666 0.00625 0.00625
0 0.884375 0.3927083333333333 0.0109375 0.0125
0 0.767578125 0.3921875 0.00859375 0.011458333333333333
0 0.786328125 0.38645833333333335 0.00859375 0.008333333333333333
0 0.262109375 0.38645833333333335 0.00703125 0.008333333333333333
0 0.3109375 0.3854166666666667 0.0078125 0.008333333333333333
0 0.279296875 0.38229166666666664 0.00703125 0.008333333333333333
0 0.80546875 0.38229166666666664 0.009375 0.0125
0 0.212890625 0.37864583333333335 0.00546875 0.005208333333333333
0 0.229296875 0.3770833333333333 0.00546875 0.004166666666666667
0 0.246484375 0.378125 0.00546875 0.008333333333333333
0 0.195703125 0.37604166666666666 0.00390625 0.004166666666666667
0 0.657421875 0.3770833333333333 0.00859375 0.010416666666666666
0 0.683984375 0.37604166666666666 0.00859375 0.010416666666666666
0 0.528125 0.3765625 0.0078125 0.011458333333333333
0 0.17890625 0.37447916666666664 0.00625 0.007291666666666667
0 0.2984375 0.37083333333333335 0.0078125 0.008333333333333333
0 0.268359375 0.36666666666666664 0.00703125 0.008333333333333333
0 0.49453125 0.3671875 0.0078125 0.011458333333333333
0 0.5140625 0.3645833333333333 0.0078125 0.010416666666666666
0 0.3859375 0.3645833333333333 0.0078125 0.010416666666666666
0 0.15078125 0.36041666666666666 0.003125 0.004166666666666667
0 0.77734375 0.36354166666666665 0.009375 0.0125
0 0.667578125 0.3614583333333333 0.00859375 0.010416666666666666
0 0.644140625 0.3614583333333333 0.00859375 0.010416666666666666
0 0.238671875 0.3578125 0.00390625 0.003125
0 0.695703125 0.3609375 0.00859375 0.011458333333333333
0 0.2078125 0.359375 0.00625 0.008333333333333333
0 0.28515625 0.35885416666666664 0.0078125 0.009375
0 0.415234375 0.35833333333333334 0.00859375 0.010416666666666666
0 0.19140625 0.35572916666666665 0.0046875 0.005208333333333333
0 0.17421875 0.3546875 0.00625 0.007291666666666667
0 0.327734375 0.3536458333333333 0.00703125 0.009375
0 0.255859375 0.3515625 0.00546875 0.005208333333333333
0 0.5921875 0.353125 0.0078125 0.010416666666666666
0 0.399609375 0.35208333333333336 0.00859375 0.010416666666666666
0 0.223046875 0.3494791666666667 0.00546875 0.005208333333333333
0 0.309765625 0.35 0.00703125 0.010416666666666666
0 0.681640625 0.3484375 0.00859375 0.011458333333333333
0 0.63125 0.34739583333333335 0.0078125 0.011458333333333333
0 0.7421875 0.3463541666666667 0.009375 0.011458333333333333
0 0.27109375 0.34270833333333334 0.00625 0.00625
0 0.377734375 0.34375 0.00703125 0.010416666666666666
0 0.240625 0.3385416666666667 0.00625 0.00625
0 0.3390625 0.3385416666666667 0.0078125 0.010416666666666666
0 0.28828125 0.3375 0.0078125 0.008333333333333333
0 0.210546875 0.3375 0.00703125 0.008333333333333333
0 0.66640625 0.3380208333333333 0.0078125 0.011458333333333333
0 0.163671875 0.33489583333333334 0.00703125 0.005208333333333333
0 0.5140625 0.33645833333333336 0.0078125 0.010416666666666666
0 0.5828125 0.33541666666666664 0.0078125 0.010416666666666666
0 0.7109375 0.334375 0.0078125 0.010416666666666666
0 0.694140625 0.334375 0.00859375 0.010416666666666666
0 0.49375 0.334375 0.0078125 0.010416666666666666
0 0.32109375 0.3333333333333333 0.0078125 0.008333333333333333
0 0.25625 0.3302083333333333 0.0078125 0.008333333333333333
0 0.3546875 0.3296875 0.0078125 0.009375
0 0.190234375 0.3255208333333333 0.00390625 0.003125
0 0.65078125 0.328125 0.0078125 0.010416666666666666
0 0.40703125 0.328125 0.0078125 0.010416666666666666
0 0.22578125 0.3265625 0.00625 0.007291666666666667
0 0.303125 0.3265625 0.0078125 0.009375
0 0.272265625 0.32135416666666666 0.00703125 0.009375
0 0.76875 0.32135416666666666 0.009375 0.011458333333333333
0 0.207421875 0.3177083333333333 0.00859375 0.008333333333333333
0 0.33203125 0.3177083333333333 0.0078125 0.010416666666666666
0 0.24375 0.31666666666666665 0.0078125 0.008333333333333333
0 0.288671875 0.31614583333333335 0.00703125 0.009375
0 0.159375 0.315625 0.00625 0.008333333333333333
0 0.525 0.31614583333333335 0.0078125 0.011458333333333333
0 0.723046875 0.3151041666666667 0.00859375 0.011458333333333333
0 0.675390625 0.3145833333333333 0.00859375 0.010416666666666666
0 0.39375 0.31354166666666666 0.0078125 0.010416666666666666
0 0.376953125 0.3125 0.00703125 0.010416666666666666
0 0.698828125 0.309375 0.00859375 0.008333333333333333
0 0.6109375 0.3104166666666667 0.0078125 0.010416666666666666
0 0.41640625 0.3109375 0.0078125 0.011458333333333333
0 0.31484375 0.3104166666666667 0.0078125 0.010416666666666666
0 0.55234375 0.309375 0.0078125 0.010416666666666666
0 0.26015625 0.30885416666666665 0.0078125 0.009375
0 0.3609375 0.30833333333333335 0.0078125 0.010416666666666666
0 0.649609375 0.3067708333333333 0.00859375 0.011458333333333333
0 0.404296875 0.29791666666666666 0.00859375 0.010416666666666666
0 0.34609375 0.29791666666666666 0.0078125 0.010416666666666666
0 0.277734375 0.29791666666666666 0.00859375 0.010416666666666666
0 0.329296875 0.29739583333333336 0.00859375 0.011458333333333333
0 0.24765625 0.29635416666666664 0.0078125 0.009375
0 0.487109375 0.29635416666666664 0.00859375 0.011458333333333333
0 0.23046875 0.29583333333333334 0.0078125 0.010416666666666666
0 0.166796875 0.29583333333333334 0.00859375 0.010416666666666666
0 0.29453125 0.2947916666666667 0.0078125 0.010416666666666666
0 0.687890625 0.29322916666666665 0.00859375 0.011458333333333333
0 0.37109375 0.28958333333333336 0.0078125 0.0125
0 0.216015625 0.28802083333333334 0.00859375 0.009375
0 0.706640625 0.2869791666666667 0.00859375 0.011458333333333333
0 0.640625 0.2859375 0.0078125 0.011458333333333333
0 0.6234375 0.284375 0.0078125 0.010416666666666666
0 0.45859375 0.284375 0.0078125 0.010416666666666666
0 0.394140625 0.28125 0.00859375 0.0125
0 0.33828125 0.28020833333333334 0.0078125 0.010416666666666666
0 0.309375 0.27760416666666665 0.0078125 0.011458333333333333
0 0.5765625 0.275 0.0078125 0.010416666666666666
0 0.44375 0.2755208333333333 0.0078125 0.011458333333333333
0 0.4265625 0.271875 0.0078125 0.010416666666666666
0 0.41015625 0.27239583333333334 0.0078125 0.011458333333333333
0 0.294140625 0.271875 0.00859375 0.0125
0 0.171875 0.2708333333333333 0.009375 0.010416666666666666
0 0.5515625 0.2703125 0.0078125 0.011458333333333333
0 0.365625 0.2708333333333333 0.0078125 0.0125
0 0.235546875 0.26875 0.00859375 0.010416666666666666
0 0.76875 0.2682291666666667 0.009375 0.011458333333333333
0 0.73125 0.2671875 0.009375 0.011458333333333333
0 0.251953125 0.26614583333333336 0.00859375 0.011458333333333333
0 0.328125 0.26458333333333334 0.0078125 0.010416666666666666
0 0.219921875 0.26458333333333334 0.00859375 0.010416666666666666
0 0.270703125 0.2625 0.00859375 0.010416666666666666
0 0.397265625 0.2598958333333333 0.00859375 0.011458333333333333
0 0.34453125 0.25833333333333336 0.0078125 0.010416666666666666
0 0.618359375 0.25625 0.00703125 0.010416666666666666
0 0.2859375 0.2552083333333333 0.0078125 0.0125
0 0.277734375 0.24635416666666668 0.00078125 0.0010416666666666667
0 0.586328125 0.24947916666666667 0.00859375 0.011458333333333333
0 0.421484375 0.24947916666666667 0.00703125 0.011458333333333333
0 0.24296875 0.25 0.0078125 0.0125
0 0.3171875 0.24895833333333334 0.0078125 0.0125
0 0.375390625 0.24635416666666668 0.00859375 0.011458333333333333
0 0.35859375 0.24635416666666668 0.0078125 0.011458333333333333
0 0.269140625 0.240625 0.00078125 0.0020833333333333333
0 0.33359375 0.24322916666666666 0.0078125 0.011458333333333333
0 0.409375 0.23541666666666666 0.0078125 0.0125
0 0.201171875 0.2203125 0.00859375 0.011458333333333333
0 0.42109375 0.21197916666666666 0.0078125 0.011458333333333333
