0 0.37734375 0.8109375 0.0015625 0.0010416666666666667
0 0.4828125 0.8088541666666667 0.0046875 0.003125
0 0.4234375 0.8088541666666667 0.003125 0.003125
0 0.3578125 0.8088541666666667 0.0015625 0.003125
0 0.296484375 0.809375 0.00234375 0.004166666666666667
0 0.5234375 0.8072916666666666 0.00625 0.004166666666666667
0 0.393359375 0.8067708333333333 0.00234375 0.003125
0 0.3359375 0.8057291666666667 0.0078125 0.011458333333333333
0 0.4984375 0.7984375 0.003125 0.003125
0 0.409375 0.7979166666666667 0.003125 0.0020833333333333333
0 0.5140625 0.7885416666666667 0.003125 0.0020833333333333333
0 0.425390625 0.7848958333333333 0.00234375 0.0010416666666666667
0 0.384765625 0.7828125 0.00390625 0.003125
0 0.568359375 0.78125 0.00546875 0.0020833333333333333
0 0.530078125 0.7791666666666667 0.00234375 0.0020833333333333333
0 0.406640625 0.7744791666666667 0.00078125 0.0010416666666666667
0 0.489453125 0.7755208333333333 0.00546875 0.005208333333333333
0 0.362109375 0.7708333333333334 0.00234375 0.004166666666666667
0 0.511328125 0.7661458333333333 0.00234375 0.0010416666666666667
0 0.44140625 0.7635416666666667 0.003125 0.0020833333333333333
0 0.41875 0.7625 0.003125 0.0020833333333333333
0 0.56171875 0.7619791666666667 0.0015625 0.003125
0 0.390625 0.7557291666666667 0.003125 0.0010416666666666667
0 0.52578125 0.7546875 0.0015625 0.0010416666666666667
0 0.479296875 0.75625 0.00546875 0.008333333333333333
0 0.3484375 0.753125 0.0046875 0.010416666666666666
0 0.40625 0.7473958333333334 0.0015625 0.0010416666666666667
0 0.366015625 0.746875 0.00234375 0.0020833333333333333
0 0.686328125 0.7421875 0.00234375 0.0010416666666666667
0 0.51171875 0.7432291666666667 0.003125 0.003125
0 0.43671875 0.7411458333333333 0.00625 0.003125
0 0.608203125 0.7380208333333333 0.00078125 0.0010416666666666667
0 0.560546875 0.7348958333333333 0.00078125 0.0010416666666666667
0 0.42109375 0.7359375 0.003125 0.003125
0 0.392578125 0.7328125 0.00234375 0.0010416666666666667
0 0.325 0.7328125 0.003125 0.003125
0 0.45390625 0.7317708333333334 0.0046875 0.003125
0 0.377734375 0.7302083333333333 0.00234375 0.0020833333333333333
0 0.353515625 0.7291666666666666 0.00234375 0.0020833333333333333
0 0.661328125 0.7255208333333333 0.00234375 0.003125
0 0.5046875 0.7234375 0.0046875 0.003125
0 0.5453125 0.7203125 0.00625 0.003125
0 0.434765625 0.7192708333333333 0.00390625 0.003125
0 0.315625 0.7140625 0.0015625 0.0010416666666666667
0 0.462890625 0.7125 0.00390625 0.004166666666666667
0 0.532421875 0.70625 0.00546875 0.004166666666666667
0 0.51484375 0.7052083333333333 0.00625 0.004166666666666667
0 0.604296875 0.7026041666666667 0.00234375 0.0010416666666666667
0 0.4453125 0.7041666666666667 0.00625 0.00625
0 0.50078125 0.6984375 0.0015625 0.0010416666666666667
0 0.497265625 0.6973958333333333 0.00234375 0.0010416666666666667
0 0.3265625 0.6963541666666667 0.0015625 0.0010416666666666667
0 0.658984375 0.6880208333333333 0.00078125 0.0010416666666666667
0 0.48515625 0.6880208333333333 0.003125 0.0010416666666666667
0 0.378515625 0.6890625 0.00234375 0.003125
0 0.42109375 0.6854166666666667 0.003125 0.0020833333333333333
0 0.54375 0.6838541666666667 0.003125 0.0010416666666666667
0 0.528125 0.6854166666666667 0.003125 0.004166666666666667
0 0.43671875 0.6854166666666667 0.00625 0.004166666666666667
0 0.36328125 0.6838541666666667 0.0015625 0.003125
0 0.46640625 0.6848958333333334 0.0046875 0.007291666666666667
0 0.6203125 0.6760416666666667 0.0046875 0.004166666666666667
0 0.603515625 0.6776041666666667 0.00546875 0.007291666666666667
0 0.406640625 0.6734375 0.00078125 0.0010416666666666667
0 0.324609375 0.6734375 0.00234375 0.0010416666666666667
0 0.496875 0.6729166666666667 0.0046875 0.004166666666666667
0 0.64296875 0.671875 0.003125 0.004166666666666667
0 0.38828125 0.6692708333333334 0.0015625 0.0010416666666666667
0 0.3515625 0.6692708333333334 0.0015625 0.0010416666666666667
0 0.45 0.6682291666666667 0.0046875 0.003125
0 0.478125 0.6651041666666667 0.00625 0.007291666666666667
0 0.3671875 0.6619791666666667 0.0015625 0.0010416666666666667
0 0.54765625 0.6630208333333333 0.00625 0.005208333333333333
0 0.42890625 0.6645833333333333 0.00625 0.008333333333333333
0 0.589453125 0.6630208333333333 0.00703125 0.007291666666666667
0 0.52265625 0.6619791666666667 0.00625 0.007291666666666667
0 0.564453125 0.6588541666666666 0.00546875 0.007291666666666667
0 0.46171875 0.6552083333333333 0.00625 0.00625
0 0.40390625 0.6515625 0.003125 0.003125
0 0.490625 0.6505208333333333 0.00625 0.003125
0 0.268359375 0.6458333333333334 0.00078125 0.0020833333333333333
0 0.439453125 0.6458333333333334 0.00546875 0.004166666666666667
0 0.38828125 0.6442708333333333 0.0015625 0.0010416666666666667
0 0.475390625 0.6416666666666667 0.00390625 0.00625
0 0.36953125 0.6390625 0.0015625 0.0010416666666666667
0 0.536328125 0.640625 0.00546875 0.00625
0 0.419140625 0.6385416666666667 0.00234375 0.0020833333333333333
0 0.51953125 0.6390625 0.00625 0.005208333333333333
0 0.3390625 0.6333333333333333 0.0015625 0.0020833333333333333
0 0.40234375 0.6296875 0.0015625 0.0010416666666666667
0 0.315234375 0.6291666666666667 0.00234375 0.0020833333333333333
0 0.283203125 0.6270833333333333 0.00078125 0.0020833333333333333
0 0.488671875 0.6270833333333333 0.00703125 0.00625
0 0.43203125 0.625 0.0046875 0.00625
0 0.3578125 0.6234375 0.003125 0.003125
0 0.387890625 0.6171875 0.00234375 0.0010416666666666667
0 0.53046875 0.61875 0.00625 0.00625
0 0.418359375 0.615625 0.00390625 0.004166666666666667
0 0.371484375 0.6140625 0.00234375 0.0010416666666666667
0 0.344921875 0.6104166666666667 0.00234375 0.0020833333333333333
0 0.4328125 0.6041666666666666 0.003125 0.0020833333333333333
0 0.4875 0.60625 0.0078125 0.010416666666666666
0 0.36015625 0.5979166666666667 0.0015625 0.0020833333333333333
0 0.4015625 0.5958333333333333 0.003125 0.004166666666666667
0 0.60390625 0.5932291666666667 0.0015625 0.0010416666666666667
0 0.3796875 0.5932291666666667 0.003125 0.003125
0 0.4171875 0.5916666666666667 0.0046875 0.004166666666666667
0 0.30859375 0.5869791666666667 0.0015625 0.0010416666666666667
0 0.441015625 0.5859375 0.00546875 0.003125
0 0.327734375 0.5848958333333333 0.00234375 0.0010416666666666667
0 0.29296875 0.5848958333333333 0.0015625 0.0010416666666666667
0 0.34453125 0.5802083333333333 0.0015625 0.0020833333333333333
0 0.362890625 0.5770833333333333 0.00234375 0.0020833333333333333
0 0.478125 0.5786458333333333 0.0078125 0.007291666666666667
0 0.418359375 0.5697916666666667 0.00546875 0.00625
0 0.4421875 0.5651041666666666 0.003125 0.0010416666666666667
0 0.321875 0.5651041666666666 0.0015625 0.0010416666666666667
0 0.301953125 0.565625 0.00234375 0.0020833333333333333
0 0.37421875 0.5619791666666667 0.003125 0.003125
0 0.558984375 0.5614583333333333 0.00703125 0.010416666666666666
0 0.576953125 0.5526041666666667 0.00078125 0.0010416666666666667
0 0.2765625 0.546875 0.0015625 0.0020833333333333333
0 0.313671875 0.5458333333333333 0.00234375 0.0020833333333333333
0 0.36484375 0.5427083333333333 0.003125 0.0020833333333333333
0 0.38515625 0.5390625 0.003125 0.003125
0 0.269140625 0.5286458333333334 0.00078125 0.0010416666666666667
0 0.54765625 0.53125 0.00625 0.008333333333333333
0 0.303515625 0.5270833333333333 0.00078125 0.004166666666666667
0 0.237109375 0.5223958333333333 0.00078125 0.0010416666666666667
0 0.18203125 0.5223958333333333 0.0015625 0.0010416666666666667
0 0.462890625 0.5213541666666667 0.00703125 0.005208333333333333
0 0.323046875 0.5171875 0.00234375 0.005208333333333333
0 0.390234375 0.5140625 0.00234375 0.0010416666666666667
0 0.54609375 0.5088541666666667 0.00625 0.009375
0 0.35234375 0.5041666666666667 0.003125 0.004166666666666667
0 0.331640625 0.5005208333333333 0.00078125 0.0010416666666666667
0 0.36796875 0.5 0.003125 0.0020833333333333333
0 0.458984375 0.5010416666666667 0.00546875 0.00625
0 0.38359375 0.4921875 0.0046875 0.005208333333333333
0 0.301171875 0.4901041666666667 0.00078125 0.0010416666666666667
0 0.4171875 0.4890625 0.0015625 0.0010416666666666667
0 0.7046875 0.4817708333333333 0.0046875 0.005208333333333333
0 0.319921875 0.47708333333333336 0.00234375 0.0020833333333333333
0 0.431640625 0.478125 0.00546875 0.00625
0 0.448046875 0.47604166666666664 0.00703125 0.008333333333333333
0 0.336328125 0.47239583333333335 0.00390625 0.003125
0 0.303515625 0.465625 0.00234375 0.0020833333333333333
0 0.351171875 0.4640625 0.00390625 0.005208333333333333
0 0.326171875 0.4578125 0.00234375 0.0010416666666666667
0 0.27890625 0.45729166666666665 0.0015625 0.0020833333333333333
0 0.415625 0.4583333333333333 0.00625 0.00625
0 0.37265625 0.4515625 0.00625 0.007291666666666667
0 0.26328125 0.446875 0.0015625 0.0020833333333333333
0 0.53671875 0.4479166666666667 0.0078125 0.0125
0 0.2859375 0.4401041666666667 0.0015625 0.0010416666666666667
0 0.302734375 0.4395833333333333 0.00234375 0.0020833333333333333
0 0.55234375 0.43697916666666664 0.0078125 0.007291666666666667
0 0.380859375 0.43385416666666665 0.00234375 0.0010416666666666667
0 0.41328125 0.43697916666666664 0.00625 0.009375
0 0.272265625 0.42916666666666664 0.00234375 0.0020833333333333333
0 0.671484375 0.42916666666666664 0.00703125 0.004166666666666667
0 0.25546875 0.4276041666666667 0.0015625 0.003125
0 0.294921875 0.42135416666666664 0.00078125 0.0010416666666666667
0 0.280859375 0.4109375 0.00078125 0.0010416666666666667
0 0.723046875 0.409375 0.00390625 0.0020833333333333333
0 0.355078125 0.40729166666666666 0.00703125 0.00625
0 0.23359375 0.39895833333333336 0.003125 0.0020833333333333333
0 0.31328125 0.3984375 0.003125 0.003125
0 0.326171875 0.38645833333333335 0.00234375 0.0020833333333333333
0 0.5984375 0.38177083333333334 0.0015625 0.0010416666666666667
0 0.57265625 0.38177083333333334 0.00625 0.003125
0 0.340625 0.37864583333333335 0.0015625 0.0010416666666666667
0 0.740234375 0.3765625 0.00234375 0.0010416666666666667
0 0.48125 0.37447916666666664 0.00625 0.009375
0 0.278515625 0.3671875 0.00078125 0.0010416666666666667
0 0.382421875 0.36875 0.00390625 0.00625
0 0.2234375 0.3645833333333333 0.0015625 0.0020833333333333333
0 0.55859375 0.36614583333333334 0.00625 0.009375
0 0.614453125 0.3640625 0.00703125 0.007291666666666667
0 0.58671875 0.36354166666666665 0.00625 0.00625
0 0.294921875 0.3609375 0.00078125 0.0010416666666666667
0 0.348046875 0.35885416666666664 0.00234375 0.003125
0 0.444921875 0.3541666666666667 0.00703125 0.004166666666666667
0 0.369140625 0.346875 0.00546875 0.00625
0 0.566015625 0.3458333333333333 0.00546875 0.00625
0 0.316796875 0.3380208333333333 0.00234375 0.005208333333333333
0 0.4359375 0.3380208333333333 0.00625 0.009375
0 0.334765625 0.3296875 0.00078125 0.0010416666666666667
0 0.348828125 0.3229166666666667 0.00234375 0.0020833333333333333
0 0.550390625 0.3234375 0.00703125 0.007291666666666667
0 0.318359375 0.31875 0.00234375 0.004166666666666667
0 0.68203125 0.31666666666666665 0.003125 0.0020833333333333333
0 0.658984375 0.315625 0.00390625 0.0020833333333333333
0 0.537109375 0.3140625 0.00546875 0.005208333333333333
0 0.51875 0.3140625 0.00625 0.009375
0 0.694140625 0.30520833333333336 0.00234375 0.0020833333333333333
0 0.337890625 0.3072916666666667 0.00234375 0.00625
0 0.309765625 0.30364583333333334 0.00078125 0.0010416666666666667
0 0.4453125 0.303125 0.00625 0.0020833333333333333
0 0.4171875 0.30520833333333336 0.00625 0.00625
0 0.008984375 0.2994791666666667 0.00078125 0.0010416666666666667
0 0.325390625 0.29635416666666664 0.00078125 0.0010416666666666667
0 0.708203125 0.2942708333333333 0.00078125 0.0010416666666666667
0 0.68125 0.2947916666666667 0.003125 0.0020833333333333333
0 0.723828125 0.29322916666666665 0.00078125 0.0010416666666666667
0 0.430078125 0.2942708333333333 0.00546875 0.005208333333333333
0 0.365234375 0.29270833333333335 0.00390625 0.00625
0 0.001953125 0.28854166666666664 0.00390625 0.004166666666666667
0 0.41015625 0.2864583333333333 0.00625 0.004166666666666667
0 0.6015625 0.2875 0.00625 0.008333333333333333
0 0.51796875 0.28229166666666666 0.00625 0.00625
0 0.283984375 0.27760416666666665 0.00078125 0.0010416666666666667
0 0.37578125 0.2786458333333333 0.0078125 0.007291666666666667
0 0.327734375 0.27708333333333335 0.00234375 0.004166666666666667
0 0.358984375 0.27395833333333336 0.00390625 0.00625
0 0.43828125 0.27239583333333334 0.0046875 0.005208333333333333
0 0.548828125 0.26875 0.00390625 0.0020833333333333333
0 0.38984375 0.2713541666666667 0.0046875 0.007291666666666667
0 0.3421875 0.2677083333333333 0.0015625 0.0020833333333333333
0 0.665625 0.26510416666666664 0.003125 0.0010416666666666667
0 0.5734375 0.26145833333333335 0.00625 0.00625
0 0.412890625 0.2578125 0.00078125 0.0010416666666666667
0 0.369140625 0.2598958333333333 0.00390625 0.005208333333333333
0 0.425390625 0.2578125 0.00546875 0.005208333333333333
0 0.409375 0.25677083333333334 0.0046875 0.005208333333333333
0 0.251171875 0.2552083333333333 0.00234375 0.0020833333333333333
0 0.446875 0.2557291666666667 0.0046875 0.005208333333333333
0 0.3953125 0.253125 0.003125 0.0020833333333333333
0 0.205859375 0.25052083333333336 0.00078125 0.0010416666666666667
0 0.353125 0.25104166666666666 0.0046875 0.00625
0 0.301953125 0.24895833333333334 0.00078125 0.0020833333333333333
0 0.5125 0.246875 0.00625 0.00625
0 0.436328125 0.24427083333333333 0.00390625 0.003125
0 0.658203125 0.24375 0.00703125 0.00625
0 0.382421875 0.2421875 0.00234375 0.003125
0 0.333984375 0.23802083333333332 0.00078125 0.0010416666666666667
0 0.289453125 0.23802083333333332 0.00078125 0.0010416666666666667
0 0.365234375 0.2390625 0.00703125 0.005208333333333333
0 0.405859375 0.23645833333333333 0.00234375 0.0020833333333333333
0 0.77578125 0.23541666666666666 0.0015625 0.0020833333333333333
0 0.741796875 0.2328125 0.00078125 0.0010416666666666667
0 0.7390625 0.23125 0.0015625 0.0020833333333333333
0 0.427734375 0.22864583333333333 0.00234375 0.0010416666666666667
0 0.5984375 0.23020833333333332 0.0046875 0.00625
0 0.258984375 0.22760416666666666 0.00078125 0.0010416666666666667
0 0.212890625 0.2296875 0.00234375 0.005208333333333333
0 0.375390625 0.22552083333333334 0.00078125 0.0010416666666666667
0 0.57421875 0.225 0.0078125 0.00625
0 0.47265625 0.225 0.00625 0.00625
0 0.443359375 0.22239583333333332 0.00078125 0.0010416666666666667
0 0.348828125 0.21979166666666666 0.00234375 0.004166666666666667
0 0.33359375 0.21666666666666667 0.0015625 0.0020833333333333333
0 0.42890625 0.2078125 0.0046875 0.005208333333333333
0 0.607421875 0.20677083333333332 0.00859375 0.007291666666666667
0 0.262109375 0.20364583333333333 0.00078125 0.0010416666666666667
0 0.3265625 0.19947916666666668 0.0015625 0.0010416666666666667
0 0.39609375 0.19479166666666667 0.003125 0.0020833333333333333
0 0.409765625 0.19375 0.00234375 0.00625
0 0.441015625 0.18541666666666667 0.00546875 0.00625
0 0.3125 0.18385416666666668 0.003125 0.005208333333333333
0 0.452734375 0.16458333333333333 0.00546875 0.008333333333333333
