0 0.187890625 0.7885416666666667 0.00546875 0.008333333333333333
0 0.45234375 0.7864583333333334 0.0078125 0.010416666666666666
0 0.3140625 0.7807291666666667 0.0078125 0.009375
0 0.505078125 0.7791666666666667 0.00703125 0.010416666666666666
0 0.465625 0.7776041666666667 0.0078125 0.011458333333333333
0 0.55234375 0.771875 0.0078125 0.010416666666666666
0 0.4796875 0.7682291666666666 0.0078125 0.011458333333333333
0 0.61328125 0.7671875 0.0078125 0.011458333333333333
0 0.5984375 0.7625 0.0078125 0.010416666666666666
0 0.517578125 0.7619791666666667 0.00703125 0.011458333333333333
0 0.56796875 0.7609375 0.0078125 0.011458333333333333
0 0.58359375 0.75625 0.0078125 0.010416666666666666
0 0.441796875 0.7552083333333334 0.00703125 0.010416666666666666
0 0.54375 0.7515625 0.0046875 0.011458333333333333
0 0.346484375 0.7510416666666667 0.00859375 0.010416666666666666
0 0.49921875 0.746875 0.0046875 0.004166666666666667
0 0.740234375 0.7473958333333334 0.00859375 0.011458333333333333
0 0.556640625 0.7473958333333334 0.00703125 0.011458333333333333
0 0.484375 0.7473958333333334 0.0078125 0.011458333333333333
0 0.39296875 0.7453125 0.0078125 0.011458333333333333
0 0.4140625 0.7432291666666667 0.0078125 0.011458333333333333
0 0.59453125 0.7416666666666667 0.0078125 0.010416666666666666
0 0.57265625 0.7421875 0.0078125 0.011458333333333333
0 0.454296875 0.7416666666666667 0.00703125 0.010416666666666666
0 0.528125 0.7411458333333333 0.0078125 0.011458333333333333
0 0.634375 0.7395833333333334 0.0078125 0.010416666666666666
0 0.659375 0.7385416666666667 0.0078125 0.010416666666666666
0 0.5140625 0.7348958333333333 0.0078125 0.011458333333333333
0 0.61875 0.73125 0.0078125 0.010416666666666666
0 0.340234375 0.7302083333333333 0.00859375 0.010416666666666666
0 0.5421875 0.7296875 0.0078125 0.011458333333333333
0 0.6453125 0.7270833333333333 0.0078125 0.010416666666666666
0 0.556640625 0.7270833333333333 0.00703125 0.010416666666666666
0 0.58515625 0.7260416666666667 0.0078125 0.010416666666666666
0 0.398828125 0.7260416666666667 0.00859375 0.010416666666666666
0 0.48828125 0.7239583333333334 0.0078125 0.010416666666666666
0 0.355078125 0.7239583333333334 0.00703125 0.010416666666666666
0 0.60546875 0.7229166666666667 0.0078125 0.010416666666666666
0 0.502734375 0.7229166666666667 0.00703125 0.010416666666666666
0 0.70859375 0.7223958333333333 0.009375 0.011458333333333333
0 0.63203125 0.7208333333333333 0.0046875 0.010416666666666666
0 0.758984375 0.7192708333333333 0.00859375 0.011458333333333333
0 0.375 0.7171875 0.00625 0.009375
0 0.56953125 0.7171875 0.0078125 0.011458333333333333
0 0.446484375 0.7166666666666667 0.00859375 0.010416666666666666
0 0.3296875 0.7135416666666666 0.0078125 0.00625
0 0.726171875 0.7119791666666667 0.00859375 0.011458333333333333
0 0.315234375 0.7109375 0.00703125 0.009375
0 0.5953125 0.7083333333333334 0.0078125 0.010416666666666666
0 0.509375 0.7052083333333333 0.0078125 0.010416666666666666
0 0.5796875 0.7041666666666667 0.0078125 0.010416666666666666
0 0.45234375 0.6984375 0.0078125 0.009375
0 0.61171875 0.696875 0.0078125 0.010416666666666666
0 0.326171875 0.6947916666666667 0.00703125 0.010416666666666666
0 0.466796875 0.6942708333333333 0.00703125 0.011458333333333333
0 0.410546875 0.69375 0.00703125 0.010416666666666666
0 0.3078125 0.6932291666666667 0.0078125 0.009375
0 0.693359375 0.6927083333333334 0.00859375 0.010416666666666666
0 0.379296875 0.6921875 0.00859375 0.009375
0 0.72421875 0.6921875 0.0078125 0.011458333333333333
0 0.43515625 0.6916666666666667 0.0078125 0.010416666666666666
0 0.28125 0.6911458333333333 0.0078125 0.009375
0 0.49609375 0.690625 0.0078125 0.010416666666666666
0 0.392578125 0.6833333333333333 0.00859375 0.010416666666666666
0 0.4828125 0.68125 0.0078125 0.010416666666666666
0 0.25234375 0.678125 0.0078125 0.010416666666666666
0 0.497265625 0.6708333333333333 0.00703125 0.010416666666666666
0 0.4515625 0.6708333333333333 0.0078125 0.010416666666666666
0 0.28203125 0.6708333333333333 0.0078125 0.010416666666666666
0 0.546484375 0.6692708333333334 0.00703125 0.009375
0 0.35625 0.6697916666666667 0.0078125 0.010416666666666666
0 0.591015625 0.66875 0.00703125 0.010416666666666666
0 0.3828125 0.66875 0.0078125 0.010416666666666666
0 0.24453125 0.6609375 0.0078125 0.009375
0 0.716015625 0.6604166666666667 0.00859375 0.010416666666666666
0 0.3703125 0.659375 0.0078125 0.010416666666666666
0 0.68046875 0.6583333333333333 0.0078125 0.010416666666666666
0 0.3390625 0.6578125 0.0078125 0.009375
0 0.29296875 0.6567708333333333 0.0078125 0.009375
0 0.259765625 0.6557291666666667 0.00703125 0.007291666666666667
0 0.405859375 0.6536458333333334 0.00703125 0.009375
0 0.501171875 0.6520833333333333 0.00703125 0.010416666666666666
0 0.307421875 0.6510416666666666 0.00703125 0.010416666666666666
0 0.69296875 0.6489583333333333 0.0078125 0.010416666666666666
0 0.460546875 0.6416666666666667 0.00703125 0.010416666666666666
0 0.422265625 0.6401041666666667 0.00703125 0.009375
0 0.31328125 0.6328125 0.0078125 0.009375
0 0.473046875 0.6317708333333333 0.00703125 0.009375
0 0.29609375 0.6307291666666667 0.0078125 0.009375
0 0.2109375 0.6286458333333333 0.0078125 0.009375
0 0.697265625 0.6239583333333333 0.00859375 0.010416666666666666
0 0.715625 0.6203125 0.0078125 0.011458333333333333
0 0.349609375 0.6140625 0.00703125 0.009375
0 0.47421875 0.6130208333333333 0.0078125 0.009375
0 0.326953125 0.6119791666666666 0.00703125 0.009375
0 0.440625 0.6083333333333333 0.0078125 0.010416666666666666
0 0.704296875 0.6072916666666667 0.00859375 0.010416666666666666
0 0.455078125 0.6057291666666667 0.00703125 0.009375
0 0.271484375 0.5953125 0.00703125 0.009375
0 0.25 0.5942708333333333 0.0078125 0.009375
0 0.466015625 0.5932291666666667 0.00703125 0.009375
0 0.35390625 0.5901041666666667 0.0078125 0.009375
0 0.383203125 0.5885416666666666 0.00703125 0.008333333333333333
0 0.29375 0.5890625 0.0078125 0.009375
0 0.232421875 0.5828125 0.00703125 0.009375
0 0.684765625 0.5817708333333333 0.00859375 0.009375
0 0.455078125 0.5817708333333333 0.00703125 0.009375
0 0.32421875 0.5796875 0.0078125 0.009375
0 0.474609375 0.5744791666666667 0.00703125 0.009375
0 0.367578125 0.5734375 0.00703125 0.009375
0 0.69765625 0.571875 0.0046875 0.010416666666666666
0 0.353125 0.5708333333333333 0.0078125 0.010416666666666666
0 0.183984375 0.5697916666666667 0.00703125 0.008333333333333333
0 0.203515625 0.5651041666666666 0.00703125 0.009375
0 0.339453125 0.5640625 0.00703125 0.009375
0 0.232421875 0.5640625 0.00703125 0.009375
0 0.2484375 0.559375 0.0078125 0.008333333333333333
0 0.37578125 0.5572916666666666 0.0078125 0.010416666666666666
0 0.392578125 0.5536458333333333 0.00703125 0.009375
0 0.21640625 0.5526041666666667 0.0078125 0.007291666666666667
0 0.1921875 0.553125 0.00625 0.008333333333333333
0 0.73125 0.5526041666666667 0.0078125 0.009375
0 0.205078125 0.5427083333333333 0.00703125 0.008333333333333333
0 0.38125 0.5401041666666667 0.0078125 0.009375
0 0.219921875 0.5354166666666667 0.00703125 0.008333333333333333
0 0.19609375 0.5286458333333334 0.0078125 0.009375
0 0.369921875 0.5255208333333333 0.00703125 0.009375
0 0.17734375 0.5192708333333333 0.0078125 0.009375
0 0.3234375 0.5182291666666666 0.0078125 0.009375
0 0.396484375 0.5171875 0.00703125 0.009375
0 0.495703125 0.5140625 0.00703125 0.009375
0 0.358984375 0.5140625 0.00703125 0.009375
0 0.580859375 0.5052083333333334 0.00703125 0.010416666666666666
0 0.594140625 0.49947916666666664 0.00703125 0.009375
0 0.216796875 0.4973958333333333 0.00703125 0.009375
0 0.315625 0.496875 0.0078125 0.010416666666666666
0 0.362890625 0.49583333333333335 0.00703125 0.010416666666666666
0 0.406640625 0.4921875 0.00703125 0.009375
0 0.2765625 0.49114583333333334 0.0078125 0.009375
0 0.251953125 0.49166666666666664 0.00703125 0.010416666666666666
0 0.350390625 0.48541666666666666 0.00703125 0.008333333333333333
0 0.368359375 0.4786458333333333 0.00703125 0.009375
0 0.71484375 0.4713541666666667 0.0078125 0.009375
0 0.72890625 0.4703125 0.0078125 0.009375
0 0.3015625 0.4703125 0.0078125 0.009375
0 0.473828125 0.46770833333333334 0.00703125 0.008333333333333333
0 0.380078125 0.46770833333333334 0.00703125 0.008333333333333333
0 0.335546875 0.4671875 0.00703125 0.009375
0 0.66328125 0.4640625 0.003125 0.009375
0 0.539453125 0.46197916666666666 0.00703125 0.009375
0 0.177734375 0.46145833333333336 0.00703125 0.010416666666666666
0 0.411328125 0.45989583333333334 0.00703125 0.009375
0 0.461328125 0.4588541666666667 0.00703125 0.009375
0 0.581640625 0.4557291666666667 0.00703125 0.009375
0 0.2 0.453125 0.0078125 0.010416666666666666
0 0.6859375 0.4484375 0.0078125 0.009375
0 0.534765625 0.4432291666666667 0.00703125 0.009375
0 0.519140625 0.43854166666666666 0.00703125 0.008333333333333333
0 0.24453125 0.43802083333333336 0.0078125 0.009375
0 0.426171875 0.4328125 0.00703125 0.009375
0 0.755078125 0.42864583333333334 0.00859375 0.009375
0 0.7015625 0.42864583333333334 0.0078125 0.009375
0 0.6875 0.4276041666666667 0.0078125 0.009375
0 0.461328125 0.42135416666666664 0.00703125 0.009375
0 0.735546875 0.4161458333333333 0.00859375 0.009375
0 0.74765625 0.41302083333333334 0.009375 0.009375
0 0.253515625 0.41302083333333334 0.00703125 0.009375
0 0.318359375 0.41041666666666665 0.00703125 0.010416666666666666
0 0.65703125 0.415625 0.015625 0.022916666666666665
0 0.48515625 0.40625 0.00625 0.008333333333333333
0 0.427734375 0.40677083333333336 0.00703125 0.009375
0 0.398046875 0.40260416666666665 0.00703125 0.009375
0 0.705859375 0.39010416666666664 0.00703125 0.009375
0 0.679296875 0.3880208333333333 0.00703125 0.009375
0 0.596484375 0.3880208333333333 0.00703125 0.009375
0 0.305859375 0.38385416666666666 0.00703125 0.009375
0 0.4953125 0.38177083333333334 0.00625 0.009375
0 0.344140625 0.3776041666666667 0.00703125 0.009375
0 0.4484375 0.37135416666666665 0.00625 0.009375
0 0.436328125 0.36302083333333335 0.00703125 0.009375
0 0.221484375 0.359375 0.00859375 0.010416666666666666
0 0.676953125 0.35260416666666666 0.00703125 0.009375
0 0.25625 0.35052083333333334 0.0078125 0.009375
0 0.64140625 0.35 0.0078125 0.010416666666666666
0 0.609765625 0.3484375 0.00703125 0.009375
0 0.5921875 0.34739583333333335 0.00625 0.009375
0 0.225 0.3421875 0.0078125 0.009375
0 0.319140625 0.3338541666666667 0.00703125 0.009375
0 0.654296875 0.3333333333333333 0.00703125 0.010416666666666666
0 0.451171875 0.32760416666666664 0.00703125 0.009375
0 0.439453125 0.3177083333333333 0.00703125 0.010416666666666666
0 0.22578125 0.3171875 0.0078125 0.009375
