0 0.901953125 0.871875 0.01015625 0.0125
0 0.65859375 0.8583333333333333 0.009375 0.014583333333333334
0 0.634765625 0.8322916666666667 0.00859375 0.014583333333333334
0 0.2125 0.5828125 0.009375 0.011458333333333333
0 0.461328125 0.5552083333333333 0.00859375 0.010416666666666666
0 0.11796875 0.5385416666666667 0.009375 0.0125
0 0.523046875 0.4119791666666667 0.00859375 0.011458333333333333
0 0.284765625 0.40989583333333335 0.00859375 0.011458333333333333
0 0.53828125 0.4015625 0.0046875 0.011458333333333333
0 0.2703125 0.3953125 0.0078125 0.005208333333333333
0 0.63046875 0.390625 0.0078125 0.010416666666666666
0 0.615625 0.38958333333333334 0.0046875 0.010416666666666666
0 0.44921875 0.37135416666666665 0.0078125 0.011458333333333333
0 0.151953125 0.3109375 0.00859375 0.011458333333333333
0 0.2875 0.18489583333333334 0.0078125 0.011458333333333333
0 0.525390625 0.16145833333333334 0.00703125 0.0125
