0 0.2171875 0.9378663540445487 0.0078125 0.008206330597889801
0 0.23828125 0.9311254396248535 0.0109375 0.00996483001172333
0 0.184375 0.9287807737397421 0.0109375 0.00996483001172333
0 0.208203125 0.921746776084408 0.00859375 0.005275498241500586
0 0.17421875 0.9003516998827668 0.0109375 0.009378663540445486
0 0.47734375 0.891559202813599 0.009375 0.009378663540445486
0 0.31875 0.8898007033997656 0.0109375 0.008206330597889801
0 0.273046875 0.8871629542790153 0.00703125 0.005275498241500586
0 0.612890625 0.8856975381008206 0.01015625 0.009378663540445486
0 0.523046875 0.8815943728018757 0.01015625 0.009378663540445486
0 0.553515625 0.8786635404454866 0.01015625 0.005861664712778429
0 0.18203125 0.8751465416178195 0.0015625 0.0011723329425556857
0 0.25546875 0.8748534583821805 0.003125 0.004103165298944901
0 0.181640625 0.873094958968347 0.00078125 0.0005861664712778429
0 0.58046875 0.873094958968347 0.009375 0.008792497069167644
0 0.224609375 0.8736811254396248 0.01171875 0.00996483001172333
0 0.2890625 0.8725087924970691 0.0109375 0.00996483001172333
0 0.31796875 0.8713364595545134 0.009375 0.008792497069167644
0 0.203515625 0.8692848769050411 0.01015625 0.004689331770222743
0 0.53359375 0.8666471277842908 0.00625 0.008792497069167644
0 0.567578125 0.8640093786635404 0.00390625 0.004689331770222743
0 0.28359375 0.8490621336459554 0.0046875 0.004103165298944901
0 0.276953125 0.8481828839390387 0.00390625 0.0023446658851113715
0 0.577734375 0.85052754982415 0.01015625 0.009378663540445486
0 0.355078125 0.8464243845252052 0.00078125 0.0011723329425556857
0 0.537109375 0.8481828839390387 0.01015625 0.007033997655334115
0 0.2421875 0.8487690504103166 0.009375 0.009378663540445486
0 0.348828125 0.843200468933177 0.00859375 0.004103165298944901
0 0.403125 0.8449589683470106 0.0109375 0.00996483001172333
0 0.323828125 0.8446658851113716 0.00859375 0.009378663540445486
0 0.373046875 0.8399765533411488 0.00703125 0.008206330597889801
0 0.258984375 0.8370457209847597 0.00859375 0.0035169988276670576
0 0.5484375 0.8332356389214537 0.00625 0.0076201641266119575
0 0.47734375 0.8344079718640094 0.009375 0.00996483001172333
0 0.282421875 0.8326494724501758 0.01171875 0.008792497069167644
0 0.201171875 0.8329425556858148 0.01015625 0.009378663540445486
0 0.612890625 0.8311840562719812 0.01015625 0.009378663540445486
0 0.17890625 0.828253223915592 0.0109375 0.008206330597889801
0 0.590625 0.8232708089097304 0.009375 0.0076201641266119575
0 0.269140625 0.8194607268464243 0.01171875 0.009378663540445486
0 0.325 0.8156506447831184 0.0109375 0.006447831184056272
0 0.566796875 0.8165298944900352 0.01015625 0.009378663540445486
0 0.625 0.8147713950762017 0.009375 0.008206330597889801
0 0.499609375 0.8147713950762017 0.01015625 0.009378663540445486
0 0.187109375 0.8118405627198124 0.00546875 0.005861664712778429
0 0.346875 0.8115474794841735 0.009375 0.0076201641266119575
0 0.21328125 0.8080304806565064 0.0125 0.00996483001172333
0 0.238671875 0.805978898007034 0.01015625 0.007033997655334115
0 0.476953125 0.8048065650644783 0.01015625 0.009378663540445486
0 0.54765625 0.8027549824150059 0.009375 0.006447831184056272
0 0.406640625 0.8018757327080891 0.01015625 0.009378663540445486
0 0.325 0.798358733880422 0.0046875 0.0035169988276670576
0 0.171875 0.7992379835873388 0.0109375 0.0076201641266119575
0 0.62265625 0.7977725674091442 0.00625 0.007033997655334115
0 0.603125 0.7971864009378663 0.003125 0.007033997655334115
0 0.578515625 0.7960140679953107 0.01015625 0.008206330597889801
0 0.1953125 0.7945486518171161 0.0109375 0.008792497069167644
0 0.350390625 0.7936694021101993 0.00703125 0.008206330597889801
0 0.643359375 0.7892731535756154 0.01015625 0.008792497069167644
0 0.29921875 0.7892731535756154 0.0109375 0.008792497069167644
0 0.549609375 0.7863423212192263 0.01015625 0.005275498241500586
0 0.235546875 0.7881008206330598 0.01015625 0.008792497069167644
0 0.216796875 0.7822391559202814 0.00703125 0.004103165298944901
0 0.176171875 0.7828253223915592 0.01171875 0.006447831184056272
0 0.2578125 0.7834114888628371 0.0109375 0.008792497069167644
0 0.569921875 0.7816529894490035 0.01015625 0.0076201641266119575
0 0.41953125 0.7825322391559203 0.0109375 0.009378663540445486
0 0.682421875 0.7813599062133646 0.01015625 0.008206330597889801
0 0.729296875 0.7810668229777257 0.01015625 0.008792497069167644
0 0.594140625 0.7804806565064478 0.01015625 0.0076201641266119575
0 0.617578125 0.7801875732708089 0.01015625 0.008206330597889801
0 0.532421875 0.77989449003517 0.01015625 0.008792497069167644
0 0.197265625 0.7740328253223916 0.01171875 0.008792497069167644
0 0.173828125 0.768757327080891 0.00234375 0.0017584994138335288
0 0.32890625 0.7719812426729191 0.0109375 0.009378663540445486
0 0.549609375 0.7699296600234466 0.01015625 0.0076201641266119575
0 0.280078125 0.7708089097303634 0.01171875 0.009378663540445486
0 0.24765625 0.7693434935521688 0.0109375 0.008792497069167644
0 0.219921875 0.764947245017585 0.01171875 0.008206330597889801
0 0.568359375 0.7623094958968347 0.00859375 0.008792497069167644
0 0.3125 0.7599648300117233 0.009375 0.006447831184056272
0 0.659765625 0.7576201641266119 0.01015625 0.008792497069167644
0 0.194140625 0.7564478311840562 0.00703125 0.0076201641266119575
0 0.256640625 0.7543962485345839 0.00703125 0.004689331770222743
0 0.291796875 0.7558616647127784 0.01015625 0.008792497069167644
0 0.346875 0.753810082063306 0.0109375 0.009378663540445486
0 0.17109375 0.7479484173505275 0.0109375 0.005861664712778429
0 0.592578125 0.7488276670574443 0.01015625 0.008792497069167644
0 0.732421875 0.7467760844079718 0.01015625 0.008206330597889801
0 0.54609375 0.7458968347010551 0.009375 0.008792497069167644
0 0.2734375 0.7435521688159438 0.0046875 0.004103165298944901
0 0.2109375 0.7447245017584995 0.0109375 0.008792497069167644
0 0.689453125 0.7397420867526378 0.01015625 0.008206330597889801
0 0.191015625 0.7371043376318874 0.01171875 0.006447831184056272
0 0.364453125 0.7371043376318874 0.01015625 0.008792497069167644
0 0.2953125 0.7353458382180539 0.009375 0.005275498241500586
0 0.165625 0.7324150058616647 0.0109375 0.006447831184056272
0 0.556640625 0.7318288393903869 0.01015625 0.008792497069167644
0 0.3359375 0.7318288393903869 0.009375 0.008792497069167644
0 0.672265625 0.7291910902696366 0.01015625 0.007033997655334115
0 0.271875 0.727432590855803 0.0109375 0.008206330597889801
0 0.71484375 0.7250879249706916 0.0109375 0.008206330597889801
0 0.209765625 0.7236225087924971 0.01171875 0.0076201641266119575
0 0.1828125 0.7195193434935522 0.0109375 0.006447831184056272
0 0.4828125 0.7186400937866354 0.009375 0.008206330597889801
0 0.694140625 0.7180539273153576 0.01015625 0.008206330597889801
0 0.160546875 0.7160023446658851 0.01171875 0.008792497069167644
0 0.648046875 0.7151230949589683 0.01015625 0.008206330597889801
0 0.234765625 0.7133645955451349 0.00703125 0.004689331770222743
0 0.672265625 0.7133645955451349 0.01015625 0.007033997655334115
0 0.2578125 0.7116060961313013 0.009375 0.005861664712778429
0 0.200390625 0.7092614302461899 0.01015625 0.005861664712778429
0 0.288671875 0.7083821805392732 0.01015625 0.0076201641266119575
0 0.710546875 0.7072098475967175 0.01015625 0.0076201641266119575
0 0.634375 0.7045720984759671 0.009375 0.008206330597889801
0 0.221875 0.701641266119578 0.0109375 0.005861664712778429
0 0.17734375 0.7031066822977726 0.0109375 0.008792497069167644
0 0.659765625 0.7019343493552169 0.01015625 0.0076201641266119575
0 0.385546875 0.6998827667057445 0.01015625 0.008206330597889801
0 0.24609375 0.6990035169988277 0.0109375 0.0076201641266119575
0 0.691015625 0.6963657678780774 0.01015625 0.008206330597889801
0 0.15859375 0.6928487690504103 0.0109375 0.005861664712778429
0 0.196484375 0.6922626025791325 0.01015625 0.007033997655334115
0 0.27890625 0.6907971864009379 0.0109375 0.0076201641266119575
0 0.6484375 0.6896248534583822 0.009375 0.0076201641266119575
0 0.669921875 0.6884525205158265 0.01015625 0.0076201641266119575
0 0.217578125 0.6858147713950762 0.01015625 0.008206330597889801
0 0.170703125 0.6828839390386869 0.00390625 0.0023446658851113715
0 0.302734375 0.6840562719812426 0.01015625 0.008206330597889801
0 0.25703125 0.6840562719812426 0.0109375 0.008206330597889801
0 0.17890625 0.6814185228604924 0.003125 0.0029308323563892145
0 0.53671875 0.6811254396248535 0.009375 0.0035169988276670576
0 0.633984375 0.6799531066822978 0.01015625 0.008206330597889801
0 0.146484375 0.6779015240328253 0.01171875 0.0076201641266119575
0 0.2375 0.6767291910902696 0.0109375 0.0076201641266119575
0 0.68046875 0.6740914419695193 0.0109375 0.008206330597889801
0 0.27578125 0.6740914419695193 0.0109375 0.008206330597889801
0 0.198046875 0.6740914419695193 0.01171875 0.008206330597889801
0 0.698828125 0.6726260257913247 0.01171875 0.0076201641266119575
0 0.4 0.6705744431418523 0.009375 0.008206330597889801
0 0.649609375 0.6676436107854631 0.01015625 0.008206330597889801
0 0.180078125 0.6644196951934349 0.01171875 0.006447831184056272
0 0.719140625 0.6644196951934349 0.01015625 0.0076201641266119575
0 0.23203125 0.660609613130129 0.0109375 0.008206330597889801
0 0.152734375 0.6609026963657679 0.01171875 0.008792497069167644
0 0.20859375 0.6576787807737398 0.0109375 0.005861664712778429
0 0.2921875 0.6570926143024619 0.0109375 0.008206330597889801
0 0.662109375 0.652696365767878 0.00703125 0.0017584994138335288
0 0.269140625 0.6559202813599062 0.01171875 0.008206330597889801
0 0.248046875 0.6488862837045721 0.01015625 0.007033997655334115
0 0.721484375 0.6483001172332943 0.01015625 0.007033997655334115
0 0.173046875 0.6485932004689332 0.01015625 0.0076201641266119575
0 0.19609375 0.6447831184056272 0.009375 0.005861664712778429
0 0.746875 0.6441969519343493 0.009375 0.007033997655334115
0 0.21953125 0.6398007033997656 0.0109375 0.0076201641266119575
0 0.157421875 0.638042203985932 0.01171875 0.0076201641266119575
0 0.698046875 0.6374560375146542 0.01015625 0.0076201641266119575
0 0.2875 0.6345252051582649 0.0109375 0.0076201641266119575
0 0.246484375 0.6315943728018757 0.01015625 0.0076201641266119575
0 0.20078125 0.6280773739742087 0.009375 0.005275498241500586
0 0.177734375 0.6280773739742087 0.01015625 0.006447831184056272
0 0.6 0.6251465416178195 0.009375 0.0076201641266119575
0 0.223828125 0.6236811254396248 0.01171875 0.008206330597889801
0 0.283984375 0.61957796014068 0.01171875 0.005861664712778429
0 0.1578125 0.6204572098475967 0.0109375 0.0076201641266119575
0 0.658984375 0.6198710433763188 0.00859375 0.0076201641266119575
0 0.2609375 0.6189917936694022 0.0109375 0.008206330597889801
0 0.371484375 0.6160609613130129 0.01015625 0.007033997655334115
0 0.75390625 0.6143024618991794 0.0109375 0.007033997655334115
0 0.205078125 0.611957796014068 0.01015625 0.007033997655334115
0 0.240234375 0.611957796014068 0.01171875 0.008206330597889801
0 0.675390625 0.6110785463071512 0.01015625 0.0076201641266119575
0 0.5828125 0.6090269636576788 0.009375 0.004689331770222743
0 0.730859375 0.6055099648300117 0.01015625 0.007033997655334115
0 0.169140625 0.604630715123095 0.01171875 0.006447831184056272
0 0.298828125 0.604337631887456 0.01015625 0.008206330597889801
0 0.598046875 0.5984759671746777 0.00859375 0.004689331770222743
0 0.25625 0.5990621336459554 0.009375 0.007033997655334115
0 0.190234375 0.5981828839390387 0.01015625 0.005275498241500586
0 0.278515625 0.597010550996483 0.01171875 0.005275498241500586
0 0.1546875 0.5911488862837045 0.009375 0.006447831184056272
0 0.4109375 0.5902696365767878 0.009375 0.007033997655334115
0 0.2375 0.5902696365767878 0.0109375 0.007033997655334115
0 0.214453125 0.5899765533411488 0.01171875 0.008792497069167644
0 0.178125 0.5847010550996483 0.0109375 0.006447831184056272
0 0.583984375 0.5838218053927315 0.00859375 0.007033997655334115
0 0.70078125 0.5826494724501758 0.009375 0.007033997655334115
0 0.736328125 0.582063305978898 0.01015625 0.007033997655334115
0 0.279296875 0.5800117233294255 0.01171875 0.005275498241500586
0 0.303125 0.5794255568581477 0.0109375 0.005275498241500586
0 0.198828125 0.5773739742086753 0.01171875 0.008206330597889801
0 0.616796875 0.5762016412661196 0.01015625 0.007033997655334115
0 0.226953125 0.5756154747948418 0.01171875 0.008206330597889801
0 0.156640625 0.5744431418522861 0.01171875 0.008206330597889801
0 0.402734375 0.5723915592028136 0.01015625 0.0076201641266119575
0 0.258984375 0.5718053927315357 0.01171875 0.0076201641266119575
0 0.598046875 0.5691676436107854 0.00859375 0.007033997655334115
0 0.43203125 0.5630128956623681 0.009375 0.004103165298944901
0 0.526953125 0.563599062133646 0.01015625 0.006447831184056272
0 0.4546875 0.5600820633059789 0.009375 0.0029308323563892145
0 0.3 0.5624267291910903 0.0109375 0.0076201641266119575
0 0.241015625 0.5609613130128956 0.01171875 0.008206330597889801
0 0.193359375 0.5609613130128956 0.01171875 0.008206330597889801
0 0.63984375 0.55978898007034 0.009375 0.007033997655334115
0 0.217578125 0.55978898007034 0.01171875 0.008206330597889801
0 0.277734375 0.5592028135990621 0.01171875 0.008206330597889801
0 0.6953125 0.5568581477139508 0.009375 0.007033997655334115
0 0.32109375 0.5501172332942555 0.0109375 0.0076201641266119575
0 0.25390625 0.5480656506447831 0.0109375 0.005861664712778429
0 0.6765625 0.5471864009378663 0.009375 0.006447831184056272
0 0.5171875 0.5477725674091442 0.009375 0.0076201641266119575
0 0.65078125 0.5468933177022274 0.009375 0.007033997655334115
0 0.203515625 0.5430832356389215 0.00078125 0.0005861664712778429
0 0.23125 0.5451348182883939 0.0109375 0.008206330597889801
0 0.182421875 0.544841735052755 0.01171875 0.0076201641266119575
0 0.341796875 0.5442555685814772 0.01015625 0.0076201641266119575
0 0.20859375 0.5424970691676436 0.00625 0.005275498241500586
0 0.275390625 0.5413247362250879 0.01171875 0.0076201641266119575
0 0.151171875 0.5395662368112544 0.01171875 0.0076201641266119575
0 0.29921875 0.5381008206330598 0.0109375 0.005861664712778429
0 0.32109375 0.5334114888628371 0.0109375 0.008206330597889801
0 0.255859375 0.52989449003517 0.01171875 0.008206330597889801
0 0.17109375 0.52989449003517 0.0125 0.008206330597889801
0 0.64921875 0.5284290738569754 0.009375 0.006447831184056272
0 0.679296875 0.5278429073856975 0.00859375 0.006447831184056272
0 0.217578125 0.5269636576787807 0.01171875 0.008206330597889801
0 0.19375 0.5263774912075029 0.0109375 0.008206330597889801
0 0.282421875 0.5254982415005862 0.01015625 0.0076201641266119575
0 0.71484375 0.5216881594372802 0.009375 0.007033997655334115
0 0.30625 0.5205158264947245 0.009375 0.005861664712778429
0 0.238671875 0.5181711606096131 0.01171875 0.008206330597889801
0 0.162109375 0.5143610785463072 0.01171875 0.008792497069167644
0 0.263671875 0.5131887456037515 0.01171875 0.0076201641266119575
0 0.206640625 0.5117233294255569 0.01171875 0.008206330597889801
0 0.2890625 0.5093786635404455 0.0109375 0.008206330597889801
0 0.18359375 0.5067409144196952 0.0125 0.006447831184056272
0 0.3109375 0.5043962485345839 0.0109375 0.0076201641266119575
0 0.33359375 0.5017584994138335 0.0109375 0.008206330597889801
0 0.355859375 0.5002930832356389 0.01015625 0.0076201641266119575
0 0.249609375 0.4991207502930832 0.01171875 0.005275498241500586
0 0.225 0.4991207502930832 0.0109375 0.005275498241500586
0 0.14921875 0.49941383352872215 0.0125 0.008206330597889801
0 0.27265625 0.49824150058616645 0.0109375 0.008206330597889801
0 0.726953125 0.49501758499413834 0.00859375 0.006447831184056272
0 0.203125 0.4947245017584994 0.0125 0.008206330597889801
0 0.588671875 0.492379835873388 0.00859375 0.007033997655334115
0 0.29609375 0.4917936694021102 0.0109375 0.008206330597889801
0 0.381640625 0.4903282532239156 0.01015625 0.0076201641266119575
0 0.172265625 0.4891559202813599 0.01171875 0.006447831184056272
0 0.31875 0.4891559202813599 0.0109375 0.0076201641266119575
0 0.735546875 0.481535756154748 0.01015625 0.006447831184056272
0 0.27421875 0.48007033997655335 0.0109375 0.008206330597889801
0 0.440234375 0.4762602579132474 0.01015625 0.004103165298944901
0 0.247265625 0.47596717467760846 0.01171875 0.008206330597889801
0 0.30546875 0.4753810082063306 0.0109375 0.008206330597889801
0 0.4609375 0.4706916764361079 0.009375 0.007033997655334115
0 0.227734375 0.4674677608440797 0.01171875 0.0076201641266119575
0 0.178515625 0.46658851113716293 0.01171875 0.007033997655334115
0 0.73984375 0.4654161781946073 0.009375 0.007033997655334115
0 0.29140625 0.46277842907385697 0.0109375 0.0076201641266119575
0 0.795703125 0.46072684642438455 0.01015625 0.007033997655334115
0 0.7609375 0.46072684642438455 0.0109375 0.007033997655334115
0 0.48671875 0.458968347010551 0.009375 0.007033997655334115
0 0.255859375 0.45955451348182885 0.01171875 0.008206330597889801
0 0.70390625 0.45574443141852283 0.009375 0.006447831184056272
0 0.608203125 0.45515826494724504 0.00859375 0.006447831184056272
0 0.66015625 0.4545720984759672 0.009375 0.006447831184056272
0 0.313671875 0.45281359906213364 0.01015625 0.004103165298944901
0 0.397265625 0.4533997655334115 0.01015625 0.006447831184056272
0 0.194140625 0.4533997655334115 0.01171875 0.006447831184056272
0 0.375 0.4536928487690504 0.0109375 0.008206330597889801
0 0.16015625 0.45076201641266117 0.0125 0.004689331770222743
0 0.2171875 0.4504689331770223 0.0109375 0.0076201641266119575
0 0.77421875 0.4492966002344666 0.0109375 0.006447831184056272
0 0.739453125 0.44988276670574445 0.01015625 0.0076201641266119575
0 0.27421875 0.44958968347010553 0.0109375 0.008206330597889801
0 0.687890625 0.44724501758499413 0.00859375 0.007033997655334115
0 0.23984375 0.4469519343493552 0.0109375 0.0076201641266119575
0 0.625 0.4457796014067995 0.009375 0.006447831184056272
0 0.7171875 0.44431418522860494 0.009375 0.007033997655334115
0 0.33359375 0.44460726846424387 0.0109375 0.0076201641266119575
0 0.4828125 0.44343493552168817 0.009375 0.0076201641266119575
0 0.3578125 0.44343493552168817 0.0109375 0.0076201641266119575
0 0.29453125 0.44196951934349354 0.0109375 0.008206330597889801
0 0.66640625 0.4396248534583822 0.009375 0.007033997655334115
0 0.751953125 0.43786635404454866 0.01015625 0.007033997655334115
0 0.17265625 0.43786635404454866 0.0109375 0.008206330597889801
0 0.14921875 0.43669402110199296 0.0125 0.008206330597889801
0 0.732421875 0.4349355216881594 0.01015625 0.007033997655334115
0 0.701953125 0.4343493552168816 0.01015625 0.007033997655334115
0 0.252734375 0.4320046893317702 0.01015625 0.005861664712778429
0 0.221875 0.4331770222743259 0.0109375 0.008206330597889801
0 0.275390625 0.43259085580304807 0.01171875 0.008206330597889801
0 0.196484375 0.43141852286049237 0.01171875 0.008206330597889801
0 0.390234375 0.43024618991793667 0.01015625 0.007033997655334115
0 0.32109375 0.42995310668229775 0.0109375 0.0076201641266119575
0 0.368359375 0.42907385697538103 0.01015625 0.007033997655334115
0 0.34375 0.4296600234466589 0.0109375 0.008206330597889801
0 0.473046875 0.42790152403282533 0.00859375 0.007033997655334115
0 0.655078125 0.4264361078546307 0.00859375 0.006447831184056272
0 0.503515625 0.42672919109026963 0.01015625 0.007033997655334115
0 0.525 0.42409144196951937 0.009375 0.0076201641266119575
0 0.159375 0.42145369284876905 0.0109375 0.008206330597889801
0 0.675 0.4194021101992966 0.009375 0.006447831184056272
0 0.70390625 0.4191090269636577 0.009375 0.007033997655334115
0 0.765234375 0.41735052754982416 0.01015625 0.007033997655334115
0 0.2859375 0.4176436107854631 0.0109375 0.0076201641266119575
0 0.23984375 0.417936694021102 0.0109375 0.008206330597889801
0 0.210546875 0.41735052754982416 0.01171875 0.007033997655334115
0 0.183203125 0.41735052754982416 0.01171875 0.008206330597889801
0 0.3078125 0.414126611957796 0.0109375 0.0076201641266119575
0 0.725390625 0.41295427901524034 0.01015625 0.006447831184056272
0 0.737890625 0.4091441969519343 0.00078125 0.0011723329425556857
0 0.331640625 0.4123681125439625 0.01015625 0.0076201641266119575
0 0.363671875 0.41207502930832357 0.01015625 0.008206330597889801
0 0.738671875 0.40738569753810083 0.00078125 0.0011723329425556857
0 0.7421875 0.4047479484173505 0.0015625 0.0005861664712778429
0 0.26796875 0.40650644783118406 0.0109375 0.0076201641266119575
0 0.225390625 0.4047479484173505 0.01171875 0.0076201641266119575
0 0.151171875 0.40533411488862836 0.01171875 0.008792497069167644
0 0.70859375 0.40386869871043374 0.009375 0.007033997655334115
0 0.76640625 0.4015240328253224 0.0109375 0.007033997655334115
0 0.201953125 0.40123094958968347 0.01171875 0.0076201641266119575
0 0.448046875 0.399179366940211 0.00859375 0.007033997655334115
0 0.315234375 0.3983001172332943 0.01015625 0.006447831184056272
0 0.288671875 0.39859320046893315 0.01015625 0.007033997655334115
0 0.6890625 0.39800703399765536 0.009375 0.007033997655334115
0 0.342578125 0.39800703399765536 0.01015625 0.007033997655334115
0 0.247265625 0.39800703399765536 0.01171875 0.008206330597889801
0 0.1734375 0.39683470105509966 0.0109375 0.008206330597889801
0 0.421875 0.39449003516998826 0.009375 0.008206330597889801
0 0.4671875 0.3930246189917937 0.009375 0.0076201641266119575
0 0.591796875 0.391852286049238 0.00859375 0.0076201641266119575
0 0.71875 0.3898007033997655 0.0109375 0.007033997655334115
0 0.528125 0.3898007033997655 0.009375 0.007033997655334115
0 0.26953125 0.3898007033997655 0.0109375 0.008206330597889801
0 0.755859375 0.3877491207502931 0.01015625 0.006447831184056272
0 0.366015625 0.3883352872215709 0.01015625 0.0076201641266119575
0 0.228125 0.3874560375146542 0.0109375 0.007033997655334115
0 0.14609375 0.3883352872215709 0.0125 0.008792497069167644
0 0.68125 0.38335287221570924 0.009375 0.007033997655334115
0 0.3984375 0.38364595545134816 0.0109375 0.0076201641266119575
0 0.735546875 0.3824736225087925 0.01015625 0.006447831184056272
0 0.50859375 0.3830597889800703 0.009375 0.0076201641266119575
0 0.251171875 0.380715123094959 0.00546875 0.005275498241500586
0 0.34609375 0.38159437280187575 0.0109375 0.008206330597889801
0 0.16640625 0.3801289566236811 0.0125 0.008792497069167644
0 0.321875 0.3786635404454865 0.00625 0.007033997655334115
0 0.770703125 0.37749120750293086 0.00859375 0.007033997655334115
0 0.613671875 0.376905041031653 0.00859375 0.007033997655334115
0 0.701171875 0.37631887456037516 0.01015625 0.007033997655334115
0 0.4609375 0.3766119577960141 0.009375 0.0076201641266119575
0 0.297265625 0.376905041031653 0.01015625 0.008206330597889801
0 0.210546875 0.3757327080890973 0.01171875 0.008206330597889801
0 0.719921875 0.37368112543962484 0.01015625 0.0076201641266119575
0 0.41796875 0.37368112543962484 0.009375 0.0076201641266119575
0 0.75078125 0.37280187573270807 0.009375 0.007033997655334115
0 0.27421875 0.37280187573270807 0.0109375 0.007033997655334115
0 0.6671875 0.37221570926143027 0.009375 0.007033997655334115
0 0.187109375 0.37221570926143027 0.01171875 0.008206330597889801
0 0.383203125 0.3716295427901524 0.01015625 0.008206330597889801
0 0.3609375 0.3689917936694021 0.0109375 0.0076201641266119575
0 0.255078125 0.36518171160609614 0.00546875 0.0035169988276670576
0 0.1484375 0.3678194607268464 0.0125 0.008792497069167644
0 0.334375 0.36635404454865184 0.0109375 0.007033997655334115
0 0.685546875 0.3660609613130129 0.01015625 0.0076201641266119575
0 0.553125 0.3645955451348183 0.009375 0.007033997655334115
0 0.765625 0.3622508792497069 0.009375 0.007033997655334115
0 0.402734375 0.3622508792497069 0.00703125 0.007033997655334115
0 0.228125 0.3625439624853458 0.0109375 0.0076201641266119575
0 0.313671875 0.3607854630715123 0.00703125 0.005275498241500586
0 0.290234375 0.3607854630715123 0.00859375 0.0076201641266119575
0 0.708203125 0.3601992966002345 0.01015625 0.0076201641266119575
0 0.45625 0.3601992966002345 0.0078125 0.0076201641266119575
0 0.494921875 0.3596131301289566 0.00859375 0.0076201641266119575
0 0.201171875 0.3590269636576788 0.01171875 0.0076201641266119575
0 0.420703125 0.35668229777256744 0.01015625 0.006447831184056272
0 0.63828125 0.3560961313012896 0.009375 0.0076201641266119575
0 0.7390625 0.3549237983587339 0.009375 0.006447831184056272
0 0.67109375 0.35550996483001174 0.009375 0.0076201641266119575
0 0.60234375 0.3549237983587339 0.009375 0.006447831184056272
0 0.3484375 0.35316529894490034 0.009375 0.0076201641266119575
0 0.3796875 0.3525791324736225 0.009375 0.0076201641266119575
0 0.269140625 0.3516998827667057 0.00859375 0.007033997655334115
0 0.24140625 0.34876905041031653 0.0078125 0.005861664712778429
0 0.69296875 0.34876905041031653 0.009375 0.007033997655334115
0 0.44140625 0.34788980070339975 0.00625 0.005275498241500586
0 0.58359375 0.34759671746776083 0.009375 0.007033997655334115
0 0.326171875 0.34788980070339975 0.00859375 0.0076201641266119575
0 0.148046875 0.3443728018757327 0.00078125 0.0005861664712778429
0 0.153125 0.34759671746776083 0.0078125 0.008206330597889801
0 0.403125 0.3452520515826495 0.00625 0.007033997655334115
0 0.65234375 0.34466588511137164 0.009375 0.007033997655334115
0 0.301953125 0.3452520515826495 0.01015625 0.008206330597889801
0 0.4890625 0.34378663540445487 0.0078125 0.0076201641266119575
0 0.7234375 0.34056271981242675 0.009375 0.007033997655334115
0 0.63203125 0.3408558030480657 0.009375 0.0076201641266119575
0 0.7453125 0.3399765533411489 0.0109375 0.007033997655334115
0 0.6 0.33909730363423213 0.009375 0.0076201641266119575
0 0.461328125 0.33821805392731535 0.00703125 0.007033997655334115
0 0.698828125 0.3347010550996483 0.00078125 0.0011723329425556857
0 0.422265625 0.33704572098475966 0.00546875 0.005861664712778429
0 0.34296875 0.33675263774912073 0.009375 0.0076201641266119575
0 0.700390625 0.33264947245017584 0.00078125 0.0005861664712778429
0 0.26171875 0.335873388042204 0.0109375 0.007033997655334115
0 0.705859375 0.332063305978898 0.00078125 0.0005861664712778429
0 0.702734375 0.332063305978898 0.00078125 0.0005861664712778429
0 0.37421875 0.3355803048065651 0.009375 0.0076201641266119575
0 0.68359375 0.3344079718640094 0.0109375 0.0076201641266119575
0 0.574609375 0.3332356389214537 0.00859375 0.006447831184056272
0 0.225 0.3335287221570926 0.0109375 0.007033997655334115
0 0.551171875 0.33294255568581477 0.00859375 0.007033997655334115
0 0.50390625 0.33294255568581477 0.009375 0.007033997655334115
0 0.761328125 0.3323563892145369 0.01171875 0.007033997655334115
0 0.28515625 0.33294255568581477 0.0109375 0.008206330597889801
0 0.664453125 0.33177022274325907 0.01015625 0.007033997655334115
0 0.440625 0.3305978898007034 0.009375 0.007033997655334115
0 0.394921875 0.32942555685814773 0.00859375 0.007033997655334115
0 0.484375 0.32708089097303633 0.0078125 0.007033997655334115
0 0.309375 0.32708089097303633 0.0078125 0.007033997655334115
0 0.64140625 0.32590855803048063 0.009375 0.007033997655334115
0 0.721484375 0.324736225087925 0.01015625 0.007033997655334115
0 0.24375 0.3238569753810082 0.009375 0.006447831184056272
0 0.621484375 0.3235638921453693 0.00859375 0.007033997655334115
0 0.3296875 0.3223915592028136 0.009375 0.007033997655334115
0 0.35390625 0.32092614302461897 0.0046875 0.005275498241500586
0 0.413671875 0.32063305978898005 0.01015625 0.007033997655334115
0 0.77421875 0.3203399765533411 0.009375 0.0076201641266119575
0 0.69921875 0.31975381008206333 0.009375 0.0076201641266119575
0 0.674609375 0.31623681125439623 0.00078125 0.0005861664712778429
0 0.60234375 0.31975381008206333 0.0078125 0.0076201641266119575
0 0.5625 0.31975381008206333 0.009375 0.0076201641266119575
0 0.539453125 0.31887456037514655 0.00546875 0.007033997655334115
0 0.678515625 0.31535756154747946 0.00546875 0.0011723329425556857
0 0.755078125 0.31770222743259086 0.01015625 0.007033997655334115
0 0.451953125 0.317116060961313 0.01015625 0.007033997655334115
0 0.65703125 0.31623681125439623 0.009375 0.0076201641266119575
0 0.373046875 0.3159437280187573 0.00859375 0.007033997655334115
0 0.291015625 0.3159437280187573 0.00859375 0.008206330597889801
0 0.267578125 0.3141852286049238 0.01015625 0.007033997655334115
0 0.586328125 0.31125439624853457 0.00390625 0.007033997655334115
0 0.49453125 0.3106682297772567 0.009375 0.007033997655334115
0 0.43125 0.31096131301289565 0.009375 0.0076201641266119575
0 0.3140625 0.3103751465416178 0.0078125 0.0076201641266119575
0 0.638671875 0.30978898007034 0.00859375 0.0076201641266119575
0 0.52109375 0.3094958968347011 0.0078125 0.007033997655334115
0 0.393359375 0.30978898007034 0.01015625 0.0076201641266119575
0 0.4703125 0.3083235638921454 0.009375 0.007033997655334115
0 0.711328125 0.30773739742086753 0.01015625 0.007033997655334115
0 0.61875 0.3074443141852286 0.009375 0.0076201641266119575
0 0.338671875 0.3071512309495897 0.00859375 0.007033997655334115
0 0.691796875 0.3048065650644783 0.01015625 0.008206330597889801
0 0.669921875 0.30392731535756157 0.01015625 0.0076201641266119575
0 0.562109375 0.30363423212192264 0.00390625 0.007033997655334115
0 0.1453125 0.3045134818288394 0.0125 0.008792497069167644
0 0.5390625 0.3018757327080891 0.009375 0.007033997655334115
0 0.412109375 0.302168815943728 0.01015625 0.0076201641266119575
0 0.600390625 0.30128956623681125 0.00859375 0.007033997655334115
0 0.75234375 0.30011723329425555 0.0109375 0.007033997655334115
0 0.28671875 0.29923798358733883 0.0078125 0.005275498241500586
0 0.451171875 0.30011723329425555 0.01015625 0.008206330597889801
0 0.375 0.29923798358733883 0.0078125 0.006447831184056272
0 0.723828125 0.29572098475967173 0.00859375 0.0076201641266119575
0 0.577734375 0.2954279015240328 0.00859375 0.007033997655334115
0 0.646875 0.2951348182883939 0.009375 0.0076201641266119575
0 0.484765625 0.29396248534583824 0.00703125 0.005275498241500586
0 0.3078125 0.29308323563892147 0.0109375 0.007033997655334115
0 0.52109375 0.2924970691676436 0.009375 0.007033997655334115
0 0.703515625 0.28868698710433766 0.00078125 0.0005861664712778429
0 0.431640625 0.2922039859320047 0.01015625 0.0076201641266119575
0 0.393359375 0.2922039859320047 0.01015625 0.0076201641266119575
0 0.76796875 0.2913247362250879 0.0109375 0.007033997655334115
0 0.353515625 0.29161781946072685 0.01015625 0.0076201641266119575
0 0.62734375 0.291031652989449 0.009375 0.0076201641266119575
0 0.330078125 0.29044548651817115 0.01015625 0.0076201641266119575
0 0.683984375 0.2898593200468933 0.00859375 0.0076201641266119575
0 0.66484375 0.28722157092614303 0.0078125 0.007033997655334115
0 0.55 0.28722157092614303 0.0078125 0.007033997655334115
0 0.593359375 0.2854630715123095 0.00859375 0.007033997655334115
0 0.5015625 0.2857561547479484 0.009375 0.0076201641266119575
0 0.147265625 0.2866354044548652 0.01171875 0.009378663540445486
0 0.750390625 0.2842907385697538 0.01015625 0.007033997655334115
0 0.45234375 0.2825322391559203 0.0046875 0.005861664712778429
0 0.4125 0.28311840562719814 0.0078125 0.007033997655334115
0 0.252734375 0.28311840562719814 0.00859375 0.007033997655334115
0 0.282421875 0.2816529894490035 0.00546875 0.005275498241500586
0 0.5703125 0.28077373974208675 0.0046875 0.004689331770222743
0 0.612109375 0.2801875732708089 0.00859375 0.007033997655334115
0 0.725390625 0.2793083235638921 0.01015625 0.0076201641266119575
0 0.369140625 0.2793083235638921 0.01015625 0.0076201641266119575
0 0.646875 0.2784290738569754 0.009375 0.007033997655334115
0 0.53125 0.2784290738569754 0.0078125 0.007033997655334115
0 0.31171875 0.2757913247362251 0.009375 0.006447831184056272
0 0.695703125 0.2757913247362251 0.01015625 0.0076201641266119575
0 0.430859375 0.27520515826494724 0.00859375 0.0076201641266119575
0 0.46796875 0.2746189917936694 0.009375 0.0076201641266119575
0 0.390234375 0.2749120750293083 0.01015625 0.008206330597889801
0 0.333984375 0.2737397420867526 0.01015625 0.007033997655334115
0 0.6734375 0.2734466588511137 0.009375 0.0076201641266119575
0 0.55234375 0.2705158264947245 0.0046875 0.005275498241500586
0 0.490625 0.27110199296600235 0.009375 0.0076201641266119575
0 0.583203125 0.2696365767878077 0.00859375 0.007033997655334115
0 0.755078125 0.2690504103165299 0.01015625 0.007033997655334115
0 0.51328125 0.2693434935521688 0.0078125 0.0076201641266119575
0 0.628515625 0.26875732708089095 0.01015625 0.0076201641266119575
0 0.4484375 0.2661195779601407 0.009375 0.007033997655334115
0 0.409765625 0.26582649472450176 0.00703125 0.006447831184056272
0 0.605078125 0.26465416178194606 0.00546875 0.005275498241500586
0 0.28359375 0.264947245017585 0.0078125 0.005861664712778429
0 0.733203125 0.264947245017585 0.01015625 0.007033997655334115
0 0.647265625 0.2623094958968347 0.00859375 0.006447831184056272
0 0.366015625 0.26260257913247365 0.01015625 0.007033997655334115
0 0.53359375 0.26143024618991795 0.00625 0.007033997655334115
0 0.68671875 0.2605509964830012 0.0109375 0.0076201641266119575
0 0.34453125 0.25908558030480655 0.009375 0.007033997655334115
0 0.476953125 0.2584994138335287 0.00703125 0.007033997655334115
0 0.429296875 0.25791324736225085 0.00546875 0.005861664712778429
0 0.666015625 0.2582063305978898 0.00859375 0.0076201641266119575
0 0.70390625 0.25703399765533413 0.0125 0.0076201641266119575
0 0.387890625 0.2567409144196952 0.01015625 0.008206330597889801
0 0.570703125 0.25498241500586166 0.00859375 0.007033997655334115
0 0.5515625 0.25205158264947247 0.0046875 0.005861664712778429
0 0.632421875 0.2523446658851114 0.00546875 0.0076201641266119575
0 0.515234375 0.2511723329425557 0.00859375 0.006447831184056272
0 0.797265625 0.2511723329425557 0.01015625 0.0076201641266119575
0 0.49375 0.25058616647127785 0.009375 0.0076201641266119575
0 0.455859375 0.2502930832356389 0.01015625 0.007033997655334115
0 0.325390625 0.2502930832356389 0.00859375 0.007033997655334115
0 0.40625 0.2485345838218054 0.009375 0.005861664712778429
0 0.65 0.2456037514654162 0.0078125 0.005861664712778429
0 0.691015625 0.24062133645955452 0.00078125 0.0005861664712778429
0 0.437109375 0.2429660023446659 0.00859375 0.006447831184056272
0 0.607421875 0.2417936694021102 0.00859375 0.006447831184056272
0 0.692578125 0.23827667057444316 0.00078125 0.0005861664712778429
0 0.66875 0.24150058616647127 0.009375 0.007033997655334115
0 0.5828125 0.24150058616647127 0.0078125 0.007033997655334115
0 0.697265625 0.2376905041031653 0.00703125 0.0017584994138335288
0 0.56171875 0.23974208675263775 0.0078125 0.007033997655334115
0 0.475390625 0.2391559202813599 0.00390625 0.005861664712778429
0 0.38984375 0.23798358733880423 0.0046875 0.005861664712778429
0 0.521484375 0.23534583821805394 0.00859375 0.006447831184056272
0 0.625390625 0.23534583821805394 0.00859375 0.0076201641266119575
0 0.453515625 0.23182883939038687 0.00859375 0.006447831184056272
0 0.65234375 0.23007033997655335 0.009375 0.0076201641266119575
0 0.594921875 0.22860492379835873 0.00859375 0.007033997655334115
0 0.487890625 0.22743259085580306 0.00859375 0.007033997655334115
0 0.338671875 0.22655334114888628 0.00703125 0.006447831184056272
0 0.671484375 0.22596717467760843 0.01015625 0.0076201641266119575
0 0.568359375 0.22303634232121922 0.00703125 0.005275498241500586
0 0.365234375 0.22303634232121922 0.00859375 0.006447831184056272
0 0.751171875 0.22303634232121922 0.01015625 0.0076201641266119575
0 0.61796875 0.21951934349355218 0.0078125 0.0076201641266119575
0 0.5046875 0.21834701055099648 0.0078125 0.006447831184056272
0 0.727734375 0.21805392731535755 0.01015625 0.008206330597889801
0 0.688671875 0.21541617819460726 0.01015625 0.0076201641266119575
0 0.47578125 0.21365767878077374 0.0078125 0.006447831184056272
0 0.45546875 0.2130715123094959 0.0046875 0.005275498241500586
0 0.708984375 0.21131301289566237 0.01015625 0.0076201641266119575
0 0.27734375 0.21131301289566237 0.009375 0.0076201641266119575
0 0.665625 0.20281359906213364 0.009375 0.005861664712778429
0 0.255078125 0.20164126611957797 0.00859375 0.007033997655334115
0 0.308984375 0.19490035169988276 0.00859375 0.006447831184056272
0 0.228515625 0.19490035169988276 0.00859375 0.006447831184056272
0 0.275 0.194021101992966 0.009375 0.005861664712778429
0 0.462109375 0.19167643610785462 0.00390625 0.004689331770222743
0 0.5109375 0.1910902696365768 0.0046875 0.004689331770222743
0 0.437890625 0.18757327080890973 0.00703125 0.007033997655334115
0 0.176953125 0.1776084407971864 0.01171875 0.009378663540445486
