0 0.27734375 0.8651041666666667 0.009375 0.013541666666666667
0 0.394140625 0.8635416666666667 0.00859375 0.0125
0 0.3765625 0.8609375 0.0078125 0.013541666666666667
0 0.69921875 0.8578125 0.0078125 0.011458333333333333
0 0.294140625 0.8567708333333334 0.00859375 0.013541666666666667
0 0.62109375 0.8541666666666666 0.0078125 0.0125
0 0.77109375 0.8526041666666667 0.009375 0.011458333333333333
0 0.716796875 0.8494791666666667 0.00859375 0.009375
0 0.667578125 0.8510416666666667 0.00859375 0.0125
0 0.684375 0.8473958333333333 0.0078125 0.011458333333333333
0 0.361328125 0.8479166666666667 0.00859375 0.0125
0 0.734375 0.846875 0.0078125 0.0125
0 0.640234375 0.846875 0.00546875 0.0125
0 0.49140625 0.8427083333333333 0.00625 0.0125
0 0.5890625 0.8401041666666667 0.0046875 0.011458333333333333
0 0.81875 0.8390625 0.009375 0.011458333333333333
0 0.341015625 0.8395833333333333 0.00859375 0.0125
0 0.748046875 0.8354166666666667 0.00859375 0.008333333333333333
0 0.892578125 0.834375 0.01015625 0.0125
0 0.4359375 0.8322916666666667 0.0078125 0.010416666666666666
0 0.765234375 0.8307291666666666 0.00703125 0.011458333333333333
0 0.55078125 0.83125 0.0078125 0.0125
0 0.522265625 0.8302083333333333 0.00859375 0.0125
0 0.4125 0.8286458333333333 0.0078125 0.011458333333333333
0 0.706640625 0.828125 0.00859375 0.0125
0 0.725 0.8265625 0.009375 0.011458333333333333
0 0.674609375 0.8265625 0.00859375 0.011458333333333333
0 0.648828125 0.8270833333333333 0.00546875 0.0125
0 0.633984375 0.8255208333333334 0.00546875 0.011458333333333333
0 0.614453125 0.8244791666666667 0.00546875 0.009375
0 0.504296875 0.825 0.00546875 0.010416666666666666
0 0.45078125 0.8223958333333333 0.0046875 0.007291666666666667
0 0.91875 0.8208333333333333 0.0078125 0.0125
0 0.597265625 0.81875 0.00703125 0.010416666666666666
0 0.38828125 0.81875 0.0078125 0.0125
0 0.933984375 0.8171875 0.00859375 0.011458333333333333
0 0.9015625 0.8161458333333333 0.009375 0.009375
0 0.690234375 0.8161458333333333 0.00859375 0.011458333333333333
0 0.36796875 0.8166666666666667 0.0078125 0.0125
0 0.815625 0.8145833333333333 0.009375 0.0125
0 0.169140625 0.8135416666666667 0.01015625 0.0125
0 0.73984375 0.8125 0.009375 0.0125
0 0.662109375 0.8114583333333333 0.00859375 0.0125
0 0.75703125 0.809375 0.00625 0.0125
0 0.430859375 0.8072916666666666 0.00703125 0.0125
0 0.708203125 0.8067708333333333 0.00859375 0.013541666666666667
0 0.529296875 0.8052083333333333 0.00859375 0.0125
0 0.4640625 0.8036458333333333 0.0046875 0.011458333333333333
0 0.49765625 0.803125 0.00625 0.0125
0 0.64609375 0.7989583333333333 0.0046875 0.010416666666666666
0 0.601171875 0.7973958333333333 0.00859375 0.011458333333333333
0 0.4140625 0.7953125 0.0078125 0.011458333333333333
0 0.4453125 0.7942708333333334 0.00625 0.011458333333333333
0 0.861328125 0.7895833333333333 0.00546875 0.008333333333333333
0 0.82265625 0.7916666666666666 0.009375 0.0125
0 0.514453125 0.790625 0.00703125 0.0125
0 0.483984375 0.7890625 0.00546875 0.009375
0 0.351953125 0.790625 0.00859375 0.0125
0 0.666796875 0.7895833333333333 0.00859375 0.0125
0 0.6171875 0.7880208333333333 0.0078125 0.011458333333333333
0 0.741015625 0.7875 0.00859375 0.0125
0 0.568359375 0.7859375 0.00859375 0.011458333333333333
0 0.528515625 0.7817708333333333 0.00546875 0.011458333333333333
0 0.75703125 0.78125 0.0078125 0.0125
0 0.551171875 0.7796875 0.00859375 0.011458333333333333
0 0.590234375 0.778125 0.00703125 0.010416666666666666
0 0.38984375 0.7786458333333334 0.0078125 0.011458333333333333
0 0.500390625 0.778125 0.00859375 0.0125
0 0.366796875 0.778125 0.00859375 0.0125
0 0.795703125 0.7760416666666666 0.00859375 0.010416666666666666
0 0.708203125 0.7770833333333333 0.00859375 0.0125
0 0.652734375 0.7755208333333333 0.00859375 0.011458333333333333
0 0.412890625 0.7713541666666667 0.00859375 0.011458333333333333
0 0.60703125 0.7692708333333333 0.0078125 0.009375
0 0.42890625 0.7692708333333333 0.00625 0.011458333333333333
0 0.476171875 0.76875 0.00703125 0.0125
0 0.8609375 0.7661458333333333 0.009375 0.011458333333333333
0 0.672265625 0.7651041666666667 0.00859375 0.011458333333333333
0 0.324609375 0.765625 0.00859375 0.0125
0 0.515625 0.7645833333333333 0.0078125 0.0125
0 0.570703125 0.7630208333333334 0.00859375 0.011458333333333333
0 0.353515625 0.7630208333333334 0.00859375 0.011458333333333333
0 0.538671875 0.7625 0.00703125 0.0125
0 0.378515625 0.7619791666666667 0.00859375 0.011458333333333333
0 0.1859375 0.7625 0.009375 0.0125
0 0.76796875 0.7567708333333333 0.009375 0.011458333333333333
0 0.700390625 0.75625 0.00859375 0.010416666666666666
0 0.299609375 0.7567708333333333 0.00859375 0.011458333333333333
0 0.619140625 0.7557291666666667 0.00859375 0.011458333333333333
0 0.49296875 0.7536458333333333 0.0046875 0.009375
0 0.79296875 0.7526041666666666 0.009375 0.011458333333333333
0 0.654296875 0.7526041666666666 0.00859375 0.011458333333333333
0 0.585546875 0.7520833333333333 0.00859375 0.0125
0 0.526171875 0.7479166666666667 0.00546875 0.010416666666666666
0 0.4609375 0.7463541666666667 0.0078125 0.011458333333333333
0 0.334765625 0.746875 0.00859375 0.0125
0 0.478125 0.7453125 0.0078125 0.011458333333333333
0 0.316796875 0.7458333333333333 0.00859375 0.0125
0 0.600390625 0.7432291666666667 0.00859375 0.011458333333333333
0 0.5484375 0.74375 0.0078125 0.0125
0 0.57109375 0.7390625 0.0078125 0.011458333333333333
0 0.50859375 0.7390625 0.0078125 0.011458333333333333
0 0.85390625 0.7364583333333333 0.0046875 0.008333333333333333
0 0.37890625 0.7375 0.0078125 0.010416666666666666
0 0.663671875 0.7348958333333333 0.00859375 0.011458333333333333
0 0.19375 0.7354166666666667 0.009375 0.0125
0 0.4390625 0.7328125 0.0046875 0.011458333333333333
0 0.349609375 0.7333333333333333 0.00859375 0.0125
0 0.616796875 0.73125 0.00859375 0.0125
0 0.58671875 0.7302083333333333 0.0078125 0.010416666666666666
0 0.490234375 0.7302083333333333 0.00703125 0.010416666666666666
0 0.536328125 0.728125 0.00859375 0.0125
0 0.76875 0.7270833333333333 0.009375 0.0125
0 0.327734375 0.7265625 0.00859375 0.011458333333333333
0 0.826953125 0.7244791666666667 0.00859375 0.009375
0 0.555859375 0.7239583333333334 0.00703125 0.010416666666666666
0 0.40390625 0.7244791666666667 0.0078125 0.011458333333333333
0 0.305078125 0.7244791666666667 0.00859375 0.011458333333333333
0 0.72421875 0.7203125 0.009375 0.011458333333333333
0 0.51796875 0.7203125 0.0078125 0.011458333333333333
0 0.4515625 0.7203125 0.0078125 0.011458333333333333
0 0.647265625 0.7192708333333333 0.00859375 0.011458333333333333
0 0.603515625 0.7182291666666667 0.00859375 0.011458333333333333
0 0.42578125 0.7166666666666667 0.0078125 0.010416666666666666
0 0.870703125 0.7140625 0.00546875 0.009375
0 0.669921875 0.7145833333333333 0.00859375 0.010416666666666666
0 0.202734375 0.7140625 0.01015625 0.011458333333333333
0 0.3875 0.7130208333333333 0.0078125 0.011458333333333333
0 0.5015625 0.7119791666666667 0.0078125 0.011458333333333333
0 0.48125 0.7119791666666667 0.0078125 0.011458333333333333
0 0.27265625 0.7109375 0.0078125 0.011458333333333333
0 0.18515625 0.7109375 0.009375 0.011458333333333333
0 0.36484375 0.7098958333333333 0.0078125 0.011458333333333333
0 0.57890625 0.7088541666666667 0.0078125 0.011458333333333333
0 0.54375 0.7083333333333334 0.0078125 0.010416666666666666
0 0.255078125 0.7088541666666667 0.00859375 0.011458333333333333
0 0.617578125 0.7072916666666667 0.00859375 0.010416666666666666
0 0.28984375 0.7057291666666666 0.0078125 0.011458333333333333
0 0.737109375 0.7046875 0.00859375 0.011458333333333333
0 0.463671875 0.7046875 0.00859375 0.011458333333333333
0 0.3453125 0.7046875 0.0078125 0.011458333333333333
0 0.41015625 0.703125 0.0078125 0.010416666666666666
0 0.328515625 0.7036458333333333 0.00859375 0.011458333333333333
0 0.76640625 0.703125 0.009375 0.0125
0 0.56015625 0.7015625 0.0078125 0.011458333333333333
0 0.526953125 0.7015625 0.00703125 0.011458333333333333
0 0.306640625 0.7005208333333334 0.00859375 0.011458333333333333
0 0.446875 0.696875 0.0078125 0.010416666666666666
0 0.59453125 0.6953125 0.0078125 0.011458333333333333
0 0.859765625 0.6942708333333333 0.01015625 0.011458333333333333
0 0.644921875 0.69375 0.00859375 0.010416666666666666
0 0.510546875 0.69375 0.00546875 0.010416666666666666
0 0.381640625 0.6921875 0.00859375 0.011458333333333333
0 0.752734375 0.6901041666666666 0.00859375 0.011458333333333333
0 0.48125 0.6890625 0.0078125 0.011458333333333333
0 0.538671875 0.6859375 0.00703125 0.011458333333333333
0 0.579296875 0.6848958333333334 0.00859375 0.011458333333333333
0 0.397265625 0.6828125 0.00859375 0.009375
0 0.415234375 0.6822916666666666 0.00703125 0.010416666666666666
0 0.46484375 0.6817708333333333 0.00625 0.011458333333333333
0 0.316015625 0.6807291666666667 0.00703125 0.009375
0 0.283203125 0.6817708333333333 0.00859375 0.011458333333333333
0 0.334765625 0.6807291666666667 0.00859375 0.011458333333333333
0 0.7671875 0.6802083333333333 0.009375 0.0125
0 0.49765625 0.6796875 0.0046875 0.011458333333333333
0 0.36796875 0.6796875 0.0078125 0.011458333333333333
0 0.55390625 0.678125 0.00625 0.010416666666666666
0 0.433203125 0.678125 0.00703125 0.010416666666666666
0 0.45 0.6744791666666666 0.0078125 0.011458333333333333
0 0.3515625 0.6744791666666666 0.0078125 0.011458333333333333
0 0.794921875 0.6729166666666667 0.00859375 0.010416666666666666
0 0.29921875 0.6729166666666667 0.0078125 0.010416666666666666
0 0.48203125 0.6666666666666666 0.0078125 0.010416666666666666
0 0.5140625 0.665625 0.00625 0.010416666666666666
0 0.755078125 0.6651041666666667 0.00859375 0.011458333333333333
0 0.53203125 0.6651041666666667 0.0078125 0.011458333333333333
0 0.779296875 0.6619791666666667 0.00859375 0.009375
0 0.404296875 0.6625 0.00703125 0.010416666666666666
0 0.378125 0.6614583333333334 0.0078125 0.010416666666666666
0 0.33984375 0.659375 0.0078125 0.010416666666666666
0 0.858984375 0.6588541666666666 0.01015625 0.011458333333333333
0 0.547265625 0.6583333333333333 0.00703125 0.010416666666666666
0 0.31328125 0.6583333333333333 0.00625 0.010416666666666666
0 0.2640625 0.6572916666666667 0.0078125 0.010416666666666666
0 0.73984375 0.65625 0.0078125 0.010416666666666666
0 0.606640625 0.6567708333333333 0.00859375 0.011458333333333333
0 0.5734375 0.6567708333333333 0.0078125 0.011458333333333333
0 0.287890625 0.65625 0.00703125 0.010416666666666666
0 0.42578125 0.6552083333333333 0.0078125 0.010416666666666666
0 0.833203125 0.6526041666666667 0.01015625 0.011458333333333333
0 0.46953125 0.6510416666666666 0.0078125 0.010416666666666666
0 0.36484375 0.6489583333333333 0.00625 0.010416666666666666
0 0.391015625 0.6463541666666667 0.00703125 0.009375
0 0.246875 0.6463541666666667 0.0078125 0.009375
0 0.21328125 0.6447916666666667 0.0078125 0.010416666666666666
0 0.728125 0.640625 0.009375 0.010416666666666666
0 0.523828125 0.6385416666666667 0.00703125 0.010416666666666666
0 0.40703125 0.6375 0.0078125 0.010416666666666666
0 0.319140625 0.6348958333333333 0.00703125 0.005208333333333333
0 0.300390625 0.6364583333333333 0.00703125 0.010416666666666666
0 0.33671875 0.6359375 0.0078125 0.011458333333333333
0 0.57265625 0.6348958333333333 0.0078125 0.011458333333333333
0 0.2828125 0.634375 0.0078125 0.010416666666666666
0 0.42421875 0.6333333333333333 0.0078125 0.010416666666666666
0 0.35390625 0.63125 0.0078125 0.010416666666666666
0 0.5953125 0.6260416666666667 0.0078125 0.010416666666666666
0 0.71484375 0.625 0.0078125 0.010416666666666666
0 0.251953125 0.625 0.00703125 0.010416666666666666
0 0.456640625 0.6239583333333333 0.00859375 0.010416666666666666
0 0.80078125 0.621875 0.0078125 0.008333333333333333
0 0.53515625 0.6229166666666667 0.0078125 0.010416666666666666
0 0.26875 0.6213541666666667 0.0078125 0.009375
0 0.482421875 0.6203125 0.00703125 0.009375
0 0.384375 0.6208333333333333 0.0078125 0.010416666666666666
0 0.730859375 0.6192708333333333 0.00859375 0.011458333333333333
0 0.837109375 0.6177083333333333 0.00859375 0.010416666666666666
0 0.311328125 0.6182291666666667 0.00859375 0.011458333333333333
0 0.29375 0.6166666666666667 0.0078125 0.010416666666666666
0 0.43671875 0.615625 0.0078125 0.010416666666666666
0 0.330078125 0.6161458333333333 0.00859375 0.011458333333333333
0 0.746484375 0.6130208333333333 0.00859375 0.011458333333333333
0 0.701953125 0.6114583333333333 0.00859375 0.010416666666666666
0 0.4015625 0.60625 0.0078125 0.010416666666666666
0 0.60625 0.6041666666666666 0.0078125 0.010416666666666666
0 0.573828125 0.6041666666666666 0.00703125 0.010416666666666666
0 0.85 0.6020833333333333 0.009375 0.010416666666666666
0 0.353125 0.6010416666666667 0.0078125 0.010416666666666666
0 0.265234375 0.6005208333333333 0.00859375 0.009375
0 0.24765625 0.6 0.0078125 0.010416666666666666
0 0.319140625 0.5989583333333334 0.00703125 0.010416666666666666
0 0.28359375 0.5989583333333334 0.0078125 0.010416666666666666
0 0.3015625 0.5963541666666666 0.009375 0.011458333333333333
0 0.336328125 0.5921875 0.00546875 0.009375
0 0.469140625 0.5916666666666667 0.00703125 0.010416666666666666
0 0.169921875 0.5895833333333333 0.00703125 0.008333333333333333
0 0.384375 0.5875 0.0078125 0.010416666666666666
0 0.45390625 0.584375 0.0078125 0.010416666666666666
0 0.258203125 0.5807291666666666 0.00390625 0.005208333333333333
0 0.213671875 0.5791666666666667 0.00703125 0.00625
0 0.355078125 0.5786458333333333 0.00703125 0.009375
0 0.85625 0.578125 0.009375 0.010416666666666666
0 0.291796875 0.578125 0.00859375 0.010416666666666666
0 0.3171875 0.5770833333333333 0.0078125 0.010416666666666666
0 0.273828125 0.5760416666666667 0.00703125 0.010416666666666666
0 0.544921875 0.575 0.00703125 0.010416666666666666
0 0.2359375 0.5723958333333333 0.0046875 0.005208333333333333
0 0.470703125 0.5697916666666667 0.00703125 0.010416666666666666
0 0.39140625 0.5677083333333334 0.0078125 0.010416666666666666
0 0.34375 0.5625 0.0046875 0.00625
0 0.201953125 0.5609375 0.00703125 0.007291666666666667
0 0.250390625 0.5588541666666667 0.00546875 0.005208333333333333
0 0.3640625 0.5598958333333334 0.0078125 0.009375
0 0.306640625 0.5604166666666667 0.00859375 0.010416666666666666
0 0.284765625 0.5583333333333333 0.00859375 0.010416666666666666
0 0.17265625 0.5572916666666666 0.0078125 0.008333333333333333
0 0.3234375 0.55625 0.0078125 0.010416666666666666
0 0.2671875 0.55625 0.0078125 0.010416666666666666
0 0.234375 0.5494791666666666 0.0046875 0.005208333333333333
0 0.21875 0.5484375 0.003125 0.005208333333333333
0 0.29609375 0.540625 0.0078125 0.010416666666666666
0 0.2015625 0.5401041666666667 0.00625 0.009375
0 0.251171875 0.5385416666666667 0.00703125 0.008333333333333333
0 0.27890625 0.5369791666666667 0.0046875 0.007291666666666667
0 0.31171875 0.5307291666666667 0.0078125 0.009375
0 0.231640625 0.5296875 0.00703125 0.009375
0 0.214453125 0.5234375 0.00703125 0.007291666666666667
0 0.360546875 0.5234375 0.00859375 0.009375
0 0.263671875 0.5239583333333333 0.00703125 0.010416666666666666
0 0.878125 0.521875 0.0078125 0.010416666666666666
0 0.860546875 0.521875 0.00859375 0.010416666666666666
0 0.183984375 0.5171875 0.00234375 0.005208333333333333
0 0.377734375 0.51875 0.00859375 0.010416666666666666
0 0.29609375 0.51875 0.0078125 0.010416666666666666
0 0.24609375 0.5161458333333333 0.0078125 0.007291666666666667
0 0.2796875 0.5114583333333333 0.0046875 0.004166666666666667
0 0.200390625 0.5109375 0.00703125 0.009375
0 0.794140625 0.5104166666666666 0.01015625 0.010416666666666666
0 0.228515625 0.5067708333333333 0.00234375 0.005208333333333333
0 0.81875 0.5072916666666667 0.009375 0.010416666666666666
0 0.25859375 0.503125 0.0078125 0.010416666666666666
0 0.67734375 0.5015625 0.0078125 0.009375
0 0.880078125 0.5010416666666667 0.01015625 0.010416666666666666
0 0.170703125 0.5 0.00546875 0.008333333333333333
0 0.2421875 0.49635416666666665 0.00625 0.009375
0 0.1875 0.4953125 0.00625 0.007291666666666667
0 0.83125 0.49583333333333335 0.009375 0.010416666666666666
0 0.153125 0.4953125 0.00625 0.009375
0 0.212109375 0.49270833333333336 0.00703125 0.00625
0 0.74765625 0.49375 0.009375 0.010416666666666666
0 0.293359375 0.49375 0.00703125 0.010416666666666666
0 0.27421875 0.49322916666666666 0.0078125 0.009375
0 0.771484375 0.4828125 0.00859375 0.009375
0 0.405078125 0.4817708333333333 0.00703125 0.007291666666666667
0 0.255859375 0.48020833333333335 0.00703125 0.008333333333333333
0 0.178515625 0.478125 0.00703125 0.00625
0 0.61171875 0.47760416666666666 0.0078125 0.009375
0 0.221875 0.47552083333333334 0.0078125 0.007291666666666667
0 0.238671875 0.475 0.00703125 0.008333333333333333
0 0.28203125 0.47291666666666665 0.0078125 0.010416666666666666
0 0.74453125 0.471875 0.0078125 0.010416666666666666
0 0.386328125 0.46979166666666666 0.00703125 0.010416666666666666
0 0.7609375 0.46770833333333334 0.0078125 0.010416666666666666
0 0.20703125 0.46458333333333335 0.003125 0.004166666666666667
0 0.859375 0.45625 0.0015625 0.0020833333333333333
0 0.251171875 0.459375 0.00703125 0.010416666666666666
0 0.2703125 0.4578125 0.0078125 0.009375
0 0.398828125 0.45625 0.00703125 0.010416666666666666
0 0.6328125 0.45364583333333336 0.0078125 0.009375
0 0.84453125 0.4505208333333333 0.00625 0.009375
0 0.21875 0.446875 0.0046875 0.00625
0 0.200390625 0.44583333333333336 0.00546875 0.008333333333333333
0 0.79375 0.4427083333333333 0.0078125 0.00625
0 0.28359375 0.44479166666666664 0.0078125 0.010416666666666666
0 0.3 0.44114583333333335 0.0078125 0.009375
0 0.24296875 0.4390625 0.003125 0.005208333333333333
0 0.82890625 0.43854166666666666 0.0078125 0.00625
0 0.86796875 0.4395833333333333 0.009375 0.010416666666666666
0 0.491015625 0.4359375 0.00703125 0.009375
0 0.26015625 0.434375 0.0046875 0.00625
0 0.225390625 0.428125 0.00703125 0.008333333333333333
0 0.365625 0.4270833333333333 0.0078125 0.010416666666666666
0 0.334765625 0.4265625 0.00703125 0.009375
0 0.765625 0.42552083333333335 0.009375 0.009375
0 0.471875 0.42552083333333335 0.0078125 0.009375
0 0.278125 0.4234375 0.00625 0.007291666666666667
0 0.308984375 0.4234375 0.00703125 0.009375
0 0.208984375 0.421875 0.00546875 0.00625
0 0.859375 0.41770833333333335 0.009375 0.00625
0 0.240234375 0.41770833333333335 0.00546875 0.00625
0 0.807421875 0.41041666666666665 0.00859375 0.010416666666666666
0 0.789453125 0.4078125 0.00859375 0.009375
0 0.355078125 0.40729166666666666 0.00703125 0.010416666666666666
0 0.227734375 0.40677083333333336 0.00703125 0.009375
0 0.76875 0.40520833333333334 0.009375 0.010416666666666666
0 0.63828125 0.4036458333333333 0.0078125 0.009375
0 0.316796875 0.4036458333333333 0.00703125 0.009375
0 0.262109375 0.40260416666666665 0.00703125 0.007291666666666667
0 0.300390625 0.40260416666666665 0.00703125 0.009375
0 0.72890625 0.4015625 0.003125 0.009375
0 0.2453125 0.39166666666666666 0.0046875 0.004166666666666667
0 0.8296875 0.39375 0.009375 0.010416666666666666
0 0.28046875 0.39010416666666664 0.0078125 0.009375
0 0.324609375 0.3859375 0.00703125 0.009375
0 0.7828125 0.384375 0.00625 0.008333333333333333
0 0.765625 0.384375 0.0078125 0.010416666666666666
0 0.262109375 0.38125 0.00546875 0.00625
0 0.80703125 0.378125 0.009375 0.010416666666666666
0 0.29765625 0.378125 0.0078125 0.010416666666666666
0 0.741796875 0.371875 0.00859375 0.010416666666666666
0 0.2828125 0.3692708333333333 0.0078125 0.009375
0 0.234375 0.3692708333333333 0.0078125 0.009375
0 0.25 0.36770833333333336 0.00625 0.008333333333333333
0 0.772265625 0.36614583333333334 0.01015625 0.009375
0 0.79609375 0.3625 0.00625 0.008333333333333333
0 0.266796875 0.3614583333333333 0.00703125 0.00625
0 0.326171875 0.35989583333333336 0.00703125 0.009375
0 0.5875 0.3578125 0.0078125 0.009375
0 0.37109375 0.353125 0.0078125 0.010416666666666666
0 0.223828125 0.35260416666666666 0.00703125 0.009375
0 0.190234375 0.35104166666666664 0.00390625 0.00625
0 0.698828125 0.35104166666666664 0.00859375 0.010416666666666666
0 0.82734375 0.35 0.009375 0.010416666666666666
0 0.28046875 0.34791666666666665 0.0046875 0.00625
0 0.784375 0.34791666666666665 0.009375 0.010416666666666666
0 0.76171875 0.3458333333333333 0.009375 0.010416666666666666
0 0.342578125 0.34479166666666666 0.00703125 0.010416666666666666
0 0.29609375 0.34322916666666664 0.0078125 0.009375
0 0.31640625 0.34010416666666665 0.0078125 0.009375
0 0.203515625 0.3375 0.00546875 0.004166666666666667
0 0.67421875 0.33697916666666666 0.0078125 0.009375
0 0.446484375 0.33697916666666666 0.00703125 0.009375
0 0.709765625 0.3359375 0.00859375 0.011458333333333333
0 0.834375 0.3328125 0.009375 0.009375
0 0.690234375 0.3333333333333333 0.00859375 0.010416666666666666
0 0.356640625 0.3333333333333333 0.00703125 0.010416666666666666
0 0.583984375 0.33229166666666665 0.00703125 0.010416666666666666
0 0.274609375 0.32708333333333334 0.00546875 0.004166666666666667
0 0.302734375 0.32395833333333335 0.00703125 0.010416666666666666
0 0.2296875 0.3203125 0.00625 0.009375
0 0.19453125 0.31927083333333334 0.00625 0.007291666666666667
0 0.340234375 0.31875 0.00546875 0.008333333333333333
0 0.24609375 0.31927083333333334 0.0078125 0.009375
0 0.668359375 0.3177083333333333 0.00859375 0.010416666666666666
0 0.26171875 0.31614583333333335 0.00625 0.007291666666666667
0 0.3625 0.3140625 0.0078125 0.009375
0 0.72421875 0.31145833333333334 0.0078125 0.010416666666666666
0 0.325 0.3109375 0.0078125 0.009375
0 0.7078125 0.3109375 0.0078125 0.011458333333333333
0 0.520703125 0.3098958333333333 0.00703125 0.009375
0 0.6125 0.30572916666666666 0.0078125 0.009375
0 0.38125 0.30572916666666666 0.0078125 0.009375
0 0.435546875 0.30364583333333334 0.00703125 0.009375
0 0.308984375 0.303125 0.00703125 0.008333333333333333
0 0.777734375 0.30104166666666665 0.00859375 0.010416666666666666
0 0.50703125 0.30052083333333335 0.0078125 0.009375
0 0.27734375 0.2989583333333333 0.0078125 0.00625
0 0.247265625 0.29791666666666666 0.00703125 0.008333333333333333
0 0.341015625 0.296875 0.00703125 0.008333333333333333
0 0.551953125 0.29635416666666664 0.00703125 0.009375
0 0.207421875 0.29375 0.00546875 0.004166666666666667
0 0.29296875 0.2953125 0.00625 0.009375
0 0.36640625 0.2942708333333333 0.0078125 0.009375
0 0.736328125 0.29375 0.00859375 0.010416666666666666
0 0.223828125 0.29270833333333335 0.00703125 0.010416666666666666
0 0.262890625 0.2911458333333333 0.00703125 0.009375
0 0.5203125 0.29010416666666666 0.0078125 0.009375
0 0.712109375 0.28854166666666664 0.00859375 0.010416666666666666
0 0.566015625 0.28802083333333334 0.00703125 0.009375
0 0.329296875 0.284375 0.00703125 0.010416666666666666
0 0.3125 0.2828125 0.00625 0.007291666666666667
0 0.351953125 0.2828125 0.00703125 0.009375
0 0.19375 0.28020833333333334 0.00625 0.008333333333333333
0 0.698828125 0.278125 0.00859375 0.010416666666666666
0 0.287109375 0.2765625 0.00703125 0.009375
0 0.214453125 0.2755208333333333 0.00703125 0.007291666666666667
0 0.530859375 0.2734375 0.00703125 0.009375
0 0.435546875 0.27239583333333334 0.00703125 0.009375
0 0.255859375 0.27239583333333334 0.00703125 0.009375
0 0.377734375 0.2713541666666667 0.00703125 0.009375
0 0.399609375 0.2703125 0.00703125 0.009375
0 0.301953125 0.26927083333333335 0.00703125 0.009375
0 0.62421875 0.26875 0.0078125 0.010416666666666666
0 0.66484375 0.26666666666666666 0.0078125 0.010416666666666666
0 0.554296875 0.26614583333333336 0.00703125 0.009375
0 0.3625 0.26666666666666666 0.0078125 0.010416666666666666
0 0.335546875 0.26510416666666664 0.00703125 0.007291666666666667
0 0.319140625 0.26510416666666664 0.00703125 0.009375
0 0.277734375 0.2598958333333333 0.00703125 0.009375
0 0.719140625 0.25677083333333334 0.00859375 0.009375
0 0.698828125 0.25625 0.00390625 0.008333333333333333
0 0.348828125 0.2552083333333333 0.00703125 0.010416666666666666
0 0.38984375 0.25416666666666665 0.0078125 0.010416666666666666
0 0.240234375 0.25416666666666665 0.00703125 0.010416666666666666
0 0.203515625 0.25364583333333335 0.00703125 0.009375
0 0.529296875 0.2526041666666667 0.00703125 0.009375
0 0.370703125 0.25 0.00703125 0.010416666666666666
0 0.444140625 0.24895833333333334 0.00703125 0.010416666666666666
0 0.54921875 0.24635416666666668 0.0078125 0.009375
0 0.3125 0.246875 0.0078125 0.010416666666666666
0 0.612890625 0.24583333333333332 0.00703125 0.010416666666666666
0 0.331640625 0.24427083333333333 0.00703125 0.009375
0 0.65625 0.24166666666666667 0.0078125 0.010416666666666666
0 0.598828125 0.2375 0.00703125 0.010416666666666666
0 0.298046875 0.2375 0.00703125 0.010416666666666666
0 0.723046875 0.23697916666666666 0.00859375 0.011458333333333333
0 0.43359375 0.23177083333333334 0.00625 0.009375
0 0.531640625 0.23125 0.00703125 0.010416666666666666
0 0.3609375 0.23125 0.0078125 0.010416666666666666
0 0.208984375 0.2296875 0.00859375 0.009375
0 0.271875 0.22916666666666666 0.0078125 0.010416666666666666
0 0.452734375 0.228125 0.00703125 0.010416666666666666
0 0.254296875 0.228125 0.00859375 0.010416666666666666
0 0.376953125 0.22708333333333333 0.00703125 0.010416666666666666
0 0.584765625 0.22604166666666667 0.00703125 0.010416666666666666
0 0.33828125 0.22552083333333334 0.0078125 0.009375
0 0.321875 0.221875 0.0078125 0.010416666666666666
0 0.39140625 0.21875 0.0078125 0.010416666666666666
0 0.463671875 0.21302083333333333 0.00703125 0.009375
0 0.366796875 0.21145833333333333 0.00703125 0.008333333333333333
0 0.2796875 0.21145833333333333 0.0078125 0.010416666666666666
0 0.448046875 0.20833333333333334 0.00703125 0.010416666666666666
0 0.3078125 0.2078125 0.0078125 0.011458333333333333
