0 0.330859375 0.9239583333333333 0.01015625 0.014583333333333334
0 0.432421875 0.8255208333333334 0.00859375 0.013541666666666667
0 0.68125 0.8203125 0.009375 0.013541666666666667
0 0.504296875 0.8125 0.00859375 0.0125
0 0.56875 0.8078125 0.009375 0.013541666666666667
0 0.33125 0.8052083333333333 0.009375 0.0125
0 0.589453125 0.8041666666666667 0.01015625 0.0125
0 0.52109375 0.803125 0.009375 0.0125
0 0.62578125 0.8015625 0.009375 0.013541666666666667
0 0.70078125 0.8 0.009375 0.0125
0 0.187109375 0.7994791666666666 0.00859375 0.011458333333333333
0 0.729296875 0.7947916666666667 0.01015625 0.0125
0 0.6828125 0.7932291666666667 0.009375 0.013541666666666667
0 0.5375 0.7927083333333333 0.009375 0.0125
0 0.6640625 0.784375 0.009375 0.0125
0 0.85546875 0.7833333333333333 0.0109375 0.0125
0 0.562890625 0.7817708333333333 0.00859375 0.013541666666666667
0 0.63125 0.7786458333333334 0.0078125 0.011458333333333333
0 0.6140625 0.778125 0.009375 0.0125
0 0.4921875 0.7734375 0.0078125 0.013541666666666667
0 0.757421875 0.7677083333333333 0.00859375 0.0125
0 0.678515625 0.7677083333333333 0.00859375 0.0125
0 0.54375 0.7677083333333333 0.009375 0.0125
0 0.651953125 0.7666666666666667 0.00859375 0.0125
0 0.5828125 0.765625 0.009375 0.0125
0 0.599609375 0.7625 0.00859375 0.0125
0 0.507421875 0.7583333333333333 0.00859375 0.0125
0 0.708203125 0.7567708333333333 0.00859375 0.011458333333333333
0 0.433984375 0.7578125 0.01015625 0.013541666666666667
0 0.398046875 0.75625 0.00859375 0.0125
0 0.739453125 0.7526041666666666 0.01015625 0.013541666666666667
0 0.6328125 0.7510416666666667 0.009375 0.0125
0 0.615234375 0.7510416666666667 0.00859375 0.0125
0 0.878515625 0.75 0.01015625 0.0125
0 0.817578125 0.7505208333333333 0.01015625 0.013541666666666667
0 0.455078125 0.75 0.00859375 0.0125
0 0.6671875 0.7479166666666667 0.009375 0.0125
0 0.3625 0.7479166666666667 0.009375 0.0125
0 0.692578125 0.7447916666666666 0.00859375 0.0125
0 0.722265625 0.74375 0.01015625 0.0125
0 0.64921875 0.7427083333333333 0.009375 0.0125
0 0.551953125 0.7416666666666667 0.00859375 0.0125
0 0.838671875 0.7385416666666667 0.01015625 0.0125
0 0.441015625 0.7354166666666667 0.00859375 0.0125
0 0.706640625 0.7322916666666667 0.00859375 0.0125
0 0.587109375 0.73125 0.00859375 0.0125
0 0.567578125 0.7302083333333333 0.00859375 0.0125
0 0.479296875 0.7307291666666667 0.00859375 0.013541666666666667
0 0.62421875 0.7291666666666666 0.009375 0.0125
0 0.53046875 0.7291666666666666 0.009375 0.0125
0 0.498046875 0.7276041666666667 0.00859375 0.011458333333333333
0 0.679296875 0.7270833333333333 0.01015625 0.0125
0 0.37421875 0.7270833333333333 0.009375 0.0125
0 0.659375 0.7239583333333334 0.009375 0.0125
0 0.357421875 0.7177083333333333 0.00859375 0.0125
0 0.640625 0.7166666666666667 0.009375 0.0125
0 0.837109375 0.7145833333333333 0.01015625 0.0125
0 0.798828125 0.7130208333333333 0.01015625 0.011458333333333333
0 0.3390625 0.7125 0.0078125 0.010416666666666666
0 0.596484375 0.7109375 0.00859375 0.011458333333333333
0 0.7046875 0.7088541666666667 0.009375 0.011458333333333333
0 0.575390625 0.7088541666666667 0.00859375 0.011458333333333333
0 0.487109375 0.709375 0.00859375 0.0125
0 0.5578125 0.7052083333333333 0.009375 0.0125
0 0.524609375 0.7020833333333333 0.00859375 0.0125
0 0.455859375 0.6973958333333333 0.00859375 0.011458333333333333
0 0.503515625 0.6942708333333333 0.00859375 0.011458333333333333
0 0.355078125 0.6921875 0.00859375 0.011458333333333333
0 0.332421875 0.6901041666666666 0.00859375 0.011458333333333333
0 0.657421875 0.6895833333333333 0.00859375 0.0125
0 0.544140625 0.6869791666666667 0.00859375 0.011458333333333333
0 0.301171875 0.6859375 0.00859375 0.011458333333333333
0 0.527734375 0.6791666666666667 0.00859375 0.0125
0 0.828125 0.6744791666666666 0.009375 0.011458333333333333
0 0.426171875 0.6739583333333333 0.00859375 0.010416666666666666
0 0.56015625 0.6739583333333333 0.0078125 0.0125
0 0.48671875 0.6723958333333333 0.0078125 0.011458333333333333
0 0.784765625 0.6708333333333333 0.01015625 0.0125
0 0.505078125 0.6703125 0.00859375 0.011458333333333333
0 0.266015625 0.6682291666666667 0.00859375 0.011458333333333333
0 0.383203125 0.6651041666666667 0.00859375 0.011458333333333333
0 0.443359375 0.6625 0.00859375 0.010416666666666666
0 0.6515625 0.6614583333333334 0.009375 0.010416666666666666
0 0.301953125 0.6625 0.00859375 0.0125
0 0.8 0.6598958333333333 0.0109375 0.011458333333333333
0 0.401953125 0.6546875 0.00859375 0.011458333333333333
0 0.517578125 0.6536458333333334 0.00859375 0.011458333333333333
0 0.566015625 0.6520833333333333 0.00859375 0.0125
0 0.370703125 0.6484375 0.00859375 0.011458333333333333
0 0.257421875 0.646875 0.00859375 0.0125
0 0.315234375 0.6453125 0.00859375 0.011458333333333333
0 0.27578125 0.6421875 0.009375 0.011458333333333333
0 0.333203125 0.6395833333333333 0.00859375 0.0125
0 0.550390625 0.6359375 0.00859375 0.011458333333333333
0 0.505859375 0.6328125 0.00859375 0.011458333333333333
0 0.5734375 0.6317708333333333 0.0078125 0.011458333333333333
0 0.533203125 0.6317708333333333 0.00859375 0.011458333333333333
0 0.80625 0.6286458333333333 0.009375 0.011458333333333333
0 0.829296875 0.6260416666666667 0.00859375 0.010416666666666666
0 0.634765625 0.6177083333333333 0.00859375 0.010416666666666666
0 0.519921875 0.6171875 0.00859375 0.011458333333333333
0 0.340234375 0.6166666666666667 0.00859375 0.0125
0 0.555078125 0.6140625 0.00859375 0.011458333333333333
0 0.320703125 0.6130208333333333 0.00859375 0.011458333333333333
0 0.815234375 0.6104166666666667 0.01015625 0.0125
0 0.538671875 0.6067708333333334 0.00859375 0.011458333333333333
0 0.21796875 0.6057291666666667 0.009375 0.011458333333333333
0 0.354296875 0.6005208333333333 0.00859375 0.011458333333333333
0 0.423046875 0.5875 0.00703125 0.010416666666666666
0 0.52578125 0.584375 0.0078125 0.010416666666666666
0 0.400390625 0.5833333333333334 0.00859375 0.010416666666666666
0 0.503125 0.5822916666666667 0.0078125 0.010416666666666666
0 0.36484375 0.5822916666666667 0.0078125 0.010416666666666666
0 0.4453125 0.5807291666666666 0.0078125 0.011458333333333333
0 0.56484375 0.5786458333333333 0.0078125 0.011458333333333333
0 0.791796875 0.5770833333333333 0.01015625 0.0125
0 0.55 0.5677083333333334 0.0078125 0.010416666666666666
0 0.291796875 0.5682291666666667 0.00859375 0.011458333333333333
0 0.48046875 0.565625 0.0078125 0.010416666666666666
0 0.388671875 0.5666666666666667 0.00859375 0.0125
0 0.265234375 0.5661458333333333 0.00859375 0.011458333333333333
0 0.8046875 0.5651041666666666 0.009375 0.011458333333333333
0 0.318359375 0.5619791666666667 0.00859375 0.011458333333333333
0 0.45 0.5567708333333333 0.0078125 0.011458333333333333
0 0.423046875 0.5541666666666667 0.00859375 0.010416666666666666
0 0.40546875 0.5541666666666667 0.009375 0.010416666666666666
0 0.3546875 0.553125 0.0078125 0.010416666666666666
0 0.244921875 0.5520833333333334 0.00859375 0.010416666666666666
0 0.493359375 0.5510416666666667 0.00703125 0.010416666666666666
0 0.389453125 0.5442708333333334 0.00859375 0.011458333333333333
0 0.848046875 0.5432291666666667 0.00859375 0.011458333333333333
0 0.373828125 0.5354166666666667 0.00859375 0.010416666666666666
0 0.18671875 0.5322916666666667 0.0078125 0.008333333333333333
0 0.407421875 0.53125 0.00859375 0.010416666666666666
0 0.2453125 0.5291666666666667 0.009375 0.010416666666666666
0 0.6109375 0.5276041666666667 0.0078125 0.009375
0 0.2109375 0.5286458333333334 0.009375 0.011458333333333333
0 0.44140625 0.5260416666666666 0.0078125 0.010416666666666666
0 0.264453125 0.5244791666666667 0.00859375 0.011458333333333333
0 0.456640625 0.515625 0.00859375 0.010416666666666666
0 0.226171875 0.5140625 0.00859375 0.007291666666666667
0 0.419921875 0.5151041666666667 0.00859375 0.011458333333333333
0 0.19765625 0.5145833333333333 0.0078125 0.010416666666666666
0 0.5515625 0.5036458333333333 0.0078125 0.009375
0 0.21328125 0.5015625 0.009375 0.011458333333333333
0 0.516796875 0.496875 0.00703125 0.010416666666666666
0 0.440625 0.4973958333333333 0.0078125 0.011458333333333333
0 0.46796875 0.49583333333333335 0.0078125 0.010416666666666666
0 0.23125 0.4942708333333333 0.009375 0.011458333333333333
0 0.41015625 0.490625 0.0078125 0.010416666666666666
0 0.202734375 0.484375 0.00859375 0.010416666666666666
0 0.70703125 0.4817708333333333 0.009375 0.011458333333333333
0 0.35546875 0.4791666666666667 0.0078125 0.010416666666666666
0 0.66640625 0.478125 0.009375 0.010416666666666666
0 0.4375 0.47604166666666664 0.0078125 0.010416666666666666
0 0.398046875 0.47552083333333334 0.00859375 0.011458333333333333
0 0.180859375 0.471875 0.00859375 0.010416666666666666
0 0.681640625 0.4713541666666667 0.00859375 0.011458333333333333
0 0.562109375 0.46822916666666664 0.00703125 0.009375
0 0.403125 0.453125 0.0078125 0.010416666666666666
0 0.346875 0.45260416666666664 0.0078125 0.011458333333333333
0 0.53203125 0.4479166666666667 0.0078125 0.010416666666666666
0 0.228515625 0.4473958333333333 0.00859375 0.011458333333333333
0 0.425 0.44583333333333336 0.0078125 0.010416666666666666
0 0.44609375 0.44479166666666664 0.0078125 0.010416666666666666
0 0.299609375 0.44375 0.00859375 0.010416666666666666
0 0.8390625 0.4432291666666667 0.0265625 0.011458333333333333
0 0.2703125 0.4427083333333333 0.0078125 0.010416666666666666
0 0.38828125 0.440625 0.0078125 0.010416666666666666
0 0.4625 0.4354166666666667 0.0078125 0.010416666666666666
0 0.4109375 0.434375 0.0078125 0.010416666666666666
0 0.770703125 0.4317708333333333 0.01015625 0.011458333333333333
0 0.52109375 0.43072916666666666 0.0078125 0.011458333333333333
0 0.665625 0.4234375 0.0078125 0.011458333333333333
0 0.537890625 0.42239583333333336 0.00703125 0.009375
0 0.616015625 0.42083333333333334 0.00703125 0.010416666666666666
0 0.42421875 0.42083333333333334 0.0078125 0.010416666666666666
0 0.330078125 0.4197916666666667 0.00859375 0.010416666666666666
0 0.37109375 0.41770833333333335 0.0078125 0.010416666666666666
0 0.795703125 0.4140625 0.01015625 0.011458333333333333
0 0.5828125 0.4119791666666667 0.0078125 0.009375
0 0.4625 0.41354166666666664 0.0078125 0.0125
0 0.183203125 0.40208333333333335 0.00859375 0.010416666666666666
0 0.611328125 0.39947916666666666 0.00703125 0.011458333333333333
0 0.8796875 0.39375 0.0109375 0.008333333333333333
0 0.209375 0.3932291666666667 0.009375 0.011458333333333333
0 0.512890625 0.39166666666666666 0.00703125 0.010416666666666666
0 0.46328125 0.3921875 0.0078125 0.011458333333333333
0 0.815625 0.390625 0.0078125 0.010416666666666666
0 0.7984375 0.3880208333333333 0.009375 0.011458333333333333
0 0.59765625 0.3875 0.0078125 0.010416666666666666
0 0.262890625 0.3776041666666667 0.00859375 0.011458333333333333
0 0.48359375 0.375 0.0078125 0.010416666666666666
0 0.863671875 0.37552083333333336 0.02578125 0.013541666666666667
0 0.5203125 0.37135416666666665 0.0078125 0.009375
0 0.544921875 0.3703125 0.00703125 0.011458333333333333
0 0.76171875 0.371875 0.0203125 0.027083333333333334
0 0.551953125 0.35208333333333336 0.00703125 0.010416666666666666
0 0.4828125 0.35 0.0078125 0.010416666666666666
0 0.6859375 0.3489583333333333 0.009375 0.010416666666666666
0 0.3515625 0.34791666666666665 0.0078125 0.010416666666666666
0 0.2734375 0.3484375 0.0078125 0.011458333333333333
0 0.701171875 0.3453125 0.00859375 0.011458333333333333
0 0.820703125 0.34427083333333336 0.01015625 0.011458333333333333
0 0.446875 0.34322916666666664 0.0078125 0.011458333333333333
0 0.7875 0.33958333333333335 0.0078125 0.010416666666666666
0 0.564453125 0.321875 0.00703125 0.010416666666666666
0 0.3375 0.3151041666666667 0.0078125 0.011458333333333333
0 0.3828125 0.3098958333333333 0.0078125 0.011458333333333333
0 0.508203125 0.3067708333333333 0.00703125 0.009375
0 0.7875 0.296875 0.009375 0.010416666666666666
0 0.494140625 0.296875 0.00859375 0.010416666666666666
0 0.74375 0.290625 0.009375 0.010416666666666666
0 0.705078125 0.2869791666666667 0.00859375 0.009375
0 0.683984375 0.284375 0.00859375 0.010416666666666666
0 0.237109375 0.2796875 0.00859375 0.013541666666666667
0 0.27890625 0.27239583333333334 0.0078125 0.011458333333333333
0 0.76015625 0.2708333333333333 0.009375 0.010416666666666666
0 0.241796875 0.2609375 0.00859375 0.013541666666666667
0 0.35390625 0.2552083333333333 0.0078125 0.010416666666666666
0 0.5125 0.25416666666666665 0.0078125 0.010416666666666666
0 0.49921875 0.24166666666666667 0.0078125 0.010416666666666666
0 0.243359375 0.23020833333333332 0.00859375 0.010416666666666666
