0 0.221875 0.9504689331770223 0.0109375 0.0076201641266119575
0 0.24453125 0.9428487690504103 0.0109375 0.00996483001172333
0 0.191015625 0.9410902696365768 0.01015625 0.008792497069167644
0 0.21484375 0.9320046893317703 0.009375 0.009378663540445486
0 0.180859375 0.9123681125439624 0.01015625 0.00996483001172333
0 0.486328125 0.9024032825322391 0.01015625 0.00996483001172333
0 0.32578125 0.9009378663540446 0.0109375 0.008206330597889801
0 0.276953125 0.8947831184056272 0.00078125 0.0005861664712778429
0 0.623828125 0.895662368112544 0.01015625 0.009378663540445486
0 0.533203125 0.8918522860492379 0.01015625 0.008792497069167644
0 0.1875 0.8856975381008206 0.0046875 0.0035169988276670576
0 0.262109375 0.8854044548651817 0.00234375 0.004103165298944901
0 0.563671875 0.8871629542790153 0.01015625 0.008792497069167644
0 0.230078125 0.8851113716295428 0.01171875 0.010550996483001172
0 0.591796875 0.8830597889800703 0.00859375 0.008792497069167644
0 0.295703125 0.8839390386869871 0.01171875 0.010550996483001172
0 0.32421875 0.8827667057444314 0.0109375 0.009378663540445486
0 0.541796875 0.8774912075029309 0.01015625 0.004689331770222743
0 0.209375 0.8798358733880423 0.0109375 0.010550996483001172
0 0.577734375 0.8742672919109027 0.00234375 0.004103165298944901
0 0.287109375 0.8622508792497069 0.01171875 0.008206330597889801
0 0.546875 0.8596131301289566 0.009375 0.005275498241500586
0 0.588671875 0.8599062133645955 0.01015625 0.009378663540445486
0 0.246875 0.8596131301289566 0.0109375 0.008792497069167644
0 0.357421875 0.8563892145369285 0.01171875 0.010550996483001172
0 0.33359375 0.854337631887456 0.0078125 0.006447831184056272
0 0.4109375 0.8555099648300117 0.0109375 0.00996483001172333
0 0.3796875 0.8516998827667057 0.009375 0.007033997655334115
0 0.263671875 0.847010550996483 0.00390625 0.0035169988276670576
0 0.263671875 0.843200468933177 0.00078125 0.0005861664712778429
0 0.486328125 0.8443728018757327 0.01015625 0.00996483001172333
0 0.55625 0.8423212192262602 0.009375 0.007033997655334115
0 0.2890625 0.843200468933177 0.0125 0.008792497069167644
0 0.20546875 0.8437866354044549 0.0125 0.00996483001172333
0 0.6234375 0.8408558030480656 0.0109375 0.008792497069167644
0 0.183984375 0.8390973036342321 0.01171875 0.008792497069167644
0 0.601171875 0.8317702227432591 0.01015625 0.009378663540445486
0 0.275 0.8300117233294255 0.0125 0.009378663540445486
0 0.331640625 0.8262016412661196 0.01171875 0.006447831184056272
0 0.576953125 0.8259085580304807 0.01015625 0.009378663540445486
0 0.18984375 0.8232708089097304 0.0078125 0.005275498241500586
0 0.635546875 0.8238569753810082 0.01015625 0.008792497069167644
0 0.508984375 0.8241500586166471 0.01015625 0.009378663540445486
0 0.35390625 0.8218053927315357 0.0109375 0.007033997655334115
0 0.218359375 0.8185814771395076 0.01328125 0.00996483001172333
0 0.245703125 0.8150644783118406 0.00859375 0.004103165298944901
0 0.4859375 0.8144783118405627 0.0109375 0.00996483001172333
0 0.556640625 0.8121336459554513 0.01015625 0.006447831184056272
0 0.415234375 0.8115474794841735 0.01015625 0.00996483001172333
0 0.333984375 0.8092028135990621 0.00859375 0.005275498241500586
0 0.1765625 0.8100820633059789 0.0109375 0.008206330597889801
0 0.63203125 0.8074443141852286 0.009375 0.006447831184056272
0 0.61328125 0.8068581477139508 0.0046875 0.005275498241500586
0 0.588671875 0.8050996483001173 0.01015625 0.0076201641266119575
0 0.200390625 0.8050996483001173 0.01171875 0.008792497069167644
0 0.35703125 0.8036342321219226 0.0078125 0.008206330597889801
0 0.305859375 0.7995310668229777 0.01171875 0.009378663540445486
0 0.241015625 0.7986518171160609 0.01328125 0.008792497069167644
0 0.65390625 0.7980656506447831 0.0109375 0.008792497069167644
0 0.559375 0.7957209847596718 0.009375 0.005275498241500586
0 0.175 0.7913247362250879 0.0015625 0.0011723329425556857
0 0.223828125 0.7936694021101993 0.00703125 0.007033997655334115
0 0.18359375 0.7922039859320047 0.00625 0.005275498241500586
0 0.263671875 0.7936694021101993 0.01171875 0.009378663540445486
0 0.42734375 0.7919109026963658 0.0109375 0.009378663540445486
0 0.58046875 0.7886869871043376 0.0078125 0.004103165298944901
0 0.6046875 0.7901524032825322 0.0109375 0.008206330597889801
0 0.74140625 0.7895662368112544 0.0109375 0.008206330597889801
0 0.693359375 0.7898593200468933 0.01015625 0.008792497069167644
0 0.627734375 0.7892731535756154 0.01015625 0.0076201641266119575
0 0.54140625 0.7889800703399765 0.009375 0.009378663540445486
0 0.201953125 0.7842907385697538 0.01171875 0.009378663540445486
0 0.335546875 0.7816529894490035 0.01171875 0.00996483001172333
0 0.286328125 0.7810668229777257 0.01171875 0.008792497069167644
0 0.559375 0.7790152403282532 0.0109375 0.008206330597889801
0 0.25234375 0.7793083235638921 0.0125 0.008792497069167644
0 0.1796875 0.7769636576787807 0.00625 0.004103165298944901
0 0.225 0.7752051582649473 0.0125 0.008792497069167644
0 0.57890625 0.7708089097303634 0.0078125 0.008206330597889801
0 0.31953125 0.7702227432590856 0.009375 0.007033997655334115
0 0.1984375 0.7664126611957796 0.0125 0.008792497069167644
0 0.670703125 0.7658264947245017 0.01015625 0.008792497069167644
0 0.297265625 0.7658264947245017 0.01171875 0.008792497069167644
0 0.258203125 0.7640679953106683 0.01015625 0.005275498241500586
0 0.353515625 0.7634818288393904 0.01171875 0.00996483001172333
0 0.280859375 0.7582063305978898 0.00078125 0.0005861664712778429
0 0.17421875 0.7587924970691676 0.009375 0.0076201641266119575
0 0.602734375 0.7576201641266119 0.01015625 0.008792497069167644
0 0.278515625 0.7541031652989449 0.00859375 0.005275498241500586
0 0.74375 0.7549824150058617 0.0109375 0.008206330597889801
0 0.55546875 0.7546893317702228 0.009375 0.008792497069167644
0 0.215625 0.7543962485345839 0.0109375 0.009378663540445486
0 0.700390625 0.7482415005861665 0.01015625 0.008792497069167644
0 0.194921875 0.7464830011723329 0.01171875 0.006447831184056272
0 0.37109375 0.7464830011723329 0.0109375 0.008792497069167644
0 0.3015625 0.7447245017584995 0.009375 0.006447831184056272
0 0.169140625 0.7420867526377491 0.01171875 0.007033997655334115
0 0.342578125 0.7412075029308324 0.01015625 0.008792497069167644
0 0.566015625 0.7406213364595545 0.01015625 0.008792497069167644
0 0.683203125 0.7376905041031653 0.01015625 0.0076201641266119575
0 0.278125 0.7371043376318874 0.0109375 0.008792497069167644
0 0.214453125 0.7338804220398594 0.01171875 0.008206330597889801
0 0.726953125 0.7327080890973037 0.01015625 0.008206330597889801
0 0.187890625 0.7306565064478312 0.01171875 0.008792497069167644
0 0.491796875 0.7271395076201641 0.01015625 0.008792497069167644
0 0.705078125 0.7259671746776084 0.01015625 0.008792497069167644
0 0.164453125 0.7259671746776084 0.01171875 0.008792497069167644
0 0.23984375 0.7230363423212193 0.0078125 0.005275498241500586
0 0.659375 0.72010550996483 0.0046875 0.0017584994138335288
0 0.2640625 0.7215709261430246 0.0078125 0.005861664712778429
0 0.6828125 0.7212778429073857 0.0109375 0.0076201641266119575
0 0.205078125 0.7186400937866354 0.01171875 0.005861664712778429
0 0.29453125 0.7174677608440797 0.0109375 0.007033997655334115
0 0.721875 0.7151230949589683 0.0109375 0.008206330597889801
0 0.18125 0.712778429073857 0.0109375 0.008206330597889801
0 0.644921875 0.7124853458382181 0.01015625 0.008792497069167644
0 0.2265625 0.7110199296600235 0.0109375 0.005861664712778429
0 0.670703125 0.7101406799531067 0.01015625 0.0076201641266119575
0 0.3921875 0.7086752637749121 0.009375 0.008206330597889801
0 0.251953125 0.7075029308323564 0.01171875 0.007033997655334115
0 0.701953125 0.7042790152403282 0.01015625 0.008792497069167644
0 0.1625 0.7033997655334114 0.0125 0.007033997655334115
0 0.20078125 0.701641266119578 0.0109375 0.007033997655334115
0 0.284765625 0.6995896834701055 0.01171875 0.0076201641266119575
0 0.65859375 0.6972450175849941 0.0109375 0.0076201641266119575
0 0.680859375 0.6963657678780774 0.01015625 0.008206330597889801
0 0.22265625 0.6951934349355217 0.0109375 0.008206330597889801
0 0.30859375 0.6931418522860492 0.0109375 0.008792497069167644
0 0.262109375 0.6925556858147714 0.01171875 0.0076201641266119575
0 0.545703125 0.6916764361078547 0.01015625 0.008206330597889801
0 0.179296875 0.6899179366940211 0.01171875 0.005861664712778429
0 0.644921875 0.6878663540445487 0.01015625 0.008792497069167644
0 0.15 0.6875732708089097 0.0125 0.008206330597889801
0 0.242578125 0.6858147713950762 0.01171875 0.008206330597889801
0 0.28125 0.6828839390386869 0.0109375 0.008206330597889801
0 0.202734375 0.6831770222743259 0.01171875 0.008792497069167644
0 0.690625 0.6817116060961314 0.0109375 0.008206330597889801
0 0.710546875 0.6802461899179367 0.01015625 0.0076201641266119575
0 0.406640625 0.6787807737397421 0.01015625 0.008206330597889801
0 0.659765625 0.675263774912075 0.01015625 0.008206330597889801
0 0.18359375 0.6743845252051582 0.0125 0.0076201641266119575
0 0.730078125 0.671746776084408 0.01015625 0.007033997655334115
0 0.15625 0.6699882766705745 0.0125 0.008206330597889801
0 0.23671875 0.6691090269636577 0.0109375 0.0076201641266119575
0 0.21328125 0.667936694021102 0.0109375 0.008792497069167644
0 0.29765625 0.6658851113716295 0.0109375 0.008206330597889801
0 0.274609375 0.6644196951934349 0.01171875 0.008792497069167644
0 0.673828125 0.6632473622508792 0.01015625 0.0076201641266119575
0 0.252734375 0.6565064478311841 0.01171875 0.005861664712778429
0 0.177734375 0.6579718640093787 0.01171875 0.008792497069167644
0 0.73203125 0.6559202813599062 0.0109375 0.007033997655334115
0 0.200390625 0.652989449003517 0.00859375 0.004689331770222743
0 0.221875 0.6503516998827668 0.0015625 0.0005861664712778429
0 0.756640625 0.6491793669402111 0.00859375 0.004103165298944901
0 0.229296875 0.6483001172332943 0.00234375 0.0023446658851113715
0 0.1609375 0.6468347010550997 0.0125 0.0076201641266119575
0 0.29296875 0.6444900351699883 0.0109375 0.005275498241500586
0 0.708203125 0.6444900351699883 0.01015625 0.0076201641266119575
0 0.250390625 0.6400937866354045 0.01171875 0.008206330597889801
0 0.20546875 0.6371629542790153 0.0109375 0.007033997655334115
0 0.18125 0.6362837045720985 0.0109375 0.005275498241500586
0 0.609375 0.6321805392731535 0.009375 0.0076201641266119575
0 0.228125 0.6318874560375146 0.0125 0.008206330597889801
0 0.16171875 0.6292497069167644 0.0125 0.008792497069167644
0 0.266015625 0.6266119577960141 0.01171875 0.005861664712778429
0 0.669140625 0.6242672919109027 0.00859375 0.0023446658851113715
0 0.289453125 0.6266119577960141 0.01171875 0.008206330597889801
0 0.377734375 0.6239742086752638 0.01015625 0.0076201641266119575
0 0.765625 0.6210433763188745 0.0109375 0.0076201641266119575
0 0.210546875 0.61957796014068 0.00859375 0.005861664712778429
0 0.244921875 0.6204572098475967 0.01171875 0.008792497069167644
0 0.685546875 0.6181125439624854 0.01015625 0.0076201641266119575
0 0.592578125 0.6151817116060961 0.01015625 0.0076201641266119575
0 0.3046875 0.6140093786635404 0.0109375 0.005275498241500586
0 0.17265625 0.6128370457209847 0.0125 0.006447831184056272
0 0.741796875 0.611957796014068 0.01015625 0.007033997655334115
0 0.2609375 0.6060961313012896 0.009375 0.004689331770222743
0 0.194921875 0.6063892145369285 0.01171875 0.005275498241500586
0 0.28359375 0.6049237983587339 0.0109375 0.005861664712778429
0 0.60859375 0.6040445486518171 0.009375 0.0076201641266119575
0 0.15859375 0.5993552168815943 0.0109375 0.006447831184056272
0 0.418359375 0.5975967174677609 0.01015625 0.006447831184056272
0 0.2421875 0.5975967174677609 0.0109375 0.006447831184056272
0 0.21875 0.5981828839390387 0.0125 0.008792497069167644
0 0.18203125 0.5937866354044549 0.0125 0.008206330597889801
0 0.59296875 0.5908558030480656 0.009375 0.007033997655334115
0 0.711328125 0.5890973036342321 0.01015625 0.007033997655334115
0 0.747265625 0.5888042203985931 0.01015625 0.0076201641266119575
0 0.206640625 0.5855803048065651 0.00546875 0.004689331770222743
0 0.198046875 0.5847010550996483 0.00234375 0.0029308323563892145
0 0.30859375 0.5864595545134819 0.0109375 0.0076201641266119575
0 0.284375 0.5867526377491208 0.0109375 0.008206330597889801
0 0.6265625 0.5826494724501758 0.009375 0.007033997655334115
0 0.230859375 0.5826494724501758 0.01171875 0.007033997655334115
0 0.159375 0.5826494724501758 0.0125 0.008206330597889801
0 0.409765625 0.5794255568581477 0.01015625 0.0076201641266119575
0 0.263671875 0.5785463071512309 0.01171875 0.005861664712778429
0 0.6078125 0.5762016412661196 0.009375 0.007033997655334115
0 0.535546875 0.5703399765533411 0.01015625 0.007033997655334115
0 0.196875 0.5697538100820633 0.0125 0.005861664712778429
0 0.30546875 0.5697538100820633 0.0109375 0.008206330597889801
0 0.439453125 0.5679953106682297 0.01015625 0.007033997655334115
0 0.245703125 0.5688745603751465 0.01171875 0.008792497069167644
0 0.221875 0.5679953106682297 0.0125 0.008206330597889801
0 0.649609375 0.5662368112543963 0.01015625 0.007033997655334115
0 0.282421875 0.5665298944900352 0.01171875 0.0076201641266119575
0 0.4625 0.5653575615474795 0.009375 0.0076201641266119575
0 0.705859375 0.563305978898007 0.01015625 0.007033997655334115
0 0.3265625 0.5571512309495897 0.0109375 0.0076201641266119575
0 0.525390625 0.5539273153575616 0.01015625 0.007033997655334115
0 0.258203125 0.5545134818288394 0.01015625 0.008206330597889801
0 0.687109375 0.5533411488862837 0.01015625 0.007033997655334115
0 0.660546875 0.5533411488862837 0.01015625 0.007033997655334115
0 0.235546875 0.552168815943728 0.01171875 0.008206330597889801
0 0.185546875 0.5512895662368112 0.01171875 0.006447831184056272
0 0.34765625 0.5512895662368112 0.0109375 0.0076201641266119575
0 0.209765625 0.5486518171160609 0.01171875 0.007033997655334115
0 0.280078125 0.5486518171160609 0.01171875 0.008206330597889801
0 0.1546875 0.5471864009378663 0.0125 0.0076201641266119575
0 0.305859375 0.5454279015240329 0.00859375 0.005275498241500586
0 0.3265625 0.5404454865181711 0.0109375 0.008206330597889801
0 0.17421875 0.5375146541617819 0.0125 0.008206330597889801
0 0.260546875 0.536928487690504 0.01171875 0.008206330597889801
0 0.658984375 0.5345838218053928 0.01015625 0.007033997655334115
0 0.689453125 0.533704572098476 0.01015625 0.006447831184056272
0 0.221484375 0.5345838218053928 0.01171875 0.008206330597889801
0 0.197265625 0.5334114888628371 0.01171875 0.008206330597889801
0 0.2875 0.5322391559202814 0.0109375 0.007033997655334115
0 0.725 0.5278429073856975 0.009375 0.006447831184056272
0 0.31171875 0.5272567409144197 0.0109375 0.006447831184056272
0 0.24296875 0.5252051582649473 0.0125 0.008206330597889801
0 0.165625 0.5213950762016413 0.0125 0.008792497069167644
0 0.268359375 0.5205158264947245 0.01171875 0.008206330597889801
0 0.2109375 0.518757327080891 0.0125 0.008206330597889801
0 0.294140625 0.5164126611957796 0.01171875 0.008206330597889801
0 0.187109375 0.5137749120750293 0.01328125 0.006447831184056272
0 0.230078125 0.5090855803048066 0.00078125 0.0005861664712778429
0 0.316015625 0.511430246189918 0.01171875 0.0076201641266119575
0 0.223046875 0.507327080890973 0.00078125 0.0005861664712778429
0 0.233984375 0.5061547479484173 0.00078125 0.0005861664712778429
0 0.339453125 0.5082063305978898 0.01015625 0.008206330597889801
0 0.36171875 0.5070339976553341 0.0109375 0.007033997655334115
0 0.25390625 0.5070339976553341 0.0125 0.008206330597889801
0 0.15234375 0.5070339976553341 0.0125 0.008206330597889801
0 0.277734375 0.5049824150058617 0.01171875 0.0076201641266119575
0 0.7375 0.5008792497069168 0.009375 0.006447831184056272
0 0.20625 0.5017584994138335 0.0125 0.008206330597889801
0 0.597265625 0.49824150058616645 0.01015625 0.007033997655334115
0 0.301171875 0.4988276670574443 0.01171875 0.008206330597889801
0 0.387890625 0.4970691676436108 0.01015625 0.008206330597889801
0 0.175390625 0.49736225087924973 0.01171875 0.008792497069167644
0 0.324609375 0.4958968347010551 0.01015625 0.008206330597889801
0 0.27890625 0.4876905041031653 0.0109375 0.005861664712778429
0 0.746484375 0.48710433763188743 0.01015625 0.007033997655334115
0 0.2515625 0.4827080890973036 0.0125 0.0076201641266119575
0 0.3109375 0.48182883939038684 0.0109375 0.008206330597889801
0 0.447265625 0.4803634232121923 0.01015625 0.0076201641266119575
0 0.46796875 0.4771395076201641 0.009375 0.007033997655334115
0 0.231640625 0.473915592028136 0.01171875 0.0076201641266119575
0 0.18125 0.47362250879249707 0.0125 0.008206330597889801
0 0.750390625 0.4712778429073857 0.01015625 0.007033997655334115
0 0.494921875 0.46688159437280186 0.01015625 0.004103165298944901
0 0.296484375 0.46893317702227433 0.01171875 0.008206330597889801
0 0.80625 0.46600234466588514 0.0109375 0.007033997655334115
0 0.771484375 0.46600234466588514 0.01015625 0.007033997655334115
0 0.26015625 0.4657092614302462 0.0109375 0.0076201641266119575
0 0.6171875 0.46248534583821804 0.009375 0.0035169988276670576
0 0.7140625 0.4610199296600234 0.009375 0.006447831184056272
0 0.66953125 0.4601406799531067 0.009375 0.007033997655334115
0 0.19765625 0.4598475967174678 0.0125 0.006447831184056272
0 0.403515625 0.45955451348182885 0.01015625 0.007033997655334115
0 0.38125 0.4598475967174678 0.0109375 0.0076201641266119575
0 0.1625 0.4575029308323564 0.0125 0.005275498241500586
0 0.31875 0.45720984759671746 0.0109375 0.008206330597889801
0 0.220703125 0.4566236811254396 0.01171875 0.007033997655334115
0 0.75 0.45515826494724504 0.0109375 0.0076201641266119575
0 0.278515625 0.45545134818288396 0.01171875 0.008206330597889801
0 0.784765625 0.4545720984759672 0.01015625 0.0076201641266119575
0 0.244140625 0.4533997655334115 0.01171875 0.0076201641266119575
0 0.69765625 0.4525205158264947 0.009375 0.007033997655334115
0 0.633984375 0.451348182883939 0.01015625 0.007033997655334115
0 0.339453125 0.45076201641266117 0.01171875 0.008206330597889801
0 0.726953125 0.44958968347010553 0.01015625 0.007033997655334115
0 0.490234375 0.4492966002344666 0.01015625 0.0076201641266119575
0 0.36328125 0.44958968347010553 0.0109375 0.008206330597889801
0 0.299609375 0.4481242672919109 0.01171875 0.0076201641266119575
0 0.67578125 0.4449003516998828 0.009375 0.007033997655334115
0 0.176171875 0.44314185228604924 0.01171875 0.005861664712778429
0 0.762109375 0.44314185228604924 0.01015625 0.007033997655334115
0 0.277734375 0.4393317702227433 0.00078125 0.0005861664712778429
0 0.1515625 0.4428487690504103 0.0125 0.0076201641266119575
0 0.74296875 0.44021101992966 0.0109375 0.007033997655334115
0 0.282421875 0.43874560375146543 0.00703125 0.004103165298944901
0 0.712109375 0.4396248534583822 0.01015625 0.007033997655334115
0 0.256640625 0.4381594372801876 0.01015625 0.005275498241500586
0 0.22578125 0.4396248534583822 0.0125 0.008206330597889801
0 0.2 0.43669402110199296 0.0125 0.005861664712778429
0 0.396484375 0.4358147713950762 0.01015625 0.0076201641266119575
0 0.3265625 0.4361078546307151 0.0109375 0.008206330597889801
0 0.34921875 0.43552168815943726 0.0109375 0.008206330597889801
0 0.37421875 0.43464243845252054 0.0109375 0.0076201641266119575
0 0.48046875 0.43376318874560377 0.009375 0.007033997655334115
0 0.66484375 0.4320046893317702 0.009375 0.007033997655334115
0 0.511328125 0.4320046893317702 0.01015625 0.007033997655334115
0 0.533203125 0.4296600234466589 0.01015625 0.007033997655334115
0 0.1625 0.42790152403282533 0.0125 0.008206330597889801
0 0.7140625 0.42409144196951937 0.009375 0.006447831184056272
0 0.684765625 0.4243845252051583 0.01015625 0.007033997655334115
0 0.24375 0.42409144196951937 0.0109375 0.0076201641266119575
0 0.290625 0.4235052754982415 0.0109375 0.0076201641266119575
0 0.214453125 0.42379835873388044 0.01171875 0.008206330597889801
0 0.775390625 0.4223329425556858 0.01015625 0.006447831184056272
0 0.1859375 0.4232121922626026 0.0125 0.008206330597889801
0 0.3125 0.4199882766705744 0.0109375 0.0076201641266119575
0 0.73515625 0.417936694021102 0.0109375 0.007033997655334115
0 0.336328125 0.41822977725674093 0.01015625 0.0076201641266119575
0 0.369921875 0.417936694021102 0.01015625 0.008206330597889801
0 0.753125 0.4126611957796014 0.0109375 0.007033997655334115
0 0.27265625 0.4126611957796014 0.0109375 0.008206330597889801
0 0.15390625 0.4111957796014068 0.0125 0.008792497069167644
0 0.229296875 0.41031652989449 0.01171875 0.008206330597889801
0 0.718359375 0.40855803048065653 0.01015625 0.007033997655334115
0 0.20546875 0.40738569753810083 0.0125 0.008206330597889801
0 0.7765625 0.40650644783118406 0.0109375 0.0076201641266119575
0 0.4546875 0.40416178194607266 0.009375 0.006447831184056272
0 0.29296875 0.4047479484173505 0.0109375 0.0076201641266119575
0 0.32109375 0.40416178194607266 0.0109375 0.0076201641266119575
0 0.348046875 0.40328253223915594 0.01015625 0.007033997655334115
0 0.251171875 0.40386869871043374 0.01171875 0.008206330597889801
0 0.6984375 0.4026963657678781 0.009375 0.007033997655334115
0 0.1765625 0.402989449003517 0.0125 0.008792497069167644
0 0.428125 0.4000586166471278 0.009375 0.0076201641266119575
0 0.47421875 0.3983001172332943 0.009375 0.0076201641266119575
0 0.600390625 0.39683470105509966 0.01015625 0.007033997655334115
0 0.5359375 0.3950762016412661 0.009375 0.007033997655334115
0 0.72890625 0.39449003516998826 0.0109375 0.007033997655334115
0 0.2734375 0.39536928487690504 0.0109375 0.008792497069167644
0 0.372265625 0.39449003516998826 0.01015625 0.008206330597889801
0 0.1484375 0.39419695193434934 0.0125 0.008792497069167644
0 0.76640625 0.39243845252051585 0.009375 0.006447831184056272
0 0.231640625 0.39331770222743256 0.01171875 0.008206330597889801
0 0.405078125 0.3892145369284877 0.01015625 0.008206330597889801
0 0.690625 0.388042203985932 0.009375 0.007033997655334115
0 0.515625 0.3883352872215709 0.009375 0.0076201641266119575
0 0.7453125 0.3874560375146542 0.0109375 0.007033997655334115
0 0.351953125 0.38686987104337633 0.01015625 0.008206330597889801
0 0.2546875 0.38569753810082064 0.0078125 0.005861664712778429
0 0.327734375 0.38481828839390386 0.00546875 0.006447831184056272
0 0.16875 0.38599062133645956 0.0125 0.008792497069167644
0 0.780859375 0.3821805392731536 0.00859375 0.007033997655334115
0 0.622265625 0.38159437280187575 0.00859375 0.007033997655334115
0 0.46796875 0.38188745603751467 0.009375 0.0076201641266119575
0 0.3015625 0.3821805392731536 0.0109375 0.008206330597889801
0 0.7109375 0.3810082063305979 0.0109375 0.007033997655334115
0 0.213671875 0.38159437280187575 0.01171875 0.008206330597889801
0 0.42421875 0.3786635404454865 0.009375 0.007033997655334115
0 0.729296875 0.3783704572098476 0.01171875 0.0076201641266119575
0 0.279296875 0.37807737397420865 0.01015625 0.007033997655334115
0 0.18984375 0.37807737397420865 0.0125 0.008206330597889801
0 0.760546875 0.37719812426729193 0.01015625 0.0076201641266119575
0 0.676171875 0.376905041031653 0.01015625 0.007033997655334115
0 0.388671875 0.376905041031653 0.01015625 0.008206330597889801
0 0.36640625 0.3745603751465416 0.0109375 0.008206330597889801
0 0.15078125 0.37368112543962484 0.0125 0.008792497069167644
0 0.34140625 0.37192262602579135 0.0078125 0.0076201641266119575
0 0.258984375 0.3701641266119578 0.00546875 0.004103165298944901
0 0.694921875 0.37075029308323565 0.01015625 0.0076201641266119575
0 0.770703125 0.36664712778429076 0.00078125 0.0005861664712778429
0 0.561328125 0.36957796014067995 0.01015625 0.0076201641266119575
0 0.231640625 0.36840562719812425 0.01171875 0.0076201641266119575
0 0.4078125 0.3675263774912075 0.009375 0.007033997655334115
0 0.778125 0.3637162954279015 0.0015625 0.0005861664712778429
0 0.77421875 0.3637162954279015 0.0015625 0.0005861664712778429
0 0.31875 0.36664712778429076 0.00625 0.006447831184056272
0 0.29375 0.365767878077374 0.009375 0.007033997655334115
0 0.4625 0.36547479484173506 0.0078125 0.0076201641266119575
0 0.717578125 0.3648886283704572 0.01015625 0.0076201641266119575
0 0.501953125 0.3645955451348183 0.00859375 0.007033997655334115
0 0.204296875 0.3645955451348183 0.01171875 0.008206330597889801
0 0.647265625 0.36107854630715125 0.01015625 0.007033997655334115
0 0.42734375 0.3613716295427902 0.009375 0.0076201641266119575
0 0.680078125 0.3601992966002345 0.01015625 0.0076201641266119575
0 0.6109375 0.3596131301289566 0.009375 0.006447831184056272
0 0.748828125 0.3593200468933177 0.01015625 0.007033997655334115
0 0.354296875 0.35844079718640093 0.00859375 0.0076201641266119575
0 0.385546875 0.3578546307151231 0.01015625 0.0076201641266119575
0 0.271875 0.35726846424384523 0.0109375 0.008792497069167644
0 0.246484375 0.35433763188745604 0.00546875 0.004103165298944901
0 0.702734375 0.35345838218053927 0.01015625 0.007033997655334115
0 0.448046875 0.35316529894490034 0.00546875 0.006447831184056272
0 0.153515625 0.3537514654161782 0.01328125 0.008792497069167644
0 0.5921875 0.3525791324736225 0.009375 0.0076201641266119575
0 0.332421875 0.3528722157092614 0.00546875 0.008206330597889801
0 0.408203125 0.35023446658851115 0.00859375 0.006447831184056272
0 0.306640625 0.3505275498241501 0.01015625 0.008206330597889801
0 0.6609375 0.34906213364595545 0.009375 0.0076201641266119575
0 0.4953125 0.3484759671746776 0.009375 0.0076201641266119575
0 0.640625 0.3455451348182884 0.009375 0.0076201641266119575
0 0.7328125 0.34466588511137164 0.009375 0.007033997655334115
0 0.75546875 0.3443728018757327 0.0109375 0.0076201641266119575
0 0.466796875 0.34349355216881594 0.00859375 0.005861664712778429
0 0.60859375 0.34349355216881594 0.009375 0.007033997655334115
0 0.428125 0.34232121922626024 0.00625 0.004689331770222743
0 0.34921875 0.3417350527549824 0.0078125 0.007033997655334115
0 0.3796875 0.34056271981242675 0.009375 0.005861664712778429
0 0.265625 0.3402696365767878 0.0109375 0.0076201641266119575
0 0.71328125 0.33968347010551 0.009375 0.0076201641266119575
0 0.693359375 0.33909730363423213 0.01015625 0.0076201641266119575
0 0.228125 0.3388042203985932 0.0109375 0.007033997655334115
0 0.58203125 0.33792497069167643 0.009375 0.0076201641266119575
0 0.558984375 0.3376318874560375 0.00859375 0.007033997655334115
0 0.511328125 0.3376318874560375 0.00859375 0.007033997655334115
0 0.290625 0.33792497069167643 0.0078125 0.0076201641266119575
0 0.771484375 0.3364595545134818 0.01171875 0.007033997655334115
0 0.6734375 0.3364595545134818 0.0109375 0.007033997655334115
0 0.446875 0.3355803048065651 0.009375 0.0076201641266119575
0 0.401953125 0.3344079718640094 0.00703125 0.0076201641266119575
0 0.31484375 0.33147713950762014 0.003125 0.005275498241500586
0 0.491015625 0.332063305978898 0.00859375 0.0076201641266119575
0 0.65078125 0.3303048065650645 0.009375 0.0076201641266119575
0 0.335546875 0.32854630715123095 0.00703125 0.005275498241500586
0 0.730859375 0.3291324736225088 0.01015625 0.0076201641266119575
0 0.247265625 0.3288393903868699 0.01015625 0.007033997655334115
0 0.359765625 0.3264947245017585 0.00390625 0.0035169988276670576
0 0.630078125 0.3276670574443142 0.00859375 0.007033997655334115
0 0.419921875 0.32532239155920284 0.01015625 0.007033997655334115
0 0.759765625 0.3215123094958968 0.00078125 0.0005861664712778429
0 0.78359375 0.32444314185228607 0.0109375 0.0076201641266119575
0 0.610546875 0.32415005861664714 0.00859375 0.007033997655334115
0 0.571484375 0.32444314185228607 0.00703125 0.0076201641266119575
0 0.54765625 0.3235638921453693 0.0046875 0.005861664712778429
0 0.70859375 0.3238569753810082 0.009375 0.0076201641266119575
0 0.687109375 0.32327080890973037 0.01015625 0.0076201641266119575
0 0.766796875 0.31858147713950763 0.00078125 0.0005861664712778429
0 0.76328125 0.31858147713950763 0.0015625 0.0005861664712778429
0 0.45859375 0.3215123094958968 0.009375 0.0076201641266119575
0 0.378515625 0.3212192262602579 0.00859375 0.008206330597889801
0 0.29375 0.32092614302461897 0.0109375 0.0076201641266119575
0 0.66640625 0.3203399765533411 0.009375 0.0076201641266119575
0 0.27109375 0.31887456037514655 0.009375 0.007033997655334115
0 0.592578125 0.31477139507620167 0.00859375 0.005861664712778429
0 0.5015625 0.31535756154747946 0.009375 0.007033997655334115
0 0.437890625 0.3156506447831184 0.00859375 0.0076201641266119575
0 0.319140625 0.31477139507620167 0.00703125 0.007033997655334115
0 0.647265625 0.31447831184056274 0.00859375 0.0076201641266119575
0 0.398828125 0.31447831184056274 0.01015625 0.0076201641266119575
0 0.528125 0.3138921453692849 0.009375 0.0076201641266119575
0 0.4765625 0.31330597889800704 0.009375 0.0076201641266119575
0 0.344140625 0.31213364595545134 0.00703125 0.006447831184056272
0 0.720703125 0.31213364595545134 0.01015625 0.0076201641266119575
0 0.62734375 0.3118405627198124 0.009375 0.007033997655334115
0 0.147265625 0.31008206330597887 0.01328125 0.009378663540445486
0 0.701171875 0.30890973036342323 0.01015625 0.008206330597889801
0 0.67890625 0.30803048065650646 0.009375 0.0076201641266119575
0 0.569140625 0.3074443141852286 0.00546875 0.006447831184056272
0 0.546484375 0.30656506447831183 0.00859375 0.007033997655334115
0 0.41875 0.3062719812426729 0.009375 0.0076201641266119575
0 0.292578125 0.3042203985932005 0.00546875 0.0035169988276670576
0 0.6078125 0.30568581477139506 0.009375 0.0076201641266119575
0 0.7625 0.3042203985932005 0.0109375 0.007033997655334115
0 0.457421875 0.3042203985932005 0.01015625 0.007033997655334115
0 0.37890625 0.30392731535756157 0.0109375 0.0076201641266119575
0 0.733203125 0.2998241500586166 0.01015625 0.0076201641266119575
0 0.585546875 0.2995310668229777 0.00859375 0.007033997655334115
0 0.49296875 0.29923798358733883 0.0046875 0.006447831184056272
0 0.65625 0.29923798358733883 0.009375 0.0076201641266119575
0 0.3125 0.2974794841735053 0.009375 0.0076201641266119575
0 0.528125 0.29718640093786636 0.009375 0.008206330597889801
0 0.437890625 0.29689331770222743 0.01015625 0.0076201641266119575
0 0.4 0.29689331770222743 0.0078125 0.0076201641266119575
0 0.7140625 0.2966002344665885 0.0109375 0.008206330597889801
0 0.359375 0.2963071512309496 0.0078125 0.0076201641266119575
0 0.777734375 0.2951348182883939 0.01171875 0.0076201641266119575
0 0.6359375 0.2951348182883939 0.009375 0.0076201641266119575
0 0.33515625 0.29484173505275496 0.009375 0.007033997655334115
0 0.693359375 0.29396248534583824 0.00859375 0.0076201641266119575
0 0.55703125 0.29191090269636577 0.009375 0.007033997655334115
0 0.673046875 0.291031652989449 0.01015625 0.0076201641266119575
0 0.149609375 0.2913247362250879 0.01328125 0.009378663540445486
0 0.601953125 0.2898593200468933 0.00703125 0.0076201641266119575
0 0.51015625 0.2898593200468933 0.00625 0.0076201641266119575
0 0.76015625 0.28839390386869873 0.0109375 0.007033997655334115
0 0.458984375 0.2869284876905041 0.00390625 0.005275498241500586
0 0.25625 0.2878077373974209 0.009375 0.007033997655334115
0 0.4171875 0.2878077373974209 0.0109375 0.008206330597889801
0 0.2859375 0.2854630715123095 0.0078125 0.005861664712778429
0 0.576953125 0.2845838218053927 0.00703125 0.006447831184056272
0 0.621484375 0.28399765533411486 0.00703125 0.0076201641266119575
0 0.37421875 0.28399765533411486 0.009375 0.0076201641266119575
0 0.73515625 0.28341148886283707 0.0109375 0.0076201641266119575
0 0.655078125 0.2828253223915592 0.01015625 0.0076201641266119575
0 0.53828125 0.2828253223915592 0.009375 0.0076201641266119575
0 0.31640625 0.2804806565064478 0.009375 0.0076201641266119575
0 0.705078125 0.27960140679953105 0.01015625 0.008206330597889801
0 0.43671875 0.2793083235638921 0.009375 0.0076201641266119575
0 0.395703125 0.27960140679953105 0.01015625 0.008206330597889801
0 0.476171875 0.2787221570926143 0.00703125 0.0076201641266119575
0 0.3390625 0.27784290738569756 0.009375 0.007033997655334115
0 0.682421875 0.2769636576787808 0.01015625 0.0076201641266119575
0 0.559375 0.2749120750293083 0.00625 0.005861664712778429
0 0.497265625 0.2749120750293083 0.01015625 0.007033997655334115
0 0.591015625 0.27403282532239154 0.00859375 0.0076201641266119575
0 0.519921875 0.2734466588511137 0.00859375 0.0076201641266119575
0 0.76484375 0.27256740914419697 0.0109375 0.007033997655334115
0 0.637109375 0.27256740914419697 0.01015625 0.007033997655334115
0 0.415625 0.2708089097303634 0.00625 0.004689331770222743
0 0.455078125 0.2702227432590856 0.00859375 0.007033997655334115
0 0.6140625 0.2690504103165299 0.0046875 0.005861664712778429
0 0.2875 0.2693434935521688 0.0078125 0.006447831184056272
0 0.742578125 0.26875732708089095 0.01015625 0.0076201641266119575
0 0.371484375 0.2664126611957796 0.01015625 0.006447831184056272
0 0.655859375 0.2664126611957796 0.00859375 0.0076201641266119575
0 0.539453125 0.26553341148886284 0.00859375 0.007033997655334115
0 0.6953125 0.2640679953106682 0.0109375 0.0076201641266119575
0 0.48359375 0.26289566236811257 0.00625 0.006447831184056272
0 0.4359375 0.26260257913247365 0.0046875 0.005861664712778429
0 0.34921875 0.26318874560375144 0.009375 0.007033997655334115
0 0.675 0.2623094958968347 0.009375 0.0076201641266119575
0 0.39375 0.261137162954279 0.009375 0.0076201641266119575
0 0.713671875 0.2608440797186401 0.01171875 0.008206330597889801
0 0.57890625 0.2587924970691676 0.0078125 0.006447831184056272
0 0.55859375 0.25615474794841736 0.00625 0.004689331770222743
0 0.640625 0.2555685814771395 0.00625 0.007033997655334115
0 0.522265625 0.2552754982415006 0.00859375 0.0076201641266119575
0 0.501171875 0.25468933177022274 0.00703125 0.006447831184056272
0 0.3296875 0.2543962485345838 0.0078125 0.005861664712778429
0 0.807421875 0.25468933177022274 0.01015625 0.0076201641266119575
0 0.462109375 0.2543962485345838 0.01015625 0.007033997655334115
0 0.4140625 0.2523446658851114 0.0046875 0.005275498241500586
0 0.657421875 0.24970691676436108 0.00859375 0.007033997655334115
0 0.442578125 0.2473622508792497 0.00859375 0.007033997655334115
0 0.61484375 0.2456037514654162 0.009375 0.007033997655334115
0 0.481640625 0.24355216881594371 0.00390625 0.0029308323563892145
0 0.67734375 0.24531066822977726 0.009375 0.0076201641266119575
0 0.590234375 0.24531066822977726 0.00859375 0.0076201641266119575
0 0.705078125 0.24413833528722156 0.01015625 0.0076201641266119575
0 0.569140625 0.24325908558030482 0.00859375 0.007033997655334115
0 0.3953125 0.24062133645955452 0.0046875 0.005275498241500586
0 0.528125 0.23944900351699883 0.0078125 0.006447831184056272
0 0.63359375 0.23886283704572098 0.009375 0.0076201641266119575
0 0.459765625 0.23563892145369286 0.00859375 0.007033997655334115
0 0.6609375 0.2335873388042204 0.009375 0.0076201641266119575
0 0.602734375 0.2321219226260258 0.00859375 0.007033997655334115
0 0.495703125 0.23124267291910902 0.00546875 0.0076201641266119575
0 0.34375 0.22977725674091443 0.00625 0.004689331770222743
0 0.68046875 0.2294841735052755 0.009375 0.0076201641266119575
0 0.57578125 0.2268464243845252 0.0078125 0.005861664712778429
0 0.3703125 0.2268464243845252 0.009375 0.007033997655334115
0 0.760546875 0.22626025791324736 0.01015625 0.008206330597889801
0 0.626171875 0.22303634232121922 0.00859375 0.0076201641266119575
0 0.51171875 0.2212778429073857 0.0078125 0.005275498241500586
0 0.737109375 0.2212778429073857 0.01015625 0.0076201641266119575
0 0.69765625 0.21893317702227433 0.0109375 0.0076201641266119575
0 0.483203125 0.2171746776084408 0.00546875 0.006447831184056272
0 0.46171875 0.21512309495896834 0.0046875 0.005861664712778429
0 0.28203125 0.21541617819460726 0.0078125 0.0076201641266119575
0 0.7171875 0.21483001172332944 0.0109375 0.0076201641266119575
0 0.67421875 0.20662368112543963 0.009375 0.0076201641266119575
0 0.258203125 0.20545134818288394 0.01015625 0.0076201641266119575
0 0.31328125 0.19841735052754983 0.0078125 0.006447831184056272
0 0.231640625 0.19753810082063306 0.01015625 0.004689331770222743
0 0.278515625 0.19724501758499413 0.00859375 0.005275498241500586
0 0.51796875 0.19460726846424384 0.0046875 0.0035169988276670576
0 0.466015625 0.19607268464243846 0.00859375 0.006447831184056272
0 0.44375 0.1910902696365768 0.0078125 0.007033997655334115
0 0.179296875 0.18112543962485345 0.01171875 0.009378663540445486
