0 0.2515625 0.9167643610785463 0.003125 0.0035169988276670576
0 0.515625 0.8936107854630715 0.0078125 0.008792497069167644
0 0.1765625 0.8813012895662368 0.0015625 0.0005861664712778429
0 0.662109375 0.8833528722157092 0.01171875 0.010550996483001172
0 0.33828125 0.876905041031653 0.0109375 0.005861664712778429
0 0.562890625 0.8751465416178195 0.01171875 0.008206330597889801
0 0.5984375 0.8725087924970691 0.0078125 0.0076201641266119575
0 0.3734375 0.8675263774912075 0.0015625 0.0011723329425556857
0 0.526171875 0.8716295427901524 0.01171875 0.010550996483001172
0 0.628515625 0.8681125439624854 0.00859375 0.007033997655334115
0 0.33671875 0.8590269636576788 0.00625 0.005275498241500586
0 0.305859375 0.8587338804220399 0.00703125 0.007033997655334115
0 0.239453125 0.8558030480656507 0.00546875 0.004689331770222743
0 0.2328125 0.8537514654161782 0.0015625 0.0005861664712778429
0 0.213671875 0.8502344665885111 0.01171875 0.005275498241500586
0 0.375 0.85052754982415 0.0125 0.007033997655334115
0 0.4765625 0.8420281359906213 0.009375 0.005275498241500586
0 0.445703125 0.8426143024618992 0.00390625 0.0076201641266119575
0 0.62421875 0.8423212192262602 0.0109375 0.009378663540445486
0 0.58203125 0.8408558030480656 0.00625 0.006447831184056272
0 0.29765625 0.8332356389214537 0.0125 0.008792497069167644
0 0.254296875 0.8305978898007034 0.00546875 0.007033997655334115
0 0.346484375 0.828253223915592 0.00390625 0.0035169988276670576
0 0.427734375 0.8308909730363423 0.01171875 0.011137162954279016
0 0.461328125 0.8273739742086753 0.01171875 0.00996483001172333
0 0.665625 0.8238569753810082 0.0078125 0.008792497069167644
0 0.274609375 0.8179953106682297 0.00078125 0.0005861664712778429
0 0.300390625 0.8144783118405627 0.00859375 0.006447831184056272
0 0.63984375 0.8124267291910903 0.009375 0.008206330597889801
0 0.21015625 0.8112543962485346 0.0046875 0.007033997655334115
0 0.680859375 0.809495896834701 0.00859375 0.008206330597889801
0 0.6609375 0.8053927315357562 0.003125 0.004689331770222743
0 0.526953125 0.805978898007034 0.01171875 0.010550996483001172
0 0.609765625 0.8045134818288394 0.01171875 0.008792497069167644
0 0.325390625 0.8007033997655334 0.01015625 0.008206330597889801
0 0.584765625 0.798358733880422 0.00546875 0.004689331770222743
0 0.202734375 0.7939624853458382 0.00078125 0.0005861664712778429
0 0.286328125 0.7977725674091442 0.01171875 0.009378663540445486
0 0.678515625 0.7913247362250879 0.00546875 0.005861664712778429
0 0.455859375 0.7898593200468933 0.01171875 0.00996483001172333
0 0.498046875 0.7892731535756154 0.01171875 0.00996483001172333
0 0.230859375 0.7851699882766706 0.00546875 0.006447831184056272
0 0.625 0.7848769050410317 0.0109375 0.008206330597889801
0 0.54140625 0.7839976553341149 0.0078125 0.0076201641266119575
0 0.255859375 0.7810668229777257 0.00234375 0.004103165298944901
0 0.323046875 0.7810668229777257 0.00390625 0.0076201641266119575
0 0.60390625 0.7784290738569754 0.0109375 0.009378663540445486
0 0.69921875 0.7772567409144197 0.0109375 0.009378663540445486
0 0.197265625 0.7728604923798359 0.00078125 0.0005861664712778429
0 0.4828125 0.7743259085580305 0.003125 0.004689331770222743
0 0.400390625 0.7743259085580305 0.00703125 0.009378663540445486
0 0.673828125 0.7731535756154748 0.01171875 0.008206330597889801
0 0.158203125 0.7716881594372802 0.00390625 0.006447831184056272
0 0.794921875 0.7716881594372802 0.01171875 0.00996483001172333
0 0.2203125 0.7693434935521688 0.0046875 0.006447831184056272
0 0.7421875 0.7702227432590856 0.0125 0.009378663540445486
0 0.621484375 0.764947245017585 0.01171875 0.007033997655334115
0 0.25234375 0.7631887456037515 0.00625 0.0035169988276670576
0 0.7171875 0.7608440797186401 0.0125 0.008206330597889801
0 0.300390625 0.7579132473622509 0.01015625 0.005861664712778429
0 0.47109375 0.757327080890973 0.0109375 0.007033997655334115
0 0.274609375 0.7570339976553341 0.00859375 0.006447831184056272
0 0.341015625 0.7564478311840562 0.01171875 0.0076201641266119575
0 0.208984375 0.7552754982415005 0.00703125 0.006447831184056272
0 0.684375 0.7549824150058617 0.0125 0.009378663540445486
0 0.594140625 0.7546893317702228 0.01171875 0.00996483001172333
0 0.36640625 0.7511723329425557 0.0046875 0.006447831184056272
0 0.390625 0.746189917936694 0.003125 0.0023446658851113715
0 0.653515625 0.7479484173505275 0.01171875 0.008206330597889801
0 0.62109375 0.7470691676436108 0.0046875 0.006447831184056272
0 0.321875 0.7464830011723329 0.0109375 0.008792497069167644
0 0.290625 0.7429660023446659 0.003125 0.0029308323563892145
0 0.256640625 0.7441383352872216 0.00703125 0.006447831184056272
0 0.718359375 0.742672919109027 0.01171875 0.008206330597889801
0 0.216796875 0.7368112543962485 0.01015625 0.007033997655334115
0 0.186328125 0.7362250879249707 0.00859375 0.005861664712778429
0 0.602734375 0.7359320046893317 0.01015625 0.008792497069167644
0 0.799609375 0.7341735052754983 0.01171875 0.008792497069167644
0 0.64453125 0.7324150058616647 0.009375 0.008792497069167644
0 0.39375 0.7286049237983587 0.009375 0.008206330597889801
0 0.308203125 0.7250879249706916 0.00703125 0.005861664712778429
0 0.7515625 0.7250879249706916 0.0125 0.009378663540445486
0 0.6234375 0.7253810082063306 0.0109375 0.00996483001172333
0 0.203515625 0.7224501758499414 0.01015625 0.005275498241500586
0 0.25 0.7227432590855803 0.0125 0.007033997655334115
0 0.515625 0.7215709261430246 0.009375 0.009378663540445486
0 0.17421875 0.7192262602579133 0.009375 0.007033997655334115
0 0.283203125 0.7171746776084408 0.00859375 0.006447831184056272
0 0.733203125 0.7142438452520515 0.01171875 0.0076201641266119575
0 0.359765625 0.7118991793669402 0.01171875 0.0076201641266119575
0 0.783984375 0.7095545134818289 0.00546875 0.0076201641266119575
0 0.21796875 0.7077960140679953 0.0109375 0.006447831184056272
0 0.193359375 0.7045720984759671 0.01171875 0.007033997655334115
0 0.244921875 0.7013481828839391 0.00703125 0.005275498241500586
0 0.759765625 0.701641266119578 0.00703125 0.007033997655334115
0 0.6125 0.7019343493552169 0.0109375 0.008792497069167644
0 0.15625 0.6969519343493552 0.0109375 0.007033997655334115
0 0.734375 0.6963657678780774 0.0109375 0.008206330597889801
0 0.7015625 0.6963657678780774 0.0109375 0.008206330597889801
0 0.304296875 0.6951934349355217 0.01171875 0.007033997655334115
0 0.782421875 0.69021101992966 0.00078125 0.0005861664712778429
0 0.329296875 0.6931418522860492 0.01171875 0.0076201641266119575
0 0.781640625 0.6890386869871044 0.00078125 0.0005861664712778429
0 0.483203125 0.6916764361078547 0.01171875 0.009378663540445486
0 0.1796875 0.69021101992966 0.0109375 0.006447831184056272
0 0.778515625 0.6869871043376319 0.00234375 0.0011723329425556857
0 0.225390625 0.6893317702227433 0.01171875 0.007033997655334115
0 0.7203125 0.682590855803048 0.0109375 0.0076201641266119575
0 0.203125 0.6814185228604924 0.0125 0.0076201641266119575
0 0.355859375 0.6814185228604924 0.01171875 0.008792497069167644
0 0.692578125 0.6802461899179367 0.00859375 0.0076201641266119575
0 0.3125 0.6776084407971864 0.0125 0.009378663540445486
0 0.75546875 0.6767291910902696 0.0125 0.008792497069167644
0 0.644921875 0.6758499413833529 0.01171875 0.008206330597889801
0 0.271484375 0.6743845252051582 0.01015625 0.006447831184056272
0 0.182421875 0.6702813599062134 0.01171875 0.006447831184056272
0 0.73359375 0.6685228604923799 0.0109375 0.008792497069167644
0 0.225390625 0.6685228604923799 0.01328125 0.008792497069167644
0 0.711328125 0.6673505275498242 0.00859375 0.008792497069167644
0 0.29375 0.6661781946072685 0.0125 0.0076201641266119575
0 0.25 0.664126611957796 0.0125 0.007033997655334115
0 0.778125 0.6594372801875733 0.0125 0.008206330597889801
0 0.204296875 0.6556271981242673 0.01171875 0.0076201641266119575
0 0.694140625 0.6553341148886284 0.01171875 0.008206330597889801
0 0.58671875 0.6550410316529894 0.0109375 0.008792497069167644
0 0.16796875 0.6538686987104337 0.0125 0.006447831184056272
0 0.278515625 0.6524032825322391 0.01171875 0.008206330597889801
0 0.333984375 0.6506447831184057 0.01171875 0.007033997655334115
0 0.75859375 0.6509378663540446 0.009375 0.008792497069167644
0 0.81484375 0.6488862837045721 0.0078125 0.007033997655334115
0 0.303125 0.6491793669402111 0.0109375 0.0076201641266119575
0 0.228515625 0.6485932004689332 0.01015625 0.0076201641266119575
0 0.71875 0.6462485345838218 0.0109375 0.008792497069167644
0 0.254296875 0.645369284876905 0.01171875 0.007033997655334115
0 0.187109375 0.6418522860492379 0.01171875 0.005861664712778429
0 0.794921875 0.641559202813599 0.01171875 0.0076201641266119575
0 0.68671875 0.6392145369284877 0.0109375 0.008792497069167644
0 0.15625 0.6374560375146542 0.0109375 0.006447831184056272
0 0.21328125 0.634232121922626 0.0109375 0.005861664712778429
0 0.321875 0.6348182883939039 0.0125 0.009378663540445486
0 0.2734375 0.6336459554513482 0.0125 0.008206330597889801
0 0.23828125 0.6318874560375146 0.0125 0.007033997655334115
0 0.73984375 0.6286635404454866 0.0125 0.008792497069167644
0 0.715234375 0.6280773739742087 0.01171875 0.0076201641266119575
0 0.79296875 0.6248534583821805 0.00625 0.005861664712778429
0 0.2984375 0.6251465416178195 0.0125 0.006447831184056272
0 0.19296875 0.6225087924970691 0.0078125 0.005861664712778429
0 0.1625 0.6186987104337632 0.0109375 0.006447831184056272
0 0.223046875 0.6175263774912075 0.01171875 0.0076201641266119575
0 0.588671875 0.6151817116060961 0.01015625 0.006447831184056272
0 0.24765625 0.6131301289566237 0.0109375 0.005861664712778429
0 0.7171875 0.6110785463071512 0.0109375 0.0076201641266119575
0 0.782421875 0.6087338804220399 0.01171875 0.0076201641266119575
0 0.2953125 0.6078546307151231 0.0125 0.009378663540445486
0 0.75078125 0.6055099648300117 0.00625 0.005861664712778429
0 0.182421875 0.6055099648300117 0.00859375 0.005861664712778429
0 0.2703125 0.6052168815943728 0.0125 0.006447831184056272
0 0.2078125 0.6028722157092614 0.00625 0.004103165298944901
0 0.56171875 0.6031652989449003 0.009375 0.005861664712778429
0 0.23359375 0.5996483001172332 0.0125 0.007033997655334115
0 0.326953125 0.5978898007033998 0.01171875 0.008206330597889801
0 0.7296875 0.597303634232122 0.0109375 0.008206330597889801
0 0.150390625 0.5967174677608441 0.01328125 0.007033997655334115
0 0.689453125 0.5879249706916765 0.01015625 0.008206330597889801
0 0.3 0.5847010550996483 0.0015625 0.0017584994138335288
0 0.263671875 0.5873388042203986 0.01328125 0.007033997655334115
0 0.30859375 0.5852872215709262 0.00625 0.005275498241500586
0 0.21640625 0.5852872215709262 0.009375 0.005275498241500586
0 0.189453125 0.5852872215709262 0.00703125 0.005275498241500586
0 0.553125 0.5849941383352872 0.0109375 0.007033997655334115
0 0.241015625 0.5803048065650644 0.01171875 0.005861664712778429
0 0.7984375 0.5797186400937866 0.0109375 0.008206330597889801
0 0.167578125 0.5779601406799532 0.01171875 0.005861664712778429
0 0.70625 0.5759085580304807 0.009375 0.008792497069167644
0 0.287109375 0.5720984759671747 0.01328125 0.007033997655334115
0 0.68515625 0.5703399765533411 0.0109375 0.008206330597889801
0 0.257421875 0.5671160609613131 0.01171875 0.006447831184056272
0 0.22109375 0.5665298944900352 0.0078125 0.005275498241500586
0 0.1515625 0.5630128956623681 0.0109375 0.006447831184056272
0 0.177734375 0.5609613130128956 0.01015625 0.005861664712778429
0 0.74453125 0.5592028135990621 0.009375 0.007033997655334115
0 0.32265625 0.5533411488862837 0.0125 0.007033997655334115
0 0.20078125 0.5504103165298945 0.0046875 0.0035169988276670576
0 0.637890625 0.5509964830011723 0.01015625 0.007033997655334115
0 0.23359375 0.5504103165298945 0.0125 0.005861664712778429
0 0.58515625 0.5471864009378663 0.0046875 0.0029308323563892145
0 0.6703125 0.5492379835873388 0.0109375 0.008206330597889801
0 0.297265625 0.5445486518171161 0.01328125 0.007033997655334115
0 0.257421875 0.5436694021101993 0.01015625 0.006447831184056272
0 0.16953125 0.5430832356389215 0.00625 0.005275498241500586
0 0.4125 0.5395662368112544 0.0046875 0.0029308323563892145
0 0.56015625 0.5416178194607268 0.0109375 0.008206330597889801
0 0.794921875 0.5383939038686987 0.00546875 0.006447831184056272
0 0.216796875 0.536928487690504 0.01171875 0.005861664712778429
0 0.192578125 0.5328253223915592 0.01015625 0.005861664712778429
0 0.77421875 0.5301875732708089 0.009375 0.0076201641266119575
0 0.30625 0.5272567409144197 0.0125 0.0076201641266119575
0 0.243359375 0.5257913247362251 0.01171875 0.005861664712778429
0 0.282421875 0.5243259085580305 0.01015625 0.006447831184056272
0 0.565234375 0.5243259085580305 0.01015625 0.0076201641266119575
0 0.401953125 0.5213950762016413 0.01015625 0.006447831184056272
0 0.36328125 0.5158264947245017 0.0125 0.007033997655334115
0 0.300390625 0.5123094958968347 0.00234375 0.0011723329425556857
0 0.78671875 0.5134818288393904 0.0109375 0.008206330597889801
0 0.26328125 0.5120164126611958 0.0125 0.006447831184056272
0 0.171484375 0.5117233294255569 0.01015625 0.005861664712778429
0 0.196484375 0.5105509964830012 0.01171875 0.005861664712778429
0 0.322265625 0.5096717467760844 0.01171875 0.006447831184056272
0 0.237890625 0.5079132473622509 0.01171875 0.006447831184056272
0 0.732421875 0.5043962485345839 0.01015625 0.0076201641266119575
0 0.3453125 0.5035169988276671 0.0125 0.007033997655334115
0 0.278515625 0.49824150058616645 0.01171875 0.007033997655334115
0 0.37109375 0.4985345838218054 0.0125 0.008792497069167644
0 0.813671875 0.4958968347010551 0.01015625 0.008206330597889801
0 0.68671875 0.49501758499413834 0.0109375 0.0076201641266119575
0 0.162109375 0.4944314185228605 0.01328125 0.006447831184056272
0 0.25390625 0.49413833528722156 0.0125 0.007033997655334115
0 0.197265625 0.4903282532239156 0.00390625 0.0017584994138335288
0 0.30234375 0.49208675263774915 0.0125 0.006447831184056272
0 0.3265625 0.4917936694021102 0.0125 0.007033997655334115
0 0.199609375 0.48856975381008205 0.00078125 0.0005861664712778429
0 0.18828125 0.488862837045721 0.0015625 0.0011723329425556857
0 0.228125 0.4906213364595545 0.0109375 0.005861664712778429
0 0.54453125 0.4891559202813599 0.0109375 0.0076201641266119575
0 0.74140625 0.488862837045721 0.009375 0.008206330597889801
0 0.415234375 0.48710433763188743 0.01015625 0.005861664712778429
0 0.353125 0.48534583821805394 0.0125 0.007033997655334115
0 0.391796875 0.4838804220398593 0.01171875 0.0076201641266119575
0 0.2828125 0.48124267291910905 0.0046875 0.0035169988276670576
0 0.27421875 0.4803634232121923 0.0015625 0.0017584994138335288
0 0.773046875 0.4806565064478312 0.01171875 0.008206330597889801
0 0.81015625 0.4765533411488863 0.0125 0.007033997655334115
0 0.330859375 0.4727432590855803 0.00234375 0.0017584994138335288
0 0.211328125 0.4742086752637749 0.01328125 0.005861664712778429
0 0.30390625 0.47332942555685814 0.0078125 0.005275498241500586
0 0.237890625 0.47450175849941384 0.01328125 0.0076201641266119575
0 0.463671875 0.4712778429073857 0.00859375 0.0035169988276670576
0 0.456640625 0.46922626025791325 0.00078125 0.0005861664712778429
0 0.49296875 0.4709847596717468 0.0109375 0.006447831184056272
0 0.403125 0.466295427901524 0.0078125 0.005275498241500586
0 0.35234375 0.4671746776084408 0.0109375 0.008206330597889801
0 0.833984375 0.46658851113716293 0.00859375 0.008206330597889801
0 0.43671875 0.46512309495896836 0.003125 0.005275498241500586
0 0.790234375 0.46483001172332944 0.00859375 0.005861664712778429
0 0.28984375 0.4633645955451348 0.0046875 0.004103165298944901
0 0.260546875 0.46395076201641267 0.01328125 0.006447831184056272
0 0.37578125 0.4601406799531067 0.0125 0.005861664712778429
0 0.7046875 0.4604337631887456 0.0109375 0.0076201641266119575
0 0.8140625 0.45926143024618993 0.0078125 0.0076201641266119575
0 0.315625 0.4575029308323564 0.0109375 0.006447831184056272
0 0.230078125 0.45691676436107853 0.01328125 0.0076201641266119575
0 0.204296875 0.45808909730363423 0.01328125 0.00996483001172333
0 0.475 0.4545720984759672 0.009375 0.004103165298944901
0 0.7671875 0.45515826494724504 0.0125 0.008792497069167644
0 0.33828125 0.45164126611957794 0.0109375 0.006447831184056272
0 0.39921875 0.44958968347010553 0.00625 0.0035169988276670576
0 0.3921875 0.4490035169988277 0.003125 0.0023446658851113715
0 0.179296875 0.45193434935521687 0.01328125 0.008206330597889801
0 0.3 0.4469519343493552 0.0046875 0.0029308323563892145
0 0.690234375 0.4481242672919109 0.00859375 0.006447831184056272
0 0.719140625 0.44724501758499413 0.01015625 0.008206330597889801
0 0.270703125 0.4457796014067995 0.00859375 0.005275498241500586
0 0.7984375 0.4469519343493552 0.0125 0.008792497069167644
0 0.362109375 0.44636576787807736 0.01171875 0.008792497069167644
0 0.826171875 0.444021101992966 0.01015625 0.006447831184056272
0 0.43359375 0.4437280187573271 0.0109375 0.005861664712778429
0 0.6703125 0.4416764361078546 0.0078125 0.004103165298944901
0 0.663671875 0.43874560375146543 0.00078125 0.0005861664712778429
0 0.31953125 0.4396248534583822 0.0125 0.005861664712778429
0 0.741015625 0.44021101992966 0.01015625 0.008206330597889801
0 0.48671875 0.43786635404454866 0.0109375 0.008206330597889801
0 0.162890625 0.4369871043376319 0.01484375 0.0076201641266119575
0 0.63828125 0.43669402110199296 0.0109375 0.008206330597889801
0 0.2171875 0.4361078546307151 0.0125 0.008206330597889801
0 0.34296875 0.43376318874560377 0.0125 0.007033997655334115
0 0.421875 0.4317116060961313 0.0046875 0.004103165298944901
0 0.24375 0.43112543962485345 0.0109375 0.005275498241500586
0 0.722265625 0.4296600234466589 0.01171875 0.008206330597889801
0 0.365625 0.4273153575615475 0.0109375 0.007033997655334115
0 0.29609375 0.4273153575615475 0.0125 0.008206330597889801
0 0.183984375 0.42790152403282533 0.01484375 0.010550996483001172
0 0.27578125 0.4232121922626026 0.00625 0.0035169988276670576
0 0.26640625 0.4220398593200469 0.0015625 0.0011723329425556857
0 0.743359375 0.42262602579132474 0.01171875 0.008206330597889801
0 0.3234375 0.4211606096131301 0.0109375 0.005275498241500586
0 0.6515625 0.42174677608440797 0.0109375 0.0076201641266119575
0 0.477734375 0.42145369284876905 0.01171875 0.008206330597889801
0 0.573828125 0.4199882766705744 0.01171875 0.008792497069167644
0 0.8375 0.4194021101992966 0.0125 0.008792497069167644
0 0.78046875 0.41735052754982416 0.0125 0.008206330597889801
0 0.225 0.4176436107854631 0.0125 0.00996483001172333
0 0.347265625 0.41500586166471276 0.01015625 0.005861664712778429
0 0.5 0.41295427901524034 0.009375 0.005275498241500586
0 0.303125 0.4114888628370457 0.0109375 0.004689331770222743
0 0.412890625 0.4114888628370457 0.01015625 0.005861664712778429
0 0.252734375 0.4114888628370457 0.01328125 0.005861664712778429
0 0.38828125 0.40885111371629546 0.0109375 0.006447831184056272
0 0.183203125 0.40885111371629546 0.01484375 0.00996483001172333
0 0.327734375 0.402989449003517 0.01171875 0.005275498241500586
0 0.821484375 0.40386869871043374 0.01171875 0.008206330597889801
0 0.36484375 0.402989449003517 0.009375 0.006447831184056272
0 0.2796875 0.40211019929660025 0.0125 0.007033997655334115
0 0.735546875 0.4015240328253224 0.01015625 0.008206330597889801
0 0.757421875 0.40093786635404455 0.01015625 0.008206330597889801
0 0.77890625 0.4000586166471278 0.0125 0.008792497069167644
0 0.712890625 0.4000586166471278 0.01171875 0.008792497069167644
0 0.162890625 0.39654161781946073 0.01484375 0.011137162954279016
0 0.4125 0.39273153575615477 0.0109375 0.005861664712778429
0 0.437109375 0.39243845252051585 0.01015625 0.0076201641266119575
0 0.242578125 0.39273153575615477 0.01171875 0.008206330597889801
0 0.299609375 0.39155920281359907 0.01171875 0.008206330597889801
0 0.190625 0.3909730363423212 0.0125 0.009378663540445486
0 0.83203125 0.3886283704572098 0.0125 0.008206330597889801
0 0.217578125 0.3895076201641266 0.01328125 0.00996483001172333
0 0.348828125 0.38716295427901526 0.01015625 0.006447831184056272
0 0.805078125 0.38686987104337633 0.01171875 0.008206330597889801
0 0.266796875 0.38686987104337633 0.01328125 0.008206330597889801
0 0.4890625 0.3865767878077374 0.0109375 0.008792497069167644
0 0.465625 0.3854044548651817 0.0109375 0.006447831184056272
0 0.373828125 0.38481828839390386 0.01171875 0.006447831184056272
0 0.3234375 0.3854044548651817 0.0109375 0.0076201641266119575
0 0.727734375 0.3851113716295428 0.01015625 0.008206330597889801
0 0.787109375 0.3810082063305979 0.00078125 0.0011723329425556857
0 0.784765625 0.3795427901524033 0.00078125 0.0005861664712778429
0 0.758203125 0.38364595545134816 0.01015625 0.008792497069167644
0 0.782421875 0.3789566236811254 0.00234375 0.0005861664712778429
0 0.70546875 0.38159437280187575 0.0109375 0.008206330597889801
0 0.3953125 0.3783704572098476 0.0125 0.006447831184056272
0 0.816015625 0.3745603751465416 0.00078125 0.0011723329425556857
0 0.426953125 0.3757327080890973 0.01171875 0.007033997655334115
0 0.507421875 0.37514654161781946 0.01015625 0.007033997655334115
0 0.16953125 0.3754396248534584 0.0109375 0.008792497069167644
0 0.8234375 0.3710433763188746 0.009375 0.0035169988276670576
0 0.571875 0.37280187573270807 0.0109375 0.007033997655334115
0 0.30390625 0.37280187573270807 0.0125 0.007033997655334115
0 0.246484375 0.37280187573270807 0.01328125 0.010550996483001172
0 0.19453125 0.37250879249706914 0.0125 0.00996483001172333
0 0.278125 0.36957796014067995 0.0109375 0.005275498241500586
0 0.549609375 0.3701641266119578 0.01015625 0.0076201641266119575
0 0.35859375 0.3698710433763189 0.0125 0.007033997655334115
0 0.6265625 0.36840562719812425 0.0078125 0.005275498241500586
0 0.334375 0.3698710433763189 0.0125 0.009378663540445486
0 0.22109375 0.3701641266119578 0.0140625 0.00996483001172333
0 0.769140625 0.3686987104337632 0.01171875 0.008206330597889801
0 0.7921875 0.3675263774912075 0.0109375 0.008206330597889801
0 0.730078125 0.3678194607268464 0.01171875 0.008792497069167644
0 0.469140625 0.36811254396248533 0.01171875 0.009378663540445486
0 0.6765625 0.3669402110199297 0.0109375 0.008206330597889801
0 0.38203125 0.36313012895662367 0.0125 0.006447831184056272
0 0.415234375 0.3590269636576788 0.01171875 0.006447831184056272
0 0.8109375 0.35756154747948415 0.0109375 0.008206330597889801
0 0.509765625 0.3560961313012896 0.00859375 0.005275498241500586
0 0.315234375 0.3560961313012896 0.00859375 0.006447831184056272
0 0.2609375 0.35726846424384523 0.0125 0.008792497069167644
0 0.4421875 0.3560961313012896 0.0109375 0.0076201641266119575
0 0.1796875 0.35726846424384523 0.0140625 0.00996483001172333
0 0.6109375 0.35433763188745604 0.0109375 0.0076201641266119575
0 0.23515625 0.35433763188745604 0.0125 0.008792497069167644
0 0.83671875 0.3537514654161782 0.0125 0.008792497069167644
0 0.551171875 0.3516998827667057 0.01171875 0.005861664712778429
0 0.36171875 0.350820633059789 0.0078125 0.006447831184056272
0 0.768359375 0.3511137162954279 0.00859375 0.008206330597889801
0 0.737109375 0.350820633059789 0.01171875 0.008792497069167644
0 0.790625 0.3496483001172333 0.0109375 0.008792497069167644
0 0.67578125 0.34906213364595545 0.0078125 0.0076201641266119575
0 0.46484375 0.3493552168815944 0.0109375 0.008206330597889801
0 0.21015625 0.3496483001172333 0.0140625 0.00996483001172333
0 0.489453125 0.34788980070339975 0.01015625 0.0076201641266119575
0 0.33515625 0.34759671746776083 0.0125 0.008206330597889801
0 0.29296875 0.34671746776084406 0.0125 0.006447831184056272
0 0.648046875 0.34613130128956626 0.01015625 0.0076201641266119575
0 0.383984375 0.34495896834701056 0.00703125 0.006447831184056272
0 0.5265625 0.3440797186400938 0.009375 0.007033997655334115
0 0.40625 0.3417350527549824 0.009375 0.005861664712778429
0 0.82109375 0.3420281359906213 0.009375 0.0076201641266119575
0 0.705859375 0.3408558030480657 0.00859375 0.0076201641266119575
0 0.62578125 0.3408558030480657 0.0109375 0.0076201641266119575
0 0.251171875 0.3399765533411489 0.01328125 0.009378663540445486
0 0.59609375 0.33821805392731535 0.0109375 0.008206330597889801
0 0.314453125 0.33704572098475966 0.00703125 0.005861664712778429
0 0.171875 0.33821805392731535 0.0140625 0.010550996483001172
0 0.751171875 0.33675263774912073 0.01171875 0.008792497069167644
0 0.84140625 0.3361664712778429 0.0109375 0.008792497069167644
0 0.777734375 0.3355803048065651 0.01171875 0.0076201641266119575
0 0.5734375 0.3361664712778429 0.0109375 0.008792497069167644
0 0.5046875 0.33382180539273154 0.0109375 0.0076201641266119575
0 0.428515625 0.33382180539273154 0.01015625 0.0076201641266119575
0 0.274609375 0.3344079718640094 0.01328125 0.008792497069167644
0 0.685546875 0.33294255568581477 0.01015625 0.007033997655334115
0 0.2265625 0.3332356389214537 0.0140625 0.00996483001172333
0 0.3375 0.3288393903868699 0.00625 0.0035169988276670576
0 0.46328125 0.3303048065650645 0.0109375 0.0076201641266119575
0 0.548046875 0.3303048065650645 0.01171875 0.008792497069167644
0 0.19609375 0.3305978898007034 0.0125 0.009378663540445486
0 0.659765625 0.3267878077373974 0.00390625 0.005275498241500586
0 0.387890625 0.32708089097303633 0.00859375 0.007033997655334115
0 0.362890625 0.32532239155920284 0.00390625 0.0035169988276670576
0 0.809375 0.3264947245017585 0.0109375 0.008206330597889801
0 0.616015625 0.32415005861664714 0.01015625 0.007033997655334115
0 0.723828125 0.32327080890973037 0.00859375 0.008792497069167644
0 0.523828125 0.3223915592028136 0.01015625 0.007033997655334115
0 0.30078125 0.3226846424384525 0.0078125 0.0076201641266119575
0 0.701953125 0.3212192262602579 0.00859375 0.008206330597889801
0 0.48515625 0.32092614302461897 0.0109375 0.0076201641266119575
0 0.158203125 0.31740914419695193 0.00078125 0.0005861664712778429
0 0.789453125 0.32063305978898005 0.01015625 0.008206330597889801
0 0.766796875 0.32063305978898005 0.00859375 0.008206330597889801
0 0.58984375 0.32063305978898005 0.0109375 0.008206330597889801
0 0.253125 0.32092614302461897 0.0125 0.008792497069167644
0 0.744140625 0.32004689331770225 0.01015625 0.008206330597889801
0 0.40859375 0.3194607268464244 0.0109375 0.007033997655334115
0 0.6765625 0.317116060961313 0.0078125 0.007033997655334115
0 0.161328125 0.3150644783118406 0.00546875 0.0029308323563892145
0 0.565625 0.3168229777256741 0.009375 0.0076201641266119575
0 0.279296875 0.31359906213364597 0.00546875 0.0023446658851113715
0 0.433984375 0.3159437280187573 0.00546875 0.008206330597889801
0 0.457421875 0.31330597889800704 0.00546875 0.004103165298944901
0 0.192578125 0.31096131301289565 0.00078125 0.0005861664712778429
0 0.328125 0.3118405627198124 0.0078125 0.004689331770222743
0 0.543359375 0.31213364595545134 0.00859375 0.0076201641266119575
0 0.376953125 0.3106682297772567 0.00703125 0.004689331770222743
0 0.5078125 0.3106682297772567 0.0046875 0.005861664712778429
0 0.18828125 0.3083235638921454 0.00625 0.0023446658851113715
0 0.65546875 0.3094958968347011 0.0078125 0.007033997655334115
0 0.35390625 0.30773739742086753 0.0046875 0.0035169988276670576
0 0.80546875 0.30920281359906215 0.0109375 0.008792497069167644
0 0.62890625 0.3083235638921454 0.0078125 0.007033997655334115
0 0.60546875 0.30656506447831183 0.009375 0.008206330597889801
0 0.7140625 0.3062719812426729 0.009375 0.008792497069167644
0 0.30546875 0.3048065650644783 0.0078125 0.005861664712778429
0 0.778515625 0.30539273153575613 0.01015625 0.008206330597889801
0 0.236328125 0.30656506447831183 0.01171875 0.010550996483001172
0 0.75625 0.3050996483001172 0.009375 0.008792497069167644
0 0.833203125 0.30392731535756157 0.01171875 0.0076201641266119575
0 0.478125 0.3033411488862837 0.0046875 0.006447831184056272
0 0.6921875 0.3033411488862837 0.0046875 0.0076201641266119575
0 0.582421875 0.3033411488862837 0.00859375 0.0076201641266119575
0 0.4015625 0.30246189917936694 0.00625 0.005861664712778429
0 0.211328125 0.3045134818288394 0.01328125 0.00996483001172333
0 0.73515625 0.3009964830011723 0.009375 0.008792497069167644
0 0.5265625 0.30011723329425555 0.00625 0.007033997655334115
0 0.423828125 0.2989449003516999 0.00859375 0.005861664712778429
0 0.559375 0.29923798358733883 0.009375 0.0076201641266119575
0 0.281640625 0.2954279015240328 0.00078125 0.0011723329425556857
0 0.45 0.2954279015240328 0.0046875 0.0023446658851113715
0 0.16953125 0.29806565064478313 0.0140625 0.00996483001172333
0 0.644140625 0.29484173505275496 0.00546875 0.007033997655334115
0 0.49765625 0.29396248534583824 0.00625 0.006447831184056272
0 0.8171875 0.29396248534583824 0.009375 0.0076201641266119575
0 0.793359375 0.29396248534583824 0.01171875 0.008792497069167644
0 0.2546875 0.29308323563892147 0.0125 0.007033997655334115
0 0.6203125 0.29191090269636577 0.0078125 0.007033997655334115
0 0.3484375 0.28927315357561545 0.003125 0.0029308323563892145
0 0.3234375 0.29191090269636577 0.00625 0.008206330597889801
0 0.7703125 0.2869284876905041 0.0015625 0.0005861664712778429
0 0.763671875 0.2869284876905041 0.00078125 0.0005861664712778429
0 0.599609375 0.28751465416178196 0.00390625 0.0017584994138335288
0 0.37734375 0.28868698710433766 0.00625 0.004103165298944901
0 0.7671875 0.28634232121922626 0.003125 0.0005861664712778429
0 0.707421875 0.2895662368112544 0.00703125 0.008206330597889801
0 0.47265625 0.2869284876905041 0.00625 0.005275498241500586
0 0.54296875 0.28722157092614303 0.00625 0.007033997655334115
0 0.224609375 0.2881008206330598 0.01328125 0.008792497069167644
0 0.6859375 0.28604923798358733 0.0046875 0.007033997655334115
0 0.575 0.2854630715123095 0.0078125 0.007033997655334115
0 0.516796875 0.28341148886283707 0.00234375 0.0029308323563892145
0 0.747265625 0.28516998827667056 0.00703125 0.0076201641266119575
0 0.4 0.28311840562719814 0.0078125 0.007033997655334115
0 0.301953125 0.28223915592028137 0.00546875 0.006447831184056272
0 0.423828125 0.28077373974208675 0.00546875 0.005861664712778429
0 0.271484375 0.2784290738569754 0.00390625 0.0011723329425556857
0 0.72578125 0.28106682297772567 0.0078125 0.0076201641266119575
0 0.66171875 0.2790152403282532 0.0046875 0.004689331770222743
0 0.83203125 0.2804806565064478 0.0125 0.008792497069167644
0 0.80546875 0.2790152403282532 0.009375 0.008206330597889801
0 0.49296875 0.276084407971864 0.003125 0.0023446658851113715
0 0.44765625 0.276084407971864 0.003125 0.0023446658851113715
0 0.78359375 0.2781359906213365 0.0109375 0.0076201641266119575
0 0.636328125 0.27784290738569756 0.00390625 0.007033997655334115
0 0.175 0.27667057444314186 0.0109375 0.010550996483001172
0 0.331640625 0.2746189917936694 0.00703125 0.0076201641266119575
0 0.703515625 0.27227432590855805 0.00234375 0.004103165298944901
0 0.557421875 0.2731535756154748 0.00703125 0.007033997655334115
0 0.362890625 0.2728604923798359 0.00546875 0.006447831184056272
0 0.762109375 0.27256740914419697 0.01015625 0.008206330597889801
0 0.534765625 0.2705158264947245 0.00703125 0.005275498241500586
0 0.601171875 0.2702227432590856 0.00703125 0.007033997655334115
0 0.67890625 0.2690504103165299 0.00625 0.007033997655334115
0 0.46875 0.2672919109026964 0.003125 0.0035169988276670576
0 0.740625 0.268464243845252 0.009375 0.008206330597889801
0 0.3859375 0.26699882766705746 0.0078125 0.006447831184056272
0 0.853125 0.26699882766705746 0.0125 0.008792497069167644
0 0.51171875 0.26465416178194606 0.0046875 0.005275498241500586
0 0.290625 0.26436107854630714 0.00625 0.004689331770222743
0 0.410546875 0.2640679953106682 0.00703125 0.005275498241500586
0 0.6234375 0.26143024618991795 0.0015625 0.0023446658851113715
0 0.580859375 0.26318874560375144 0.00546875 0.005861664712778429
0 0.796484375 0.26348182883939036 0.01015625 0.008792497069167644
0 0.71875 0.26289566236811257 0.0109375 0.0076201641266119575
0 0.651171875 0.26260257913247365 0.00546875 0.007033997655334115
0 0.314453125 0.2608440797186401 0.00703125 0.005861664712778429
0 0.346484375 0.25703399765533413 0.00390625 0.0029308323563892145
0 0.252734375 0.2605509964830012 0.01328125 0.00996483001172333
0 0.775390625 0.2584994138335287 0.01015625 0.008206330597889801
0 0.487890625 0.25732708089097306 0.00546875 0.005861664712778429
0 0.43828125 0.2582063305978898 0.00625 0.0076201641266119575
0 0.69296875 0.25498241500586166 0.0078125 0.007033997655334115
0 0.8375 0.2555685814771395 0.0125 0.009378663540445486
0 0.754296875 0.25351699882766704 0.00703125 0.0076201641266119575
0 0.3703125 0.25205158264947247 0.00625 0.004689331770222743
0 0.671875 0.25175849941383355 0.0046875 0.006447831184056272
0 0.559375 0.2508792497069168 0.0046875 0.005861664712778429
0 0.39375 0.25 0.0046875 0.004103165298944901
0 0.273046875 0.24970691676436108 0.01171875 0.008206330597889801
0 0.463671875 0.2485345838218054 0.00546875 0.007033997655334115
0 0.812109375 0.2485345838218054 0.01015625 0.008206330597889801
0 0.73203125 0.2485345838218054 0.0078125 0.008206330597889801
0 0.50703125 0.246189917936694 0.00625 0.0035169988276670576
0 0.651171875 0.24413833528722156 0.00234375 0.0017584994138335288
0 0.41796875 0.24677608440797186 0.0078125 0.007033997655334115
0 0.828515625 0.2429660023446659 0.00078125 0.0005861664712778429
0 0.32734375 0.2447245017584994 0.00625 0.004103165298944901
0 0.628125 0.24501758499413834 0.0046875 0.005861664712778429
0 0.790625 0.24531066822977726 0.009375 0.0076201641266119575
0 0.298828125 0.24384525205158264 0.00703125 0.004689331770222743
0 0.58046875 0.24325908558030482 0.0046875 0.004689331770222743
0 0.711328125 0.2444314185228605 0.00703125 0.008206330597889801
0 0.53828125 0.2403282532239156 0.0046875 0.004689331770222743
0 0.76953125 0.24091441969519342 0.009375 0.008206330597889801
0 0.48515625 0.2391559202813599 0.0046875 0.004689331770222743
0 0.837109375 0.2365181711606096 0.00078125 0.0005861664712778429
0 0.69140625 0.23798358733880423 0.0046875 0.005861664712778429
0 0.44140625 0.23886283704572098 0.00625 0.0076201641266119575
0 0.750390625 0.23563892145369286 0.00390625 0.0035169988276670576
0 0.167578125 0.23417350527549824 0.00234375 0.0005861664712778429
0 0.3546875 0.2365181711606096 0.0046875 0.006447831184056272
0 0.377734375 0.2347596717467761 0.00703125 0.004103165298944901
0 0.669140625 0.2335873388042204 0.00546875 0.006447831184056272
0 0.559375 0.23241500586166472 0.0046875 0.006447831184056272
0 0.6015625 0.23182883939038687 0.0046875 0.006447831184056272
0 0.46328125 0.23065650644783117 0.00625 0.005275498241500586
0 0.85078125 0.23153575615474795 0.0109375 0.009378663540445486
0 0.72578125 0.23065650644783117 0.0078125 0.0076201641266119575
0 0.512109375 0.22889800703399765 0.00390625 0.004103165298944901
0 0.62421875 0.22801875732708088 0.003125 0.0035169988276670576
0 0.4203125 0.22860492379835873 0.00625 0.004689331770222743
0 0.323828125 0.22596717467760843 0.00078125 0.0005861664712778429
0 0.812890625 0.22860492379835873 0.01171875 0.009378663540445486
0 0.646875 0.22655334114888628 0.0046875 0.005275498241500586
0 0.78828125 0.22772567409144198 0.0125 0.008792497069167644
0 0.169921875 0.22743259085580306 0.01015625 0.008206330597889801
0 0.705859375 0.22450175849941384 0.00546875 0.005861664712778429
0 0.765625 0.22332942555685814 0.0078125 0.007033997655334115
0 0.5796875 0.22186400937866355 0.00625 0.005275498241500586
0 0.53671875 0.21893317702227433 0.003125 0.0017584994138335288
0 0.836328125 0.21776084407971863 0.00078125 0.0005861664712778429
0 0.830078125 0.21776084407971863 0.00078125 0.0005861664712778429
0 0.833203125 0.2171746776084408 0.00390625 0.0005861664712778429
0 0.48359375 0.21922626025791325 0.0046875 0.005861664712778429
0 0.440625 0.21922626025791325 0.0078125 0.005861664712778429
0 0.396875 0.21922626025791325 0.00625 0.007033997655334115
0 0.74609375 0.21776084407971863 0.0046875 0.005275498241500586
0 0.3484375 0.2174677608440797 0.00625 0.004689331770222743
0 0.664453125 0.21541617819460726 0.00546875 0.005275498241500586
0 0.371484375 0.21629542790152403 0.00859375 0.007033997655334115
0 0.858984375 0.21453692848769051 0.01171875 0.008206330597889801
0 0.558984375 0.2130715123094959 0.00546875 0.005275498241500586
0 0.634765625 0.21072684642438452 0.00234375 0.0017584994138335288
0 0.5046875 0.21072684642438452 0.0015625 0.0017584994138335288
0 0.724609375 0.21219226260257915 0.00390625 0.005861664712778429
0 0.687109375 0.21189917936694022 0.00546875 0.005275498241500586
0 0.462109375 0.2116060961313013 0.00703125 0.004689331770222743
0 0.800390625 0.21101992966002345 0.01015625 0.009378663540445486
0 0.77734375 0.20984759671746775 0.0109375 0.008206330597889801
0 0.32109375 0.205158264947245 0.0015625 0.0011723329425556857
0 0.2859375 0.2063305978898007 0.0078125 0.004689331770222743
0 0.17265625 0.20838218053927315 0.0109375 0.00996483001172333
0 0.58359375 0.2048651817116061 0.0046875 0.005275498241500586
0 0.414453125 0.2048651817116061 0.00703125 0.006447831184056272
0 0.525390625 0.20281359906213364 0.00390625 0.0035169988276670576
0 0.84140625 0.20427901524032827 0.0125 0.008792497069167644
0 0.758203125 0.2033997655334115 0.00703125 0.008206330597889801
0 0.482421875 0.20134818288393905 0.00390625 0.004103165298944901
0 0.703125 0.20105509964830012 0.00625 0.004689331770222743
0 0.439453125 0.20017584994138335 0.00546875 0.005275498241500586
0 0.351953125 0.20046893317702227 0.00703125 0.005861664712778429
0 0.605078125 0.19753810082063306 0.00546875 0.0035169988276670576
0 0.667578125 0.19753810082063306 0.00546875 0.004689331770222743
0 0.54765625 0.19724501758499413 0.0046875 0.005275498241500586
0 0.37734375 0.19665885111371628 0.00625 0.004103165298944901
0 0.724609375 0.1943141852286049 0.00390625 0.004103165298944901
0 0.46015625 0.19196951934349354 0.003125 0.0017584994138335288
0 0.503125 0.1910902696365768 0.0046875 0.004689331770222743
0 0.74453125 0.18933177022274325 0.0078125 0.005861664712778429
0 0.569140625 0.18962485345838218 0.00390625 0.006447831184056272
0 0.4140625 0.18669402110199296 0.0046875 0.005275498241500586
0 0.590234375 0.18317702227432592 0.00390625 0.004103165298944901
0 0.5234375 0.182883939038687 0.0046875 0.0035169988276670576
0 0.708984375 0.1817116060961313 0.00234375 0.0023446658851113715
0 0.765234375 0.1802461899179367 0.00234375 0.0005861664712778429
0 0.437890625 0.18141852286049237 0.00546875 0.006447831184056272
0 0.390625 0.18083235638921455 0.00625 0.005275498241500586
0 0.81328125 0.18229777256740914 0.0125 0.009378663540445486
0 0.5484375 0.17878077373974208 0.0046875 0.004689331770222743
0 0.73046875 0.17614302461899178 0.003125 0.0017584994138335288
0 0.4578125 0.17379835873388041 0.0015625 0.0017584994138335288
0 0.503515625 0.17321219226260257 0.00546875 0.004103165298944901
0 0.3671875 0.17233294255568582 0.00625 0.0035169988276670576
0 0.569921875 0.1708675263774912 0.00390625 0.0029308323563892145
0 0.601953125 0.16735052754982416 0.00078125 0.0005861664712778429
0 0.783203125 0.1667643610785463 0.00078125 0.0005861664712778429
0 0.6796875 0.16969519343493553 0.00625 0.006447831184056272
0 0.78046875 0.16617819460726846 0.0015625 0.0005861664712778429
0 0.6296875 0.16881594372801875 0.0046875 0.005861664712778429
0 0.700390625 0.16324736225087924 0.00546875 0.004103165298944901
0 0.81015625 0.1638335287221571 0.0125 0.008792497069167644
0 0.32109375 0.1585580304806565 0.003125 0.0029308323563892145
0 0.583203125 0.15738569753810083 0.00390625 0.0029308323563892145
0 0.730078125 0.15738569753810083 0.00703125 0.006447831184056272
0 0.5109375 0.15445486518171161 0.0046875 0.004103165298944901
0 0.484375 0.152989449003517 0.00625 0.004689331770222743
0 0.751953125 0.15269636576787807 0.00703125 0.006447831184056272
0 0.54921875 0.15093786635404455 0.003125 0.0029308323563892145
0 0.8390625 0.15328253223915592 0.0125 0.00996483001172333
0 0.709375 0.14566236811254396 0.0046875 0.005275498241500586
0 0.812890625 0.1462485345838218 0.01171875 0.008792497069167644
0 0.601171875 0.14273153575615474 0.00234375 0.0017584994138335288
0 0.634375 0.1433177022274326 0.003125 0.004103165298944901
0 0.41171875 0.14302461899179367 0.00625 0.004689331770222743
0 0.771484375 0.14273153575615474 0.00859375 0.008792497069167644
0 0.65625 0.13892145369284878 0.003125 0.0035169988276670576
0 0.79296875 0.1392145369284877 0.0109375 0.00996483001172333
0 0.535546875 0.13569753810082064 0.00390625 0.004103165298944901
0 0.56796875 0.13071512309495897 0.00625 0.0035169988276670576
0 0.31640625 0.1298358733880422 0.0046875 0.0029308323563892145
0 0.747265625 0.12749120750293083 0.00546875 0.005275498241500586
0 0.6796875 0.1228018757327081 0.0046875 0.004103165298944901
0 0.617578125 0.11811254396248534 0.00703125 0.005275498241500586
0 0.29140625 0.11781946072684643 0.0078125 0.007033997655334115
0 0.65703125 0.11488862837045721 0.003125 0.004689331770222743
0 0.573046875 0.111957796014068 0.00390625 0.0035169988276670576
0 0.351953125 0.11107854630715124 0.00546875 0.0029308323563892145
0 0.51953125 0.11137162954279015 0.0046875 0.004689331770222743
0 0.263671875 0.1093200468933177 0.00078125 0.0005861664712778429
0 0.315234375 0.1093200468933177 0.00390625 0.004103165298944901
0 0.49375 0.10580304806565065 0.00625 0.006447831184056272
0 0.2125 0.08851113716295428 0.0015625 0.0023446658851113715
0 0.2078125 0.08558030480656506 0.0078125 0.0023446658851113715
