0 0.683203125 0.8677083333333333 0.00546875 0.010416666666666666
0 0.35703125 0.8625 0.0015625 0.0020833333333333333
0 0.38046875 0.8630208333333333 0.0078125 0.009375
0 0.66484375 0.8609375 0.00625 0.007291666666666667
0 0.538671875 0.8598958333333333 0.01015625 0.011458333333333333
0 0.591015625 0.8567708333333334 0.00390625 0.007291666666666667
0 0.497265625 0.8598958333333333 0.01015625 0.013541666666666667
0 0.700390625 0.8557291666666667 0.00546875 0.007291666666666667
0 0.509765625 0.8526041666666667 0.00078125 0.0010416666666666667
0 0.43125 0.8588541666666667 0.009375 0.013541666666666667
0 0.295703125 0.8588541666666667 0.01015625 0.013541666666666667
0 0.640234375 0.8557291666666667 0.00546875 0.009375
0 0.621484375 0.8557291666666667 0.00546875 0.009375
0 0.3578125 0.8541666666666666 0.0046875 0.008333333333333333
0 0.275390625 0.85625 0.00703125 0.0125
0 0.725 0.8515625 0.0046875 0.005208333333333333
0 0.5734375 0.8552083333333333 0.00625 0.0125
0 0.398046875 0.8557291666666667 0.00859375 0.013541666666666667
0 0.741796875 0.8484375 0.00390625 0.003125
0 0.33984375 0.8536458333333333 0.009375 0.013541666666666667
0 0.508984375 0.8463541666666666 0.00390625 0.007291666666666667
0 0.445703125 0.8484375 0.00546875 0.013541666666666667
0 0.416015625 0.8479166666666667 0.01015625 0.0125
0 0.813671875 0.8442708333333333 0.00390625 0.007291666666666667
0 0.926171875 0.8427083333333333 0.00390625 0.00625
0 0.758984375 0.8421875 0.00390625 0.005208333333333333
0 0.369140625 0.8411458333333334 0.00234375 0.005208333333333333
0 0.605859375 0.8421875 0.00546875 0.009375
0 0.959765625 0.8359375 0.00078125 0.0010416666666666667
0 0.795703125 0.8375 0.00234375 0.00625
0 0.6515625 0.8369791666666667 0.0046875 0.005208333333333333
0 0.52890625 0.8395833333333333 0.009375 0.010416666666666666
0 0.6875 0.8385416666666666 0.0046875 0.010416666666666666
0 0.631640625 0.8328125 0.00078125 0.0010416666666666667
0 0.71015625 0.8348958333333333 0.0046875 0.007291666666666667
0 0.903515625 0.8317708333333333 0.00546875 0.003125
0 0.4859375 0.8364583333333333 0.0078125 0.0125
0 0.584765625 0.8328125 0.00546875 0.009375
0 0.66953125 0.8317708333333333 0.0046875 0.009375
0 0.7296875 0.8286458333333333 0.0046875 0.005208333333333333
0 0.4328125 0.8328125 0.009375 0.013541666666666667
0 0.390234375 0.8322916666666667 0.00859375 0.014583333333333334
0 0.171484375 0.8255208333333334 0.00078125 0.0010416666666666667
0 0.162109375 0.8244791666666667 0.00078125 0.003125
0 0.542578125 0.8270833333333333 0.00546875 0.010416666666666666
0 0.462890625 0.8291666666666667 0.01015625 0.014583333333333334
0 0.7484375 0.821875 0.0046875 0.00625
0 0.164453125 0.8197916666666667 0.00390625 0.004166666666666667
0 0.809375 0.8197916666666667 0.0046875 0.00625
0 0.599609375 0.8182291666666667 0.00390625 0.003125
0 0.503125 0.8239583333333333 0.009375 0.014583333333333334
0 0.76796875 0.8182291666666667 0.0046875 0.005208333333333333
0 0.562890625 0.8161458333333333 0.00078125 0.0010416666666666667
0 0.41171875 0.8223958333333333 0.009375 0.013541666666666667
0 0.787109375 0.8161458333333333 0.00390625 0.003125
0 0.852734375 0.8140625 0.00234375 0.003125
0 0.648828125 0.8145833333333333 0.00390625 0.00625
0 0.365234375 0.8177083333333334 0.01015625 0.0125
0 0.70078125 0.8135416666666667 0.0046875 0.00625
0 0.52421875 0.8151041666666666 0.0078125 0.011458333333333333
0 0.717578125 0.8114583333333333 0.00390625 0.00625
0 0.6796875 0.8125 0.00625 0.008333333333333333
0 0.450390625 0.8125 0.01015625 0.0125
0 0.631640625 0.8088541666666667 0.00546875 0.009375
0 0.5765625 0.8088541666666667 0.0046875 0.009375
0 0.4265625 0.809375 0.009375 0.014583333333333334
0 0.613671875 0.8020833333333334 0.00390625 0.004166666666666667
0 0.539453125 0.803125 0.00546875 0.010416666666666666
0 0.4921875 0.8046875 0.009375 0.013541666666666667
0 0.733203125 0.7994791666666666 0.00546875 0.007291666666666667
0 0.509375 0.8015625 0.0078125 0.011458333333333333
0 0.3953125 0.8026041666666667 0.009375 0.013541666666666667
0 0.3515625 0.8026041666666667 0.009375 0.013541666666666667
0 0.825 0.7973958333333333 0.0046875 0.005208333333333333
0 0.663671875 0.7994791666666666 0.00546875 0.009375
0 0.75546875 0.7984375 0.00625 0.009375
0 0.777734375 0.7921875 0.00546875 0.005208333333333333
0 0.693359375 0.7927083333333333 0.00546875 0.008333333333333333
0 0.590234375 0.7932291666666667 0.00546875 0.009375
0 0.4125 0.7942708333333334 0.009375 0.013541666666666667
0 0.89765625 0.7890625 0.003125 0.005208333333333333
0 0.36875 0.7932291666666667 0.009375 0.013541666666666667
0 0.55859375 0.7901041666666667 0.00625 0.009375
0 0.7109375 0.7880208333333333 0.0046875 0.009375
0 0.64453125 0.784375 0.0015625 0.0020833333333333333
0 0.446875 0.7890625 0.009375 0.011458333333333333
0 0.52578125 0.7890625 0.0078125 0.013541666666666667
0 0.6265625 0.7848958333333333 0.00625 0.007291666666666667
0 0.575390625 0.7807291666666667 0.00546875 0.009375
0 0.497265625 0.7817708333333333 0.00703125 0.011458333333333333
0 0.428515625 0.7828125 0.01015625 0.013541666666666667
0 0.187890625 0.7755208333333333 0.00078125 0.0010416666666666667
0 0.723828125 0.7744791666666667 0.00078125 0.0010416666666666667
0 0.665625 0.7770833333333333 0.00625 0.008333333333333333
0 0.39921875 0.778125 0.009375 0.0125
0 0.80390625 0.7734375 0.00625 0.005208333333333333
0 0.615625 0.771875 0.0015625 0.0020833333333333333
0 0.543359375 0.7760416666666666 0.00546875 0.010416666666666666
0 0.4640625 0.7776041666666667 0.009375 0.013541666666666667
0 0.325390625 0.7776041666666667 0.01015625 0.013541666666666667
0 0.95703125 0.7708333333333334 0.0015625 0.0020833333333333333
0 0.35546875 0.7760416666666666 0.009375 0.0125
0 0.871875 0.7708333333333334 0.003125 0.004166666666666667
0 0.380859375 0.7755208333333333 0.00859375 0.013541666666666667
0 0.823046875 0.7703125 0.00390625 0.007291666666666667
0 0.591796875 0.7703125 0.00546875 0.009375
0 0.18203125 0.7677083333333333 0.0046875 0.004166666666666667
0 0.68359375 0.7708333333333334 0.00625 0.0125
0 0.516015625 0.7671875 0.00703125 0.013541666666666667
0 0.7828125 0.7625 0.0046875 0.00625
0 0.635546875 0.7635416666666667 0.00546875 0.008333333333333333
0 0.56015625 0.7651041666666667 0.0046875 0.011458333333333333
0 0.70859375 0.7630208333333334 0.00625 0.011458333333333333
0 0.44296875 0.7640625 0.009375 0.013541666666666667
0 0.411328125 0.7609375 0.00546875 0.009375
0 0.340625 0.7619791666666667 0.009375 0.013541666666666667
0 0.65390625 0.7598958333333333 0.0046875 0.011458333333333333
0 0.315625 0.7583333333333333 0.009375 0.0125
0 0.764453125 0.7541666666666667 0.00546875 0.00625
0 0.496484375 0.75625 0.00546875 0.010416666666666666
0 0.47109375 0.7567708333333333 0.0046875 0.013541666666666667
0 0.72265625 0.75 0.0046875 0.0020833333333333333
0 0.3921875 0.7557291666666667 0.009375 0.013541666666666667
0 0.269140625 0.7489583333333333 0.00078125 0.0020833333333333333
0 0.69140625 0.7520833333333333 0.00625 0.010416666666666666
0 0.601171875 0.75 0.00390625 0.00625
0 0.545703125 0.7520833333333333 0.00546875 0.010416666666666666
0 0.374609375 0.7536458333333333 0.00703125 0.013541666666666667
0 0.7984375 0.7494791666666667 0.00625 0.007291666666666667
0 0.426953125 0.7505208333333333 0.00546875 0.009375
0 0.35703125 0.75 0.0078125 0.0125
0 0.5296875 0.7494791666666667 0.009375 0.013541666666666667
0 0.273828125 0.7447916666666666 0.00859375 0.004166666666666667
0 0.571484375 0.746875 0.00390625 0.010416666666666666
0 0.455859375 0.7479166666666667 0.00859375 0.0125
0 0.622265625 0.7453125 0.00546875 0.011458333333333333
0 0.19140625 0.7447916666666666 0.009375 0.0125
0 0.839453125 0.7395833333333334 0.01015625 0.010416666666666666
0 0.5125 0.7411458333333333 0.009375 0.013541666666666667
0 0.75703125 0.7338541666666667 0.0015625 0.0010416666666666667
0 0.32734375 0.7401041666666667 0.009375 0.013541666666666667
0 0.66171875 0.7380208333333333 0.00625 0.011458333333333333
0 0.738671875 0.7348958333333333 0.00703125 0.011458333333333333
0 0.401171875 0.7348958333333333 0.00859375 0.011458333333333333
0 0.30625 0.734375 0.009375 0.0125
0 0.34453125 0.7333333333333333 0.009375 0.0125
0 0.524609375 0.7265625 0.00078125 0.0010416666666666667
0 0.383203125 0.7322916666666667 0.00859375 0.0125
0 0.854296875 0.7255208333333333 0.00078125 0.0010416666666666667
0 0.681640625 0.7302083333333333 0.00703125 0.0125
0 0.496875 0.7307291666666667 0.009375 0.013541666666666667
0 0.7859375 0.7255208333333333 0.0046875 0.005208333333333333
0 0.540625 0.7291666666666666 0.00625 0.0125
0 0.47734375 0.7291666666666666 0.009375 0.0125
0 0.87421875 0.7229166666666667 0.0015625 0.0020833333333333333
0 0.445703125 0.7286458333333333 0.00859375 0.013541666666666667
0 0.69921875 0.7260416666666667 0.0046875 0.010416666666666666
0 0.558984375 0.7265625 0.00546875 0.011458333333333333
0 0.427734375 0.7270833333333333 0.00859375 0.0125
0 0.366015625 0.7270833333333333 0.00859375 0.0125
0 0.5984375 0.7260416666666667 0.00625 0.0125
0 0.58046875 0.725 0.00625 0.010416666666666666
0 0.89921875 0.721875 0.0046875 0.00625
0 0.182421875 0.7239583333333334 0.00703125 0.0125
0 0.2015625 0.721875 0.009375 0.0125
0 0.623046875 0.7208333333333333 0.00859375 0.0125
0 0.271875 0.7197916666666667 0.00625 0.010416666666666666
0 0.76953125 0.7140625 0.00625 0.005208333333333333
0 0.719140625 0.7171875 0.00703125 0.011458333333333333
0 0.641015625 0.7177083333333333 0.00859375 0.0125
0 0.4125 0.7166666666666667 0.0078125 0.010416666666666666
0 0.325390625 0.7161458333333334 0.00859375 0.011458333333333333
0 0.25546875 0.7166666666666667 0.0078125 0.0125
0 0.291015625 0.7145833333333333 0.00546875 0.010416666666666666
0 0.508203125 0.7140625 0.00859375 0.011458333333333333
0 0.663671875 0.7130208333333333 0.00703125 0.011458333333333333
0 0.391796875 0.7130208333333333 0.00546875 0.011458333333333333
0 0.74765625 0.709375 0.0046875 0.00625
0 0.353515625 0.7119791666666667 0.00859375 0.011458333333333333
0 0.459765625 0.7114583333333333 0.00859375 0.0125
0 0.307421875 0.7109375 0.00859375 0.011458333333333333
0 0.805859375 0.7067708333333333 0.00703125 0.011458333333333333
0 0.43828125 0.7072916666666667 0.009375 0.0125
0 0.48984375 0.70625 0.0078125 0.0125
0 0.60859375 0.7046875 0.0078125 0.011458333333333333
0 0.536328125 0.7046875 0.00546875 0.011458333333333333
0 0.3703125 0.7041666666666667 0.0078125 0.0125
0 0.6921875 0.7026041666666667 0.00625 0.011458333333333333
0 0.562890625 0.703125 0.00546875 0.0125
0 0.58125 0.7005208333333334 0.0078125 0.011458333333333333
0 0.3375 0.6984375 0.0078125 0.011458333333333333
0 0.77734375 0.6921875 0.0015625 0.003125
0 0.52109375 0.6916666666666667 0.0015625 0.0020833333333333333
0 0.473046875 0.6963541666666667 0.00859375 0.011458333333333333
0 0.31953125 0.6911458333333333 0.0015625 0.003125
0 0.8984375 0.6895833333333333 0.0015625 0.0020833333333333333
0 0.4078125 0.6927083333333334 0.00625 0.0125
0 0.284765625 0.6916666666666667 0.00859375 0.010416666666666666
0 0.184375 0.6895833333333333 0.0078125 0.00625
0 0.502734375 0.690625 0.00703125 0.0125
0 0.35546875 0.6880208333333333 0.0046875 0.007291666666666667
0 0.916796875 0.6859375 0.00546875 0.007291666666666667
0 0.265625 0.6875 0.00625 0.010416666666666666
0 0.44765625 0.6875 0.009375 0.0125
0 0.301953125 0.6854166666666667 0.00390625 0.008333333333333333
0 0.3921875 0.6848958333333334 0.00625 0.011458333333333333
0 0.835546875 0.6796875 0.00390625 0.003125
0 0.4859375 0.6828125 0.00625 0.011458333333333333
0 0.551171875 0.68125 0.00703125 0.0125
0 0.5328125 0.6807291666666667 0.00625 0.011458333333333333
0 0.42421875 0.6796875 0.00625 0.011458333333333333
0 0.37265625 0.6765625 0.003125 0.005208333333333333
0 0.787109375 0.6744791666666666 0.00703125 0.009375
0 0.240625 0.6713541666666667 0.003125 0.005208333333333333
0 0.3390625 0.671875 0.0046875 0.008333333333333333
0 0.314453125 0.6666666666666666 0.00390625 0.00625
0 0.40625 0.6677083333333333 0.00625 0.010416666666666666
0 0.28203125 0.6661458333333333 0.0078125 0.007291666666666667
0 0.74453125 0.6666666666666666 0.00625 0.0125
0 0.50078125 0.6666666666666666 0.009375 0.0125
0 0.43984375 0.6661458333333333 0.00625 0.011458333333333333
0 0.359765625 0.6625 0.00859375 0.008333333333333333
0 0.264453125 0.6614583333333334 0.00390625 0.00625
0 0.21640625 0.6572916666666667 0.0015625 0.0020833333333333333
0 0.299609375 0.6578125 0.00390625 0.005208333333333333
0 0.812109375 0.6536458333333334 0.00078125 0.0010416666666666667
0 0.544921875 0.6588541666666666 0.00703125 0.011458333333333333
0 0.8703125 0.6536458333333334 0.0046875 0.005208333333333333
0 0.83125 0.6546875 0.0046875 0.007291666666666667
0 0.39140625 0.6541666666666667 0.0046875 0.00625
0 0.76796875 0.6546875 0.00625 0.009375
0 0.424609375 0.6557291666666667 0.00703125 0.011458333333333333
0 0.329296875 0.6541666666666667 0.00546875 0.008333333333333333
0 0.24921875 0.6515625 0.00625 0.007291666666666667
0 0.375 0.6510416666666666 0.0078125 0.008333333333333333
0 0.346875 0.6479166666666667 0.0046875 0.008333333333333333
0 0.3140625 0.6447916666666667 0.0015625 0.0020833333333333333
0 0.28203125 0.6411458333333333 0.00625 0.005208333333333333
0 0.498828125 0.6432291666666666 0.00703125 0.011458333333333333
0 0.438671875 0.640625 0.00546875 0.010416666666666666
0 0.3640625 0.6354166666666666 0.00625 0.00625
0 0.7515625 0.6375 0.0078125 0.0125
0 0.40703125 0.6338541666666667 0.0078125 0.009375
0 0.3828125 0.63125 0.0078125 0.010416666666666666
0 0.212109375 0.6291666666666667 0.00546875 0.00625
0 0.253125 0.6276041666666666 0.003125 0.005208333333333333
0 0.42421875 0.6296875 0.00625 0.011458333333333333
0 0.621875 0.6286458333333333 0.00625 0.011458333333333333
0 0.269921875 0.6260416666666667 0.00546875 0.00625
0 0.3078125 0.621875 0.00625 0.00625
0 0.328125 0.6213541666666667 0.0046875 0.007291666666666667
0 0.29140625 0.6213541666666667 0.0046875 0.007291666666666667
0 0.450390625 0.6223958333333334 0.00703125 0.011458333333333333
0 0.345703125 0.6151041666666667 0.00703125 0.007291666666666667
0 0.489453125 0.6161458333333333 0.00859375 0.011458333333333333
0 0.710546875 0.6135416666666667 0.00546875 0.010416666666666666
0 0.365625 0.6125 0.0078125 0.008333333333333333
0 0.227734375 0.6046875 0.00078125 0.0010416666666666667
0 0.246875 0.60625 0.00625 0.00625
0 0.42578125 0.6067708333333334 0.00625 0.011458333333333333
0 0.265625 0.6041666666666666 0.00625 0.00625
0 0.301171875 0.6005208333333333 0.00703125 0.007291666666666667
0 0.2828125 0.6005208333333333 0.00625 0.007291666666666667
0 0.322265625 0.5984375 0.00546875 0.005208333333333333
0 0.44921875 0.5994791666666667 0.0046875 0.009375
0 0.680078125 0.5994791666666667 0.00703125 0.011458333333333333
0 0.87109375 0.596875 0.0109375 0.010416666666666666
0 0.378125 0.5973958333333333 0.0078125 0.011458333333333333
0 0.356640625 0.5927083333333333 0.00390625 0.004166666666666667
0 0.3390625 0.5916666666666667 0.003125 0.004166666666666667
0 0.5765625 0.5942708333333333 0.009375 0.011458333333333333
0 0.8234375 0.5911458333333334 0.009375 0.009375
0 0.257421875 0.584375 0.00234375 0.0020833333333333333
0 0.237890625 0.5854166666666667 0.00234375 0.004166666666666667
0 0.59453125 0.5859375 0.00625 0.011458333333333333
0 0.275 0.58125 0.0046875 0.00625
0 0.29296875 0.5807291666666666 0.00625 0.007291666666666667
0 0.312109375 0.5791666666666667 0.00546875 0.008333333333333333
0 0.8015625 0.5776041666666667 0.0078125 0.009375
0 0.367578125 0.5760416666666667 0.00703125 0.008333333333333333
0 0.348828125 0.571875 0.00546875 0.00625
0 0.33046875 0.5713541666666667 0.003125 0.005208333333333333
0 0.388671875 0.5734375 0.00703125 0.011458333333333333
0 0.248828125 0.5630208333333333 0.00390625 0.003125
0 0.565234375 0.5635416666666667 0.00859375 0.010416666666666666
0 0.26640625 0.5614583333333333 0.00625 0.00625
0 0.303125 0.5609375 0.0078125 0.007291666666666667
0 0.28359375 0.5598958333333334 0.00625 0.005208333333333333
0 0.233203125 0.55625 0.00703125 0.008333333333333333
0 0.17578125 0.5541666666666667 0.0046875 0.00625
0 0.473046875 0.5541666666666667 0.00703125 0.010416666666666666
0 0.34140625 0.5510416666666667 0.0046875 0.004166666666666667
0 0.323828125 0.5510416666666667 0.00703125 0.00625
0 0.393359375 0.5432291666666667 0.00546875 0.005208333333333333
0 0.257421875 0.5421875 0.00390625 0.005208333333333333
0 0.274609375 0.5390625 0.00234375 0.003125
0 0.2921875 0.5395833333333333 0.00625 0.00625
0 0.201953125 0.5375 0.00234375 0.0020833333333333333
0 0.308984375 0.5380208333333333 0.00546875 0.005208333333333333
0 0.221484375 0.5375 0.00546875 0.00625
0 0.5625 0.5390625 0.0078125 0.011458333333333333
0 0.35390625 0.5364583333333334 0.00625 0.008333333333333333
0 0.240625 0.5348958333333333 0.0046875 0.007291666666666667
0 0.46953125 0.5328125 0.00625 0.011458333333333333
0 0.371484375 0.5322916666666667 0.00859375 0.010416666666666666
0 0.33125 0.5291666666666667 0.003125 0.004166666666666667
0 0.18046875 0.5291666666666667 0.003125 0.004166666666666667
0 0.388671875 0.5244791666666667 0.00859375 0.009375
0 0.266015625 0.5208333333333334 0.00546875 0.004166666666666667
0 0.3 0.5203125 0.00625 0.007291666666666667
0 0.2296875 0.5166666666666667 0.0015625 0.0020833333333333333
0 0.42421875 0.51875 0.00625 0.010416666666666666
0 0.249609375 0.5130208333333334 0.00234375 0.003125
0 0.202734375 0.5135416666666667 0.00390625 0.004166666666666667
0 0.924609375 0.5135416666666667 0.01015625 0.00625
0 0.82890625 0.515625 0.0109375 0.010416666666666666
0 0.86171875 0.5135416666666667 0.0109375 0.008333333333333333
0 0.733984375 0.5098958333333333 0.00703125 0.011458333333333333
0 0.441796875 0.509375 0.00859375 0.010416666666666666
0 0.3203125 0.5052083333333334 0.00625 0.00625
0 0.286328125 0.5036458333333333 0.00390625 0.003125
0 0.459375 0.5020833333333333 0.0046875 0.00625
0 0.33671875 0.5005208333333333 0.00625 0.005208333333333333
0 0.218359375 0.5005208333333333 0.00546875 0.005208333333333333
0 0.26171875 0.496875 0.0046875 0.004166666666666667
0 0.24140625 0.4942708333333333 0.003125 0.005208333333333333
0 0.35390625 0.49375 0.0078125 0.00625
0 0.303125 0.49375 0.00625 0.00625
0 0.8390625 0.49114583333333334 0.0078125 0.011458333333333333
0 0.2765625 0.4859375 0.0046875 0.005208333333333333
0 0.423828125 0.4864583333333333 0.00859375 0.010416666666666666
0 0.32578125 0.48541666666666666 0.00625 0.008333333333333333
0 0.207421875 0.48385416666666664 0.00390625 0.005208333333333333
0 0.180859375 0.478125 0.00078125 0.0020833333333333333
0 0.378515625 0.48125 0.00859375 0.010416666666666666
0 0.2609375 0.4739583333333333 0.0046875 0.0020833333333333333
0 0.242578125 0.471875 0.00390625 0.004166666666666667
0 0.551953125 0.47239583333333335 0.00859375 0.011458333333333333
0 0.30234375 0.4661458333333333 0.00625 0.005208333333333333
0 0.28359375 0.4666666666666667 0.00625 0.00625
0 0.225390625 0.465625 0.00390625 0.004166666666666667
0 0.42109375 0.4640625 0.0078125 0.011458333333333333
0 0.569140625 0.46197916666666666 0.00859375 0.011458333333333333
0 0.38515625 0.45989583333333334 0.00625 0.009375
0 0.80234375 0.4557291666666667 0.009375 0.005208333333333333
0 0.269921875 0.4552083333333333 0.00546875 0.004166666666666667
0 0.253515625 0.45364583333333336 0.00390625 0.005208333333333333
0 0.87890625 0.4484375 0.0015625 0.003125
0 0.6984375 0.4515625 0.009375 0.011458333333333333
0 0.312109375 0.446875 0.00390625 0.004166666666666667
0 0.294140625 0.4473958333333333 0.00546875 0.005208333333333333
0 0.765234375 0.4395833333333333 0.00859375 0.008333333333333333
0 0.244140625 0.4354166666666667 0.00234375 0.0020833333333333333
0 0.2796875 0.43645833333333334 0.00625 0.00625
0 0.810546875 0.4359375 0.00546875 0.007291666666666667
0 0.2625 0.43385416666666665 0.0015625 0.003125
0 0.792578125 0.4348958333333333 0.00859375 0.007291666666666667
0 0.326171875 0.434375 0.00546875 0.00625
0 0.915234375 0.43072916666666666 0.00078125 0.0010416666666666667
0 0.359765625 0.434375 0.00859375 0.010416666666666666
0 0.75078125 0.428125 0.009375 0.008333333333333333
0 0.294921875 0.425 0.00546875 0.004166666666666667
0 0.2296875 0.4234375 0.0046875 0.005208333333333333
0 0.3125 0.421875 0.00625 0.00625
0 0.21328125 0.41770833333333335 0.0046875 0.00625
0 0.84375 0.41875 0.0109375 0.0125
0 0.782421875 0.4140625 0.00390625 0.003125
0 0.24609375 0.41458333333333336 0.00625 0.00625
0 0.80703125 0.41302083333333334 0.00625 0.007291666666666667
0 0.326953125 0.41041666666666665 0.00703125 0.00625
0 0.287109375 0.40677083333333336 0.00546875 0.007291666666666667
0 0.88203125 0.403125 0.009375 0.00625
0 0.821875 0.4041666666666667 0.0078125 0.008333333333333333
0 0.23125 0.4010416666666667 0.0046875 0.004166666666666667
0 0.261328125 0.4010416666666667 0.00546875 0.00625
0 0.906640625 0.39895833333333336 0.00546875 0.004166666666666667
0 0.341796875 0.4015625 0.00703125 0.009375
0 0.30390625 0.39895833333333336 0.0046875 0.004166666666666667
0 0.61640625 0.4010416666666667 0.00625 0.010416666666666666
0 0.591796875 0.4010416666666667 0.00859375 0.010416666666666666
0 0.494140625 0.3963541666666667 0.00859375 0.011458333333333333
0 0.38828125 0.3927083333333333 0.0078125 0.010416666666666666
0 0.2765625 0.390625 0.00625 0.00625
0 0.85390625 0.39010416666666664 0.00625 0.007291666666666667
0 0.218359375 0.3890625 0.00546875 0.007291666666666667
0 0.770703125 0.390625 0.01015625 0.0125
0 0.805078125 0.3875 0.00859375 0.010416666666666666
0 0.576171875 0.3854166666666667 0.00859375 0.010416666666666666
0 0.29375 0.3828125 0.0078125 0.005208333333333333
0 0.60625 0.384375 0.009375 0.010416666666666666
0 0.332421875 0.38385416666666666 0.00703125 0.009375
0 0.82421875 0.37864583333333335 0.003125 0.0010416666666666667
0 0.636328125 0.38333333333333336 0.00859375 0.010416666666666666
0 0.31328125 0.3807291666666667 0.0078125 0.005208333333333333
0 0.35 0.38125 0.0078125 0.010416666666666666
0 0.255859375 0.3776041666666667 0.00390625 0.003125
0 0.233203125 0.37552083333333336 0.00546875 0.005208333333333333
0 0.4546875 0.375 0.0078125 0.010416666666666666
0 0.27109375 0.3703125 0.00625 0.007291666666666667
0 0.37265625 0.36875 0.0078125 0.008333333333333333
0 0.86328125 0.3651041666666667 0.00625 0.005208333333333333
0 0.921875 0.3671875 0.0109375 0.011458333333333333
0 0.208984375 0.3640625 0.00546875 0.005208333333333333
0 0.583984375 0.3651041666666667 0.00859375 0.011458333333333333
0 0.3 0.36354166666666665 0.00625 0.008333333333333333
0 0.80546875 0.36354166666666665 0.009375 0.0125
0 0.3171875 0.359375 0.0078125 0.00625
0 0.225 0.3567708333333333 0.00625 0.007291666666666667
0 0.4453125 0.3572916666666667 0.0078125 0.010416666666666666
0 0.2828125 0.3536458333333333 0.00625 0.005208333333333333
0 0.844140625 0.35260416666666666 0.01015625 0.007291666666666667
0 0.259765625 0.353125 0.00703125 0.008333333333333333
0 0.24375 0.35 0.003125 0.0020833333333333333
0 0.33515625 0.34791666666666665 0.00625 0.004166666666666667
0 0.722265625 0.34270833333333334 0.00390625 0.004166666666666667
0 0.696484375 0.3453125 0.00859375 0.011458333333333333
0 0.35078125 0.34322916666666664 0.0078125 0.009375
0 0.301953125 0.3421875 0.00546875 0.007291666666666667
0 0.319921875 0.33958333333333335 0.00703125 0.008333333333333333
0 0.568359375 0.340625 0.00546875 0.0125
0 0.2703125 0.33229166666666665 0.0046875 0.004166666666666667
0 0.253515625 0.33177083333333335 0.00390625 0.003125
0 0.816015625 0.334375 0.01015625 0.010416666666666666
0 0.287109375 0.33177083333333335 0.00546875 0.005208333333333333
0 0.23671875 0.3296875 0.0046875 0.003125
0 0.533203125 0.3307291666666667 0.00859375 0.011458333333333333
0 0.219921875 0.32708333333333334 0.00546875 0.004166666666666667
0 0.734765625 0.32760416666666664 0.00859375 0.007291666666666667
0 0.70703125 0.32916666666666666 0.009375 0.010416666666666666
0 0.3390625 0.32760416666666664 0.0078125 0.007291666666666667
0 0.683203125 0.32864583333333336 0.00859375 0.011458333333333333
0 0.553125 0.32864583333333336 0.0078125 0.011458333333333333
0 0.425390625 0.325 0.00859375 0.010416666666666666
0 0.308984375 0.321875 0.00703125 0.00625
0 0.631640625 0.3177083333333333 0.00859375 0.008333333333333333
0 0.4546875 0.31927083333333334 0.0078125 0.011458333333333333
0 0.720703125 0.3151041666666667 0.00703125 0.007291666666666667
0 0.279296875 0.31354166666666666 0.00390625 0.004166666666666667
0 0.781640625 0.31666666666666665 0.01015625 0.0125
0 0.326171875 0.315625 0.00859375 0.010416666666666666
0 0.192578125 0.3125 0.00078125 0.004166666666666667
0 0.248828125 0.31197916666666664 0.00546875 0.005208333333333333
0 0.669921875 0.31354166666666666 0.00703125 0.010416666666666666
0 0.4390625 0.3125 0.0078125 0.010416666666666666
0 0.36796875 0.3125 0.0078125 0.010416666666666666
0 0.23203125 0.309375 0.003125 0.004166666666666667
0 0.29609375 0.3067708333333333 0.0046875 0.003125
0 0.21640625 0.30625 0.003125 0.004166666666666667
0 0.349609375 0.30572916666666666 0.00703125 0.005208333333333333
0 0.264453125 0.30416666666666664 0.00390625 0.00625
0 0.70625 0.30520833333333336 0.009375 0.010416666666666666
0 0.7515625 0.30364583333333334 0.0078125 0.011458333333333333
0 0.73359375 0.3026041666666667 0.0078125 0.009375
0 0.41796875 0.303125 0.0078125 0.010416666666666666
0 0.622265625 0.30104166666666665 0.00859375 0.010416666666666666
0 0.312109375 0.2984375 0.00703125 0.005208333333333333
0 0.55390625 0.3 0.0078125 0.010416666666666666
0 0.5328125 0.29739583333333336 0.0078125 0.011458333333333333
0 0.3796875 0.296875 0.0078125 0.010416666666666666
0 0.691015625 0.29635416666666664 0.00859375 0.011458333333333333
0 0.28203125 0.29322916666666665 0.0046875 0.005208333333333333
0 0.328515625 0.29375 0.00703125 0.008333333333333333
0 0.251171875 0.2921875 0.00546875 0.007291666666666667
0 0.361328125 0.29270833333333335 0.00703125 0.010416666666666666
0 0.808203125 0.29270833333333335 0.01015625 0.0125
0 0.205078125 0.2875 0.00390625 0.0020833333333333333
0 0.44765625 0.28958333333333336 0.0078125 0.010416666666666666
0 0.394921875 0.28802083333333334 0.00703125 0.009375
0 0.297265625 0.28489583333333335 0.00703125 0.007291666666666667
0 0.762890625 0.28541666666666665 0.01015625 0.0125
0 0.34375 0.28229166666666666 0.0078125 0.00625
0 0.267578125 0.28229166666666666 0.00703125 0.008333333333333333
0 0.231640625 0.2796875 0.00234375 0.003125
0 0.71484375 0.2828125 0.0078125 0.011458333333333333
0 0.740234375 0.2760416666666667 0.00703125 0.004166666666666667
0 0.564453125 0.2796875 0.00859375 0.011458333333333333
0 0.31328125 0.278125 0.0078125 0.008333333333333333
0 0.650390625 0.275 0.00703125 0.008333333333333333
0 0.37265625 0.2760416666666667 0.0078125 0.010416666666666666
0 0.6890625 0.2734375 0.0078125 0.009375
0 0.591796875 0.27395833333333336 0.00703125 0.010416666666666666
0 0.433984375 0.27395833333333336 0.00859375 0.010416666666666666
0 0.3296875 0.27291666666666664 0.0078125 0.008333333333333333
0 0.284375 0.2713541666666667 0.00625 0.005208333333333333
0 0.2484375 0.27239583333333334 0.0078125 0.009375
0 0.417578125 0.27239583333333334 0.00703125 0.011458333333333333
0 0.45625 0.2713541666666667 0.0078125 0.011458333333333333
0 0.200390625 0.26927083333333335 0.00546875 0.009375
0 0.35546875 0.2682291666666667 0.0078125 0.011458333333333333
0 0.4015625 0.26666666666666666 0.0078125 0.010416666666666666
0 0.30078125 0.2640625 0.0078125 0.007291666666666667
0 0.728125 0.25885416666666666 0.0078125 0.005208333333333333
0 0.52734375 0.25885416666666666 0.0078125 0.011458333333333333
0 0.444140625 0.25729166666666664 0.00859375 0.010416666666666666
0 0.38671875 0.25729166666666664 0.0078125 0.010416666666666666
0 0.747265625 0.25364583333333335 0.00703125 0.007291666666666667
0 0.369921875 0.2552083333333333 0.00859375 0.010416666666666666
0 0.31875 0.2546875 0.0078125 0.011458333333333333
0 0.68125 0.25364583333333335 0.0078125 0.011458333333333333
0 0.287890625 0.2520833333333333 0.00703125 0.008333333333333333
0 0.33515625 0.2520833333333333 0.0078125 0.010416666666666666
0 0.271875 0.25104166666666666 0.0078125 0.010416666666666666
0 0.66328125 0.24791666666666667 0.00625 0.00625
0 0.41171875 0.25 0.0078125 0.0125
0 0.208203125 0.24947916666666667 0.00859375 0.011458333333333333
0 0.4984375 0.246875 0.0078125 0.010416666666666666
0 0.35078125 0.24114583333333334 0.0015625 0.0010416666666666667
0 0.348046875 0.2390625 0.00234375 0.003125
0 0.25625 0.24322916666666666 0.00625 0.011458333333333333
0 0.434765625 0.24166666666666667 0.00859375 0.0125
0 0.6171875 0.24010416666666667 0.0078125 0.011458333333333333
0 0.808984375 0.24010416666666667 0.01015625 0.013541666666666667
0 0.3796875 0.23802083333333332 0.0078125 0.009375
0 0.771484375 0.2375 0.01015625 0.0125
0 0.484375 0.23697916666666666 0.0078125 0.011458333333333333
0 0.5921875 0.23541666666666666 0.0078125 0.0125
0 0.4671875 0.2328125 0.0078125 0.011458333333333333
0 0.45078125 0.23333333333333334 0.0078125 0.0125
0 0.405859375 0.22916666666666666 0.00703125 0.010416666666666666
0 0.334765625 0.22916666666666666 0.00703125 0.010416666666666666
0 0.276953125 0.22447916666666667 0.00703125 0.011458333333333333
0 0.213671875 0.22447916666666667 0.00859375 0.011458333333333333
0 0.368359375 0.22239583333333332 0.00703125 0.009375
0 0.658203125 0.22083333333333333 0.00546875 0.008333333333333333
0 0.29375 0.22239583333333332 0.0078125 0.011458333333333333
0 0.437890625 0.21979166666666666 0.00859375 0.0125
0 0.312109375 0.21927083333333333 0.00859375 0.011458333333333333
0 0.260546875 0.21979166666666666 0.00703125 0.0125
0 0.38515625 0.21666666666666667 0.0078125 0.010416666666666666
0 0.626953125 0.215625 0.00859375 0.0125
0 0.414453125 0.2109375 0.00234375 0.003125
0 0.412890625 0.20677083333333332 0.00078125 0.003125
0 0.32734375 0.21145833333333333 0.0078125 0.0125
0 0.4625 0.209375 0.0078125 0.0125
0 0.3578125 0.20677083333333332 0.00625 0.011458333333333333
0 0.415234375 0.20208333333333334 0.00390625 0.004166666666666667
0 0.399609375 0.20520833333333333 0.00859375 0.0125
0 0.284765625 0.2046875 0.00859375 0.011458333333333333
0 0.37421875 0.20052083333333334 0.0078125 0.009375
0 0.31484375 0.19739583333333333 0.009375 0.009375
0 0.450390625 0.19583333333333333 0.00859375 0.0125
0 0.242578125 0.17447916666666666 0.00859375 0.011458333333333333
0 0.462890625 0.17291666666666666 0.00859375 0.0125
