0 0.66640625 0.8171875 0.0078125 0.011458333333333333
0 0.337109375 0.8114583333333333 0.00078125 0.0020833333333333333
0 0.380078125 0.8135416666666667 0.00859375 0.0125
0 0.344921875 0.8067708333333333 0.00078125 0.0010416666666666667
0 0.298046875 0.8098958333333334 0.00859375 0.007291666666666667
0 0.649609375 0.8109375 0.00859375 0.011458333333333333
0 0.490234375 0.8114583333333333 0.00859375 0.0125
0 0.5296875 0.8098958333333334 0.0078125 0.011458333333333333
0 0.428515625 0.8104166666666667 0.00859375 0.0125
0 0.36015625 0.8104166666666667 0.009375 0.0125
0 0.2796875 0.8104166666666667 0.009375 0.0125
0 0.580859375 0.8067708333333333 0.00703125 0.009375
0 0.397265625 0.8083333333333333 0.00859375 0.0125
0 0.340234375 0.8052083333333333 0.00859375 0.008333333333333333
0 0.6265625 0.8057291666666667 0.0078125 0.011458333333333333
0 0.5640625 0.8057291666666667 0.0078125 0.011458333333333333
0 0.682421875 0.8052083333333333 0.00859375 0.0125
0 0.609375 0.8046875 0.0078125 0.011458333333333333
0 0.704296875 0.8036458333333333 0.00859375 0.011458333333333333
0 0.441796875 0.8005208333333333 0.00546875 0.011458333333333333
0 0.719921875 0.7994791666666666 0.00703125 0.011458333333333333
0 0.412890625 0.8 0.00859375 0.0125
0 0.754296875 0.7953125 0.00390625 0.005208333333333333
0 0.504296875 0.7989583333333333 0.00859375 0.0125
0 0.7359375 0.7947916666666667 0.00625 0.010416666666666666
0 0.59375 0.7942708333333334 0.00625 0.011458333333333333
0 0.78671875 0.7932291666666667 0.0078125 0.011458333333333333
0 0.372265625 0.7932291666666667 0.00859375 0.011458333333333333
0 0.887109375 0.7921875 0.01015625 0.011458333333333333
0 0.637109375 0.790625 0.00703125 0.010416666666666666
0 0.520703125 0.790625 0.00859375 0.0125
0 0.770703125 0.7895833333333333 0.00703125 0.0125
0 0.6703125 0.7890625 0.0078125 0.011458333333333333
0 0.4796875 0.7890625 0.00625 0.011458333333333333
0 0.815234375 0.7869791666666667 0.00859375 0.011458333333333333
0 0.69140625 0.7869791666666667 0.0078125 0.011458333333333333
0 0.616796875 0.7859375 0.00546875 0.009375
0 0.429296875 0.7869791666666667 0.00859375 0.011458333333333333
0 0.388671875 0.7864583333333334 0.00859375 0.0125
0 0.575 0.784375 0.0078125 0.010416666666666666
0 0.864453125 0.7838541666666666 0.01015625 0.011458333333333333
0 0.652734375 0.784375 0.00546875 0.0125
0 0.91484375 0.7828125 0.009375 0.011458333333333333
0 0.708984375 0.7822916666666667 0.00859375 0.010416666666666666
0 0.4578125 0.7828125 0.0078125 0.011458333333333333
0 0.79921875 0.7786458333333334 0.0046875 0.005208333333333333
0 0.53515625 0.7796875 0.0078125 0.011458333333333333
0 0.17265625 0.7796875 0.009375 0.011458333333333333
0 0.496484375 0.778125 0.00859375 0.0125
0 0.408984375 0.7776041666666667 0.00859375 0.011458333333333333
0 0.726171875 0.7744791666666667 0.00703125 0.011458333333333333
0 0.74453125 0.7723958333333333 0.0078125 0.009375
0 0.5875 0.7723958333333333 0.0046875 0.011458333333333333
0 0.36484375 0.7729166666666667 0.0078125 0.0125
0 0.782421875 0.7713541666666667 0.00859375 0.011458333333333333
0 0.762890625 0.7697916666666667 0.00859375 0.010416666666666666
0 0.551171875 0.7692708333333333 0.00859375 0.011458333333333333
0 0.633203125 0.7677083333333333 0.00546875 0.010416666666666666
0 0.516796875 0.7682291666666666 0.00859375 0.011458333333333333
0 0.820703125 0.7666666666666667 0.01015625 0.010416666666666666
0 0.68125 0.7671875 0.0078125 0.011458333333333333
0 0.445703125 0.7671875 0.00859375 0.011458333333333333
0 0.85625 0.7645833333333333 0.009375 0.008333333333333333
0 0.66171875 0.7661458333333333 0.00625 0.011458333333333333
0 0.698046875 0.7640625 0.00703125 0.011458333333333333
0 0.566796875 0.7640625 0.00703125 0.011458333333333333
0 0.4234375 0.7640625 0.0078125 0.011458333333333333
0 0.90703125 0.7614583333333333 0.0078125 0.008333333333333333
0 0.617578125 0.7619791666666667 0.00546875 0.011458333333333333
0 0.4859375 0.7588541666666667 0.0078125 0.011458333333333333
0 0.600390625 0.7578125 0.00546875 0.011458333333333333
0 0.39375 0.7583333333333333 0.0078125 0.0125
0 0.351953125 0.7583333333333333 0.00859375 0.0125
0 0.53203125 0.7567708333333333 0.0078125 0.011458333333333333
0 0.7125 0.7557291666666667 0.0078125 0.011458333333333333
0 0.646875 0.7552083333333334 0.00625 0.010416666666666666
0 0.502734375 0.7557291666666667 0.00859375 0.011458333333333333
0 0.73359375 0.7546875 0.009375 0.011458333333333333
0 0.79609375 0.753125 0.009375 0.010416666666666666
0 0.925 0.7520833333333333 0.009375 0.010416666666666666
0 0.63125 0.7473958333333334 0.0015625 0.0010416666666666667
0 0.771484375 0.7484375 0.00703125 0.007291666666666667
0 0.409765625 0.75 0.00859375 0.0125
0 0.368359375 0.7494791666666667 0.00859375 0.011458333333333333
0 0.5796875 0.7484375 0.0078125 0.013541666666666667
0 0.753515625 0.7463541666666667 0.00859375 0.011458333333333333
0 0.675 0.7463541666666667 0.0078125 0.011458333333333333
0 0.63046875 0.7416666666666667 0.0046875 0.004166666666666667
0 0.550390625 0.7453125 0.00859375 0.011458333333333333
0 0.51796875 0.7453125 0.0078125 0.011458333333333333
0 0.442578125 0.7442708333333333 0.00859375 0.011458333333333333
0 0.86171875 0.7432291666666667 0.009375 0.011458333333333333
0 0.69140625 0.7432291666666667 0.0078125 0.011458333333333333
0 0.61328125 0.7401041666666667 0.0078125 0.011458333333333333
0 0.425390625 0.7390625 0.00859375 0.011458333333333333
0 0.566796875 0.7369791666666666 0.00546875 0.011458333333333333
0 0.491796875 0.7369791666666666 0.00859375 0.011458333333333333
0 0.396875 0.7348958333333333 0.0078125 0.011458333333333333
0 0.3265625 0.7348958333333333 0.0078125 0.011458333333333333
0 0.45859375 0.7338541666666667 0.0078125 0.011458333333333333
0 0.65 0.7328125 0.0078125 0.011458333333333333
0 0.38046875 0.7328125 0.0078125 0.011458333333333333
0 0.355859375 0.7328125 0.00859375 0.011458333333333333
0 0.776953125 0.73125 0.00859375 0.010416666666666666
0 0.702734375 0.7307291666666667 0.00546875 0.009375
0 0.5359375 0.7317708333333334 0.0078125 0.011458333333333333
0 0.919140625 0.7302083333333333 0.01015625 0.010416666666666666
0 0.190234375 0.7302083333333333 0.00859375 0.010416666666666666
0 0.79453125 0.7291666666666666 0.0078125 0.0125
0 0.66640625 0.7276041666666667 0.0078125 0.011458333333333333
0 0.837109375 0.7265625 0.00859375 0.011458333333333333
0 0.580859375 0.7265625 0.00859375 0.011458333333333333
0 0.509375 0.7244791666666667 0.0078125 0.011458333333333333
0 0.601953125 0.7234375 0.00859375 0.011458333333333333
0 0.551953125 0.7223958333333333 0.00859375 0.011458333333333333
0 0.4390625 0.7223958333333333 0.0078125 0.011458333333333333
0 0.41015625 0.7208333333333333 0.0078125 0.010416666666666666
0 0.34140625 0.7197916666666667 0.0078125 0.010416666666666666
0 0.758203125 0.7192708333333333 0.00859375 0.011458333333333333
0 0.690234375 0.7177083333333333 0.00546875 0.008333333333333333
0 0.621875 0.7182291666666667 0.0078125 0.011458333333333333
0 0.638671875 0.7171875 0.00703125 0.011458333333333333
0 0.3171875 0.7166666666666667 0.0078125 0.010416666666666666
0 0.864453125 0.7140625 0.00546875 0.007291666666666667
0 0.467578125 0.7151041666666667 0.00703125 0.011458333333333333
0 0.390625 0.7140625 0.0078125 0.011458333333333333
0 0.490234375 0.7130208333333333 0.00546875 0.011458333333333333
0 0.741796875 0.7125 0.00859375 0.0125
0 0.3734375 0.7114583333333333 0.0078125 0.010416666666666666
0 0.825390625 0.709375 0.00546875 0.010416666666666666
0 0.77265625 0.709375 0.009375 0.010416666666666666
0 0.7015625 0.7083333333333334 0.00625 0.008333333333333333
0 0.673046875 0.709375 0.00703125 0.010416666666666666
0 0.537890625 0.7098958333333333 0.00859375 0.011458333333333333
0 0.42421875 0.709375 0.00625 0.010416666666666666
0 0.358203125 0.7072916666666667 0.00390625 0.008333333333333333
0 0.276953125 0.7078125 0.00703125 0.009375
0 0.5890625 0.7078125 0.00625 0.011458333333333333
0 0.52109375 0.7078125 0.0078125 0.011458333333333333
0 0.4515625 0.7057291666666666 0.0078125 0.011458333333333333
0 0.5625 0.7046875 0.0078125 0.011458333333333333
0 0.196875 0.7041666666666667 0.0078125 0.010416666666666666
0 0.609375 0.7036458333333333 0.0078125 0.011458333333333333
0 0.505078125 0.6994791666666667 0.00859375 0.011458333333333333
0 0.328125 0.6994791666666667 0.0078125 0.011458333333333333
0 0.80859375 0.6984375 0.009375 0.011458333333333333
0 0.875390625 0.6947916666666667 0.00703125 0.008333333333333333
0 0.73359375 0.6942708333333333 0.0046875 0.007291666666666667
0 0.645703125 0.6958333333333333 0.00859375 0.010416666666666666
0 0.7171875 0.6942708333333333 0.0078125 0.011458333333333333
0 0.39921875 0.69375 0.0078125 0.010416666666666666
0 0.308203125 0.6932291666666667 0.00703125 0.009375
0 0.344921875 0.6932291666666667 0.00703125 0.011458333333333333
0 0.382421875 0.6921875 0.00859375 0.011458333333333333
0 0.6640625 0.6901041666666666 0.0078125 0.011458333333333333
0 0.48984375 0.6901041666666666 0.0078125 0.011458333333333333
0 0.471875 0.6885416666666667 0.0078125 0.010416666666666666
0 0.840234375 0.6880208333333333 0.00859375 0.011458333333333333
0 0.5328125 0.6880208333333333 0.0078125 0.011458333333333333
0 0.44140625 0.6880208333333333 0.0078125 0.011458333333333333
0 0.760546875 0.6869791666666667 0.00859375 0.011458333333333333
0 0.68046875 0.6864583333333333 0.0078125 0.010416666666666666
0 0.55 0.6864583333333333 0.0078125 0.010416666666666666
0 0.425 0.6869791666666667 0.0078125 0.011458333333333333
0 0.365625 0.6869791666666667 0.0078125 0.011458333333333333
0 0.58671875 0.6859375 0.0078125 0.011458333333333333
0 0.822265625 0.684375 0.00859375 0.010416666666666666
0 0.569921875 0.6848958333333334 0.00859375 0.011458333333333333
0 0.1890625 0.6838541666666667 0.00625 0.009375
0 0.206640625 0.6817708333333333 0.00859375 0.009375
0 0.608984375 0.6807291666666667 0.00859375 0.011458333333333333
0 0.5171875 0.6807291666666667 0.0078125 0.011458333333333333
0 0.275390625 0.6796875 0.00546875 0.009375
0 0.862109375 0.6796875 0.01015625 0.011458333333333333
0 0.698828125 0.678125 0.00859375 0.010416666666666666
0 0.258984375 0.6765625 0.00703125 0.007291666666666667
0 0.625 0.6770833333333334 0.0078125 0.010416666666666666
0 0.745703125 0.6760416666666667 0.00859375 0.010416666666666666
0 0.410546875 0.6765625 0.00859375 0.011458333333333333
0 0.3265625 0.6755208333333333 0.0078125 0.009375
0 0.2921875 0.6723958333333333 0.00625 0.005208333333333333
0 0.64765625 0.6739583333333333 0.0078125 0.010416666666666666
0 0.501171875 0.6744791666666666 0.00859375 0.011458333333333333
0 0.39140625 0.6734375 0.0078125 0.009375
0 0.72578125 0.6713541666666667 0.0078125 0.009375
0 0.4546875 0.671875 0.0078125 0.010416666666666666
0 0.35390625 0.6713541666666667 0.0078125 0.009375
0 0.31015625 0.6713541666666667 0.0078125 0.011458333333333333
0 0.779296875 0.6682291666666667 0.00859375 0.011458333333333333
0 0.434375 0.6682291666666667 0.0078125 0.011458333333333333
0 0.483984375 0.6671875 0.00859375 0.011458333333333333
0 0.5953125 0.6661458333333333 0.0078125 0.011458333333333333
0 0.55390625 0.6645833333333333 0.0078125 0.010416666666666666
0 0.528515625 0.6645833333333333 0.00703125 0.010416666666666666
0 0.369921875 0.6640625 0.00703125 0.009375
0 0.676171875 0.6635416666666667 0.00546875 0.010416666666666666
0 0.569921875 0.6614583333333334 0.00703125 0.010416666666666666
0 0.338671875 0.659375 0.00703125 0.010416666666666666
0 0.512109375 0.6578125 0.00546875 0.009375
0 0.46796875 0.6572916666666667 0.0078125 0.010416666666666666
0 0.751171875 0.6546875 0.00859375 0.009375
0 0.40703125 0.6552083333333333 0.0078125 0.010416666666666666
0 0.320703125 0.6520833333333333 0.00703125 0.00625
0 0.287109375 0.6526041666666667 0.00703125 0.009375
0 0.496875 0.6526041666666667 0.0078125 0.011458333333333333
0 0.190234375 0.6510416666666666 0.00703125 0.008333333333333333
0 0.861328125 0.6515625 0.00859375 0.011458333333333333
0 0.8796875 0.6505208333333333 0.0078125 0.011458333333333333
0 0.355078125 0.6484375 0.00546875 0.007291666666666667
0 0.44375 0.6494791666666667 0.0078125 0.011458333333333333
0 0.269921875 0.6479166666666667 0.00703125 0.008333333333333333
0 0.3046875 0.6479166666666667 0.0078125 0.010416666666666666
0 0.391796875 0.646875 0.00703125 0.010416666666666666
0 0.78984375 0.6416666666666667 0.0046875 0.004166666666666667
0 0.48125 0.6447916666666667 0.0078125 0.010416666666666666
0 0.834765625 0.6442708333333333 0.01015625 0.011458333333333333
0 0.80625 0.64375 0.00625 0.010416666666666666
0 0.541796875 0.64375 0.00703125 0.010416666666666666
0 0.525390625 0.64375 0.00859375 0.010416666666666666
0 0.42265625 0.6416666666666667 0.0078125 0.010416666666666666
0 0.372265625 0.640625 0.00546875 0.008333333333333333
0 0.7625 0.6390625 0.009375 0.011458333333333333
0 0.34140625 0.6359375 0.0078125 0.009375
0 0.244921875 0.6354166666666666 0.00703125 0.008333333333333333
0 0.40546875 0.6317708333333333 0.0078125 0.009375
0 0.316796875 0.6307291666666667 0.00703125 0.007291666666666667
0 0.722265625 0.63125 0.00859375 0.010416666666666666
0 0.284765625 0.63125 0.00703125 0.010416666666666666
0 0.49375 0.6302083333333334 0.0078125 0.010416666666666666
0 0.4375 0.6296875 0.0078125 0.011458333333333333
0 0.798828125 0.6244791666666667 0.00234375 0.005208333333333333
0 0.36015625 0.6270833333333333 0.0078125 0.010416666666666666
0 0.268359375 0.6255208333333333 0.00703125 0.007291666666666667
0 0.301171875 0.6223958333333334 0.00703125 0.007291666666666667
0 0.536328125 0.6229166666666667 0.00703125 0.010416666666666666
0 0.221875 0.621875 0.00625 0.008333333333333333
0 0.8 0.61875 0.003125 0.004166666666666667
0 0.74453125 0.6208333333333333 0.009375 0.010416666666666666
0 0.39140625 0.6192708333333333 0.0078125 0.007291666666666667
0 0.784375 0.6177083333333333 0.0078125 0.00625
0 0.42265625 0.6197916666666666 0.0078125 0.010416666666666666
0 0.33046875 0.6192708333333333 0.0078125 0.009375
0 0.83671875 0.61875 0.009375 0.0125
0 0.375 0.6166666666666667 0.0078125 0.010416666666666666
0 0.253515625 0.6161458333333333 0.00703125 0.009375
0 0.347265625 0.6130208333333333 0.00859375 0.007291666666666667
0 0.316015625 0.6083333333333333 0.00546875 0.004166666666666667
0 0.49296875 0.6083333333333333 0.0078125 0.010416666666666666
0 0.2859375 0.60625 0.0078125 0.00625
0 0.436328125 0.60625 0.00703125 0.010416666666666666
0 0.728515625 0.603125 0.00859375 0.010416666666666666
0 0.362890625 0.6015625 0.00703125 0.009375
0 0.40546875 0.5994791666666667 0.0078125 0.009375
0 0.831640625 0.596875 0.00859375 0.010416666666666666
0 0.38203125 0.596875 0.0078125 0.010416666666666666
0 0.217578125 0.5953125 0.00703125 0.009375
0 0.6078125 0.5942708333333333 0.0078125 0.009375
0 0.42265625 0.5947916666666667 0.0078125 0.010416666666666666
0 0.25703125 0.5932291666666667 0.00625 0.007291666666666667
0 0.27421875 0.5921875 0.0078125 0.009375
0 0.31015625 0.5885416666666666 0.0078125 0.008333333333333333
0 0.446875 0.5885416666666666 0.0078125 0.010416666666666666
0 0.329296875 0.5880208333333333 0.00703125 0.009375
0 0.293359375 0.5880208333333333 0.00703125 0.009375
0 0.483203125 0.5828125 0.00703125 0.009375
0 0.346875 0.5828125 0.0078125 0.009375
0 0.69140625 0.5817708333333333 0.0078125 0.009375
0 0.365234375 0.5796875 0.00703125 0.009375
0 0.4234375 0.5739583333333333 0.0078125 0.010416666666666666
0 0.251171875 0.5729166666666666 0.00703125 0.008333333333333333
0 0.231640625 0.5708333333333333 0.00390625 0.004166666666666667
0 0.26953125 0.5703125 0.0078125 0.007291666666666667
0 0.323046875 0.5677083333333334 0.00703125 0.008333333333333333
0 0.30390625 0.5682291666666667 0.0078125 0.009375
0 0.28671875 0.5682291666666667 0.0078125 0.009375
0 0.6625 0.5671875 0.0078125 0.009375
0 0.446484375 0.5677083333333334 0.00703125 0.010416666666666666
0 0.83671875 0.565625 0.009375 0.010416666666666666
0 0.37734375 0.5645833333333333 0.0078125 0.010416666666666666
0 0.56484375 0.5625 0.0078125 0.010416666666666666
0 0.79375 0.5614583333333333 0.009375 0.010416666666666666
0 0.35625 0.5604166666666667 0.0078125 0.008333333333333333
0 0.339453125 0.5598958333333334 0.00703125 0.007291666666666667
0 0.582421875 0.5546875 0.00703125 0.009375
0 0.242578125 0.5526041666666667 0.00546875 0.005208333333333333
0 0.261328125 0.5510416666666667 0.00390625 0.004166666666666667
0 0.278125 0.55 0.0078125 0.008333333333333333
0 0.296875 0.55 0.0078125 0.010416666666666666
0 0.77421875 0.5489583333333333 0.009375 0.010416666666666666
0 0.31484375 0.5489583333333333 0.0078125 0.010416666666666666
0 0.3671875 0.5458333333333333 0.0078125 0.010416666666666666
0 0.38828125 0.5421875 0.0078125 0.009375
0 0.35 0.5416666666666666 0.0078125 0.008333333333333333
0 0.33125 0.540625 0.0046875 0.00625
0 0.55390625 0.5338541666666666 0.0078125 0.009375
0 0.252734375 0.5307291666666667 0.00390625 0.003125
0 0.269921875 0.5307291666666667 0.00703125 0.007291666666666667
0 0.30546875 0.53125 0.0078125 0.010416666666666666
0 0.287109375 0.5307291666666667 0.00703125 0.009375
0 0.23828125 0.525 0.00625 0.008333333333333333
0 0.46796875 0.5244791666666667 0.0078125 0.009375
0 0.3421875 0.5208333333333334 0.00625 0.004166666666666667
0 0.1828125 0.5229166666666667 0.00625 0.008333333333333333
0 0.32578125 0.5223958333333333 0.0078125 0.009375
0 0.39296875 0.5161458333333333 0.0078125 0.009375
0 0.276953125 0.5098958333333333 0.00390625 0.003125
0 0.2609375 0.5130208333333334 0.00625 0.009375
0 0.5515625 0.5109375 0.00625 0.009375
0 0.294140625 0.5109375 0.00703125 0.009375
0 0.31171875 0.509375 0.0078125 0.008333333333333333
0 0.227734375 0.5078125 0.00703125 0.007291666666666667
0 0.3546875 0.5072916666666667 0.0078125 0.008333333333333333
0 0.20625 0.50625 0.0046875 0.00625
0 0.2453125 0.5052083333333334 0.0078125 0.008333333333333333
0 0.464453125 0.5041666666666667 0.00703125 0.010416666666666666
0 0.370703125 0.5026041666666666 0.00703125 0.009375
0 0.332421875 0.5010416666666667 0.00703125 0.00625
0 0.187109375 0.49895833333333334 0.00390625 0.004166666666666667
0 0.387109375 0.496875 0.00703125 0.010416666666666666
0 0.269140625 0.4942708333333333 0.00703125 0.009375
0 0.88515625 0.49270833333333336 0.009375 0.010416666666666666
0 0.303125 0.4921875 0.0078125 0.009375
0 0.827734375 0.49166666666666664 0.01015625 0.010416666666666666
0 0.79765625 0.49166666666666664 0.009375 0.010416666666666666
0 0.422265625 0.49166666666666664 0.00703125 0.010416666666666666
0 0.234375 0.4859375 0.0046875 0.003125
0 0.253515625 0.4869791666666667 0.00703125 0.009375
0 0.20859375 0.484375 0.00625 0.00625
0 0.711328125 0.48489583333333336 0.00859375 0.009375
0 0.4375 0.4817708333333333 0.0078125 0.009375
0 0.322265625 0.4791666666666667 0.00703125 0.008333333333333333
0 0.288671875 0.4765625 0.00546875 0.005208333333333333
0 0.453125 0.478125 0.0078125 0.010416666666666666
0 0.33828125 0.4744791666666667 0.0078125 0.007291666666666667
0 0.22265625 0.47239583333333335 0.0078125 0.007291666666666667
0 0.265625 0.471875 0.0078125 0.010416666666666666
0 0.354296875 0.46875 0.00859375 0.008333333333333333
0 0.8078125 0.46875 0.009375 0.010416666666666666
0 0.30546875 0.4671875 0.0078125 0.007291666666666667
0 0.245703125 0.46770833333333334 0.00703125 0.008333333333333333
0 0.280078125 0.459375 0.00703125 0.00625
0 0.420703125 0.46041666666666664 0.00703125 0.010416666666666666
0 0.326953125 0.4588541666666667 0.00703125 0.007291666666666667
0 0.2140625 0.45677083333333335 0.0078125 0.009375
0 0.377734375 0.4557291666666667 0.00859375 0.009375
0 0.187109375 0.44947916666666665 0.00546875 0.003125
0 0.2640625 0.44947916666666665 0.0078125 0.009375
0 0.541796875 0.4484375 0.00703125 0.009375
0 0.246484375 0.446875 0.00703125 0.008333333333333333
0 0.87578125 0.44635416666666666 0.009375 0.009375
0 0.3046875 0.44114583333333335 0.0078125 0.007291666666666667
0 0.2875 0.44114583333333335 0.0078125 0.009375
0 0.23046875 0.4395833333333333 0.0046875 0.00625
0 0.557421875 0.4390625 0.00703125 0.009375
0 0.418359375 0.4390625 0.00703125 0.009375
0 0.862109375 0.4348958333333333 0.00390625 0.005208333333333333
0 0.773828125 0.43645833333333334 0.00859375 0.010416666666666666
0 0.384375 0.4354166666666667 0.00625 0.010416666666666666
0 0.842578125 0.4322916666666667 0.00859375 0.010416666666666666
0 0.273046875 0.43125 0.00703125 0.008333333333333333
0 0.67734375 0.43125 0.0078125 0.010416666666666666
0 0.256640625 0.42864583333333334 0.00703125 0.007291666666666667
0 0.31328125 0.42291666666666666 0.00625 0.004166666666666667
0 0.827734375 0.42239583333333336 0.00546875 0.007291666666666667
0 0.296484375 0.4234375 0.00703125 0.009375
0 0.797265625 0.4197916666666667 0.00546875 0.00625
0 0.740234375 0.421875 0.00859375 0.010416666666666666
0 0.780859375 0.41875 0.00546875 0.010416666666666666
0 0.7640625 0.41875 0.0078125 0.010416666666666666
0 0.871875 0.4166666666666667 0.009375 0.010416666666666666
0 0.2828125 0.41302083333333334 0.0078125 0.009375
0 0.24765625 0.4119791666666667 0.00625 0.007291666666666667
0 0.327734375 0.41041666666666665 0.00703125 0.00625
0 0.265234375 0.41041666666666665 0.00546875 0.00625
0 0.726171875 0.4114583333333333 0.00859375 0.010416666666666666
0 0.359375 0.40989583333333335 0.0078125 0.009375
0 0.859375 0.40208333333333335 0.0046875 0.004166666666666667
0 0.298046875 0.403125 0.00703125 0.008333333333333333
0 0.8109375 0.40208333333333335 0.009375 0.010416666666666666
0 0.756640625 0.4 0.00859375 0.008333333333333333
0 0.31484375 0.4 0.0078125 0.008333333333333333
0 0.234765625 0.39947916666666666 0.00703125 0.007291666666666667
0 0.7765625 0.3984375 0.0078125 0.009375
0 0.27578125 0.3921875 0.0046875 0.005208333333333333
0 0.218359375 0.3932291666666667 0.00546875 0.007291666666666667
0 0.25078125 0.39114583333333336 0.0078125 0.007291666666666667
0 0.8453125 0.39166666666666666 0.009375 0.010416666666666666
0 0.790625 0.3890625 0.0078125 0.009375
0 0.328125 0.3890625 0.0078125 0.009375
0 0.868359375 0.3885416666666667 0.00859375 0.010416666666666666
0 0.290625 0.3848958333333333 0.0078125 0.009375
0 0.60234375 0.3828125 0.0078125 0.009375
0 0.57890625 0.3828125 0.0078125 0.009375
0 0.342578125 0.3796875 0.00703125 0.009375
0 0.265234375 0.378125 0.00703125 0.00625
0 0.236328125 0.37916666666666665 0.00546875 0.008333333333333333
0 0.306640625 0.3765625 0.00703125 0.005208333333333333
0 0.817578125 0.378125 0.00859375 0.010416666666666666
0 0.487109375 0.3765625 0.00703125 0.009375
0 0.744140625 0.375 0.00859375 0.010416666666666666
0 0.776171875 0.3734375 0.00859375 0.009375
0 0.38671875 0.37135416666666665 0.0078125 0.009375
0 0.28046875 0.3692708333333333 0.00625 0.009375
0 0.79296875 0.3645833333333333 0.0078125 0.004166666666666667
0 0.591796875 0.3671875 0.00703125 0.009375
0 0.564453125 0.36770833333333336 0.00703125 0.010416666666666666
0 0.22421875 0.36666666666666664 0.00625 0.008333333333333333
0 0.619921875 0.36666666666666664 0.00703125 0.010416666666666666
0 0.334375 0.36302083333333335 0.0078125 0.009375
0 0.296875 0.3619791666666667 0.0078125 0.007291666666666667
0 0.349609375 0.3609375 0.00703125 0.009375
0 0.31484375 0.3609375 0.0078125 0.009375
0 0.260546875 0.3572916666666667 0.00546875 0.00625
0 0.88203125 0.35625 0.009375 0.010416666666666666
0 0.826953125 0.35520833333333335 0.00859375 0.008333333333333333
0 0.450390625 0.35625 0.00703125 0.010416666666666666
0 0.237890625 0.3536458333333333 0.00703125 0.007291666666666667
0 0.77578125 0.35104166666666664 0.0078125 0.010416666666666666
0 0.371875 0.35 0.00625 0.008333333333333333
0 0.275390625 0.35 0.00703125 0.008333333333333333
0 0.571484375 0.3489583333333333 0.00703125 0.010416666666666666
0 0.79375 0.3463541666666667 0.00625 0.007291666666666667
0 0.302734375 0.34322916666666664 0.00703125 0.007291666666666667
0 0.21484375 0.34375 0.00625 0.008333333333333333
0 0.8109375 0.34375 0.0078125 0.010416666666666666
0 0.31875 0.340625 0.0078125 0.008333333333333333
0 0.441015625 0.3390625 0.00703125 0.009375
0 0.230859375 0.33697916666666666 0.00703125 0.009375
0 0.286328125 0.33489583333333334 0.00703125 0.009375
0 0.7 0.3328125 0.0078125 0.009375
0 0.2640625 0.33177083333333335 0.0078125 0.007291666666666667
0 0.67578125 0.33229166666666665 0.009375 0.010416666666666666
0 0.2484375 0.32864583333333336 0.0046875 0.003125
0 0.336328125 0.3307291666666667 0.00703125 0.009375
0 0.555078125 0.3255208333333333 0.00703125 0.009375
0 0.78515625 0.325 0.009375 0.010416666666666666
0 0.351171875 0.32447916666666665 0.00703125 0.009375
0 0.305078125 0.3234375 0.00703125 0.009375
0 0.320703125 0.32083333333333336 0.00703125 0.008333333333333333
0 0.711328125 0.31875 0.00859375 0.010416666666666666
0 0.68515625 0.31927083333333334 0.0078125 0.011458333333333333
0 0.66328125 0.31666666666666665 0.0078125 0.010416666666666666
0 0.523828125 0.3151041666666667 0.00703125 0.009375
0 0.290234375 0.3145833333333333 0.00703125 0.008333333333333333
0 0.27421875 0.31302083333333336 0.0078125 0.005208333333333333
0 0.257421875 0.31302083333333336 0.00546875 0.005208333333333333
0 0.542578125 0.3145833333333333 0.00703125 0.010416666666666666
0 0.24140625 0.3125 0.00625 0.008333333333333333
0 0.33984375 0.3109375 0.0078125 0.009375
0 0.421875 0.30885416666666665 0.00625 0.009375
0 0.225390625 0.30885416666666665 0.00703125 0.009375
0 0.753515625 0.3072916666666667 0.00859375 0.010416666666666666
0 0.698046875 0.3072916666666667 0.00703125 0.010416666666666666
0 0.615625 0.3067708333333333 0.0078125 0.009375
0 0.311328125 0.3046875 0.00703125 0.009375
0 0.449609375 0.30364583333333334 0.00703125 0.009375
0 0.6515625 0.303125 0.0078125 0.010416666666666666
0 0.298828125 0.29739583333333336 0.00078125 0.0010416666666666667
0 0.32734375 0.2989583333333333 0.0078125 0.010416666666666666
0 0.2828125 0.296875 0.0078125 0.00625
0 0.434765625 0.29739583333333336 0.00703125 0.009375
0 0.684765625 0.296875 0.00859375 0.010416666666666666
0 0.367578125 0.29635416666666664 0.00703125 0.009375
0 0.253515625 0.29635416666666664 0.00703125 0.009375
0 0.19921875 0.2953125 0.0078125 0.009375
0 0.72578125 0.2947916666666667 0.0078125 0.010416666666666666
0 0.709375 0.2942708333333333 0.0078125 0.011458333333333333
0 0.2375 0.29322916666666665 0.0078125 0.009375
0 0.296484375 0.2921875 0.00234375 0.009375
0 0.35078125 0.2916666666666667 0.0078125 0.010416666666666666
0 0.60703125 0.290625 0.0078125 0.010416666666666666
0 0.221484375 0.29010416666666666 0.00703125 0.009375
0 0.54296875 0.28802083333333334 0.0078125 0.009375
0 0.41484375 0.28854166666666664 0.00625 0.010416666666666666
0 0.26875 0.28854166666666664 0.0078125 0.010416666666666666
0 0.6703125 0.2864583333333333 0.0078125 0.010416666666666666
0 0.777734375 0.28541666666666665 0.00859375 0.010416666666666666
0 0.523828125 0.28541666666666665 0.00703125 0.010416666666666666
0 0.3140625 0.284375 0.0078125 0.010416666666666666
0 0.378515625 0.28229166666666666 0.00703125 0.010416666666666666
0 0.330078125 0.2786458333333333 0.00703125 0.009375
0 0.2859375 0.278125 0.0078125 0.008333333333333333
0 0.736328125 0.278125 0.00859375 0.010416666666666666
0 0.36171875 0.27708333333333335 0.0078125 0.010416666666666666
0 0.442578125 0.2755208333333333 0.00703125 0.009375
0 0.69296875 0.2755208333333333 0.0078125 0.011458333333333333
0 0.393359375 0.27447916666666666 0.00703125 0.009375
0 0.25625 0.275 0.0078125 0.010416666666666666
0 0.714453125 0.27239583333333334 0.00859375 0.009375
0 0.211328125 0.27291666666666664 0.00859375 0.010416666666666666
0 0.300390625 0.2708333333333333 0.00859375 0.010416666666666666
0 0.552734375 0.26979166666666665 0.00703125 0.010416666666666666
0 0.34453125 0.26979166666666665 0.0078125 0.010416666666666666
0 0.63359375 0.2677083333333333 0.0078125 0.010416666666666666
0 0.66875 0.2671875 0.0078125 0.011458333333333333
0 0.27109375 0.26666666666666666 0.0078125 0.010416666666666666
0 0.236328125 0.265625 0.00703125 0.010416666666666666
0 0.578515625 0.2640625 0.00703125 0.009375
0 0.315625 0.2630208333333333 0.0078125 0.009375
0 0.430078125 0.26145833333333335 0.00703125 0.010416666666666666
0 0.371484375 0.26197916666666665 0.00703125 0.011458333333333333
0 0.451171875 0.2598958333333333 0.00703125 0.009375
0 0.414453125 0.25885416666666666 0.00703125 0.009375
0 0.33125 0.25833333333333336 0.0078125 0.008333333333333333
0 0.28828125 0.2578125 0.0078125 0.009375
0 0.70390625 0.25625 0.0078125 0.010416666666666666
0 0.253125 0.25677083333333334 0.0078125 0.011458333333333333
0 0.399609375 0.25416666666666665 0.00703125 0.010416666666666666
0 0.35546875 0.25416666666666665 0.0078125 0.010416666666666666
0 0.207421875 0.2520833333333333 0.00859375 0.010416666666666666
0 0.721875 0.2515625 0.0078125 0.011458333333333333
0 0.30390625 0.25052083333333336 0.0078125 0.009375
0 0.51796875 0.24947916666666667 0.00625 0.009375
0 0.6609375 0.246875 0.0078125 0.010416666666666666
0 0.440234375 0.24635416666666668 0.00703125 0.009375
0 0.333203125 0.24114583333333334 0.00078125 0.0010416666666666667
0 0.385546875 0.24427083333333333 0.00703125 0.009375
0 0.6453125 0.24427083333333333 0.0078125 0.011458333333333333
0 0.36953125 0.24322916666666666 0.0078125 0.011458333333333333
0 0.3203125 0.240625 0.0078125 0.010416666666666666
0 0.33359375 0.2359375 0.0015625 0.003125
0 0.29140625 0.23802083333333332 0.0078125 0.009375
0 0.778515625 0.2375 0.00859375 0.010416666666666666
0 0.491015625 0.23697916666666666 0.00703125 0.009375
0 0.408984375 0.2375 0.00703125 0.010416666666666666
0 0.275390625 0.23645833333333333 0.00703125 0.010416666666666666
0 0.744140625 0.234375 0.00859375 0.010416666666666666
0 0.601953125 0.234375 0.00703125 0.010416666666666666
0 0.2140625 0.23333333333333334 0.0078125 0.010416666666666666
0 0.430859375 0.23072916666666668 0.00703125 0.011458333333333333
0 0.578515625 0.228125 0.00703125 0.010416666666666666
0 0.477734375 0.22760416666666666 0.00703125 0.009375
0 0.2609375 0.228125 0.0078125 0.010416666666666666
0 0.378515625 0.2265625 0.00703125 0.009375
0 0.461328125 0.22395833333333334 0.00703125 0.010416666666666666
0 0.445703125 0.2234375 0.00703125 0.009375
0 0.351171875 0.22395833333333334 0.00703125 0.010416666666666666
0 0.403515625 0.21875 0.00703125 0.008333333333333333
0 0.641015625 0.21875 0.00703125 0.010416666666666666
0 0.3359375 0.2171875 0.0078125 0.011458333333333333
0 0.36875 0.21145833333333333 0.0078125 0.010416666666666666
0 0.611328125 0.21041666666666667 0.00703125 0.010416666666666666
0 0.433984375 0.2109375 0.00703125 0.011458333333333333
0 0.280078125 0.2109375 0.00703125 0.011458333333333333
0 0.296484375 0.209375 0.00703125 0.010416666666666666
0 0.21875 0.209375 0.0078125 0.010416666666666666
0 0.383984375 0.20625 0.00703125 0.010416666666666666
0 0.313671875 0.20677083333333332 0.00703125 0.011458333333333333
0 0.264453125 0.20625 0.00703125 0.010416666666666666
0 0.456640625 0.20208333333333334 0.00703125 0.010416666666666666
0 0.328515625 0.20052083333333334 0.00703125 0.011458333333333333
0 0.413671875 0.19739583333333333 0.00703125 0.011458333333333333
0 0.39765625 0.19583333333333333 0.0078125 0.010416666666666666
0 0.358203125 0.19635416666666666 0.00703125 0.011458333333333333
0 0.2875 0.19270833333333334 0.0078125 0.008333333333333333
0 0.373828125 0.19114583333333332 0.00703125 0.009375
0 0.445703125 0.1890625 0.00703125 0.011458333333333333
0 0.316015625 0.1875 0.00703125 0.010416666666666666
0 0.457421875 0.1671875 0.00703125 0.011458333333333333
0 0.247265625 0.16354166666666667 0.00703125 0.010416666666666666
