0 0.68359375 0.8399765533411488 0.0109375 0.008206330597889801
0 0.5625 0.820926143024619 0.0125 0.011137162954279016
0 0.5046875 0.7368112543962485 0.0109375 0.009378663540445486
0 0.53203125 0.7362250879249707 0.0109375 0.009378663540445486
0 0.768359375 0.7227432590855803 0.01171875 0.009378663540445486
0 0.6359375 0.72010550996483 0.0125 0.00996483001172333
0 0.580859375 0.7186400937866354 0.01015625 0.008206330597889801
0 0.615625 0.7124853458382181 0.0109375 0.008792497069167644
0 0.762109375 0.6817116060961314 0.01171875 0.009378663540445486
0 0.61796875 0.6682297772567409 0.0109375 0.008206330597889801
0 0.70703125 0.6579718640093787 0.0109375 0.008792497069167644
0 0.125 0.6559202813599062 0.0125 0.009378663540445486
0 0.64609375 0.6412661195779601 0.0109375 0.008206330597889801
0 0.60703125 0.6359906213364596 0.0109375 0.008206330597889801
0 0.151953125 0.6310082063305978 0.00859375 0.008792497069167644
0 0.46328125 0.6134232121922626 0.0109375 0.0076201641266119575
0 0.63359375 0.604337631887456 0.0109375 0.008206330597889801
0 0.73203125 0.5926143024618992 0.0125 0.008206330597889801
0 0.622265625 0.5890973036342321 0.01328125 0.008206330597889801
0 0.601953125 0.5890973036342321 0.01328125 0.008206330597889801
0 0.528125 0.5817702227432591 0.0109375 0.0076201641266119575
0 0.648046875 0.5811840562719812 0.01015625 0.0076201641266119575
0 0.340234375 0.5773739742086753 0.01171875 0.008206330597889801
0 0.6125 0.5741500586166471 0.0109375 0.008792497069167644
0 0.51328125 0.5697538100820633 0.0109375 0.008206330597889801
0 0.440625 0.5354630715123095 0.0109375 0.0076201641266119575
0 0.34765625 0.522567409144197 0.0125 0.0076201641266119575
0 0.841796875 0.5140679953106683 0.01171875 0.007033997655334115
0 0.50546875 0.5126025791324736 0.0109375 0.0076201641266119575
0 0.75 0.5049824150058617 0.0109375 0.0076201641266119575
0 0.836328125 0.49648300117233296 0.01171875 0.008206330597889801
0 0.383984375 0.4906213364595545 0.01171875 0.008206330597889801
0 0.41953125 0.48329425556858147 0.0109375 0.0076201641266119575
0 0.447265625 0.47596717467760846 0.01171875 0.008206330597889801
0 0.63359375 0.47332942555685814 0.0109375 0.0076201641266119575
0 0.572265625 0.4709847596717468 0.01171875 0.0076201641266119575
0 0.457421875 0.4604337631887456 0.01015625 0.008792497069167644
0 0.72421875 0.45955451348182885 0.0109375 0.008206330597889801
0 0.374609375 0.4536928487690504 0.01171875 0.008206330597889801
0 0.607421875 0.4264361078546307 0.01171875 0.008792497069167644
0 0.511328125 0.4232121922626026 0.01171875 0.008206330597889801
0 0.627734375 0.41822977725674093 0.01015625 0.0076201641266119575
0 0.2125 0.40416178194607266 0.0140625 0.00996483001172333
0 0.511328125 0.3959554513481829 0.01015625 0.008792497069167644
0 0.73515625 0.388042203985932 0.0109375 0.008206330597889801
0 0.485546875 0.3686987104337632 0.01171875 0.008206330597889801
0 0.72109375 0.36811254396248533 0.0109375 0.008206330597889801
0 0.40625 0.3505275498241501 0.0125 0.008206330597889801
0 0.33515625 0.3481828839390387 0.0125 0.009378663540445486
0 0.555078125 0.33528722157092616 0.01171875 0.008206330597889801
0 0.583203125 0.32297772567409144 0.01015625 0.008206330597889801
0 0.643359375 0.28341148886283707 0.01171875 0.008792497069167644
0 0.58828125 0.28077373974208675 0.0109375 0.008206330597889801
0 0.530859375 0.26875732708089095 0.01171875 0.008792497069167644
0 0.566796875 0.25586166471277844 0.01171875 0.008792497069167644
0 0.803515625 0.2514654161781946 0.01171875 0.008206330597889801
0 0.659765625 0.24120750293083235 0.01171875 0.008792497069167644
0 0.580078125 0.23974208675263775 0.00859375 0.007033997655334115
0 0.419921875 0.23417350527549824 0.00703125 0.008792497069167644
0 0.48125 0.14830011723329425 0.0125 0.010550996483001172
0 0.665625 0.11400937866354044 0.0078125 0.008792497069167644
0 0.3484375 0.10902696365767878 0.0125 0.010550996483001172
0 0.4234375 0.08645955451348183 0.0109375 0.00996483001172333
