0 0.677734375 0.7953125 0.00703125 0.009375
0 0.5421875 0.79375 0.00625 0.010416666666666666
0 0.7046875 0.7916666666666666 0.00625 0.010416666666666666
0 0.62109375 0.7911458333333333 0.00625 0.009375
0 0.52734375 0.790625 0.00625 0.010416666666666666
0 0.597265625 0.7848958333333333 0.00703125 0.009375
0 0.664453125 0.7817708333333333 0.00703125 0.009375
0 0.6484375 0.778125 0.00625 0.008333333333333333
0 0.410546875 0.778125 0.00703125 0.010416666666666666
0 0.6109375 0.7765625 0.00625 0.009375
0 0.7296875 0.7755208333333333 0.0078125 0.009375
0 0.5375 0.7760416666666666 0.00625 0.010416666666666666
0 0.712890625 0.7744791666666667 0.00703125 0.009375
0 0.7734375 0.7734375 0.0078125 0.009375
0 0.626171875 0.7723958333333333 0.00703125 0.009375
0 0.46171875 0.7729166666666667 0.00625 0.010416666666666666
0 0.55625 0.771875 0.00625 0.010416666666666666
0 0.396484375 0.7677083333333333 0.00703125 0.010416666666666666
0 0.687109375 0.7661458333333333 0.00703125 0.009375
0 0.276171875 0.7671875 0.00703125 0.011458333333333333
0 0.34140625 0.7630208333333334 0.0078125 0.009375
0 0.655078125 0.759375 0.00703125 0.010416666666666666
0 0.383203125 0.759375 0.00703125 0.010416666666666666
0 0.44453125 0.7583333333333333 0.00625 0.010416666666666666
0 0.673046875 0.7572916666666667 0.00703125 0.010416666666666666
0 0.54609375 0.7557291666666667 0.00625 0.009375
0 0.6171875 0.7541666666666667 0.00625 0.010416666666666666
0 0.598828125 0.7505208333333333 0.00703125 0.009375
0 0.4640625 0.7510416666666667 0.00625 0.010416666666666666
0 0.778125 0.7494791666666667 0.00625 0.009375
0 0.742578125 0.7494791666666667 0.00703125 0.009375
0 0.637890625 0.7494791666666667 0.00703125 0.009375
0 0.2796875 0.7494791666666667 0.0078125 0.011458333333333333
0 0.29765625 0.7473958333333334 0.0078125 0.011458333333333333
0 0.706640625 0.7447916666666666 0.00703125 0.010416666666666666
0 0.666796875 0.7390625 0.00703125 0.009375
0 0.65078125 0.7385416666666667 0.00625 0.008333333333333333
0 0.43984375 0.7390625 0.00625 0.009375
0 0.625390625 0.7380208333333333 0.00703125 0.009375
0 0.3328125 0.7385416666666667 0.0078125 0.010416666666666666
0 0.372265625 0.7369791666666666 0.00703125 0.009375
0 0.683203125 0.7354166666666667 0.00703125 0.008333333333333333
0 0.589453125 0.7348958333333333 0.00703125 0.009375
0 0.61015625 0.7333333333333333 0.00625 0.010416666666666666
0 0.554296875 0.7322916666666667 0.00703125 0.008333333333333333
0 0.72734375 0.7317708333333334 0.00625 0.009375
0 0.4625 0.7322916666666667 0.00625 0.010416666666666666
0 0.76796875 0.7291666666666666 0.0078125 0.00625
0 0.69765625 0.728125 0.00625 0.008333333333333333
0 0.3 0.728125 0.0078125 0.010416666666666666
0 0.787109375 0.7244791666666667 0.00703125 0.009375
0 0.634765625 0.7223958333333333 0.00703125 0.009375
0 0.672265625 0.7208333333333333 0.00703125 0.008333333333333333
0 0.656640625 0.7203125 0.00703125 0.009375
0 0.428515625 0.7182291666666667 0.00703125 0.009375
0 0.28671875 0.7182291666666667 0.0078125 0.009375
0 0.720703125 0.7140625 0.00703125 0.009375
0 0.47265625 0.7151041666666667 0.00625 0.011458333333333333
0 0.26328125 0.7135416666666666 0.0078125 0.010416666666666666
0 0.773828125 0.7104166666666667 0.00703125 0.00625
0 0.758203125 0.7119791666666667 0.00703125 0.009375
0 0.62109375 0.7109375 0.00625 0.009375
0 0.691015625 0.7098958333333333 0.00703125 0.009375
0 0.441796875 0.7098958333333333 0.00703125 0.009375
0 0.6453125 0.7083333333333334 0.00625 0.008333333333333333
0 0.735546875 0.7078125 0.00703125 0.009375
0 0.485546875 0.7057291666666666 0.00703125 0.009375
0 0.223828125 0.7057291666666666 0.00859375 0.009375
0 0.707421875 0.7046875 0.00546875 0.009375
0 0.554296875 0.7026041666666667 0.00703125 0.009375
0 0.676171875 0.7015625 0.00703125 0.009375
0 0.383984375 0.7015625 0.00703125 0.009375
0 0.606640625 0.7005208333333334 0.00703125 0.009375
0 0.472265625 0.696875 0.00703125 0.010416666666666666
0 0.660546875 0.6953125 0.00703125 0.009375
0 0.29140625 0.6953125 0.0078125 0.009375
0 0.276171875 0.6958333333333333 0.00859375 0.010416666666666666
0 0.625 0.6921875 0.00625 0.009375
0 0.72109375 0.6890625 0.00625 0.009375
0 0.3296875 0.6890625 0.0078125 0.009375
0 0.737109375 0.6869791666666667 0.00703125 0.009375
0 0.64609375 0.6869791666666667 0.00625 0.009375
0 0.7859375 0.6859375 0.00625 0.009375
0 0.752734375 0.6859375 0.00703125 0.009375
0 0.6828125 0.6828125 0.00625 0.009375
0 0.70859375 0.6770833333333334 0.00625 0.008333333333333333
0 0.411328125 0.6744791666666666 0.00703125 0.009375
0 0.30859375 0.6744791666666666 0.0078125 0.009375
0 0.630859375 0.6734375 0.00703125 0.009375
0 0.169140625 0.6744791666666666 0.00859375 0.011458333333333333
0 0.29140625 0.6713541666666667 0.0046875 0.009375
0 0.777734375 0.66875 0.00703125 0.00625
0 0.544140625 0.6703125 0.00703125 0.009375
0 0.323828125 0.6708333333333333 0.00703125 0.010416666666666666
0 0.669140625 0.6671875 0.00703125 0.009375
0 0.688671875 0.6640625 0.00703125 0.009375
0 0.643359375 0.6619791666666667 0.00703125 0.009375
0 0.239453125 0.6625 0.00859375 0.010416666666666666
0 0.217578125 0.6609375 0.00859375 0.009375
0 0.7046875 0.6583333333333333 0.00625 0.008333333333333333
0 0.176171875 0.659375 0.00859375 0.010416666666666666
0 0.3 0.6578125 0.0078125 0.009375
0 0.790234375 0.6552083333333333 0.00703125 0.008333333333333333
0 0.758203125 0.6541666666666667 0.00703125 0.008333333333333333
0 0.61640625 0.6546875 0.00625 0.009375
0 0.4078125 0.6505208333333333 0.00625 0.009375
0 0.659765625 0.6479166666666667 0.00703125 0.008333333333333333
0 0.716796875 0.6453125 0.00703125 0.007291666666666667
0 0.207421875 0.6453125 0.00859375 0.009375
0 0.229296875 0.6432291666666666 0.00859375 0.009375
0 0.732421875 0.6401041666666667 0.00703125 0.009375
0 0.748046875 0.6385416666666667 0.00703125 0.008333333333333333
0 0.701171875 0.6385416666666667 0.00703125 0.008333333333333333
0 0.258203125 0.6369791666666667 0.00859375 0.009375
0 0.195703125 0.63125 0.00859375 0.010416666666666666
0 0.687109375 0.6296875 0.00703125 0.009375
0 0.721875 0.6260416666666667 0.00625 0.008333333333333333
0 0.2359375 0.6255208333333333 0.0078125 0.009375
0 0.21953125 0.6244791666666667 0.0078125 0.009375
0 0.6609375 0.6229166666666667 0.00625 0.008333333333333333
0 0.703515625 0.6182291666666667 0.00703125 0.009375
0 0.173828125 0.6161458333333333 0.00859375 0.009375
0 0.7375 0.6145833333333334 0.00625 0.008333333333333333
0 0.268359375 0.6088541666666667 0.00859375 0.009375
0 0.683984375 0.60625 0.00703125 0.010416666666666666
0 0.66875 0.6052083333333333 0.00625 0.008333333333333333
0 0.358984375 0.6057291666666667 0.00703125 0.009375
0 0.233203125 0.6057291666666667 0.00859375 0.009375
0 0.720703125 0.6046875 0.00703125 0.009375
0 0.7546875 0.6026041666666667 0.00625 0.009375
0 0.63203125 0.6020833333333333 0.00625 0.008333333333333333
0 0.2125 0.6026041666666667 0.0078125 0.009375
0 0.195703125 0.6 0.00859375 0.010416666666666666
0 0.741796875 0.590625 0.00703125 0.008333333333333333
0 0.14453125 0.5911458333333334 0.009375 0.009375
0 0.772265625 0.5864583333333333 0.00703125 0.008333333333333333
0 0.67578125 0.5869791666666667 0.00625 0.009375
0 0.705859375 0.5854166666666667 0.00703125 0.008333333333333333
0 0.235546875 0.5854166666666667 0.00859375 0.008333333333333333
0 0.51953125 0.5838541666666667 0.00625 0.009375
0 0.651171875 0.5828125 0.00703125 0.009375
0 0.621484375 0.5828125 0.00703125 0.009375
0 0.756640625 0.5807291666666666 0.00703125 0.009375
0 0.723046875 0.5739583333333333 0.00703125 0.008333333333333333
0 0.501171875 0.5744791666666667 0.00703125 0.009375
0 0.175390625 0.5708333333333333 0.00859375 0.008333333333333333
0 0.13671875 0.571875 0.009375 0.010416666666666666
0 0.740234375 0.5692708333333333 0.00703125 0.009375
0 0.683984375 0.5692708333333333 0.00703125 0.009375
0 0.162109375 0.5651041666666666 0.00078125 0.0010416666666666667
0 0.208203125 0.5671875 0.00859375 0.009375
0 0.700390625 0.5661458333333333 0.00703125 0.009375
0 0.78046875 0.5651041666666666 0.00625 0.009375
0 0.763671875 0.5619791666666667 0.00703125 0.009375
0 0.16328125 0.5583333333333333 0.003125 0.004166666666666667
0 0.364453125 0.5578125 0.00703125 0.009375
0 0.14609375 0.5546875 0.0046875 0.005208333333333333
0 0.589453125 0.5552083333333333 0.00703125 0.008333333333333333
0 0.712890625 0.553125 0.00703125 0.008333333333333333
0 0.731640625 0.5515625 0.00703125 0.009375
0 0.7734375 0.5458333333333333 0.0046875 0.00625
0 0.240625 0.5447916666666667 0.0078125 0.010416666666666666
0 0.6015625 0.5421875 0.00625 0.009375
0 0.25625 0.5411458333333333 0.0078125 0.009375
0 0.701171875 0.5390625 0.00703125 0.009375
0 0.74296875 0.5364583333333334 0.00625 0.008333333333333333
0 0.758984375 0.5348958333333333 0.00703125 0.009375
0 0.384375 0.534375 0.0078125 0.008333333333333333
0 0.8015625 0.5317708333333333 0.0078125 0.009375
0 0.583203125 0.5317708333333333 0.00703125 0.009375
0 0.727734375 0.5307291666666667 0.00703125 0.009375
0 0.23203125 0.5302083333333333 0.0046875 0.010416666666666666
0 0.708984375 0.5192708333333333 0.00703125 0.009375
0 0.691015625 0.5192708333333333 0.00703125 0.009375
0 0.25546875 0.5197916666666667 0.0046875 0.010416666666666666
0 0.825390625 0.5171875 0.00546875 0.007291666666666667
0 0.769140625 0.5182291666666666 0.00703125 0.009375
0 0.17265625 0.5182291666666666 0.009375 0.009375
0 0.740625 0.5161458333333333 0.00625 0.009375
0 0.791796875 0.515625 0.00703125 0.010416666666666666
0 0.809765625 0.5125 0.00703125 0.008333333333333333
0 0.32109375 0.5119791666666667 0.0078125 0.009375
0 0.125390625 0.5125 0.01015625 0.010416666666666666
0 0.72421875 0.5098958333333333 0.0078125 0.009375
0 0.75390625 0.5046875 0.00625 0.007291666666666667
0 0.184765625 0.50625 0.00859375 0.010416666666666666
0 0.20859375 0.5036458333333333 0.009375 0.009375
0 0.780078125 0.5020833333333333 0.00703125 0.008333333333333333
0 0.704296875 0.49947916666666664 0.00703125 0.009375
0 0.796875 0.4947916666666667 0.00625 0.008333333333333333
0 0.736328125 0.4953125 0.00703125 0.009375
0 0.6875 0.4953125 0.0078125 0.009375
0 0.609765625 0.4942708333333333 0.00703125 0.009375
0 0.144140625 0.49322916666666666 0.00859375 0.009375
0 0.12734375 0.49322916666666666 0.0078125 0.009375
0 0.626171875 0.4901041666666667 0.00703125 0.009375
0 0.719140625 0.4895833333333333 0.00703125 0.010416666666666666
0 0.766015625 0.48802083333333335 0.00703125 0.009375
0 0.749609375 0.48385416666666664 0.00703125 0.009375
0 0.673046875 0.4828125 0.00703125 0.009375
0 0.7046875 0.4765625 0.00625 0.009375
0 0.730859375 0.47552083333333334 0.00703125 0.009375
0 0.778125 0.4739583333333333 0.00625 0.008333333333333333
0 0.6875 0.4744791666666667 0.0078125 0.009375
0 0.7640625 0.4635416666666667 0.00625 0.008333333333333333
0 0.747265625 0.4625 0.00703125 0.008333333333333333
0 0.715625 0.4588541666666667 0.0078125 0.009375
0 0.66171875 0.4588541666666667 0.0078125 0.009375
0 0.80625 0.45729166666666665 0.0078125 0.008333333333333333
0 0.6984375 0.45677083333333335 0.0078125 0.009375
0 0.678125 0.4552083333333333 0.0078125 0.008333333333333333
0 0.623046875 0.4557291666666667 0.00703125 0.009375
0 0.732421875 0.45416666666666666 0.00703125 0.008333333333333333
0 0.778515625 0.453125 0.00703125 0.008333333333333333
0 0.642578125 0.45260416666666664 0.00703125 0.007291666666666667
0 0.596875 0.4484375 0.00625 0.009375
0 0.519921875 0.4453125 0.00703125 0.011458333333333333
0 0.746875 0.44114583333333335 0.0078125 0.009375
0 0.44921875 0.44114583333333335 0.00625 0.009375
0 0.70859375 0.4395833333333333 0.0078125 0.010416666666666666
0 0.66796875 0.4390625 0.0078125 0.009375
0 0.63125 0.4375 0.00625 0.008333333333333333
0 0.148828125 0.43854166666666666 0.00859375 0.010416666666666666
0 0.6921875 0.4375 0.0078125 0.010416666666666666
0 0.767578125 0.434375 0.00703125 0.008333333333333333
0 0.725390625 0.4348958333333333 0.00703125 0.009375
0 0.536328125 0.4317708333333333 0.00703125 0.009375
0 0.603125 0.42916666666666664 0.00625 0.008333333333333333
0 0.808984375 0.42604166666666665 0.00703125 0.008333333333333333
0 0.649609375 0.4239583333333333 0.00703125 0.008333333333333333
0 0.521875 0.42552083333333335 0.00625 0.011458333333333333
0 0.6828125 0.4203125 0.0078125 0.009375
0 0.69921875 0.41822916666666665 0.0078125 0.009375
0 0.733984375 0.4171875 0.00703125 0.009375
0 0.665234375 0.41770833333333335 0.00703125 0.010416666666666666
0 0.717578125 0.4161458333333333 0.00703125 0.009375
0 0.633203125 0.4161458333333333 0.00703125 0.009375
0 0.155078125 0.415625 0.00859375 0.010416666666666666
0 0.421484375 0.41302083333333334 0.00703125 0.009375
0 0.390234375 0.41302083333333334 0.00703125 0.009375
0 0.58671875 0.4109375 0.00625 0.009375
0 0.29765625 0.40625 0.0078125 0.010416666666666666
0 0.25546875 0.4046875 0.0078125 0.009375
0 0.65546875 0.4015625 0.0078125 0.009375
0 0.552734375 0.4015625 0.00703125 0.009375
0 0.68984375 0.4010416666666667 0.0078125 0.010416666666666666
0 0.1671875 0.4005208333333333 0.009375 0.009375
0 0.6734375 0.39947916666666666 0.0078125 0.009375
0 0.602734375 0.39791666666666664 0.00703125 0.008333333333333333
0 0.2703125 0.39895833333333336 0.0078125 0.010416666666666666
0 0.509375 0.39739583333333334 0.00625 0.009375
0 0.203515625 0.39791666666666664 0.00859375 0.010416666666666666
0 0.713671875 0.3953125 0.00703125 0.009375
0 0.45859375 0.3953125 0.00625 0.009375
0 0.730078125 0.3932291666666667 0.00703125 0.009375
0 0.533984375 0.3932291666666667 0.00703125 0.009375
0 0.28515625 0.3932291666666667 0.0078125 0.009375
0 0.400390625 0.3921875 0.00703125 0.009375
0 0.632421875 0.38697916666666665 0.00703125 0.009375
0 0.564453125 0.3848958333333333 0.00703125 0.009375
0 0.422265625 0.38385416666666666 0.00703125 0.009375
0 0.700390625 0.38333333333333336 0.00703125 0.010416666666666666
0 0.683203125 0.38177083333333334 0.00703125 0.009375
0 0.6484375 0.38229166666666664 0.0078125 0.010416666666666666
0 0.66484375 0.38125 0.0078125 0.010416666666666666
0 0.58125 0.3807291666666667 0.0078125 0.009375
0 0.469140625 0.3802083333333333 0.00703125 0.010416666666666666
0 0.273046875 0.378125 0.00859375 0.010416666666666666
0 0.767578125 0.3734375 0.00703125 0.009375
0 0.734765625 0.3723958333333333 0.00703125 0.009375
0 0.596484375 0.3723958333333333 0.00703125 0.009375
0 0.621484375 0.3703125 0.00703125 0.009375
0 0.521484375 0.36822916666666666 0.00703125 0.009375
0 0.171484375 0.36666666666666664 0.00859375 0.010416666666666666
0 0.694921875 0.36302083333333335 0.00703125 0.009375
0 0.562890625 0.36354166666666665 0.00703125 0.010416666666666666
0 0.421484375 0.3625 0.00703125 0.010416666666666666
0 0.390234375 0.3625 0.00703125 0.010416666666666666
0 0.262109375 0.36302083333333335 0.00859375 0.011458333333333333
0 0.71796875 0.3614583333333333 0.0078125 0.010416666666666666
0 0.67109375 0.3609375 0.0078125 0.009375
0 0.446875 0.3614583333333333 0.0078125 0.010416666666666666
0 0.148828125 0.3614583333333333 0.00546875 0.010416666666666666
0 0.645703125 0.36041666666666666 0.00703125 0.010416666666666666
0 0.608984375 0.3578125 0.00703125 0.009375
0 0.58359375 0.3572916666666667 0.0078125 0.010416666666666666
0 0.2234375 0.3567708333333333 0.0078125 0.011458333333333333
0 0.246484375 0.35520833333333335 0.00859375 0.010416666666666666
0 0.478125 0.3536458333333333 0.0078125 0.009375
0 0.461328125 0.3541666666666667 0.00703125 0.010416666666666666
0 0.509375 0.353125 0.0078125 0.010416666666666666
0 0.20859375 0.34739583333333335 0.0078125 0.009375
0 0.684375 0.346875 0.0078125 0.010416666666666666
0 0.634375 0.3453125 0.0078125 0.009375
0 0.540234375 0.3453125 0.00703125 0.009375
0 0.555859375 0.3421875 0.00703125 0.009375
0 0.43984375 0.3421875 0.00625 0.009375
0 0.667578125 0.34010416666666665 0.00703125 0.009375
0 0.61875 0.340625 0.0078125 0.010416666666666666
0 0.495703125 0.340625 0.00703125 0.010416666666666666
0 0.650390625 0.33958333333333335 0.00703125 0.010416666666666666
0 0.235546875 0.34010416666666665 0.00859375 0.011458333333333333
0 0.7 0.3385416666666667 0.0078125 0.010416666666666666
0 0.57265625 0.3380208333333333 0.0078125 0.009375
0 0.525 0.3385416666666667 0.0078125 0.010416666666666666
0 0.591015625 0.3375 0.00703125 0.010416666666666666
0 0.416015625 0.33541666666666664 0.00703125 0.010416666666666666
0 0.454296875 0.334375 0.00703125 0.010416666666666666
0 0.509765625 0.33125 0.00703125 0.010416666666666666
0 0.24765625 0.33125 0.0046875 0.010416666666666666
0 0.60546875 0.328125 0.0078125 0.010416666666666666
0 0.480859375 0.32760416666666664 0.00703125 0.009375
0 0.353125 0.32760416666666664 0.0078125 0.009375
0 0.14609375 0.3265625 0.009375 0.009375
0 0.401171875 0.3255208333333333 0.00703125 0.009375
0 0.54296875 0.32395833333333335 0.0078125 0.010416666666666666
0 0.67734375 0.32083333333333336 0.0078125 0.010416666666666666
0 0.466015625 0.31979166666666664 0.00703125 0.010416666666666666
0 0.434375 0.31979166666666664 0.0078125 0.010416666666666666
0 0.656640625 0.3177083333333333 0.00703125 0.010416666666666666
0 0.578515625 0.3177083333333333 0.00703125 0.010416666666666666
0 0.266015625 0.3177083333333333 0.00546875 0.010416666666666666
0 0.236328125 0.3182291666666667 0.00859375 0.011458333333333333
0 0.640234375 0.31666666666666665 0.00703125 0.010416666666666666
0 0.5265625 0.31666666666666665 0.0078125 0.010416666666666666
0 0.69375 0.315625 0.0078125 0.010416666666666666
0 0.379296875 0.3145833333333333 0.00703125 0.010416666666666666
0 0.7265625 0.31354166666666666 0.0078125 0.010416666666666666
0 0.450390625 0.31354166666666666 0.00703125 0.010416666666666666
0 0.41640625 0.3125 0.0078125 0.010416666666666666
0 0.71015625 0.31145833333333334 0.0078125 0.010416666666666666
0 0.621875 0.31145833333333334 0.0078125 0.010416666666666666
0 0.79375 0.3109375 0.0078125 0.011458333333333333
0 0.509765625 0.3104166666666667 0.00703125 0.010416666666666666
0 0.490625 0.309375 0.0078125 0.010416666666666666
0 0.600390625 0.30833333333333335 0.00703125 0.010416666666666666
0 0.776953125 0.3072916666666667 0.00859375 0.010416666666666666
0 0.32890625 0.3072916666666667 0.0078125 0.010416666666666666
0 0.135546875 0.30625 0.00546875 0.008333333333333333
0 0.563671875 0.3046875 0.00703125 0.009375
0 0.39296875 0.30416666666666664 0.0078125 0.010416666666666666
0 0.35078125 0.303125 0.0078125 0.010416666666666666
0 0.538671875 0.3015625 0.00703125 0.009375
0 0.473828125 0.3020833333333333 0.00546875 0.010416666666666666
0 0.276953125 0.3020833333333333 0.00859375 0.010416666666666666
0 0.437890625 0.2989583333333333 0.00703125 0.010416666666666666
0 0.67890625 0.29791666666666666 0.0078125 0.010416666666666666
0 0.176953125 0.29791666666666666 0.00859375 0.010416666666666666
0 0.583984375 0.29739583333333336 0.00703125 0.011458333333333333
0 0.65703125 0.29583333333333334 0.0078125 0.010416666666666666
0 0.235546875 0.29583333333333334 0.00546875 0.010416666666666666
0 0.4578125 0.2942708333333333 0.0078125 0.011458333333333333
0 0.408984375 0.29322916666666665 0.00703125 0.009375
0 0.501171875 0.2916666666666667 0.00703125 0.010416666666666666
0 0.38046875 0.2916666666666667 0.0078125 0.010416666666666666
0 0.636328125 0.28958333333333336 0.00703125 0.010416666666666666
0 0.551953125 0.28958333333333336 0.00703125 0.010416666666666666
0 0.152734375 0.28854166666666664 0.00703125 0.010416666666666666
0 0.334765625 0.2875 0.00859375 0.010416666666666666
0 0.785546875 0.2869791666666667 0.00859375 0.011458333333333333
0 0.607421875 0.28541666666666665 0.00703125 0.010416666666666666
0 0.42421875 0.284375 0.0078125 0.010416666666666666
0 0.483984375 0.2838541666666667 0.00703125 0.011458333333333333
0 0.39609375 0.28020833333333334 0.0078125 0.010416666666666666
0 0.445703125 0.2796875 0.00703125 0.011458333333333333
0 0.51328125 0.278125 0.0078125 0.010416666666666666
0 0.667578125 0.27708333333333335 0.00859375 0.010416666666666666
0 0.528515625 0.27708333333333335 0.00859375 0.010416666666666666
0 0.65 0.2765625 0.0078125 0.011458333333333333
0 0.466015625 0.2760416666666667 0.00703125 0.010416666666666666
0 0.41015625 0.271875 0.0078125 0.010416666666666666
0 0.497265625 0.2708333333333333 0.00703125 0.010416666666666666
0 0.34453125 0.2708333333333333 0.0078125 0.010416666666666666
0 0.2109375 0.2708333333333333 0.0078125 0.010416666666666666
0 0.377734375 0.2682291666666667 0.00703125 0.011458333333333333
0 0.300390625 0.2682291666666667 0.00859375 0.011458333333333333
0 0.684375 0.2671875 0.0078125 0.011458333333333333
0 0.234765625 0.26666666666666666 0.00859375 0.010416666666666666
0 0.60859375 0.2630208333333333 0.0078125 0.011458333333333333
0 0.454296875 0.26145833333333335 0.00703125 0.010416666666666666
0 0.424609375 0.26145833333333335 0.00703125 0.010416666666666666
0 0.792578125 0.2609375 0.00859375 0.011458333333333333
0 0.63203125 0.2609375 0.0078125 0.011458333333333333
0 0.476953125 0.2598958333333333 0.00703125 0.011458333333333333
0 0.659765625 0.25833333333333336 0.00859375 0.010416666666666666
0 0.3265625 0.25885416666666666 0.0078125 0.011458333333333333
0 0.144921875 0.25833333333333336 0.00859375 0.010416666666666666
0 0.559765625 0.2546875 0.00703125 0.009375
0 0.5140625 0.2557291666666667 0.0078125 0.011458333333333333
0 0.38984375 0.2546875 0.0078125 0.011458333333333333
0 0.57578125 0.2520833333333333 0.0078125 0.010416666666666666
0 0.34609375 0.24895833333333334 0.00625 0.010416666666666666
0 0.208203125 0.24895833333333334 0.00859375 0.010416666666666666
0 0.29140625 0.24791666666666667 0.0046875 0.010416666666666666
0 0.49140625 0.246875 0.0078125 0.010416666666666666
0 0.405078125 0.246875 0.00703125 0.010416666666666666
0 0.61953125 0.24635416666666668 0.0078125 0.011458333333333333
0 0.59765625 0.24583333333333332 0.0078125 0.010416666666666666
0 0.44375 0.2453125 0.0078125 0.011458333333333333
0 0.463671875 0.24322916666666666 0.00703125 0.011458333333333333
0 0.2453125 0.24322916666666666 0.0078125 0.011458333333333333
0 0.4265625 0.23958333333333334 0.0078125 0.010416666666666666
0 0.3796875 0.2375 0.0078125 0.010416666666666666
0 0.506640625 0.23645833333333333 0.00546875 0.010416666666666666
0 0.260546875 0.23697916666666666 0.00859375 0.011458333333333333
0 0.146875 0.23697916666666666 0.009375 0.011458333333333333
0 0.33203125 0.23541666666666666 0.0078125 0.010416666666666666
0 0.634375 0.23489583333333333 0.0078125 0.011458333333333333
0 0.478125 0.23489583333333333 0.0078125 0.011458333333333333
0 0.182421875 0.23385416666666667 0.00859375 0.011458333333333333
0 0.574609375 0.23125 0.00703125 0.010416666666666666
0 0.544140625 0.23125 0.00703125 0.010416666666666666
0 0.394921875 0.22916666666666666 0.00859375 0.010416666666666666
0 0.3515625 0.2265625 0.0046875 0.009375
0 0.493359375 0.2234375 0.00703125 0.011458333333333333
0 0.525 0.221875 0.0078125 0.010416666666666666
0 0.464453125 0.22083333333333333 0.00703125 0.010416666666666666
0 0.557421875 0.21927083333333333 0.00703125 0.011458333333333333
0 0.292578125 0.21979166666666666 0.00859375 0.0125
0 0.24609375 0.21770833333333334 0.0078125 0.010416666666666666
0 0.33671875 0.21458333333333332 0.0078125 0.010416666666666666
0 0.262109375 0.21354166666666666 0.00859375 0.010416666666666666
0 0.80859375 0.21302083333333333 0.009375 0.011458333333333333
0 0.10625 0.21041666666666667 0.009375 0.008333333333333333
0 0.188671875 0.21145833333333333 0.00859375 0.0125
0 0.61875 0.20989583333333334 0.0078125 0.011458333333333333
0 0.309375 0.20989583333333334 0.0078125 0.011458333333333333
0 0.598828125 0.20833333333333334 0.00703125 0.010416666666666666
0 0.075 0.20885416666666667 0.0078125 0.011458333333333333
0 0.3984375 0.20729166666666668 0.0078125 0.010416666666666666
0 0.08984375 0.20572916666666666 0.0078125 0.011458333333333333
0 0.538671875 0.20364583333333333 0.00546875 0.011458333333333333
0 0.48671875 0.20260416666666667 0.0078125 0.011458333333333333
0 0.38203125 0.20104166666666667 0.00625 0.010416666666666666
0 0.36484375 0.20104166666666667 0.00625 0.010416666666666666
0 0.32421875 0.2 0.0078125 0.010416666666666666
0 0.276171875 0.20052083333333334 0.00859375 0.011458333333333333
0 0.3484375 0.19947916666666668 0.00625 0.011458333333333333
0 0.57578125 0.19791666666666666 0.0078125 0.010416666666666666
0 0.29453125 0.19895833333333332 0.0078125 0.0125
0 0.470703125 0.19739583333333333 0.00703125 0.011458333333333333
0 0.237890625 0.196875 0.00703125 0.010416666666666666
0 0.553125 0.19583333333333333 0.0078125 0.010416666666666666
0 0.44375 0.19583333333333333 0.0078125 0.010416666666666666
0 0.25390625 0.19322916666666667 0.0078125 0.009375
0 0.11484375 0.1921875 0.009375 0.011458333333333333
0 0.186328125 0.1875 0.00859375 0.008333333333333333
0 0.64453125 0.18802083333333333 0.0078125 0.011458333333333333
0 0.40546875 0.18645833333333334 0.0078125 0.010416666666666666
0 0.5 0.18541666666666667 0.0078125 0.0125
0 0.625 0.18072916666666666 0.0078125 0.011458333333333333
0 0.35703125 0.18072916666666666 0.0078125 0.011458333333333333
0 0.315234375 0.18072916666666666 0.00703125 0.011458333333333333
0 0.267578125 0.18072916666666666 0.00703125 0.011458333333333333
0 0.284375 0.1796875 0.0078125 0.011458333333333333
0 0.33125 0.1765625 0.0078125 0.011458333333333333
0 0.232421875 0.1765625 0.00859375 0.011458333333333333
0 0.37578125 0.17447916666666666 0.0078125 0.011458333333333333
0 0.689453125 0.171875 0.01015625 0.0125
0 0.30078125 0.17083333333333334 0.0078125 0.0125
0 0.61015625 0.16770833333333332 0.0078125 0.0125
0 0.59375 0.16510416666666666 0.0078125 0.011458333333333333
0 0.704296875 0.16354166666666667 0.01015625 0.0125
