0 0.391015625 0.8088541666666667 0.00078125 0.0010416666666666667
0 0.365234375 0.7994791666666666 0.00078125 0.0010416666666666667
0 0.640234375 0.7963541666666667 0.00078125 0.0010416666666666667
0 0.707421875 0.7953125 0.00078125 0.0010416666666666667
0 0.321484375 0.784375 0.00234375 0.0020833333333333333
0 0.351171875 0.78125 0.00078125 0.0020833333333333333
0 0.409375 0.7697916666666667 0.0015625 0.0020833333333333333
0 0.3109375 0.7645833333333333 0.0015625 0.0020833333333333333
0 0.46875 0.7630208333333334 0.003125 0.0010416666666666667
0 0.18671875 0.7505208333333333 0.0015625 0.0010416666666666667
0 0.398046875 0.7416666666666667 0.00078125 0.0020833333333333333
0 0.340625 0.7390625 0.0015625 0.0010416666666666667
0 0.301171875 0.7390625 0.00234375 0.003125
0 0.594140625 0.7317708333333334 0.00078125 0.0010416666666666667
0 0.634765625 0.7234375 0.00078125 0.0010416666666666667
0 0.321484375 0.7203125 0.00078125 0.0010416666666666667
0 0.50390625 0.7192708333333333 0.003125 0.0010416666666666667
0 0.6046875 0.7109375 0.0015625 0.0010416666666666667
0 0.483984375 0.7109375 0.00078125 0.0010416666666666667
0 0.36640625 0.7088541666666667 0.0015625 0.0010416666666666667
0 0.578125 0.7057291666666666 0.0015625 0.0010416666666666667
0 0.40390625 0.6984375 0.0015625 0.0010416666666666667
0 0.545703125 0.6859375 0.00078125 0.0010416666666666667
0 0.495703125 0.6713541666666667 0.00234375 0.0010416666666666667
0 0.495703125 0.6484375 0.00234375 0.0010416666666666667
0 0.749609375 0.6432291666666666 0.00234375 0.0010416666666666667
0 0.378515625 0.6348958333333333 0.00078125 0.0010416666666666667
0 0.24296875 0.6109375 0.0015625 0.0010416666666666667
0 0.3734375 0.6010416666666667 0.003125 0.0020833333333333333
0 0.571875 0.5994791666666667 0.003125 0.0010416666666666667
0 0.363671875 0.5807291666666666 0.00078125 0.0010416666666666667
0 0.384375 0.5770833333333333 0.0015625 0.0020833333333333333
0 0.560546875 0.5671875 0.00390625 0.0010416666666666667
0 0.3203125 0.55625 0.0015625 0.0020833333333333333
0 0.28828125 0.5442708333333334 0.0015625 0.0010416666666666667
0 0.350390625 0.5401041666666667 0.00078125 0.0010416666666666667
0 0.3671875 0.5348958333333333 0.003125 0.003125
0 0.38359375 0.5276041666666667 0.0015625 0.0010416666666666667
0 0.436328125 0.5135416666666667 0.00390625 0.0020833333333333333
0 0.4515625 0.5083333333333333 0.0015625 0.0020833333333333333
0 0.3328125 0.5057291666666667 0.0015625 0.0010416666666666667
0 0.35 0.4973958333333333 0.0015625 0.003125
0 0.419140625 0.48854166666666665 0.00390625 0.004166666666666667
0 0.321484375 0.4875 0.00234375 0.0020833333333333333
0 0.37421875 0.48489583333333336 0.003125 0.003125
0 0.54765625 0.47604166666666664 0.0046875 0.0020833333333333333
0 0.2984375 0.4708333333333333 0.0015625 0.0020833333333333333
0 0.2796875 0.4708333333333333 0.0015625 0.0020833333333333333
0 0.415625 0.4666666666666667 0.0015625 0.0020833333333333333
0 0.56484375 0.46510416666666665 0.0046875 0.003125
0 0.249609375 0.4583333333333333 0.00234375 0.0020833333333333333
0 0.28984375 0.4515625 0.0015625 0.0010416666666666667
0 0.27578125 0.44114583333333335 0.003125 0.003125
0 0.355078125 0.43645833333333334 0.00390625 0.004166666666666667
0 0.2921875 0.4296875 0.0015625 0.0010416666666666667
0 0.308984375 0.4270833333333333 0.00234375 0.0020833333333333333
0 0.2421875 0.41822916666666665 0.0015625 0.0010416666666666667
0 0.323046875 0.4140625 0.00078125 0.0010416666666666667
0 0.283984375 0.4114583333333333 0.00234375 0.0020833333333333333
0 0.5875 0.4046875 0.0015625 0.0010416666666666667
0 0.33828125 0.4046875 0.003125 0.0010416666666666667
0 0.48828125 0.39947916666666666 0.0078125 0.007291666666666667
0 0.383984375 0.39479166666666665 0.00390625 0.0020833333333333333
0 0.21484375 0.3921875 0.0015625 0.003125
0 0.601953125 0.38697916666666665 0.00390625 0.0010416666666666667
0 0.571875 0.3880208333333333 0.003125 0.003125
0 0.632421875 0.38697916666666665 0.00390625 0.003125
0 0.32890625 0.3859375 0.0015625 0.0010416666666666667
0 0.308984375 0.3854166666666667 0.00234375 0.0020833333333333333
0 0.34609375 0.38385416666666666 0.003125 0.003125
0 0.44921875 0.3770833333333333 0.0078125 0.004166666666666667
0 0.368359375 0.37135416666666665 0.00390625 0.003125
0 0.580078125 0.36770833333333336 0.00390625 0.0020833333333333333
0 0.296484375 0.36666666666666664 0.00234375 0.0020833333333333333
0 0.313671875 0.36354166666666665 0.00234375 0.0020833333333333333
0 0.256640625 0.3567708333333333 0.00078125 0.0010416666666666667
0 0.440625 0.3572916666666667 0.0046875 0.008333333333333333
0 0.347265625 0.3458333333333333 0.00234375 0.0020833333333333333
0 0.56171875 0.34375 0.0046875 0.0020833333333333333
0 0.316015625 0.3421875 0.00078125 0.0010416666666666667
0 0.816796875 0.34010416666666665 0.00078125 0.0010416666666666667
0 0.529296875 0.3333333333333333 0.00390625 0.0020833333333333333
0 0.54765625 0.33177083333333335 0.0015625 0.0010416666666666667
0 0.335546875 0.3302083333333333 0.00234375 0.0020833333333333333
0 0.420703125 0.3265625 0.00390625 0.003125
0 0.450390625 0.321875 0.00390625 0.0020833333333333333
0 0.434765625 0.3151041666666667 0.00390625 0.003125
0 0.365625 0.3145833333333333 0.0015625 0.0020833333333333333
0 0.412890625 0.30520833333333336 0.00234375 0.0020833333333333333
0 0.548828125 0.30364583333333334 0.00078125 0.0010416666666666667
0 0.61640625 0.3046875 0.00625 0.005208333333333333
0 0.376953125 0.2994791666666667 0.00234375 0.0010416666666666667
0 0.52890625 0.3 0.0046875 0.004166666666666667
0 0.325390625 0.296875 0.00234375 0.0020833333333333333
0 0.358203125 0.2947916666666667 0.00234375 0.0020833333333333333
0 0.443359375 0.2911458333333333 0.00390625 0.003125
0 0.39140625 0.290625 0.0015625 0.0020833333333333333
0 0.294140625 0.2890625 0.00078125 0.0010416666666666667
0 0.340234375 0.2869791666666667 0.00078125 0.0010416666666666667
0 0.5609375 0.2828125 0.003125 0.003125
0 0.368359375 0.2786458333333333 0.00390625 0.003125
0 0.58828125 0.27708333333333335 0.003125 0.0020833333333333333
0 0.430078125 0.2760416666666667 0.00390625 0.0020833333333333333
0 0.326171875 0.2755208333333333 0.00078125 0.0010416666666666667
0 0.452734375 0.27447916666666666 0.00390625 0.0010416666666666667
0 0.41328125 0.27447916666666666 0.003125 0.0010416666666666667
0 0.24453125 0.27447916666666666 0.0015625 0.0010416666666666667
0 0.352734375 0.26979166666666665 0.00234375 0.0020833333333333333
0 0.523828125 0.26197916666666665 0.00390625 0.003125
0 0.440234375 0.2604166666666667 0.00390625 0.0020833333333333333
0 0.3828125 0.25885416666666666 0.003125 0.0010416666666666667
0 0.365625 0.25729166666666664 0.0046875 0.0020833333333333333
0 0.677734375 0.2557291666666667 0.00234375 0.0010416666666666667
0 0.33203125 0.2546875 0.0015625 0.0010416666666666667
0 0.407421875 0.2515625 0.00390625 0.003125
0 0.808203125 0.24322916666666666 0.00078125 0.0010416666666666667
0 0.61328125 0.24322916666666666 0.0015625 0.0010416666666666667
0 0.252734375 0.24427083333333333 0.00234375 0.003125
0 0.43046875 0.24270833333333333 0.003125 0.0020833333333333333
0 0.76875 0.24114583333333334 0.003125 0.0010416666666666667
0 0.587109375 0.2390625 0.00078125 0.0010416666666666667
0 0.48046875 0.2390625 0.0046875 0.005208333333333333
0 0.347265625 0.23802083333333332 0.00234375 0.003125
0 0.445703125 0.23541666666666666 0.00390625 0.0020833333333333333
0 0.33203125 0.23125 0.0015625 0.0020833333333333333
0 0.21015625 0.22604166666666667 0.0015625 0.0020833333333333333
0 0.257421875 0.22135416666666666 0.00078125 0.0010416666666666667
0 0.324609375 0.21302083333333333 0.00078125 0.0010416666666666667
0 0.310546875 0.20052083333333334 0.00078125 0.0010416666666666667
0 0.44765625 0.1984375 0.0015625 0.0010416666666666667
0 0.23984375 0.17708333333333334 0.0015625 0.0020833333333333333
0 0.45859375 0.17552083333333332 0.0046875 0.003125
