0 0.342578125 0.8744791666666667 0.00078125 0.0010416666666666667
0 0.670703125 0.8765625 0.00703125 0.013541666666666667
0 0.36640625 0.8729166666666667 0.009375 0.0125
0 0.65234375 0.8713541666666667 0.0078125 0.011458333333333333
0 0.4171875 0.8708333333333333 0.009375 0.0125
0 0.280859375 0.8692708333333333 0.01015625 0.009375
0 0.483203125 0.8708333333333333 0.01015625 0.014583333333333334
0 0.578125 0.8671875 0.0046875 0.009375
0 0.525 0.8697916666666666 0.009375 0.014583333333333334
0 0.34453125 0.8677083333333333 0.00625 0.010416666666666666
0 0.26171875 0.8692708333333333 0.009375 0.013541666666666667
0 0.627734375 0.8661458333333333 0.00546875 0.011458333333333333
0 0.6875 0.8651041666666667 0.00625 0.011458333333333333
0 0.60859375 0.8645833333333334 0.00625 0.010416666666666666
0 0.56171875 0.865625 0.009375 0.0125
0 0.384375 0.8666666666666667 0.009375 0.014583333333333334
0 0.325390625 0.8661458333333333 0.01015625 0.013541666666666667
0 0.712109375 0.8635416666666667 0.00859375 0.0125
0 0.729296875 0.8588541666666667 0.00703125 0.011458333333333333
0 0.640234375 0.8536458333333333 0.00078125 0.0010416666666666667
0 0.43359375 0.859375 0.009375 0.014583333333333334
0 0.401953125 0.8588541666666667 0.01015625 0.013541666666666667
0 0.4984375 0.8583333333333333 0.009375 0.014583333333333334
0 0.80078125 0.8536458333333333 0.0046875 0.009375
0 0.746484375 0.8536458333333333 0.00703125 0.009375
0 0.915234375 0.8526041666666667 0.00703125 0.009375
0 0.764453125 0.8494791666666667 0.00234375 0.003125
0 0.59296875 0.853125 0.00625 0.0125
0 0.35859375 0.8510416666666667 0.009375 0.0125
0 0.783203125 0.8479166666666667 0.00390625 0.008333333333333333
0 0.515234375 0.85 0.01015625 0.0125
0 0.674609375 0.8484375 0.00546875 0.011458333333333333
0 0.833203125 0.846875 0.00703125 0.010416666666666666
0 0.69765625 0.8453125 0.00625 0.011458333333333333
0 0.617578125 0.8432291666666667 0.00546875 0.007291666666666667
0 0.4734375 0.846875 0.009375 0.014583333333333334
0 0.946875 0.8427083333333333 0.00625 0.008333333333333333
0 0.8890625 0.8427083333333333 0.009375 0.010416666666666666
0 0.572265625 0.8427083333333333 0.00703125 0.010416666666666666
0 0.41875 0.8442708333333333 0.009375 0.013541666666666667
0 0.65703125 0.8421875 0.00625 0.011458333333333333
0 0.376171875 0.84375 0.01015625 0.014583333333333334
0 0.81484375 0.8364583333333333 0.003125 0.0020833333333333333
0 0.716796875 0.8385416666666666 0.00546875 0.010416666666666666
0 0.44921875 0.840625 0.009375 0.014583333333333334
0 0.53046875 0.8380208333333333 0.009375 0.013541666666666667
0 0.1515625 0.8364583333333333 0.009375 0.0125
0 0.489453125 0.8328125 0.01015625 0.009375
0 0.734765625 0.8307291666666666 0.00546875 0.007291666666666667
0 0.587109375 0.8302083333333333 0.00546875 0.00625
0 0.39765625 0.8338541666666667 0.009375 0.013541666666666667
0 0.75546875 0.8296875 0.00625 0.009375
0 0.35078125 0.8296875 0.009375 0.013541666666666667
0 0.796484375 0.8270833333333333 0.00703125 0.0125
0 0.775 0.825 0.00625 0.008333333333333333
0 0.54765625 0.8270833333333333 0.009375 0.0125
0 0.83984375 0.8244791666666667 0.0109375 0.009375
0 0.6875 0.825 0.0078125 0.010416666666666666
0 0.6359375 0.8239583333333333 0.0046875 0.008333333333333333
0 0.511328125 0.8244791666666667 0.01015625 0.013541666666666667
0 0.496484375 0.8182291666666667 0.00078125 0.0010416666666666667
0 0.436328125 0.8244791666666667 0.01015625 0.013541666666666667
0 0.879296875 0.81875 0.00390625 0.004166666666666667
0 0.705078125 0.8213541666666667 0.00546875 0.009375
0 0.66640625 0.8223958333333333 0.00625 0.011458333333333333
0 0.494921875 0.8171875 0.00078125 0.0010416666666666667
0 0.61875 0.8192708333333333 0.00625 0.011458333333333333
0 0.56328125 0.8203125 0.00625 0.013541666666666667
0 0.4125 0.8208333333333333 0.009375 0.014583333333333334
0 0.528125 0.8145833333333333 0.003125 0.008333333333333333
0 0.478125 0.8151041666666666 0.009375 0.013541666666666667
0 0.600390625 0.8125 0.00546875 0.010416666666666666
0 0.38125 0.8145833333333333 0.009375 0.014583333333333334
0 0.337109375 0.8145833333333333 0.01015625 0.014583333333333334
0 0.5265625 0.8072916666666666 0.0015625 0.0020833333333333333
0 0.499609375 0.8067708333333333 0.00078125 0.0010416666666666667
0 0.651171875 0.8109375 0.00703125 0.011458333333333333
0 0.493359375 0.8109375 0.00390625 0.011458333333333333
0 0.957421875 0.80625 0.00390625 0.004166666666666667
0 0.7203125 0.8104166666666667 0.00625 0.0125
0 0.78359375 0.8046875 0.003125 0.003125
0 0.742578125 0.809375 0.00703125 0.0125
0 0.6328125 0.8041666666666667 0.003125 0.004166666666666667
0 0.811328125 0.8078125 0.00703125 0.013541666666666667
0 0.577734375 0.8046875 0.00703125 0.011458333333333333
0 0.3984375 0.8052083333333333 0.009375 0.014583333333333334
0 0.3546875 0.8046875 0.009375 0.013541666666666667
0 0.68046875 0.8020833333333334 0.0078125 0.010416666666666666
0 0.765234375 0.8 0.00703125 0.0125
0 0.54609375 0.8 0.0078125 0.0125
0 0.5125 0.8 0.009375 0.0125
0 0.698046875 0.7973958333333333 0.00546875 0.009375
0 0.432421875 0.7994791666666666 0.01015625 0.013541666666666667
0 0.339453125 0.7932291666666667 0.00078125 0.0010416666666666667
0 0.884375 0.7973958333333333 0.009375 0.013541666666666667
0 0.6140625 0.7958333333333333 0.0078125 0.010416666666666666
0 0.337890625 0.7911458333333333 0.00078125 0.0010416666666666667
0 0.4140625 0.79375 0.009375 0.014583333333333334
0 0.484765625 0.7916666666666666 0.00859375 0.0125
0 0.562109375 0.790625 0.00546875 0.0125
0 0.345703125 0.7848958333333333 0.00078125 0.0010416666666666667
0 0.384765625 0.7895833333333333 0.01015625 0.0125
0 0.3109375 0.7890625 0.009375 0.013541666666666667
0 0.65390625 0.7869791666666667 0.009375 0.011458333333333333
0 0.45 0.7885416666666667 0.009375 0.014583333333333334
0 0.3671875 0.7875 0.009375 0.0125
0 0.79140625 0.7854166666666667 0.0078125 0.010416666666666666
0 0.53125 0.7864583333333334 0.009375 0.0125
0 0.341015625 0.7848958333333333 0.00859375 0.009375
0 0.711328125 0.7828125 0.00390625 0.007291666666666667
0 0.167578125 0.7791666666666667 0.00234375 0.0020833333333333333
0 0.94765625 0.7833333333333333 0.009375 0.0125
0 0.8578125 0.7796875 0.009375 0.007291666666666667
0 0.809765625 0.7791666666666667 0.00546875 0.008333333333333333
0 0.578125 0.7802083333333333 0.00625 0.010416666666666666
0 0.671484375 0.7807291666666667 0.00859375 0.013541666666666667
0 0.60078125 0.7770833333333333 0.00625 0.0125
0 0.503125 0.7776041666666667 0.009375 0.013541666666666667
0 0.547265625 0.775 0.00703125 0.0125
0 0.42890625 0.7755208333333333 0.009375 0.013541666666666667
0 0.3984375 0.7744791666666667 0.009375 0.013541666666666667
0 0.32578125 0.7734375 0.0078125 0.013541666666666667
0 0.7703125 0.7708333333333334 0.00625 0.010416666666666666
0 0.6234375 0.771875 0.0078125 0.0125
0 0.69453125 0.7713541666666667 0.00625 0.013541666666666667
0 0.8875 0.7645833333333333 0.0015625 0.0020833333333333333
0 0.640234375 0.7697916666666667 0.00546875 0.0125
0 0.30078125 0.7703125 0.009375 0.013541666666666667
0 0.48203125 0.7666666666666667 0.0046875 0.010416666666666666
0 0.459375 0.7682291666666666 0.009375 0.013541666666666667
0 0.378125 0.7671875 0.009375 0.013541666666666667
0 0.359375 0.7651041666666667 0.0078125 0.013541666666666667
0 0.26328125 0.7598958333333333 0.0015625 0.003125
0 0.2546875 0.7604166666666666 0.0015625 0.004166666666666667
0 0.753515625 0.7640625 0.01015625 0.013541666666666667
0 0.4140625 0.7630208333333334 0.009375 0.011458333333333333
0 0.587890625 0.7598958333333333 0.00546875 0.009375
0 0.53359375 0.7614583333333333 0.009375 0.0125
0 0.341796875 0.7614583333333333 0.00859375 0.0125
0 0.786328125 0.7588541666666667 0.00703125 0.009375
0 0.709375 0.7583333333333333 0.00625 0.008333333333333333
0 0.679296875 0.7604166666666666 0.00859375 0.0125
0 0.2578125 0.7557291666666667 0.0046875 0.003125
0 0.515625 0.7598958333333333 0.009375 0.013541666666666667
0 0.441796875 0.7588541666666667 0.00859375 0.013541666666666667
0 0.55859375 0.7572916666666667 0.00625 0.0125
0 0.176171875 0.7572916666666667 0.01015625 0.0125
0 0.609375 0.7552083333333334 0.0078125 0.0125
0 0.899609375 0.7453125 0.00390625 0.0010416666666666667
0 0.49921875 0.7515625 0.009375 0.013541666666666667
0 0.3125 0.7515625 0.009375 0.013541666666666667
0 0.825 0.7473958333333334 0.0078125 0.009375
0 0.74375 0.7432291666666667 0.003125 0.003125
0 0.65 0.746875 0.009375 0.0125
0 0.29140625 0.7458333333333333 0.009375 0.0125
0 0.725390625 0.7447916666666666 0.00703125 0.0125
0 0.38671875 0.7453125 0.009375 0.013541666666666667
0 0.33046875 0.7447916666666666 0.009375 0.0125
0 0.369140625 0.74375 0.00859375 0.0125
0 0.466796875 0.7359375 0.00078125 0.0010416666666666667
0 0.4828125 0.7411458333333333 0.009375 0.013541666666666667
0 0.66953125 0.7401041666666667 0.009375 0.013541666666666667
0 0.462109375 0.7390625 0.00703125 0.011458333333333333
0 0.43125 0.7395833333333334 0.009375 0.0125
0 0.527734375 0.7390625 0.00859375 0.013541666666666667
0 0.3515625 0.7385416666666667 0.0078125 0.0125
0 0.412890625 0.7375 0.00703125 0.0125
0 0.86171875 0.734375 0.0078125 0.008333333333333333
0 0.841796875 0.7328125 0.01015625 0.005208333333333333
0 0.77265625 0.7354166666666667 0.00625 0.010416666666666666
0 0.687109375 0.7364583333333333 0.00859375 0.0125
0 0.5859375 0.7364583333333333 0.009375 0.0125
0 0.5453125 0.7369791666666666 0.00625 0.013541666666666667
0 0.168359375 0.7359375 0.00859375 0.011458333333333333
0 0.567578125 0.7354166666666667 0.00859375 0.0125
0 0.18671875 0.7338541666666667 0.009375 0.011458333333333333
0 0.258203125 0.73125 0.00859375 0.0125
0 0.61015625 0.7302083333333333 0.009375 0.0125
0 0.51015625 0.7307291666666667 0.00625 0.013541666666666667
0 0.240234375 0.7286458333333333 0.00859375 0.011458333333333333
0 0.884375 0.7265625 0.009375 0.011458333333333333
0 0.627734375 0.7270833333333333 0.00859375 0.0125
0 0.398046875 0.7270833333333333 0.00859375 0.0125
0 0.3109375 0.7270833333333333 0.009375 0.0125
0 0.756640625 0.725 0.00703125 0.010416666666666666
0 0.70703125 0.7265625 0.009375 0.013541666666666667
0 0.275390625 0.7255208333333333 0.00859375 0.011458333333333333
0 0.49453125 0.7239583333333334 0.009375 0.0125
0 0.378515625 0.7239583333333334 0.00859375 0.0125
0 0.65078125 0.7229166666666667 0.0078125 0.0125
0 0.3390625 0.7229166666666667 0.009375 0.0125
0 0.4453125 0.721875 0.009375 0.0125
0 0.293359375 0.721875 0.00859375 0.0125
0 0.73515625 0.7182291666666667 0.00625 0.007291666666666667
0 0.423828125 0.7177083333333333 0.00859375 0.0125
0 0.79296875 0.715625 0.0078125 0.010416666666666666
0 0.4765625 0.7166666666666667 0.009375 0.0125
0 0.355859375 0.7151041666666667 0.00859375 0.011458333333333333
0 0.5953125 0.7145833333333333 0.009375 0.0125
0 0.55078125 0.7135416666666666 0.009375 0.0125
0 0.523828125 0.7135416666666666 0.00859375 0.0125
0 0.680859375 0.7119791666666667 0.01015625 0.011458333333333333
0 0.568359375 0.7104166666666667 0.00859375 0.0125
0 0.323046875 0.709375 0.00859375 0.0125
0 0.505859375 0.7067708333333333 0.00546875 0.011458333333333333
0 0.458984375 0.7067708333333333 0.00859375 0.011458333333333333
0 0.7625 0.7015625 0.00625 0.007291666666666667
0 0.39453125 0.7041666666666667 0.0078125 0.0125
0 0.303515625 0.7036458333333333 0.00546875 0.011458333333333333
0 0.26953125 0.703125 0.0078125 0.0125
0 0.4734375 0.6973958333333333 0.003125 0.003125
0 0.16953125 0.7010416666666667 0.0078125 0.010416666666666666
0 0.4890625 0.7010416666666667 0.0078125 0.0125
0 0.3390625 0.6994791666666667 0.0046875 0.011458333333333333
0 0.251171875 0.6994791666666667 0.00703125 0.011458333333333333
0 0.88515625 0.6973958333333333 0.0109375 0.011458333333333333
0 0.43359375 0.6979166666666666 0.009375 0.0125
0 0.28671875 0.6973958333333333 0.0078125 0.011458333333333333
0 0.90546875 0.6963541666666667 0.009375 0.013541666666666667
0 0.377734375 0.6953125 0.00703125 0.011458333333333333
0 0.855078125 0.6901041666666666 0.00390625 0.003125
0 0.473828125 0.6885416666666667 0.00390625 0.004166666666666667
0 0.802734375 0.6875 0.00546875 0.004166666666666667
0 0.35703125 0.690625 0.00625 0.010416666666666666
0 0.822265625 0.6895833333333333 0.00546875 0.010416666666666666
0 0.537890625 0.690625 0.00859375 0.0125
0 0.5203125 0.690625 0.009375 0.0125
0 0.411328125 0.6895833333333333 0.00859375 0.0125
0 0.224609375 0.6848958333333334 0.00546875 0.009375
0 0.325390625 0.684375 0.00703125 0.010416666666666666
0 0.774609375 0.684375 0.00859375 0.0125
0 0.299609375 0.6786458333333333 0.00546875 0.007291666666666667
0 0.26640625 0.6776041666666667 0.0078125 0.007291666666666667
0 0.393359375 0.678125 0.00859375 0.010416666666666666
0 0.48671875 0.6770833333333334 0.009375 0.0125
0 0.426171875 0.6765625 0.00703125 0.011458333333333333
0 0.732421875 0.6760416666666667 0.01015625 0.0125
0 0.344921875 0.675 0.00703125 0.010416666666666666
0 0.248828125 0.6744791666666666 0.00546875 0.009375
0 0.20078125 0.6692708333333334 0.003125 0.005208333333333333
0 0.283203125 0.6697916666666667 0.00703125 0.008333333333333333
0 0.53203125 0.6692708333333334 0.0078125 0.011458333333333333
0 0.37734375 0.6661458333333333 0.00625 0.009375
0 0.314453125 0.6661458333333333 0.00703125 0.009375
0 0.4109375 0.6661458333333333 0.009375 0.011458333333333333
0 0.817578125 0.6651041666666667 0.00546875 0.011458333333333333
0 0.23359375 0.6630208333333333 0.00625 0.007291666666666667
0 0.798046875 0.6604166666666667 0.00390625 0.004166666666666667
0 0.755078125 0.6645833333333333 0.00703125 0.0125
0 0.857421875 0.6630208333333333 0.01171875 0.011458333333333333
0 0.360546875 0.6625 0.00703125 0.010416666666666666
0 0.330859375 0.6598958333333333 0.00703125 0.009375
0 0.299609375 0.6546875 0.00390625 0.003125
0 0.2671875 0.6526041666666667 0.00625 0.005208333333333333
0 0.485546875 0.6536458333333334 0.00859375 0.011458333333333333
0 0.425390625 0.6515625 0.00859375 0.011458333333333333
0 0.3484375 0.646875 0.0078125 0.010416666666666666
0 0.7390625 0.6458333333333334 0.009375 0.0125
0 0.39296875 0.6447916666666667 0.0078125 0.010416666666666666
0 0.197265625 0.640625 0.00703125 0.00625
0 0.368359375 0.6421875 0.00859375 0.011458333333333333
0 0.2375 0.6395833333333333 0.00625 0.008333333333333333
0 0.410546875 0.6401041666666667 0.00859375 0.011458333333333333
0 0.255078125 0.6375 0.00703125 0.008333333333333333
0 0.6109375 0.6380208333333334 0.0046875 0.011458333333333333
0 0.293359375 0.6338541666666667 0.00703125 0.007291666666666667
0 0.31328125 0.6317708333333333 0.0078125 0.007291666666666667
0 0.27578125 0.6338541666666667 0.00625 0.011458333333333333
0 0.43515625 0.6328125 0.00625 0.011458333333333333
0 0.33125 0.6270833333333333 0.0078125 0.010416666666666666
0 0.475390625 0.6265625 0.00859375 0.011458333333333333
0 0.35078125 0.6244791666666667 0.0078125 0.011458333333333333
0 0.6984375 0.6234375 0.0078125 0.011458333333333333
0 0.23203125 0.6171875 0.0078125 0.007291666666666667
0 0.2125 0.615625 0.0015625 0.004166666666666667
0 0.412109375 0.6171875 0.00859375 0.011458333333333333
0 0.25078125 0.6166666666666667 0.0078125 0.010416666666666666
0 0.28671875 0.6119791666666666 0.0078125 0.007291666666666667
0 0.306640625 0.6125 0.00703125 0.010416666666666666
0 0.268359375 0.6125 0.00703125 0.010416666666666666
0 0.435546875 0.6098958333333333 0.00546875 0.011458333333333333
0 0.66796875 0.6078125 0.009375 0.011458333333333333
0 0.36328125 0.6078125 0.0078125 0.011458333333333333
0 0.341796875 0.6020833333333333 0.00546875 0.004166666666666667
0 0.323046875 0.6026041666666667 0.00546875 0.005208333333333333
0 0.8578125 0.6041666666666666 0.0109375 0.0125
0 0.562109375 0.6036458333333333 0.00859375 0.011458333333333333
0 0.808984375 0.5994791666666667 0.00859375 0.011458333333333333
0 0.223046875 0.596875 0.00546875 0.00625
0 0.24296875 0.5942708333333333 0.003125 0.003125
0 0.581640625 0.5953125 0.00703125 0.011458333333333333
0 0.258984375 0.5927083333333333 0.00703125 0.008333333333333333
0 0.27890625 0.5927083333333333 0.0078125 0.010416666666666666
0 0.29765625 0.5916666666666667 0.00625 0.010416666666666666
0 0.352734375 0.5869791666666667 0.00703125 0.009375
0 0.787890625 0.5869791666666667 0.00703125 0.011458333333333333
0 0.315625 0.5822916666666667 0.0046875 0.004166666666666667
0 0.33515625 0.584375 0.0078125 0.010416666666666666
0 0.375 0.5838541666666667 0.0078125 0.011458333333333333
0 0.233203125 0.5744791666666667 0.00390625 0.005208333333333333
0 0.251171875 0.5729166666666666 0.00703125 0.008333333333333333
0 0.287890625 0.5713541666666667 0.00703125 0.007291666666666667
0 0.26875 0.5708333333333333 0.0078125 0.00625
0 0.551171875 0.5729166666666666 0.00859375 0.0125
0 0.21796875 0.5661458333333333 0.00625 0.007291666666666667
0 0.16171875 0.5666666666666667 0.00625 0.008333333333333333
0 0.3265625 0.5625 0.0046875 0.00625
0 0.460546875 0.5640625 0.00546875 0.011458333333333333
0 0.308984375 0.5630208333333333 0.00703125 0.009375
0 0.380078125 0.5541666666666667 0.00703125 0.00625
0 0.24140625 0.553125 0.0046875 0.00625
0 0.259765625 0.5510416666666667 0.00546875 0.004166666666666667
0 0.2765625 0.5520833333333334 0.00625 0.010416666666666666
0 0.29453125 0.5510416666666667 0.0078125 0.010416666666666666
0 0.206640625 0.55 0.00703125 0.008333333333333333
0 0.186328125 0.546875 0.00390625 0.004166666666666667
0 0.548046875 0.5484375 0.00703125 0.011458333333333333
0 0.3390625 0.5473958333333333 0.0078125 0.009375
0 0.226171875 0.5458333333333333 0.00703125 0.008333333333333333
0 0.166015625 0.540625 0.00390625 0.004166666666666667
0 0.45546875 0.5427083333333333 0.0078125 0.010416666666666666
0 0.356640625 0.5427083333333333 0.00859375 0.010416666666666666
0 0.316015625 0.5411458333333333 0.00703125 0.007291666666666667
0 0.373828125 0.5348958333333333 0.00859375 0.009375
0 0.250390625 0.5328125 0.00703125 0.007291666666666667
0 0.28515625 0.53125 0.00625 0.008333333333333333
0 0.21484375 0.5270833333333333 0.003125 0.0020833333333333333
0 0.41015625 0.5296875 0.0078125 0.011458333333333333
0 0.1875 0.525 0.0046875 0.004166666666666667
0 0.234375 0.5244791666666667 0.00625 0.005208333333333333
0 0.814453125 0.5244791666666667 0.00859375 0.011458333333333333
0 0.911328125 0.5239583333333333 0.01171875 0.0125
0 0.848046875 0.5234375 0.01171875 0.011458333333333333
0 0.426953125 0.5192708333333333 0.00859375 0.011458333333333333
0 0.72109375 0.5182291666666666 0.009375 0.011458333333333333
0 0.305078125 0.5177083333333333 0.00703125 0.010416666666666666
0 0.271875 0.5151041666666667 0.0046875 0.005208333333333333
0 0.443359375 0.5145833333333333 0.00859375 0.010416666666666666
0 0.20234375 0.5125 0.00625 0.00625
0 0.321875 0.5114583333333333 0.0078125 0.00625
0 0.246484375 0.5098958333333333 0.00703125 0.007291666666666667
0 0.22578125 0.50625 0.0078125 0.00625
0 0.3390625 0.5052083333333334 0.0078125 0.008333333333333333
0 0.28828125 0.5046875 0.0078125 0.007291666666666667
0 0.262109375 0.4973958333333333 0.00703125 0.005208333333333333
0 0.8265625 0.49895833333333334 0.0109375 0.0125
0 0.3109375 0.49635416666666665 0.0078125 0.009375
0 0.192578125 0.49583333333333335 0.00546875 0.008333333333333333
0 0.409375 0.49635416666666665 0.0078125 0.011458333333333333
0 0.363671875 0.49166666666666664 0.00859375 0.010416666666666666
0 0.165234375 0.4890625 0.00390625 0.005208333333333333
0 0.244921875 0.4859375 0.00546875 0.007291666666666667
0 0.226171875 0.48541666666666666 0.00546875 0.008333333333333333
0 0.5375 0.4817708333333333 0.0078125 0.011458333333333333
0 0.28671875 0.47708333333333336 0.0078125 0.00625
0 0.26953125 0.4786458333333333 0.00625 0.009375
0 0.210546875 0.47708333333333336 0.00546875 0.00625
0 0.40703125 0.4739583333333333 0.0078125 0.010416666666666666
0 0.900390625 0.47291666666666665 0.00859375 0.0125
0 0.5546875 0.4713541666666667 0.0078125 0.011458333333333333
0 0.370703125 0.4703125 0.00703125 0.009375
0 0.254296875 0.4661458333333333 0.00703125 0.005208333333333333
0 0.237890625 0.46458333333333335 0.00703125 0.004166666666666667
0 0.78828125 0.46458333333333335 0.009375 0.010416666666666666
0 0.884375 0.459375 0.003125 0.004166666666666667
0 0.297265625 0.4578125 0.00546875 0.003125
0 0.683984375 0.46041666666666664 0.00859375 0.010416666666666666
0 0.27890625 0.45989583333333334 0.0078125 0.009375
0 0.865625 0.45625 0.00625 0.008333333333333333
0 0.846875 0.4479166666666667 0.0078125 0.004166666666666667
0 0.26484375 0.4479166666666667 0.00625 0.00625
0 0.751953125 0.44895833333333335 0.01015625 0.010416666666666666
0 0.24765625 0.44583333333333336 0.003125 0.004166666666666667
0 0.228515625 0.446875 0.00546875 0.00625
0 0.81328125 0.44427083333333334 0.003125 0.005208333333333333
0 0.311328125 0.4453125 0.00703125 0.007291666666666667
0 0.797265625 0.4432291666666667 0.00546875 0.007291666666666667
0 0.778515625 0.4453125 0.00859375 0.011458333333333333
0 0.34453125 0.44375 0.0078125 0.010416666666666666
0 0.89921875 0.4390625 0.00625 0.007291666666666667
0 0.280859375 0.43645833333333334 0.00703125 0.00625
0 0.73671875 0.4375 0.009375 0.010416666666666666
0 0.214453125 0.4354166666666667 0.00546875 0.008333333333333333
0 0.29765625 0.43333333333333335 0.0078125 0.008333333333333333
0 0.1984375 0.4296875 0.00625 0.007291666666666667
0 0.25625 0.4265625 0.0046875 0.005208333333333333
0 0.768359375 0.4234375 0.00390625 0.003125
0 0.230859375 0.42552083333333335 0.00703125 0.007291666666666667
0 0.830078125 0.42604166666666665 0.01171875 0.0125
0 0.79140625 0.42291666666666666 0.009375 0.010416666666666666
0 0.31171875 0.42083333333333334 0.0078125 0.008333333333333333
0 0.27265625 0.4192708333333333 0.0078125 0.009375
0 0.21640625 0.4140625 0.00625 0.009375
0 0.245703125 0.4119791666666667 0.00703125 0.007291666666666667
0 0.867578125 0.41354166666666664 0.01015625 0.0125
0 0.807421875 0.4109375 0.00859375 0.007291666666666667
0 0.32734375 0.4119791666666667 0.0078125 0.009375
0 0.2890625 0.409375 0.0046875 0.004166666666666667
0 0.604296875 0.41041666666666665 0.00546875 0.010416666666666666
0 0.892578125 0.4078125 0.01015625 0.007291666666666667
0 0.57734375 0.409375 0.0078125 0.010416666666666666
0 0.479296875 0.40572916666666664 0.00859375 0.011458333333333333
0 0.3734375 0.403125 0.0078125 0.010416666666666666
0 0.2625 0.40260416666666665 0.0078125 0.009375
0 0.203515625 0.4 0.00703125 0.008333333333333333
0 0.837109375 0.4 0.01171875 0.0125
0 0.755859375 0.39895833333333336 0.01015625 0.0125
0 0.79140625 0.3958333333333333 0.009375 0.010416666666666666
0 0.278515625 0.3953125 0.00703125 0.009375
0 0.31796875 0.39427083333333335 0.0078125 0.009375
0 0.56171875 0.39427083333333335 0.0078125 0.011458333333333333
0 0.298046875 0.3932291666666667 0.00859375 0.009375
0 0.591796875 0.3932291666666667 0.00859375 0.011458333333333333
0 0.240625 0.38958333333333334 0.0046875 0.004166666666666667
0 0.621484375 0.3921875 0.00859375 0.011458333333333333
0 0.334375 0.39166666666666666 0.0078125 0.010416666666666666
0 0.810546875 0.3859375 0.00234375 0.003125
0 0.217578125 0.38697916666666665 0.00703125 0.007291666666666667
0 0.43984375 0.384375 0.0078125 0.010416666666666666
0 0.256640625 0.38177083333333334 0.00703125 0.009375
0 0.3578125 0.3802083333333333 0.0078125 0.010416666666666666
0 0.19375 0.37604166666666666 0.00625 0.008333333333333333
0 0.84765625 0.37552083333333336 0.0109375 0.011458333333333333
0 0.28515625 0.37447916666666664 0.0078125 0.009375
0 0.90703125 0.37447916666666664 0.009375 0.011458333333333333
0 0.56953125 0.37447916666666664 0.0078125 0.011458333333333333
0 0.30234375 0.37135416666666665 0.0078125 0.009375
0 0.790625 0.37083333333333335 0.0078125 0.0125
0 0.21015625 0.3692708333333333 0.00625 0.009375
0 0.812109375 0.365625 0.00546875 0.008333333333333333
0 0.43046875 0.36666666666666664 0.0078125 0.010416666666666666
0 0.268359375 0.3651041666666667 0.00703125 0.007291666666666667
0 0.244921875 0.36354166666666665 0.00703125 0.008333333333333333
0 0.22734375 0.36354166666666665 0.00625 0.008333333333333333
0 0.82890625 0.3625 0.009375 0.0125
0 0.319921875 0.35885416666666664 0.00703125 0.007291666666666667
0 0.2875 0.353125 0.0078125 0.008333333333333333
0 0.70703125 0.35260416666666666 0.00625 0.009375
0 0.681640625 0.3536458333333333 0.00859375 0.011458333333333333
0 0.3359375 0.35260416666666666 0.0078125 0.009375
0 0.304296875 0.3494791666666667 0.00703125 0.009375
0 0.551953125 0.3494791666666667 0.00859375 0.011458333333333333
0 0.2546875 0.34375 0.00625 0.00625
0 0.238671875 0.34427083333333336 0.00703125 0.007291666666666667
0 0.271875 0.34427083333333336 0.00625 0.009375
0 0.221484375 0.3416666666666667 0.00546875 0.00625
0 0.8015625 0.34270833333333334 0.0109375 0.0125
0 0.2046875 0.3390625 0.00625 0.007291666666666667
0 0.51875 0.33958333333333335 0.0078125 0.010416666666666666
0 0.32421875 0.3380208333333333 0.0078125 0.009375
0 0.719921875 0.3380208333333333 0.00859375 0.011458333333333333
0 0.692578125 0.3380208333333333 0.00859375 0.011458333333333333
0 0.53828125 0.3380208333333333 0.0078125 0.011458333333333333
0 0.668359375 0.33697916666666666 0.00859375 0.011458333333333333
0 0.41015625 0.334375 0.0078125 0.010416666666666666
0 0.29453125 0.3333333333333333 0.0078125 0.008333333333333333
0 0.616015625 0.32760416666666664 0.00703125 0.009375
0 0.43984375 0.328125 0.0078125 0.010416666666666666
0 0.263671875 0.325 0.00703125 0.00625
0 0.1765625 0.325 0.0046875 0.00625
0 0.310546875 0.3260416666666667 0.00703125 0.010416666666666666
0 0.233984375 0.32447916666666665 0.00703125 0.007291666666666667
0 0.70546875 0.32395833333333335 0.0078125 0.008333333333333333
0 0.766796875 0.32447916666666665 0.01015625 0.011458333333333333
0 0.353125 0.321875 0.0078125 0.008333333333333333
0 0.2171875 0.32135416666666666 0.00625 0.007291666666666667
0 0.655859375 0.3229166666666667 0.00859375 0.0125
0 0.42421875 0.3223958333333333 0.0078125 0.011458333333333333
0 0.281640625 0.3182291666666667 0.00546875 0.005208333333333333
0 0.200390625 0.3177083333333333 0.00703125 0.00625
0 0.334765625 0.3182291666666667 0.00703125 0.009375
0 0.249609375 0.315625 0.00703125 0.00625
0 0.69140625 0.3145833333333333 0.009375 0.0125
0 0.403125 0.31354166666666666 0.0078125 0.010416666666666666
0 0.73671875 0.31197916666666664 0.0078125 0.011458333333333333
0 0.71875 0.3109375 0.0078125 0.009375
0 0.296875 0.309375 0.00625 0.00625
0 0.607421875 0.3098958333333333 0.00859375 0.011458333333333333
0 0.5390625 0.309375 0.0078125 0.010416666666666666
0 0.364453125 0.30625 0.00703125 0.008333333333333333
0 0.518359375 0.3067708333333333 0.00859375 0.011458333333333333
0 0.266796875 0.3046875 0.00703125 0.007291666666666667
0 0.3140625 0.3046875 0.0078125 0.009375
0 0.676171875 0.30416666666666664 0.00859375 0.010416666666666666
0 0.23671875 0.3026041666666667 0.0078125 0.009375
0 0.346875 0.3015625 0.0078125 0.009375
0 0.190234375 0.3 0.00703125 0.00625
0 0.793359375 0.3 0.01015625 0.0125
0 0.432421875 0.2989583333333333 0.00703125 0.010416666666666666
0 0.380078125 0.2984375 0.00859375 0.009375
0 0.282421875 0.296875 0.00703125 0.010416666666666666
0 0.32890625 0.2947916666666667 0.0078125 0.010416666666666666
0 0.25234375 0.2921875 0.0078125 0.007291666666666667
0 0.215625 0.290625 0.00625 0.004166666666666667
0 0.748046875 0.29270833333333335 0.01015625 0.0125
0 0.70078125 0.2911458333333333 0.009375 0.011458333333333333
0 0.2984375 0.2890625 0.0078125 0.009375
0 0.549609375 0.2890625 0.00859375 0.011458333333333333
0 0.723828125 0.2859375 0.00859375 0.009375
0 0.636328125 0.284375 0.00859375 0.008333333333333333
0 0.3578125 0.2859375 0.0078125 0.011458333333333333
0 0.314453125 0.2838541666666667 0.00703125 0.009375
0 0.26953125 0.2838541666666667 0.0078125 0.009375
0 0.233203125 0.284375 0.00859375 0.010416666666666666
0 0.419140625 0.2833333333333333 0.00859375 0.010416666666666666
0 0.674609375 0.28229166666666666 0.00859375 0.010416666666666666
0 0.57734375 0.2828125 0.0078125 0.011458333333333333
0 0.40234375 0.28229166666666666 0.0078125 0.010416666666666666
0 0.44140625 0.28125 0.0078125 0.010416666666666666
0 0.186328125 0.28020833333333334 0.00859375 0.010416666666666666
0 0.340625 0.2786458333333333 0.0078125 0.011458333333333333
0 0.38671875 0.27760416666666665 0.0078125 0.011458333333333333
0 0.286328125 0.2760416666666667 0.00859375 0.010416666666666666
0 0.712890625 0.26927083333333335 0.00859375 0.009375
0 0.5125 0.2682291666666667 0.0078125 0.011458333333333333
0 0.429296875 0.2682291666666667 0.00859375 0.011458333333333333
0 0.372265625 0.2671875 0.00859375 0.011458333333333333
0 0.355078125 0.26614583333333336 0.00859375 0.011458333333333333
0 0.303515625 0.26510416666666664 0.00859375 0.011458333333333333
0 0.73203125 0.26458333333333334 0.009375 0.0125
0 0.273828125 0.2625 0.00859375 0.008333333333333333
0 0.3203125 0.2630208333333333 0.0078125 0.011458333333333333
0 0.665625 0.26197916666666665 0.0078125 0.011458333333333333
0 0.25625 0.26145833333333335 0.009375 0.010416666666666666
0 0.193359375 0.2604166666666667 0.00859375 0.010416666666666666
0 0.64921875 0.2578125 0.0078125 0.009375
0 0.396484375 0.259375 0.00859375 0.0125
0 0.483984375 0.25625 0.00859375 0.010416666666666666
0 0.2421875 0.25364583333333335 0.009375 0.011458333333333333
0 0.419921875 0.2515625 0.00859375 0.011458333333333333
0 0.60234375 0.24947916666666667 0.0078125 0.011458333333333333
0 0.3640625 0.2484375 0.0078125 0.011458333333333333
0 0.794140625 0.24791666666666667 0.01015625 0.0125
0 0.46953125 0.24635416666666668 0.0078125 0.011458333333333333
0 0.335546875 0.24583333333333332 0.00703125 0.0125
0 0.756640625 0.2453125 0.01015625 0.013541666666666667
0 0.57734375 0.24427083333333333 0.0078125 0.011458333333333333
0 0.45234375 0.24270833333333333 0.0078125 0.010416666666666666
0 0.435546875 0.24270833333333333 0.00859375 0.0125
0 0.39140625 0.24010416666666667 0.0078125 0.013541666666666667
0 0.31953125 0.23958333333333334 0.0078125 0.0125
0 0.1984375 0.23541666666666666 0.009375 0.010416666666666666
0 0.262109375 0.23489583333333333 0.00859375 0.011458333333333333
0 0.354296875 0.2328125 0.00859375 0.011458333333333333
0 0.644140625 0.23020833333333332 0.00859375 0.008333333333333333
0 0.278515625 0.23229166666666667 0.00859375 0.0125
0 0.245703125 0.23072916666666668 0.00859375 0.011458333333333333
0 0.423046875 0.2296875 0.00859375 0.011458333333333333
0 0.296484375 0.2296875 0.00859375 0.011458333333333333
0 0.3703125 0.22708333333333333 0.0078125 0.010416666666666666
0 0.612109375 0.22395833333333334 0.00859375 0.0125
0 0.31171875 0.22239583333333332 0.0078125 0.013541666666666667
0 0.44765625 0.21979166666666666 0.0078125 0.0125
0 0.343359375 0.2171875 0.00859375 0.011458333333333333
0 0.269140625 0.21666666666666667 0.00859375 0.0125
0 0.4015625 0.215625 0.0078125 0.0125
0 0.384765625 0.215625 0.00859375 0.0125
0 0.358984375 0.2109375 0.00703125 0.009375
0 0.299609375 0.20833333333333334 0.00859375 0.010416666666666666
0 0.435546875 0.20572916666666666 0.00859375 0.013541666666666667
0 0.227734375 0.1859375 0.00859375 0.011458333333333333
0 0.44765625 0.18229166666666666 0.0078125 0.0125
