0 0.347265625 0.8458382180539273 0.00859375 0.009378663540445486
0 0.283984375 0.8402696365767878 0.01171875 0.00996483001172333
0 0.415234375 0.8355803048065651 0.00859375 0.005275498241500586
0 0.3921875 0.8259085580304807 0.00625 0.007033997655334115
0 0.358984375 0.8223915592028136 0.00703125 0.007033997655334115
0 0.70078125 0.8185814771395076 0.0046875 0.004103165298944901
0 0.116796875 0.8194607268464243 0.01328125 0.009378663540445486
0 0.6671875 0.8109613130128956 0.00625 0.008792497069167644
0 0.408203125 0.8100820633059789 0.01015625 0.008206330597889801
0 0.376171875 0.8086166471277842 0.00546875 0.0076201641266119575
0 0.4921875 0.7968933177022274 0.0109375 0.008792497069167644
0 0.13203125 0.7963071512309496 0.015625 0.00996483001172333
0 0.39140625 0.7922039859320047 0.00625 0.005275498241500586
0 0.10859375 0.7924970691676436 0.0109375 0.009378663540445486
0 0.07578125 0.7924970691676436 0.0140625 0.009378663540445486
0 0.367578125 0.7886869871043376 0.00703125 0.0076201641266119575
0 0.320703125 0.7860492379835874 0.01171875 0.009378663540445486
0 0.406640625 0.7716881594372802 0.01171875 0.008792497069167644
0 0.431640625 0.7705158264947245 0.01171875 0.008792497069167644
0 0.238671875 0.7617233294255569 0.01328125 0.00996483001172333
0 0.39765625 0.7508792497069168 0.00625 0.008206330597889801
0 0.4640625 0.7497069167643611 0.009375 0.007033997655334115
0 0.120703125 0.7502930832356389 0.01328125 0.009378663540445486
0 0.309765625 0.7497069167643611 0.01171875 0.009378663540445486
0 0.555859375 0.7412075029308324 0.01015625 0.008792497069167644
0 0.203515625 0.7397420867526378 0.01328125 0.009378663540445486
0 0.441015625 0.7376905041031653 0.00859375 0.008792497069167644
0 0.52734375 0.731242672919109 0.0125 0.008792497069167644
0 0.446484375 0.7180539273153576 0.01171875 0.009378663540445486
0 0.30859375 0.7177608440797186 0.0109375 0.008792497069167644
0 0.151953125 0.7107268464243846 0.01328125 0.008792497069167644
0 0.547265625 0.7042790152403282 0.01171875 0.008792497069167644
0 0.437109375 0.69021101992966 0.01171875 0.008792497069167644
0 0.5265625 0.6884525205158265 0.0109375 0.008792497069167644
0 0.26640625 0.6887456037514654 0.0125 0.009378663540445486
0 0.492578125 0.6849355216881594 0.01171875 0.008792497069167644
0 0.192578125 0.6837631887456037 0.01328125 0.00996483001172333
0 0.162890625 0.6814185228604924 0.01328125 0.008792497069167644
0 0.28046875 0.6735052754982415 0.0125 0.009378663540445486
0 0.51875 0.6664712778429074 0.0125 0.009378663540445486
0 0.198828125 0.6664712778429074 0.01328125 0.009378663540445486
0 0.315625 0.6655920281359906 0.0125 0.008792497069167644
0 0.493359375 0.6647127784290738 0.01171875 0.009378663540445486
0 0.693359375 0.6600234466588512 0.01171875 0.008206330597889801
0 0.06640625 0.6562133645955451 0.0125 0.0076201641266119575
0 0.340625 0.6562133645955451 0.0125 0.008792497069167644
0 0.821484375 0.6559202813599062 0.01484375 0.010550996483001172
0 0.425390625 0.6506447831184057 0.01171875 0.009378663540445486
0 0.365234375 0.6491793669402111 0.01171875 0.0076201641266119575
0 0.26328125 0.64947245017585 0.0125 0.008206330597889801
0 0.478125 0.6491793669402111 0.0125 0.008792497069167644
0 0.13828125 0.6471277842907386 0.0140625 0.009378663540445486
0 0.6734375 0.645662368112544 0.0125 0.008792497069167644
0 0.456640625 0.6386283704572099 0.01171875 0.008792497069167644
0 0.155859375 0.6339390386869871 0.01328125 0.008792497069167644
0 0.637109375 0.6336459554513482 0.01328125 0.009378663540445486
0 0.51875 0.6239742086752638 0.0109375 0.008792497069167644
0 0.3234375 0.6239742086752638 0.0125 0.008792497069167644
0 0.26875 0.6236811254396248 0.0125 0.008206330597889801
0 0.408203125 0.6236811254396248 0.01171875 0.009378663540445486
0 0.615625 0.6225087924970691 0.0125 0.008206330597889801
0 0.44765625 0.6198710433763188 0.0125 0.00996483001172333
0 0.49453125 0.6175263774912075 0.0109375 0.008792497069167644
0 0.553515625 0.6066822977725674 0.01171875 0.009378663540445486
0 0.34140625 0.6063892145369285 0.0140625 0.008792497069167644
0 0.31796875 0.6060961313012896 0.0125 0.008206330597889801
0 0.4171875 0.6058030480656507 0.0125 0.008792497069167644
0 0.45390625 0.6016998827667057 0.0125 0.008792497069167644
0 0.3953125 0.5964243845252052 0.0109375 0.008792497069167644
0 0.52265625 0.5955451348182884 0.0125 0.009378663540445486
0 0.281640625 0.5917350527549824 0.00859375 0.008792497069167644
0 0.62265625 0.5914419695193435 0.0125 0.009378663540445486
0 0.596875 0.5876318874560376 0.0125 0.008792497069167644
0 0.64765625 0.5873388042203986 0.0125 0.009378663540445486
0 0.3375 0.5841148886283705 0.0125 0.008792497069167644
0 0.432421875 0.5829425556858148 0.01328125 0.008792497069167644
0 0.45625 0.5823563892145369 0.0125 0.008792497069167644
0 0.262890625 0.5814771395076201 0.01171875 0.008206330597889801
0 0.302734375 0.5803048065650644 0.01171875 0.008206330597889801
0 0.369921875 0.5794255568581477 0.01171875 0.008792497069167644
0 0.4 0.5764947245017585 0.0125 0.008792497069167644
0 0.551953125 0.5662368112543963 0.01171875 0.009378663540445486
0 0.519921875 0.5647713950762017 0.01171875 0.008792497069167644
0 0.186328125 0.5612543962485346 0.01328125 0.008792497069167644
0 0.440234375 0.5606682297772567 0.01171875 0.008792497069167644
0 0.13046875 0.5574443141852286 0.0125 0.008206330597889801
0 0.213671875 0.5536342321219226 0.01484375 0.008792497069167644
0 0.580859375 0.5533411488862837 0.01171875 0.009378663540445486
0 0.2359375 0.5527549824150059 0.0140625 0.008206330597889801
0 0.659375 0.552168815943728 0.0125 0.009378663540445486
0 0.303515625 0.5504103165298945 0.01171875 0.008206330597889801
0 0.5390625 0.5489449003516998 0.0125 0.008792497069167644
0 0.614453125 0.548358733880422 0.01328125 0.008792497069167644
0 0.50703125 0.544841735052755 0.0109375 0.008792497069167644
0 0.3796875 0.5430832356389215 0.0109375 0.008792497069167644
0 0.455859375 0.5395662368112544 0.01171875 0.008792497069167644
0 0.41171875 0.5316529894490035 0.0125 0.008206330597889801
0 0.6265625 0.5310668229777257 0.0125 0.009378663540445486
0 0.324609375 0.52989449003517 0.01171875 0.008206330597889801
0 0.537890625 0.5272567409144197 0.01171875 0.008792497069167644
0 0.3890625 0.5257913247362251 0.0125 0.008206330597889801
0 0.60078125 0.5246189917936694 0.0125 0.009378663540445486
0 0.502734375 0.5246189917936694 0.01171875 0.009378663540445486
0 0.191015625 0.5213950762016413 0.01484375 0.008792497069167644
0 0.66015625 0.5211019929660023 0.0125 0.009378663540445486
0 0.343359375 0.5169988276670574 0.01171875 0.009378663540445486
0 0.56640625 0.5143610785463072 0.0125 0.008792497069167644
0 0.372265625 0.5126025791324736 0.01171875 0.0076201641266119575
0 0.308203125 0.5131887456037515 0.01171875 0.008792497069167644
0 0.210546875 0.5126025791324736 0.01328125 0.008792497069167644
0 0.607421875 0.5064478311840562 0.01171875 0.008206330597889801
0 0.502734375 0.5058616647127784 0.01171875 0.008206330597889801
0 0.466015625 0.5023446658851114 0.01171875 0.008206330597889801
0 0.15625 0.5023446658851114 0.0109375 0.008206330597889801
0 0.233984375 0.5014654161781946 0.01171875 0.0076201641266119575
0 0.54375 0.5014654161781946 0.0125 0.008792497069167644
0 0.058984375 0.49794841735052753 0.01328125 0.005275498241500586
0 0.322265625 0.49794841735052753 0.01171875 0.0076201641266119575
0 0.58984375 0.4917936694021102 0.0125 0.009378663540445486
0 0.65078125 0.4906213364595545 0.0125 0.008206330597889801
0 0.29921875 0.48856975381008205 0.0125 0.008792497069167644
0 0.105859375 0.4859320046893318 0.01328125 0.008206330597889801
0 0.501171875 0.4835873388042204 0.01171875 0.008206330597889801
0 0.56640625 0.4824150058616647 0.0125 0.008206330597889801
0 0.541015625 0.48182883939038684 0.01171875 0.008206330597889801
0 0.726171875 0.48182883939038684 0.01328125 0.009378663540445486
0 0.691015625 0.4765533411488863 0.01328125 0.009378663540445486
0 0.63359375 0.4750879249706917 0.0125 0.008792497069167644
0 0.59296875 0.47215709261430244 0.0125 0.008792497069167644
0 0.436328125 0.4706916764361079 0.01171875 0.008206330597889801
0 0.298828125 0.47039859320046895 0.01328125 0.0076201641266119575
0 0.2765625 0.4706916764361079 0.0140625 0.008206330597889801
0 0.46015625 0.46922626025791325 0.0125 0.006447831184056272
0 0.52265625 0.46922626025791325 0.0109375 0.008792497069167644
0 0.484375 0.46922626025791325 0.0125 0.008792497069167644
0 0.10234375 0.46776084407971863 0.0125 0.008206330597889801
0 0.07578125 0.4671746776084408 0.0140625 0.008206330597889801
0 0.57265625 0.4604337631887456 0.0125 0.008792497069167644
0 0.680078125 0.45926143024618993 0.01171875 0.008792497069167644
0 0.140625 0.45926143024618993 0.009375 0.008792497069167644
0 0.5484375 0.4575029308323564 0.0109375 0.008792497069167644
0 0.344140625 0.4575029308323564 0.01171875 0.008792497069167644
0 0.191015625 0.45545134818288396 0.01484375 0.008206330597889801
0 0.498828125 0.4533997655334115 0.01171875 0.008792497069167644
0 0.601171875 0.45193434935521687 0.01171875 0.009378663540445486
0 0.23515625 0.45193434935521687 0.0125 0.009378663540445486
0 0.211328125 0.4510550996483001 0.01328125 0.008792497069167644
0 0.298046875 0.44988276670574445 0.01171875 0.008792497069167644
0 0.471484375 0.4492966002344666 0.01171875 0.008792497069167644
0 0.667578125 0.4416764361078546 0.01328125 0.008792497069167644
0 0.26875 0.44109026963657677 0.0125 0.008792497069167644
0 0.08359375 0.44021101992966 0.0125 0.008206330597889801
0 0.55703125 0.43991793669402113 0.0125 0.008792497069167644
0 0.451953125 0.4372801875732708 0.01171875 0.008206330597889801
0 0.428125 0.4358147713950762 0.0109375 0.008792497069167644
0 0.11484375 0.43522860492379833 0.0125 0.008792497069167644
0 0.642578125 0.43464243845252054 0.01328125 0.008792497069167644
0 0.501171875 0.43464243845252054 0.01171875 0.008792497069167644
0 0.23203125 0.43464243845252054 0.0125 0.008792497069167644
0 0.28984375 0.432883939038687 0.0125 0.008792497069167644
0 0.58046875 0.43112543962485345 0.0125 0.00996483001172333
0 0.476171875 0.42995310668229775 0.01171875 0.008792497069167644
0 0.618359375 0.4284876905041032 0.01328125 0.009378663540445486
0 0.826171875 0.42790152403282533 0.01484375 0.010550996483001172
0 0.38046875 0.4261430246189918 0.0125 0.008206330597889801
0 0.41015625 0.42379835873388044 0.0109375 0.008206330597889801
0 0.66171875 0.42057444314185227 0.0125 0.00996483001172333
0 0.518359375 0.42028135990621335 0.01171875 0.009378663540445486
0 0.440234375 0.4194021101992966 0.01171875 0.008792497069167644
0 0.56328125 0.41822977725674093 0.0125 0.008792497069167644
0 0.694921875 0.417936694021102 0.01328125 0.009378663540445486
0 0.596875 0.4164712778429074 0.0125 0.008792497069167644
0 0.80546875 0.41588511137162953 0.0140625 0.00996483001172333
0 0.203515625 0.41324736225087927 0.01328125 0.008206330597889801
0 0.49296875 0.40416178194607266 0.0125 0.008792497069167644
0 0.29609375 0.40357561547479487 0.0109375 0.008792497069167644
0 0.8265625 0.40328253223915594 0.0140625 0.009378663540445486
0 0.631640625 0.4026963657678781 0.01171875 0.009378663540445486
0 0.580078125 0.40240328253223917 0.01171875 0.008792497069167644
0 0.464453125 0.4015240328253224 0.01171875 0.008206330597889801
0 0.5171875 0.4018171160609613 0.0125 0.00996483001172333
0 0.657421875 0.40123094958968347 0.01328125 0.00996483001172333
0 0.39765625 0.39566236811254396 0.0109375 0.008206330597889801
0 0.54921875 0.39449003516998826 0.0125 0.008206330597889801
0 0.676171875 0.38599062133645956 0.01328125 0.008792497069167644
0 0.613671875 0.38599062133645956 0.01171875 0.00996483001172333
0 0.528125 0.38452520515826494 0.0125 0.009378663540445486
0 0.3390625 0.38042203985932005 0.0109375 0.008206330597889801
0 0.637890625 0.3798358733880422 0.01328125 0.009378663540445486
0 0.099609375 0.3783704572098476 0.01328125 0.008792497069167644
0 0.591796875 0.37368112543962484 0.01171875 0.00996483001172333
0 0.76796875 0.37192262602579135 0.0140625 0.00996483001172333
0 0.488671875 0.36840562719812425 0.01171875 0.008792497069167644
0 0.74375 0.365767878077374 0.0125 0.009378663540445486
0 0.536328125 0.3613716295427902 0.01328125 0.008792497069167644
0 0.623828125 0.3604923798358734 0.01328125 0.009378663540445486
0 0.180078125 0.35990621336459555 0.01328125 0.009378663540445486
0 0.649609375 0.35873388042203985 0.01328125 0.009378663540445486
0 0.5125 0.358147713950762 0.0125 0.009378663540445486
0 0.59921875 0.35550996483001174 0.0125 0.00996483001172333
0 0.57421875 0.35345838218053927 0.0125 0.009378663540445486
0 0.264453125 0.350820633059789 0.01171875 0.008792497069167644
0 0.686328125 0.34671746776084406 0.01328125 0.00996483001172333
0 0.49375 0.3455451348182884 0.0109375 0.008792497069167644
0 0.661328125 0.34261430246189917 0.01328125 0.008792497069167644
0 0.620703125 0.34144196951934347 0.01171875 0.0076201641266119575
0 0.591015625 0.33177022274325907 0.01171875 0.009378663540445486
0 0.6421875 0.3291324736225088 0.0125 0.00996483001172333
0 0.526171875 0.3279601406799531 0.01171875 0.008792497069167644
0 0.569921875 0.31887456037514655 0.01171875 0.009378663540445486
0 0.17421875 0.31447831184056274 0.0125 0.011137162954279016
0 0.60859375 0.3127198124267292 0.0125 0.008792497069167644
0 0.69609375 0.3115474794841735 0.0125 0.00996483001172333
0 0.6640625 0.3103751465416178 0.0125 0.00996483001172333
0 0.633203125 0.305978898007034 0.01328125 0.009378663540445486
0 0.2765625 0.30568581477139506 0.0125 0.00996483001172333
0 0.381640625 0.30392731535756157 0.01171875 0.008792497069167644
0 0.515625 0.3007033997655334 0.0125 0.009378663540445486
0 0.051171875 0.3007033997655334 0.01171875 0.009378663540445486
0 0.1734375 0.2974794841735053 0.0125 0.011137162954279016
0 0.61328125 0.2936694021101993 0.0125 0.009378663540445486
0 0.65625 0.28927315357561545 0.0125 0.00996483001172333
0 0.640625 0.27432590855803046 0.0109375 0.009378663540445486
0 0.670703125 0.2716881594372802 0.01328125 0.00996483001172333
0 0.83046875 0.27110199296600235 0.0140625 0.00996483001172333
0 0.18515625 0.2749120750293083 0.0234375 0.02579132473622509
0 0.315625 0.26348182883939036 0.0125 0.011137162954279016
0 0.766796875 0.26143024618991795 0.01328125 0.010550996483001172
0 0.551953125 0.2608440797186401 0.01171875 0.010550996483001172
0 0.859375 0.2567409144196952 0.0140625 0.009378663540445486
0 0.580078125 0.25498241500586166 0.01171875 0.010550996483001172
0 0.10625 0.2417936694021102 0.0125 0.00996483001172333
0 0.062109375 0.23944900351699883 0.01328125 0.0076201641266119575
0 0.183984375 0.24003516998827668 0.03515625 0.013481828839390387
0 0.6 0.23710433763188746 0.0125 0.00996483001172333
0 0.583984375 0.22303634232121922 0.01015625 0.011137162954279016
0 0.521875 0.21658851113716296 0.0125 0.011137162954279016
0 0.135546875 0.21483001172332944 0.01328125 0.00996483001172333
0 0.60546875 0.21189917936694022 0.0125 0.011137162954279016
0 0.852734375 0.20574443141852286 0.01328125 0.010550996483001172
0 0.630078125 0.20369284876905042 0.01328125 0.011137162954279016
0 0.479296875 0.1981242672919109 0.01171875 0.011723329425556858
0 0.50703125 0.1954865181711606 0.0125 0.011137162954279016
0 0.615234375 0.1899179366940211 0.01171875 0.010550996483001172
0 0.3984375 0.18903868698710433 0.0125 0.011137162954279016
0 0.3546875 0.18640093786635403 0.0125 0.009378663540445486
0 0.462890625 0.18522860492379836 0.00703125 0.008206330597889801
0 0.648046875 0.1802461899179367 0.01171875 0.011137162954279016
0 0.555078125 0.16735052754982416 0.00078125 0.0005861664712778429
0 0.5484375 0.1708675263774912 0.0125 0.0076201641266119575
0 0.7296875 0.17116060961313012 0.0125 0.010550996483001172
0 0.507421875 0.1708675263774912 0.01328125 0.011137162954279016
0 0.23203125 0.17028135990621338 0.0125 0.011137162954279016
0 0.62109375 0.16617819460726846 0.0125 0.0076201641266119575
0 0.252734375 0.16031652989449002 0.01171875 0.011137162954279016
0 0.478125 0.15445486518171161 0.003125 0.0017584994138335288
0 0.208203125 0.15269636576787807 0.01328125 0.00996483001172333
0 0.458203125 0.14800703399765533 0.00390625 0.004103165298944901
0 0.559765625 0.14595545134818289 0.01015625 0.011723329425556858
0 0.235546875 0.1368698710433763 0.00859375 0.005275498241500586
0 0.18046875 0.13892145369284878 0.0125 0.010550996483001172
0 0.2 0.13335287221570927 0.0046875 0.004103165298944901
0 0.794140625 0.1354044548651817 0.01328125 0.010550996483001172
0 0.495703125 0.1310082063305979 0.00390625 0.0029308323563892145
0 0.721875 0.12866354044548653 0.0125 0.011137162954279016
0 0.61640625 0.12368112543962485 0.0125 0.008206330597889801
0 0.56953125 0.12221570926143024 0.0125 0.0076201641266119575
0 0.826171875 0.12221570926143024 0.01328125 0.011137162954279016
0 0.266015625 0.11869871043376319 0.01171875 0.011137162954279016
0 0.505859375 0.11254396248534584 0.00546875 0.0035169988276670576
0 0.308984375 0.11225087924970692 0.01171875 0.011137162954279016
0 0.23984375 0.09378663540445487 0.00625 0.005861664712778429
0 0.184765625 0.09818288393903869 0.04609375 0.027549824150058615
0 0.2078125 0.08294255568581477 0.0015625 0.0029308323563892145
