0 0.221484375 0.943728018757327 0.00859375 0.005861664712778429
0 0.187890625 0.9349355216881594 0.00859375 0.005861664712778429
0 0.24296875 0.9352286049237983 0.0109375 0.00996483001172333
0 0.21328125 0.9255568581477139 0.009375 0.004689331770222743
0 0.178515625 0.9041617819460727 0.01015625 0.008792497069167644
0 0.482421875 0.8950762016412661 0.01015625 0.009378663540445486
0 0.323046875 0.8941969519343493 0.01015625 0.0076201641266119575
0 0.278515625 0.8912661195779601 0.00703125 0.005275498241500586
0 0.618359375 0.8886283704572099 0.01015625 0.009378663540445486
0 0.181640625 0.8824736225087925 0.00078125 0.0005861664712778429
0 0.528515625 0.8848182883939039 0.01015625 0.008792497069167644
0 0.558984375 0.8810082063305978 0.00859375 0.007033997655334115
0 0.188671875 0.8780773739742087 0.00234375 0.0035169988276670576
0 0.229296875 0.8777842907385698 0.01015625 0.00996483001172333
0 0.585546875 0.8754396248534584 0.01015625 0.0076201641266119575
0 0.29453125 0.8766119577960141 0.009375 0.00996483001172333
0 0.32109375 0.8754396248534584 0.0109375 0.008792497069167644
0 0.20703125 0.873094958968347 0.009375 0.008792497069167644
0 0.571875 0.8678194607268465 0.0046875 0.0029308323563892145
0 0.537109375 0.8698710433763188 0.01015625 0.009378663540445486
0 0.402734375 0.8514067995310668 0.00078125 0.0005861664712778429
0 0.28515625 0.8552168815943728 0.0109375 0.008206330597889801
0 0.2453125 0.8537514654161782 0.0109375 0.0076201641266119575
0 0.583203125 0.8531652989449003 0.01015625 0.008792497069167644
0 0.541796875 0.8516998827667057 0.01015625 0.008206330597889801
0 0.329296875 0.8502344665885111 0.00546875 0.006447831184056272
0 0.35546875 0.8487690504103166 0.009375 0.008206330597889801
0 0.407421875 0.8464243845252052 0.01015625 0.005861664712778429
0 0.377734375 0.8446658851113716 0.00703125 0.009378663540445486
0 0.261328125 0.8408558030480656 0.00390625 0.0029308323563892145
0 0.481640625 0.8376318874560376 0.01015625 0.009378663540445486
0 0.55234375 0.8355803048065651 0.0078125 0.006447831184056272
0 0.204296875 0.8370457209847597 0.01171875 0.009378663540445486
0 0.28671875 0.8361664712778429 0.0125 0.008792497069167644
0 0.617578125 0.8341148886283705 0.01015625 0.009378663540445486
0 0.1828125 0.8323563892145369 0.0109375 0.008206330597889801
0 0.595703125 0.8253223915592028 0.01015625 0.009378663540445486
0 0.273046875 0.8232708089097304 0.01171875 0.00996483001172333
0 0.329296875 0.8197538100820633 0.01015625 0.006447831184056272
0 0.571484375 0.8194607268464243 0.01015625 0.009378663540445486
0 0.6296875 0.817409144196952 0.009375 0.008792497069167644
0 0.504296875 0.8179953106682297 0.01015625 0.00996483001172333
0 0.191015625 0.8159437280187574 0.00546875 0.005861664712778429
0 0.34609375 0.8124267291910903 0.0015625 0.0011723329425556857
0 0.35390625 0.8127198124267292 0.0046875 0.0029308323563892145
0 0.3484375 0.8115474794841735 0.0015625 0.0005861664712778429
0 0.236328125 0.8092028135990621 0.00078125 0.0017584994138335288
0 0.2171875 0.8121336459554513 0.0125 0.00996483001172333
0 0.2453125 0.8083235638921453 0.0046875 0.0035169988276670576
0 0.481640625 0.8077373974208675 0.01015625 0.009378663540445486
0 0.551953125 0.8056858147713951 0.00859375 0.006447831184056272
0 0.3296875 0.8030480656506448 0.00625 0.004689331770222743
0 0.411328125 0.8050996483001173 0.01015625 0.00996483001172333
0 0.175390625 0.8033411488862837 0.01015625 0.0076201641266119575
0 0.626953125 0.8004103165298945 0.00703125 0.006447831184056272
0 0.60703125 0.8007033997655334 0.00625 0.007033997655334115
0 0.58359375 0.798358733880422 0.009375 0.008206330597889801
0 0.19921875 0.7986518171160609 0.0109375 0.008792497069167644
0 0.355078125 0.794841735052755 0.00546875 0.0035169988276670576
0 0.303125 0.7930832356389215 0.0109375 0.009378663540445486
0 0.238671875 0.7922039859320047 0.01015625 0.008792497069167644
0 0.64765625 0.7916178194607268 0.0109375 0.008792497069167644
0 0.553515625 0.7889800703399765 0.01015625 0.005861664712778429
0 0.221484375 0.7857561547479485 0.00546875 0.004103165298944901
0 0.1828125 0.7860492379835874 0.00625 0.004689331770222743
0 0.2640625 0.7854630715123095 0.00625 0.005861664712778429
0 0.423828125 0.7839976553341149 0.01015625 0.005275498241500586
0 0.57421875 0.7845838218053928 0.009375 0.008792497069167644
0 0.687109375 0.7839976553341149 0.01015625 0.008792497069167644
0 0.598828125 0.783704572098476 0.01015625 0.008206330597889801
0 0.734765625 0.7834114888628371 0.01015625 0.008792497069167644
0 0.622265625 0.7828253223915592 0.01015625 0.0076201641266119575
0 0.53671875 0.7828253223915592 0.0109375 0.008792497069167644
0 0.20078125 0.7757913247362251 0.0109375 0.004103165298944901
0 0.3328125 0.7754982415005862 0.0109375 0.009378663540445486
0 0.283984375 0.7749120750293084 0.01171875 0.009378663540445486
0 0.554296875 0.7728604923798359 0.01015625 0.0076201641266119575
0 0.2515625 0.7731535756154748 0.0109375 0.008206330597889801
0 0.2234375 0.7690504103165299 0.0125 0.008206330597889801
0 0.571875 0.7643610785463072 0.009375 0.008206330597889801
0 0.31640625 0.764947245017585 0.009375 0.009378663540445486
0 0.258984375 0.7582063305978898 0.00859375 0.004103165298944901
0 0.664453125 0.7599648300117233 0.01015625 0.008792497069167644
0 0.197265625 0.7599648300117233 0.01171875 0.008792497069167644
0 0.294921875 0.7596717467760844 0.01171875 0.009378663540445486
0 0.35078125 0.7570339976553341 0.0109375 0.008792497069167644
0 0.174609375 0.7526377491207503 0.01171875 0.007033997655334115
0 0.596484375 0.7517584994138335 0.01015625 0.008792497069167644
0 0.276953125 0.7488276670574443 0.00546875 0.006447831184056272
0 0.73671875 0.7491207502930832 0.0109375 0.008206330597889801
0 0.55 0.7488276670574443 0.009375 0.008792497069167644
0 0.214453125 0.7476553341148886 0.01015625 0.0076201641266119575
0 0.693359375 0.7423798358733881 0.01015625 0.008792497069167644
0 0.19296875 0.7417936694021102 0.009375 0.0076201641266119575
0 0.36796875 0.7406213364595545 0.0109375 0.008792497069167644
0 0.3 0.7394490035169988 0.0078125 0.0076201641266119575
0 0.169140625 0.7359320046893317 0.01171875 0.005275498241500586
0 0.339453125 0.7353458382180539 0.01015625 0.008792497069167644
0 0.56015625 0.734759671746776 0.009375 0.008792497069167644
0 0.676171875 0.7318288393903869 0.01015625 0.0076201641266119575
0 0.27578125 0.7309495896834701 0.0109375 0.008206330597889801
0 0.212890625 0.727725674091442 0.01171875 0.0076201641266119575
0 0.71953125 0.7268464243845252 0.0109375 0.008206330597889801
0 0.18671875 0.7242086752637749 0.0109375 0.006447831184056272
0 0.486328125 0.7218640093786636 0.01015625 0.008792497069167644
0 0.6984375 0.720398593200469 0.009375 0.008206330597889801
0 0.163671875 0.72010550996483 0.01171875 0.008792497069167644
0 0.240234375 0.7174677608440797 0.00546875 0.004689331770222743
0 0.652734375 0.7177608440797186 0.01015625 0.008792497069167644
0 0.2625 0.7160023446658851 0.0078125 0.005275498241500586
0 0.6765625 0.7157092614302462 0.0109375 0.007033997655334115
0 0.20390625 0.7133645955451349 0.0109375 0.007033997655334115
0 0.2921875 0.7116060961313013 0.0109375 0.007033997655334115
0 0.71484375 0.7092614302461899 0.0109375 0.007033997655334115
0 0.638671875 0.7069167643610785 0.00859375 0.008206330597889801
0 0.225390625 0.7054513481828839 0.01171875 0.005275498241500586
0 0.18046875 0.7063305978898007 0.0109375 0.007033997655334115
0 0.664453125 0.7042790152403282 0.01015625 0.0076201641266119575
0 0.388671875 0.7033997655334114 0.01015625 0.008206330597889801
0 0.25 0.7022274325908558 0.0109375 0.007033997655334115
0 0.6953125 0.6987104337631888 0.0109375 0.008206330597889801
0 0.16171875 0.6984173505275498 0.0109375 0.008792497069167644
0 0.200390625 0.6960726846424384 0.01171875 0.006447831184056272
0 0.282421875 0.6943141852286049 0.01171875 0.0076201641266119575
0 0.651953125 0.6916764361078547 0.01015625 0.008206330597889801
0 0.674609375 0.6907971864009379 0.01015625 0.008792497069167644
0 0.221484375 0.6899179366940211 0.01171875 0.008206330597889801
0 0.172265625 0.6861078546307151 0.00078125 0.0005861664712778429
0 0.1828125 0.6852286049237983 0.003125 0.0023446658851113715
0 0.30625 0.6875732708089097 0.0109375 0.008206330597889801
0 0.26015625 0.6872801875732708 0.0109375 0.0076201641266119575
0 0.540234375 0.686400937866354 0.01015625 0.008206330597889801
0 0.638671875 0.6822977725674091 0.01015625 0.008206330597889801
0 0.149609375 0.6820046893317703 0.01171875 0.0076201641266119575
0 0.241015625 0.6799531066822978 0.01171875 0.007033997655334115
0 0.27890625 0.6773153575615475 0.0109375 0.0076201641266119575
0 0.2015625 0.6779015240328253 0.0109375 0.008792497069167644
0 0.683984375 0.6764361078546307 0.01015625 0.008206330597889801
0 0.703515625 0.6749706916764361 0.01015625 0.0076201641266119575
0 0.402734375 0.6740914419695193 0.01015625 0.008206330597889801
0 0.653515625 0.6699882766705745 0.01015625 0.008206330597889801
0 0.182421875 0.6691090269636577 0.01171875 0.0076201641266119575
0 0.723046875 0.6664712778429074 0.01015625 0.007033997655334115
0 0.155859375 0.6647127784290738 0.01171875 0.008206330597889801
0 0.234765625 0.664126611957796 0.01015625 0.008206330597889801
0 0.212109375 0.6623681125439624 0.01171875 0.008206330597889801
0 0.2953125 0.660609613130129 0.0109375 0.008206330597889801
0 0.272265625 0.6594372801875733 0.01171875 0.008206330597889801
0 0.666796875 0.6579718640093787 0.01015625 0.0076201641266119575
0 0.25078125 0.6512309495896834 0.0109375 0.004689331770222743
0 0.176171875 0.6521101992966002 0.01015625 0.0076201641266119575
0 0.725390625 0.6506447831184057 0.01015625 0.007033997655334115
0 0.19921875 0.6480070339976554 0.009375 0.004103165298944901
0 0.751171875 0.6462485345838218 0.01015625 0.0076201641266119575
0 0.222265625 0.6433177022274326 0.01171875 0.005275498241500586
0 0.16015625 0.641559202813599 0.0109375 0.0076201641266119575
0 0.7015625 0.6398007033997656 0.009375 0.0076201641266119575
0 0.290625 0.638042203985932 0.0109375 0.0076201641266119575
0 0.2484375 0.6348182883939039 0.0109375 0.005861664712778429
0 0.204296875 0.6327667057444314 0.01171875 0.0076201641266119575
0 0.180859375 0.6321805392731535 0.00703125 0.006447831184056272
0 0.603515625 0.6274912075029309 0.00859375 0.0076201641266119575
0 0.226171875 0.626905041031653 0.01171875 0.0076201641266119575
0 0.160546875 0.6242672919109027 0.01171875 0.008206330597889801
0 0.6625 0.6222157092614302 0.009375 0.0076201641266119575
0 0.2640625 0.6222157092614302 0.0109375 0.0076201641266119575
0 0.287109375 0.6219226260257913 0.01171875 0.008206330597889801
0 0.374609375 0.6192848769050411 0.01015625 0.0076201641266119575
0 0.7578125 0.6160609613130129 0.0109375 0.007033997655334115
0 0.243359375 0.615767878077374 0.01171875 0.0076201641266119575
0 0.209765625 0.6143024618991794 0.00703125 0.004689331770222743
0 0.58671875 0.611957796014068 0.009375 0.0035169988276670576
0 0.679296875 0.6131301289566237 0.01015625 0.007033997655334115
0 0.3015625 0.6096131301289566 0.0109375 0.004689331770222743
0 0.171484375 0.608440797186401 0.01171875 0.007033997655334115
0 0.734765625 0.6072684642438453 0.01015625 0.007033997655334115
0 0.259375 0.6019929660023446 0.0109375 0.004689331770222743
0 0.194140625 0.6016998827667057 0.01171875 0.005275498241500586
0 0.60234375 0.5996483001172332 0.009375 0.007033997655334115
0 0.28125 0.5993552168815943 0.0109375 0.0076201641266119575
0 0.1578125 0.5943728018757327 0.009375 0.004689331770222743
0 0.240234375 0.593200468933177 0.01015625 0.005861664712778429
0 0.414453125 0.593200468933177 0.01015625 0.007033997655334115
0 0.216796875 0.5929073856975381 0.01171875 0.006447831184056272
0 0.180078125 0.5890973036342321 0.01015625 0.008206330597889801
0 0.587109375 0.5861664712778429 0.00859375 0.007033997655334115
0 0.73984375 0.5841148886283705 0.0109375 0.006447831184056272
0 0.704296875 0.5844079718640094 0.00859375 0.007033997655334115
0 0.196484375 0.5811840562719812 0.00234375 0.0017584994138335288
0 0.202734375 0.5814771395076201 0.00859375 0.004689331770222743
0 0.28203125 0.5823563892145369 0.0109375 0.0076201641266119575
0 0.30546875 0.5817702227432591 0.0109375 0.0076201641266119575
0 0.6203125 0.578253223915592 0.009375 0.006447831184056272
0 0.22890625 0.578253223915592 0.0109375 0.006447831184056272
0 0.255859375 0.574736225087925 0.00078125 0.0005861664712778429
0 0.15859375 0.5785463071512309 0.0109375 0.008206330597889801
0 0.26484375 0.5762016412661196 0.0046875 0.005861664712778429
0 0.405859375 0.5750293083235639 0.01015625 0.007033997655334115
0 0.601953125 0.5715123094958968 0.00859375 0.007033997655334115
0 0.53046875 0.5659437280187574 0.009375 0.006447831184056272
0 0.30234375 0.5656506447831184 0.0109375 0.008206330597889801
0 0.243359375 0.563599062133646 0.01171875 0.006447831184056272
0 0.195703125 0.5644783118405627 0.01171875 0.008206330597889801
0 0.434765625 0.5638921453692849 0.01015625 0.008206330597889801
0 0.219921875 0.563305978898007 0.01171875 0.008206330597889801
0 0.64296875 0.5618405627198124 0.009375 0.006447831184056272
0 0.28046875 0.5627198124267292 0.0109375 0.008206330597889801
0 0.4578125 0.5609613130128956 0.009375 0.007033997655334115
0 0.6984375 0.5592028135990621 0.009375 0.007033997655334115
0 0.3234375 0.5533411488862837 0.0109375 0.007033997655334115
0 0.5203125 0.5501172332942555 0.009375 0.006447831184056272
0 0.256640625 0.5501172332942555 0.01171875 0.0076201641266119575
0 0.680078125 0.5489449003516998 0.01015625 0.006447831184056272
0 0.654296875 0.5489449003516998 0.00859375 0.006447831184056272
0 0.233984375 0.548358733880422 0.01171875 0.0076201641266119575
0 0.184375 0.548358733880422 0.0109375 0.0076201641266119575
0 0.34453125 0.5477725674091442 0.0109375 0.0076201641266119575
0 0.208203125 0.5454279015240329 0.01171875 0.0076201641266119575
0 0.277734375 0.5445486518171161 0.01171875 0.008206330597889801
0 0.15390625 0.5433763188745604 0.0125 0.008206330597889801
0 0.3015625 0.5401524032825322 0.0109375 0.0076201641266119575
0 0.323828125 0.5366354044548651 0.01015625 0.0076201641266119575
0 0.1734375 0.5339976553341149 0.0125 0.008206330597889801
0 0.258203125 0.5334114888628371 0.01171875 0.008206330597889801
0 0.652734375 0.5304806565064478 0.00859375 0.007033997655334115
0 0.682421875 0.52989449003517 0.00859375 0.007033997655334115
0 0.219921875 0.5301875732708089 0.01171875 0.0076201641266119575
0 0.196484375 0.529601406799531 0.01171875 0.0076201641266119575
0 0.285546875 0.5284290738569754 0.01171875 0.0076201641266119575
0 0.71796875 0.5237397420867527 0.009375 0.006447831184056272
0 0.308984375 0.5243259085580305 0.01015625 0.0076201641266119575
0 0.241015625 0.5216881594372802 0.01171875 0.008206330597889801
0 0.1640625 0.5175849941383353 0.0125 0.008206330597889801
0 0.266015625 0.5169988276670574 0.01171875 0.008206330597889801
0 0.208984375 0.5146541617819461 0.01171875 0.007033997655334115
0 0.29140625 0.5128956623681126 0.0109375 0.008206330597889801
0 0.1859375 0.5099648300117233 0.0125 0.005861664712778429
0 0.31328125 0.5076201641266119 0.0109375 0.007033997655334115
0 0.229296875 0.5049824150058617 0.00390625 0.0017584994138335288
0 0.23203125 0.5029308323563892 0.0015625 0.0011723329425556857
0 0.255078125 0.503810082063306 0.00546875 0.004103165298944901
0 0.336328125 0.5046893317702228 0.01015625 0.008206330597889801
0 0.358203125 0.503810082063306 0.01015625 0.0076201641266119575
0 0.151171875 0.5035169988276671 0.01171875 0.008206330597889801
0 0.275 0.5014654161781946 0.0109375 0.0076201641266119575
0 0.205078125 0.49794841735052753 0.01171875 0.0076201641266119575
0 0.7296875 0.4967760844079719 0.009375 0.006447831184056272
0 0.59140625 0.4944314185228605 0.009375 0.006447831184056272
0 0.2984375 0.49531066822977726 0.0109375 0.008206330597889801
0 0.17421875 0.492379835873388 0.0109375 0.004689331770222743
0 0.384375 0.4932590855803048 0.0109375 0.0076201641266119575
0 0.32109375 0.492379835873388 0.0109375 0.008206330597889801
0 0.2765625 0.48446658851113716 0.0109375 0.005275498241500586
0 0.7390625 0.48329425556858147 0.009375 0.006447831184056272
0 0.249609375 0.4794841735052755 0.01171875 0.008206330597889801
0 0.3078125 0.47860492379835873 0.0109375 0.0076201641266119575
0 0.44296875 0.4771395076201641 0.009375 0.007033997655334115
0 0.46328125 0.47362250879249707 0.009375 0.007033997655334115
0 0.2296875 0.4706916764361079 0.0125 0.008206330597889801
0 0.180078125 0.47039859320046895 0.01171875 0.0076201641266119575
0 0.74296875 0.4671746776084408 0.009375 0.007033997655334115
0 0.29296875 0.4657092614302462 0.0109375 0.0076201641266119575
0 0.798046875 0.4621922626025791 0.01015625 0.006447831184056272
0 0.763671875 0.4621922626025791 0.01015625 0.006447831184056272
0 0.258203125 0.46277842907385697 0.01171875 0.0076201641266119575
0 0.489453125 0.4618991793669402 0.00859375 0.007033997655334115
0 0.70703125 0.4575029308323564 0.009375 0.006447831184056272
0 0.6109375 0.4575029308323564 0.009375 0.0076201641266119575
0 0.19609375 0.4577960140679953 0.0109375 0.008206330597889801
0 0.662890625 0.4563305978898007 0.00859375 0.006447831184056272
0 0.39921875 0.45603751465416176 0.009375 0.007033997655334115
0 0.37734375 0.4563305978898007 0.0109375 0.0076201641266119575
0 0.1625 0.4545720984759672 0.0109375 0.005275498241500586
0 0.315625 0.45427901524032827 0.0109375 0.008206330597889801
0 0.21875 0.45427901524032827 0.0109375 0.008206330597889801
0 0.742578125 0.45193434935521687 0.01015625 0.007033997655334115
0 0.276171875 0.4522274325908558 0.01171875 0.0076201641266119575
0 0.776953125 0.45076201641266117 0.01015625 0.007033997655334115
0 0.241796875 0.4504689331770223 0.01171875 0.0076201641266119575
0 0.691015625 0.4490035169988277 0.00859375 0.007033997655334115
0 0.62734375 0.447831184056272 0.009375 0.007033997655334115
0 0.3359375 0.44753810082063306 0.0109375 0.0076201641266119575
0 0.71953125 0.44607268464243843 0.009375 0.007033997655334115
0 0.484765625 0.44607268464243843 0.01015625 0.007033997655334115
0 0.36015625 0.44636576787807736 0.0109375 0.0076201641266119575
0 0.296484375 0.4451934349355217 0.01171875 0.0076201641266119575
0 0.669140625 0.44196951934349354 0.00859375 0.007033997655334115
0 0.2515625 0.43757327080890973 0.0015625 0.0005861664712778429
0 0.175 0.44109026963657677 0.0125 0.0076201641266119575
0 0.7546875 0.4393317702227433 0.0109375 0.006447831184056272
0 0.1515625 0.4393317702227433 0.0125 0.006447831184056272
0 0.735546875 0.43669402110199296 0.01015625 0.007033997655334115
0 0.7046875 0.4361078546307151 0.009375 0.007033997655334115
0 0.22421875 0.43669402110199296 0.0109375 0.008206330597889801
0 0.27734375 0.4358147713950762 0.0109375 0.0076201641266119575
0 0.1984375 0.43522860492379833 0.0125 0.0076201641266119575
0 0.392578125 0.4331770222743259 0.01015625 0.007033997655334115
0 0.3234375 0.4331770222743259 0.0109375 0.008206330597889801
0 0.3703125 0.4320046893317702 0.0109375 0.007033997655334115
0 0.345703125 0.43259085580304807 0.01015625 0.008206330597889801
0 0.475390625 0.4305392731535756 0.00859375 0.006447831184056272
0 0.505859375 0.42907385697538103 0.01015625 0.007033997655334115
0 0.6578125 0.4284876905041032 0.009375 0.007033997655334115
0 0.527734375 0.42672919109026963 0.01015625 0.007033997655334115
0 0.16171875 0.425263774912075 0.0125 0.008792497069167644
0 0.67734375 0.4211606096131301 0.009375 0.006447831184056272
0 0.706640625 0.4208675263774912 0.00859375 0.007033997655334115
0 0.2421875 0.4208675263774912 0.0109375 0.007033997655334115
0 0.2125 0.4208675263774912 0.0109375 0.007033997655334115
0 0.2875 0.4208675263774912 0.0109375 0.008206330597889801
0 0.184765625 0.4208675263774912 0.01171875 0.008206330597889801
0 0.767578125 0.4191090269636577 0.01015625 0.007033997655334115
0 0.309375 0.41735052754982416 0.0109375 0.007033997655334115
0 0.728125 0.41471277842907384 0.0109375 0.006447831184056272
0 0.366015625 0.4152989449003517 0.01015625 0.0076201641266119575
0 0.333203125 0.4152989449003517 0.01015625 0.0076201641266119575
0 0.740625 0.4114888628370457 0.0015625 0.0011723329425556857
0 0.741015625 0.40943728018757325 0.00078125 0.0005861664712778429
0 0.748046875 0.40650644783118406 0.00078125 0.0005861664712778429
0 0.74453125 0.40650644783118406 0.0015625 0.0005861664712778429
0 0.26953125 0.4100234466588511 0.0109375 0.0076201641266119575
0 0.153125 0.40885111371629546 0.0125 0.008792497069167644
0 0.22734375 0.40767878077373976 0.0109375 0.0076201641266119575
0 0.7109375 0.4056271981242673 0.009375 0.007033997655334115
0 0.204296875 0.40504103165298944 0.01171875 0.008206330597889801
0 0.76875 0.40328253223915594 0.0109375 0.007033997655334115
0 0.450390625 0.4015240328253224 0.00859375 0.007033997655334115
0 0.317578125 0.4015240328253224 0.01015625 0.007033997655334115
0 0.290234375 0.40093786635404455 0.01015625 0.005861664712778429
0 0.344140625 0.4006447831184056 0.01015625 0.006447831184056272
0 0.248828125 0.40123094958968347 0.01171875 0.0076201641266119575
0 0.69140625 0.39976553341148885 0.009375 0.007033997655334115
0 0.175390625 0.4003516998827667 0.01171875 0.008206330597889801
0 0.4234375 0.3971277842907386 0.009375 0.0076201641266119575
0 0.469140625 0.39566236811254396 0.01015625 0.007033997655334115
0 0.59375 0.3939038686987104 0.009375 0.007033997655334115
0 0.53046875 0.39243845252051585 0.009375 0.006447831184056272
0 0.27109375 0.39273153575615477 0.0109375 0.008206330597889801
0 0.721484375 0.39155920281359907 0.01015625 0.007033997655334115
0 0.368359375 0.39155920281359907 0.01015625 0.008206330597889801
0 0.147265625 0.391852286049238 0.01171875 0.008792497069167644
0 0.2296875 0.3906799531066823 0.0109375 0.0076201641266119575
0 0.758203125 0.3895076201641266 0.01015625 0.006447831184056272
0 0.400390625 0.3865767878077374 0.01015625 0.0076201641266119575
0 0.51015625 0.38599062133645956 0.009375 0.0076201641266119575
0 0.68359375 0.3851113716295428 0.009375 0.007033997655334115
0 0.737890625 0.384232121922626 0.01015625 0.006447831184056272
0 0.348046875 0.384232121922626 0.01015625 0.0076201641266119575
0 0.252734375 0.3839390386869871 0.00546875 0.007033997655334115
0 0.167578125 0.38335287221570924 0.01171875 0.008206330597889801
0 0.323046875 0.38188745603751467 0.00859375 0.006447831184056272
0 0.2984375 0.3801289566236811 0.0109375 0.0076201641266119575
0 0.773046875 0.3789566236811254 0.00859375 0.006447831184056272
0 0.616015625 0.3789566236811254 0.00859375 0.006447831184056272
0 0.462109375 0.3795427901524033 0.00859375 0.0076201641266119575
0 0.212109375 0.37924970691676435 0.01171875 0.008206330597889801
0 0.703125 0.37807737397420865 0.0109375 0.007033997655334115
0 0.419921875 0.37631887456037516 0.00859375 0.007033997655334115
0 0.27578125 0.37602579132473624 0.0109375 0.0076201641266119575
0 0.721875 0.3754396248534584 0.0109375 0.0076201641266119575
0 0.188671875 0.3757327080890973 0.01171875 0.008206330597889801
0 0.753125 0.3742672919109027 0.009375 0.0076201641266119575
0 0.66953125 0.37397420867526376 0.009375 0.007033997655334115
0 0.384765625 0.3742672919109027 0.01015625 0.0076201641266119575
0 0.3625 0.37221570926143027 0.0109375 0.007033997655334115
0 0.15 0.3716295427901524 0.0125 0.008206330597889801
0 0.336328125 0.36957796014067995 0.01015625 0.0076201641266119575
0 0.255859375 0.36811254396248533 0.00546875 0.004689331770222743
0 0.687890625 0.3678194607268464 0.01015625 0.0076201641266119575
0 0.55546875 0.3669402110199297 0.009375 0.007033997655334115
0 0.2296875 0.36635404454865184 0.0109375 0.007033997655334115
0 0.4046875 0.36518171160609614 0.00625 0.007033997655334115
0 0.315234375 0.3645955451348183 0.00703125 0.005861664712778429
0 0.767578125 0.36400937866354044 0.01015625 0.007033997655334115
0 0.291015625 0.3637162954279015 0.01015625 0.0076201641266119575
0 0.45703125 0.36283704572098474 0.009375 0.007033997655334115
0 0.497265625 0.3622508792497069 0.00859375 0.007033997655334115
0 0.202734375 0.3625439624853458 0.01171875 0.0076201641266119575
0 0.710546875 0.361957796014068 0.01015625 0.0076201641266119575
0 0.423046875 0.35873388042203985 0.00859375 0.007033997655334115
0 0.640234375 0.358147713950762 0.01015625 0.007033997655334115
0 0.741015625 0.35668229777256744 0.01015625 0.006447831184056272
0 0.673046875 0.35726846424384523 0.01015625 0.0076201641266119575
0 0.6046875 0.3569753810082063 0.009375 0.007033997655334115
0 0.35 0.3563892145369285 0.0109375 0.007033997655334115
0 0.38125 0.35580304806565066 0.009375 0.007033997655334115
0 0.26953125 0.3549237983587339 0.0109375 0.0076201641266119575
0 0.44375 0.35140679953106685 0.0046875 0.006447831184056272
0 0.243359375 0.3516998827667057 0.00703125 0.007033997655334115
0 0.152734375 0.3516998827667057 0.01171875 0.008206330597889801
0 0.694921875 0.350820633059789 0.01015625 0.0076201641266119575
0 0.3265625 0.3505275498241501 0.0109375 0.007033997655334115
0 0.586328125 0.35023446658851115 0.00703125 0.0076201641266119575
0 0.404296875 0.34906213364595545 0.00703125 0.005275498241500586
0 0.303515625 0.3484759671746776 0.01015625 0.0076201641266119575
0 0.65390625 0.34671746776084406 0.009375 0.0076201641266119575
0 0.490234375 0.34642438452520513 0.00859375 0.008206330597889801
0 0.63359375 0.3429073856975381 0.009375 0.007033997655334115
0 0.72734375 0.33909730363423213 0.0015625 0.0005861664712778429
0 0.723828125 0.33909730363423213 0.00078125 0.0005861664712778429
0 0.747265625 0.3417350527549824 0.01015625 0.007033997655334115
0 0.46171875 0.34144196951934347 0.009375 0.006447831184056272
0 0.60234375 0.34114888628370454 0.009375 0.007033997655334115
0 0.4234375 0.3399765533411489 0.00625 0.005861664712778429
0 0.34453125 0.3399765533411489 0.009375 0.008206330597889801
0 0.376171875 0.3385111371629543 0.01015625 0.0076201641266119575
0 0.262890625 0.33821805392731535 0.01015625 0.007033997655334115
0 0.70546875 0.3373388042203986 0.009375 0.0076201641266119575
0 0.2265625 0.33704572098475966 0.0109375 0.007033997655334115
0 0.6859375 0.3364595545134818 0.009375 0.007033997655334115
0 0.28671875 0.3361664712778429 0.0109375 0.0076201641266119575
0 0.5765625 0.33528722157092616 0.0078125 0.007033997655334115
0 0.552734375 0.33528722157092616 0.00859375 0.007033997655334115
0 0.50625 0.33528722157092616 0.0078125 0.007033997655334115
0 0.76328125 0.33411488862837047 0.0109375 0.007033997655334115
0 0.666015625 0.33382180539273154 0.01015625 0.0076201641266119575
0 0.4421875 0.33382180539273154 0.009375 0.0076201641266119575
0 0.396484375 0.3323563892145369 0.00859375 0.007033997655334115
0 0.31171875 0.3305978898007034 0.0046875 0.007033997655334115
0 0.48515625 0.3300117233294256 0.009375 0.008206330597889801
0 0.64375 0.3279601406799531 0.009375 0.0076201641266119575
0 0.244921875 0.32708089097303633 0.01015625 0.007033997655334115
0 0.723046875 0.3264947245017585 0.01015625 0.007033997655334115
0 0.3546875 0.324736225087925 0.00625 0.0035169988276670576
0 0.33046875 0.32620164126611956 0.0109375 0.0076201641266119575
0 0.623046875 0.3256154747948417 0.00859375 0.0076201641266119575
0 0.415625 0.3238569753810082 0.009375 0.0076201641266119575
0 0.54140625 0.32180539273153574 0.00625 0.005861664712778429
0 0.77578125 0.32180539273153574 0.009375 0.007033997655334115
0 0.751953125 0.31858147713950763 0.00078125 0.0005861664712778429
0 0.603515625 0.32180539273153574 0.00859375 0.007033997655334115
0 0.5640625 0.32209847596717467 0.009375 0.0076201641266119575
0 0.70078125 0.3215123094958968 0.009375 0.0076201641266119575
0 0.680078125 0.32092614302461897 0.00859375 0.0076201641266119575
0 0.453515625 0.31975381008206333 0.01015625 0.0076201641266119575
0 0.37421875 0.3191676436107855 0.009375 0.0076201641266119575
0 0.291015625 0.3194607268464244 0.01015625 0.008206330597889801
0 0.659375 0.3179953106682298 0.009375 0.0076201641266119575
0 0.268359375 0.31770222743259086 0.01015625 0.007033997655334115
0 0.49609375 0.31359906213364597 0.009375 0.007033997655334115
0 0.433203125 0.3138921453692849 0.00859375 0.0076201641266119575
0 0.5875 0.3130128956623681 0.00625 0.007033997655334115
0 0.314453125 0.31359906213364597 0.01015625 0.008206330597889801
0 0.640625 0.31213364595545134 0.009375 0.0076201641266119575
0 0.52265625 0.3118405627198124 0.009375 0.007033997655334115
0 0.39453125 0.31242672919109027 0.009375 0.008206330597889801
0 0.473046875 0.31096131301289565 0.00703125 0.0076201641266119575
0 0.3390625 0.31008206330597887 0.009375 0.007033997655334115
0 0.71328125 0.3094958968347011 0.009375 0.007033997655334115
0 0.620703125 0.30978898007034 0.00859375 0.0076201641266119575
0 0.14609375 0.3086166471277843 0.0125 0.008792497069167644
0 0.693359375 0.30656506447831183 0.01015625 0.008206330597889801
0 0.672265625 0.3062719812426729 0.00859375 0.0076201641266119575
0 0.56171875 0.30539273153575613 0.0078125 0.007033997655334115
0 0.413671875 0.3050996483001172 0.01015625 0.0076201641266119575
0 0.2890625 0.3033411488862837 0.0078125 0.004103165298944901
0 0.540625 0.3042203985932005 0.009375 0.007033997655334115
0 0.6015625 0.3030480656506448 0.009375 0.007033997655334115
0 0.452734375 0.30246189917936694 0.00859375 0.007033997655334115
0 0.75390625 0.3018757327080891 0.009375 0.007033997655334115
0 0.375 0.302168815943728 0.0109375 0.0076201641266119575
0 0.57890625 0.2977725674091442 0.009375 0.007033997655334115
0 0.725 0.29718640093786636 0.009375 0.007033997655334115
0 0.648828125 0.29718640093786636 0.00859375 0.007033997655334115
0 0.48671875 0.29689331770222743 0.00625 0.006447831184056272
0 0.310546875 0.2963071512309496 0.00703125 0.0076201641266119575
0 0.523046875 0.2951348182883939 0.00859375 0.0076201641266119575
0 0.433203125 0.2951348182883939 0.01015625 0.0076201641266119575
0 0.394921875 0.2954279015240328 0.01015625 0.008206330597889801
0 0.3546875 0.29425556858147717 0.0109375 0.007033997655334115
0 0.706640625 0.29425556858147717 0.01015625 0.008206330597889801
0 0.62890625 0.29308323563892147 0.009375 0.007033997655334115
0 0.33125 0.2933763188745604 0.0109375 0.0076201641266119575
0 0.7703125 0.29279015240328254 0.009375 0.0076201641266119575
0 0.6859375 0.29191090269636577 0.0078125 0.008206330597889801
0 0.55078125 0.2901524032825322 0.009375 0.007033997655334115
0 0.666796875 0.2889800703399766 0.00703125 0.007033997655334115
0 0.1484375 0.2901524032825322 0.0125 0.009378663540445486
0 0.594921875 0.2878077373974209 0.00859375 0.007033997655334115
0 0.503125 0.2881008206330598 0.009375 0.0076201641266119575
0 0.454296875 0.28634232121922626 0.00390625 0.005275498241500586
0 0.75234375 0.28604923798358733 0.009375 0.007033997655334115
0 0.253515625 0.28634232121922626 0.00859375 0.0076201641266119575
0 0.412890625 0.28604923798358733 0.01015625 0.008206330597889801
0 0.283984375 0.2842907385697538 0.00546875 0.005861664712778429
0 0.571875 0.2825322391559203 0.0046875 0.005861664712778429
0 0.613671875 0.28194607268464245 0.00859375 0.007033997655334115
0 0.3703125 0.28223915592028137 0.009375 0.0076201641266119575
0 0.72734375 0.2813599062133646 0.009375 0.007033997655334115
0 0.65 0.28077373974208675 0.00625 0.007033997655334115
0 0.533203125 0.28077373974208675 0.00703125 0.007033997655334115
0 0.312890625 0.2790152403282532 0.01015625 0.007033997655334115
0 0.4328125 0.2781359906213365 0.0078125 0.0076201641266119575
0 0.33515625 0.2772567409144197 0.0109375 0.005861664712778429
0 0.697265625 0.27754982415005863 0.01015625 0.0076201641266119575
0 0.46953125 0.2772567409144197 0.009375 0.007033997655334115
0 0.391796875 0.27784290738569756 0.01015625 0.008206330597889801
0 0.675 0.27520515826494724 0.009375 0.0076201641266119575
0 0.553125 0.27256740914419697 0.00625 0.005861664712778429
0 0.491796875 0.2731535756154748 0.01015625 0.007033997655334115
0 0.584765625 0.2719812426729191 0.00859375 0.007033997655334115
0 0.5140625 0.2716881594372802 0.009375 0.0076201641266119575
0 0.630859375 0.2708089097303634 0.00859375 0.007033997655334115
0 0.756640625 0.2702227432590856 0.01015625 0.007033997655334115
0 0.41171875 0.26875732708089095 0.00625 0.006447831184056272
0 0.45 0.268464243845252 0.009375 0.007033997655334115
0 0.28515625 0.26787807737397423 0.0078125 0.005861664712778429
0 0.60703125 0.26699882766705746 0.0046875 0.005275498241500586
0 0.734765625 0.2664126611957796 0.01015625 0.0076201641266119575
0 0.367578125 0.2652403282532239 0.01015625 0.006447831184056272
0 0.64921875 0.26436107854630714 0.0078125 0.007033997655334115
0 0.534375 0.2640679953106682 0.0078125 0.0076201641266119575
0 0.68828125 0.2623094958968347 0.009375 0.0076201641266119575
0 0.345703125 0.26172332942555687 0.01015625 0.006447831184056272
0 0.476953125 0.2608440797186401 0.00859375 0.007033997655334115
0 0.430859375 0.2605509964830012 0.00546875 0.006447831184056272
0 0.6671875 0.2599648300117233 0.009375 0.0076201641266119575
0 0.3890625 0.2593786635404455 0.009375 0.0076201641266119575
0 0.70625 0.2587924970691676 0.0109375 0.0076201641266119575
0 0.573046875 0.25732708089097306 0.00703125 0.007033997655334115
0 0.551953125 0.2552754982415006 0.00703125 0.006447831184056272
0 0.6328125 0.2543962485345838 0.0078125 0.007033997655334115
0 0.516796875 0.25351699882766704 0.00703125 0.006447831184056272
0 0.45703125 0.25351699882766704 0.009375 0.0076201641266119575
0 0.326171875 0.2532239155920281 0.00859375 0.007033997655334115
0 0.798828125 0.25263774912075027 0.01015625 0.007033997655334115
0 0.496875 0.25263774912075027 0.0046875 0.007033997655334115
0 0.409765625 0.25058616647127785 0.00390625 0.004103165298944901
0 0.65 0.24824150058616648 0.009375 0.0076201641266119575
0 0.437890625 0.2458968347010551 0.00859375 0.006447831184056272
0 0.608203125 0.24413833528722156 0.00859375 0.006447831184056272
0 0.47578125 0.2417936694021102 0.0046875 0.0029308323563892145
0 0.669921875 0.24355216881594371 0.00859375 0.0076201641266119575
0 0.583203125 0.24325908558030482 0.00859375 0.007033997655334115
0 0.697265625 0.24237983587338804 0.01015625 0.0076201641266119575
0 0.56328125 0.24150058616647127 0.0078125 0.007033997655334115
0 0.390625 0.23944900351699883 0.00625 0.005275498241500586
0 0.52265625 0.2376905041031653 0.0078125 0.006447831184056272
0 0.6265625 0.2376905041031653 0.009375 0.0076201641266119575
0 0.4546875 0.23534583821805394 0.0078125 0.006447831184056272
0 0.65390625 0.23182883939038687 0.009375 0.0076201641266119575
0 0.596875 0.23065650644783117 0.0078125 0.006447831184056272
0 0.33984375 0.22977725674091443 0.00625 0.005861664712778429
0 0.490234375 0.23007033997655335 0.00703125 0.0076201641266119575
0 0.67265625 0.22772567409144198 0.009375 0.0076201641266119575
0 0.569140625 0.22596717467760843 0.00703125 0.006447831184056272
0 0.36640625 0.22596717467760843 0.0078125 0.006447831184056272
0 0.752734375 0.22450175849941384 0.01015625 0.008206330597889801
0 0.61953125 0.22157092614302462 0.0078125 0.007033997655334115
0 0.50546875 0.22069167643610785 0.0078125 0.006447831184056272
0 0.729296875 0.21951934349355218 0.01015625 0.0076201641266119575
0 0.690234375 0.2171746776084408 0.01015625 0.0076201641266119575
0 0.457421875 0.21483001172332944 0.00390625 0.0029308323563892145
0 0.476171875 0.2160023446658851 0.00859375 0.006447831184056272
0 0.278515625 0.21453692848769051 0.00859375 0.008206330597889801
0 0.709765625 0.2130715123094959 0.01015625 0.0076201641266119575
0 0.66875 0.20193434935521687 0.0015625 0.0005861664712778429
0 0.665234375 0.20193434935521687 0.00078125 0.0005861664712778429
0 0.25625 0.205158264947245 0.0078125 0.007033997655334115
0 0.230078125 0.19665885111371628 0.00703125 0.0029308323563892145
0 0.309375 0.19783118405627198 0.0078125 0.006447831184056272
0 0.27578125 0.19724501758499413 0.009375 0.006447831184056272
0 0.51171875 0.194021101992966 0.0046875 0.0035169988276670576
0 0.4625 0.19460726846424384 0.0046875 0.004689331770222743
0 0.438671875 0.18962485345838218 0.00703125 0.005275498241500586
0 0.177734375 0.18083235638921455 0.01171875 0.008792497069167644
