0 0.680078125 0.7817708333333333 0.00703125 0.009375
0 0.54453125 0.7802083333333333 0.00625 0.010416666666666666
0 0.623828125 0.778125 0.00703125 0.008333333333333333
0 0.707421875 0.778125 0.00703125 0.010416666666666666
0 0.529296875 0.7765625 0.00703125 0.009375
0 0.599609375 0.7708333333333334 0.00703125 0.010416666666666666
0 0.667578125 0.7682291666666666 0.00703125 0.009375
0 0.412109375 0.7645833333333333 0.00703125 0.008333333333333333
0 0.651171875 0.7640625 0.00703125 0.009375
0 0.613671875 0.7630208333333334 0.00703125 0.009375
0 0.73203125 0.7619791666666667 0.0078125 0.009375
0 0.539453125 0.7625 0.00703125 0.010416666666666666
0 0.715234375 0.7609375 0.00703125 0.009375
0 0.7765625 0.7604166666666666 0.0078125 0.010416666666666666
0 0.62890625 0.7588541666666667 0.0078125 0.009375
0 0.55859375 0.7583333333333333 0.00625 0.008333333333333333
0 0.463671875 0.759375 0.00703125 0.010416666666666666
0 0.398828125 0.7536458333333333 0.00703125 0.009375
0 0.689453125 0.753125 0.00703125 0.010416666666666666
0 0.277734375 0.7536458333333333 0.00703125 0.011458333333333333
0 0.343359375 0.7489583333333333 0.00703125 0.010416666666666666
0 0.657421875 0.7463541666666667 0.00703125 0.009375
0 0.384765625 0.7453125 0.00703125 0.009375
0 0.676171875 0.7442708333333333 0.00703125 0.009375
0 0.446484375 0.7442708333333333 0.00703125 0.009375
0 0.546875 0.7421875 0.003125 0.009375
0 0.61953125 0.740625 0.00625 0.010416666666666666
0 0.780859375 0.7369791666666666 0.00703125 0.009375
0 0.745703125 0.7369791666666666 0.00703125 0.009375
0 0.601171875 0.7369791666666666 0.00703125 0.009375
0 0.466015625 0.7375 0.00703125 0.010416666666666666
0 0.640234375 0.7359375 0.00703125 0.009375
0 0.28125 0.7348958333333333 0.0078125 0.009375
0 0.709375 0.7317708333333334 0.00625 0.009375
0 0.299609375 0.7328125 0.00703125 0.011458333333333333
0 0.669140625 0.7270833333333333 0.00703125 0.008333333333333333
0 0.653515625 0.7255208333333333 0.00703125 0.009375
0 0.441796875 0.7255208333333333 0.00703125 0.009375
0 0.627734375 0.7244791666666667 0.00703125 0.009375
0 0.334765625 0.7244791666666667 0.00703125 0.009375
0 0.686328125 0.7223958333333333 0.00703125 0.009375
0 0.374609375 0.7229166666666667 0.00703125 0.010416666666666666
0 0.591796875 0.7213541666666666 0.00703125 0.009375
0 0.730078125 0.71875 0.00703125 0.008333333333333333
0 0.612890625 0.7197916666666667 0.00703125 0.010416666666666666
0 0.556640625 0.7182291666666667 0.00703125 0.009375
0 0.464453125 0.71875 0.00703125 0.010416666666666666
0 0.77109375 0.7151041666666667 0.0078125 0.009375
0 0.700390625 0.7151041666666667 0.00703125 0.009375
0 0.3015625 0.7135416666666666 0.0078125 0.010416666666666666
0 0.790234375 0.7114583333333333 0.00703125 0.008333333333333333
0 0.637890625 0.7088541666666667 0.00703125 0.009375
0 0.675390625 0.7078125 0.00703125 0.009375
0 0.659765625 0.7072916666666667 0.00703125 0.008333333333333333
0 0.43046875 0.7036458333333333 0.00625 0.009375
0 0.288671875 0.7036458333333333 0.00703125 0.009375
0 0.474609375 0.7020833333333333 0.00703125 0.008333333333333333
0 0.723828125 0.7005208333333334 0.00703125 0.009375
0 0.7609375 0.6994791666666667 0.0078125 0.009375
0 0.623828125 0.6979166666666666 0.00703125 0.008333333333333333
0 0.26484375 0.6989583333333333 0.0078125 0.010416666666666666
0 0.77734375 0.6963541666666667 0.00625 0.007291666666666667
0 0.694140625 0.696875 0.00703125 0.010416666666666666
0 0.648046875 0.6947916666666667 0.00703125 0.008333333333333333
0 0.444140625 0.6953125 0.00703125 0.009375
0 0.738671875 0.6942708333333333 0.00703125 0.009375
0 0.487890625 0.6916666666666667 0.00703125 0.008333333333333333
0 0.71015625 0.6911458333333333 0.00625 0.009375
0 0.225 0.6911458333333333 0.0078125 0.009375
0 0.556640625 0.6890625 0.00703125 0.009375
0 0.67890625 0.6880208333333333 0.00625 0.009375
0 0.609375 0.6869791666666667 0.00625 0.009375
0 0.3859375 0.6869791666666667 0.00625 0.009375
0 0.6640625 0.6817708333333333 0.00625 0.009375
0 0.474609375 0.6817708333333333 0.00703125 0.009375
0 0.292578125 0.68125 0.00859375 0.010416666666666666
0 0.27734375 0.68125 0.0078125 0.010416666666666666
0 0.627734375 0.6786458333333333 0.00703125 0.009375
0 0.725 0.6760416666666667 0.00625 0.008333333333333333
0 0.333203125 0.6739583333333333 0.00390625 0.008333333333333333
0 0.78984375 0.6729166666666667 0.00625 0.008333333333333333
0 0.740234375 0.6734375 0.00703125 0.009375
0 0.648828125 0.6734375 0.00703125 0.009375
0 0.755859375 0.6723958333333333 0.00703125 0.009375
0 0.6859375 0.6692708333333334 0.00625 0.009375
0 0.71171875 0.6645833333333333 0.00625 0.008333333333333333
0 0.41328125 0.6609375 0.00625 0.009375
0 0.633203125 0.6598958333333333 0.00703125 0.009375
0 0.31015625 0.6598958333333333 0.0078125 0.009375
0 0.169921875 0.6604166666666667 0.00859375 0.010416666666666666
0 0.546484375 0.6567708333333333 0.00703125 0.009375
0 0.325390625 0.6567708333333333 0.00703125 0.009375
0 0.29140625 0.6572916666666667 0.0078125 0.010416666666666666
0 0.780859375 0.6546875 0.00703125 0.009375
0 0.672265625 0.6536458333333334 0.00703125 0.009375
0 0.692578125 0.6505208333333333 0.00703125 0.009375
0 0.646484375 0.6484375 0.00703125 0.009375
0 0.24296875 0.6473958333333333 0.003125 0.009375
0 0.707421875 0.6453125 0.00546875 0.007291666666666667
0 0.21875 0.6463541666666667 0.009375 0.009375
0 0.176953125 0.6442708333333333 0.00859375 0.009375
0 0.794140625 0.6421875 0.00703125 0.007291666666666667
0 0.3015625 0.6432291666666666 0.0078125 0.009375
0 0.762109375 0.640625 0.00703125 0.008333333333333333
0 0.619140625 0.640625 0.00703125 0.010416666666666666
0 0.409765625 0.6359375 0.00703125 0.009375
0 0.662890625 0.6338541666666667 0.00703125 0.009375
0 0.719921875 0.63125 0.00703125 0.008333333333333333
0 0.208203125 0.6307291666666667 0.00859375 0.009375
0 0.23046875 0.628125 0.009375 0.010416666666666666
0 0.7359375 0.6265625 0.00625 0.009375
0 0.751171875 0.625 0.00703125 0.008333333333333333
0 0.7046875 0.625 0.0078125 0.008333333333333333
0 0.259765625 0.6223958333333334 0.00859375 0.009375
0 0.690234375 0.6161458333333333 0.00703125 0.009375
0 0.196484375 0.6161458333333333 0.00859375 0.009375
0 0.725390625 0.6125 0.00546875 0.008333333333333333
0 0.237109375 0.6104166666666667 0.00703125 0.008333333333333333
0 0.664453125 0.6088541666666667 0.00703125 0.009375
0 0.220703125 0.609375 0.00703125 0.010416666666666666
0 0.741015625 0.603125 0.00546875 0.004166666666666667
0 0.70703125 0.6046875 0.0078125 0.009375
0 0.173046875 0.6010416666666667 0.00546875 0.010416666666666666
0 0.269921875 0.5942708333333333 0.00859375 0.009375
0 0.72421875 0.5916666666666667 0.0078125 0.008333333333333333
0 0.687890625 0.5921875 0.00703125 0.009375
0 0.671484375 0.5911458333333334 0.00703125 0.009375
0 0.361328125 0.5911458333333334 0.00703125 0.009375
0 0.233984375 0.5911458333333334 0.00859375 0.009375
0 0.7578125 0.5890625 0.00625 0.009375
0 0.634765625 0.5880208333333333 0.00703125 0.009375
0 0.213671875 0.5869791666666667 0.00859375 0.009375
0 0.196484375 0.5848958333333333 0.00859375 0.009375
0 0.745703125 0.5770833333333333 0.00703125 0.008333333333333333
0 0.1453125 0.5765625 0.009375 0.009375
0 0.77578125 0.5734375 0.00625 0.009375
0 0.708984375 0.5723958333333333 0.00703125 0.007291666666666667
0 0.67890625 0.5734375 0.0078125 0.009375
0 0.521875 0.5703125 0.00625 0.009375
0 0.234765625 0.5703125 0.00390625 0.009375
0 0.654296875 0.5692708333333333 0.00703125 0.009375
0 0.624609375 0.5682291666666667 0.00703125 0.009375
0 0.760546875 0.5671875 0.00703125 0.009375
0 0.503515625 0.5604166666666667 0.00703125 0.008333333333333333
0 0.72734375 0.5598958333333334 0.00625 0.009375
0 0.1375 0.5567708333333333 0.009375 0.009375
0 0.742578125 0.5557291666666667 0.00390625 0.009375
0 0.6875 0.5557291666666667 0.0078125 0.009375
0 0.176171875 0.5557291666666667 0.00859375 0.009375
0 0.70390625 0.5526041666666667 0.0078125 0.009375
0 0.784375 0.5510416666666667 0.00625 0.008333333333333333
0 0.208984375 0.5520833333333334 0.00859375 0.010416666666666666
0 0.767578125 0.5484375 0.00703125 0.009375
0 0.161328125 0.5463541666666667 0.00859375 0.009375
0 0.366015625 0.5432291666666667 0.00703125 0.009375
0 0.592578125 0.5411458333333333 0.00703125 0.009375
0 0.71640625 0.5390625 0.0078125 0.009375
0 0.735546875 0.5380208333333333 0.00703125 0.009375
0 0.145703125 0.5369791666666667 0.00703125 0.009375
0 0.77890625 0.53125 0.0046875 0.00625
0 0.241796875 0.5296875 0.00703125 0.009375
0 0.604296875 0.5270833333333333 0.00703125 0.008333333333333333
0 0.2578125 0.5255208333333333 0.0078125 0.009375
0 0.7046875 0.525 0.0078125 0.010416666666666666
0 0.746875 0.5229166666666667 0.0078125 0.008333333333333333
0 0.762890625 0.521875 0.00703125 0.008333333333333333
0 0.805859375 0.5192708333333333 0.00703125 0.007291666666666667
0 0.386328125 0.5192708333333333 0.00703125 0.009375
0 0.586328125 0.5166666666666667 0.00703125 0.00625
0 0.73125 0.5171875 0.0078125 0.009375
0 0.231640625 0.5145833333333333 0.00859375 0.010416666666666666
0 0.712890625 0.5057291666666667 0.00703125 0.009375
0 0.77265625 0.5046875 0.0078125 0.009375
0 0.69453125 0.5052083333333334 0.0078125 0.010416666666666666
0 0.830078125 0.503125 0.00546875 0.008333333333333333
0 0.255078125 0.5041666666666667 0.00859375 0.010416666666666666
0 0.744140625 0.5026041666666666 0.00703125 0.009375
0 0.1734375 0.5026041666666666 0.009375 0.009375
0 0.795703125 0.5015625 0.00859375 0.009375
0 0.81328125 0.49895833333333334 0.0078125 0.008333333333333333
0 0.323046875 0.496875 0.00703125 0.008333333333333333
0 0.728125 0.49635416666666665 0.0078125 0.009375
0 0.12578125 0.496875 0.009375 0.010416666666666666
0 0.75859375 0.490625 0.00625 0.008333333333333333
0 0.185546875 0.490625 0.00859375 0.010416666666666666
0 0.78515625 0.48854166666666665 0.00625 0.008333333333333333
0 0.209765625 0.48802083333333335 0.00859375 0.009375
0 0.70859375 0.48489583333333336 0.00625 0.009375
0 0.8015625 0.48125 0.00625 0.008333333333333333
0 0.740234375 0.4817708333333333 0.00703125 0.009375
0 0.69140625 0.48125 0.0078125 0.008333333333333333
0 0.612890625 0.4796875 0.00703125 0.009375
0 0.144921875 0.47708333333333336 0.00859375 0.010416666666666666
0 0.127734375 0.4765625 0.00703125 0.009375
0 0.7234375 0.47552083333333334 0.00625 0.009375
0 0.6296875 0.47552083333333334 0.0078125 0.009375
0 0.7703125 0.4744791666666667 0.00625 0.009375
0 0.75390625 0.46979166666666666 0.0078125 0.010416666666666666
0 0.676953125 0.46927083333333336 0.00703125 0.009375
0 0.708203125 0.46197916666666666 0.00703125 0.009375
0 0.734765625 0.4609375 0.00703125 0.009375
0 0.782421875 0.45989583333333334 0.00703125 0.009375
0 0.69140625 0.45989583333333334 0.0078125 0.009375
0 0.76796875 0.45 0.0078125 0.008333333333333333
0 0.751953125 0.4484375 0.00546875 0.009375
0 0.8109375 0.4432291666666667 0.0078125 0.007291666666666667
0 0.71953125 0.44479166666666664 0.0078125 0.010416666666666666
0 0.665625 0.44427083333333334 0.0078125 0.009375
0 0.73671875 0.44114583333333335 0.00625 0.007291666666666667
0 0.702734375 0.4427083333333333 0.00703125 0.010416666666666666
0 0.626171875 0.44114583333333335 0.00703125 0.009375
0 0.68203125 0.4401041666666667 0.0078125 0.009375
0 0.7828125 0.4390625 0.0078125 0.009375
0 0.646875 0.43697916666666664 0.00625 0.009375
0 0.6 0.43385416666666665 0.0078125 0.009375
0 0.75078125 0.42864583333333334 0.003125 0.005208333333333333
0 0.523046875 0.43072916666666666 0.00703125 0.009375
0 0.712890625 0.42604166666666665 0.00859375 0.010416666666666666
0 0.4515625 0.42604166666666665 0.00625 0.010416666666666666
0 0.671875 0.4244791666666667 0.0078125 0.009375
0 0.696484375 0.4234375 0.00703125 0.009375
0 0.634765625 0.42291666666666666 0.00703125 0.008333333333333333
0 0.14921875 0.42239583333333336 0.009375 0.009375
0 0.771875 0.4203125 0.0078125 0.009375
0 0.730078125 0.4203125 0.00546875 0.009375
0 0.539453125 0.4166666666666667 0.00703125 0.010416666666666666
0 0.606640625 0.4140625 0.00703125 0.009375
0 0.8140625 0.4119791666666667 0.0078125 0.009375
0 0.524609375 0.41041666666666665 0.00703125 0.010416666666666666
0 0.653515625 0.409375 0.00703125 0.010416666666666666
0 0.68671875 0.40625 0.0078125 0.010416666666666666
0 0.703125 0.4036458333333333 0.0078125 0.009375
0 0.738671875 0.40260416666666665 0.00703125 0.009375
0 0.669140625 0.403125 0.00703125 0.010416666666666666
0 0.722265625 0.40208333333333335 0.00703125 0.010416666666666666
0 0.637109375 0.4015625 0.00703125 0.009375
0 0.155859375 0.39895833333333336 0.00859375 0.010416666666666666
0 0.423828125 0.39739583333333334 0.00703125 0.009375
0 0.3921875 0.39739583333333334 0.0078125 0.009375
0 0.590234375 0.3963541666666667 0.00703125 0.009375
0 0.29921875 0.390625 0.0078125 0.010416666666666666
0 0.25625 0.3890625 0.0078125 0.009375
0 0.555859375 0.38697916666666665 0.00703125 0.009375
0 0.694140625 0.38645833333333335 0.00703125 0.010416666666666666
0 0.659375 0.38645833333333335 0.0078125 0.010416666666666666
0 0.67734375 0.384375 0.0078125 0.010416666666666666
0 0.60625 0.3828125 0.0078125 0.009375
0 0.271484375 0.3828125 0.00703125 0.009375
0 0.168359375 0.38333333333333336 0.00859375 0.010416666666666666
0 0.51171875 0.38177083333333334 0.0078125 0.009375
0 0.71796875 0.38125 0.0078125 0.010416666666666666
0 0.2046875 0.38125 0.009375 0.010416666666666666
0 0.4609375 0.3796875 0.0078125 0.009375
0 0.733984375 0.37864583333333335 0.00703125 0.009375
0 0.53671875 0.37864583333333335 0.0078125 0.009375
0 0.40234375 0.3776041666666667 0.0078125 0.009375
0 0.28671875 0.3770833333333333 0.0078125 0.010416666666666666
0 0.636328125 0.371875 0.00703125 0.010416666666666666
0 0.56796875 0.3697916666666667 0.0078125 0.010416666666666666
0 0.7046875 0.36875 0.00625 0.010416666666666666
0 0.66953125 0.36770833333333336 0.0078125 0.008333333333333333
0 0.424609375 0.36822916666666666 0.00703125 0.009375
0 0.652734375 0.36770833333333336 0.00703125 0.010416666666666666
0 0.6875 0.36666666666666664 0.0078125 0.010416666666666666
0 0.584765625 0.365625 0.00703125 0.010416666666666666
0 0.471875 0.3645833333333333 0.0078125 0.010416666666666666
0 0.274609375 0.3625 0.00859375 0.010416666666666666
0 0.772265625 0.359375 0.00703125 0.010416666666666666
0 0.739453125 0.3578125 0.00703125 0.009375
0 0.599609375 0.3578125 0.00703125 0.009375
0 0.625390625 0.35572916666666665 0.00703125 0.009375
0 0.524609375 0.35208333333333336 0.00703125 0.010416666666666666
0 0.172265625 0.35 0.00859375 0.010416666666666666
0 0.56640625 0.3484375 0.0078125 0.009375
0 0.69921875 0.34791666666666665 0.0078125 0.010416666666666666
0 0.72265625 0.346875 0.0078125 0.010416666666666666
0 0.4234375 0.346875 0.0078125 0.010416666666666666
0 0.3921875 0.346875 0.0078125 0.010416666666666666
0 0.26328125 0.346875 0.0078125 0.010416666666666666
0 0.675390625 0.3458333333333333 0.00703125 0.010416666666666666
0 0.448046875 0.3458333333333333 0.00546875 0.010416666666666666
0 0.65 0.34479166666666666 0.0078125 0.010416666666666666
0 0.147265625 0.34479166666666666 0.00859375 0.010416666666666666
0 0.612890625 0.34270833333333334 0.00703125 0.010416666666666666
0 0.587109375 0.3416666666666667 0.00703125 0.010416666666666666
0 0.224609375 0.34010416666666665 0.00859375 0.011458333333333333
0 0.480859375 0.3380208333333333 0.00703125 0.009375
0 0.4640625 0.3385416666666667 0.0078125 0.010416666666666666
0 0.248046875 0.3385416666666667 0.00859375 0.010416666666666666
0 0.5125 0.3375 0.0078125 0.010416666666666666
0 0.6890625 0.33177083333333335 0.0078125 0.011458333333333333
0 0.209765625 0.33125 0.00859375 0.010416666666666666
0 0.63828125 0.3302083333333333 0.0078125 0.010416666666666666
0 0.543359375 0.3296875 0.00703125 0.011458333333333333
0 0.559375 0.3265625 0.0078125 0.009375
0 0.4421875 0.32708333333333334 0.0078125 0.010416666666666666
0 0.671484375 0.325 0.00859375 0.010416666666666666
0 0.62265625 0.325 0.0078125 0.010416666666666666
0 0.4984375 0.325 0.0078125 0.010416666666666666
0 0.6546875 0.32395833333333335 0.0078125 0.010416666666666666
0 0.236328125 0.32395833333333335 0.00859375 0.010416666666666666
0 0.7046875 0.3229166666666667 0.0078125 0.010416666666666666
0 0.5765625 0.3229166666666667 0.0078125 0.010416666666666666
0 0.528125 0.3229166666666667 0.0078125 0.010416666666666666
0 0.594140625 0.321875 0.00703125 0.010416666666666666
0 0.41796875 0.31979166666666664 0.0078125 0.010416666666666666
0 0.455859375 0.31875 0.00546875 0.010416666666666666
0 0.51328125 0.3151041666666667 0.0078125 0.011458333333333333
0 0.250390625 0.3145833333333333 0.00859375 0.010416666666666666
0 0.609375 0.31354166666666666 0.0078125 0.010416666666666666
0 0.483984375 0.31145833333333334 0.00703125 0.010416666666666666
0 0.35546875 0.31145833333333334 0.0078125 0.010416666666666666
0 0.403515625 0.3104166666666667 0.00703125 0.010416666666666666
0 0.146484375 0.309375 0.00859375 0.010416666666666666
0 0.546875 0.3078125 0.0078125 0.011458333333333333
0 0.68203125 0.30520833333333336 0.0078125 0.010416666666666666
0 0.46875 0.30416666666666664 0.0078125 0.010416666666666666
0 0.43671875 0.30416666666666664 0.0078125 0.010416666666666666
0 0.6609375 0.3026041666666667 0.0078125 0.011458333333333333
0 0.581640625 0.3020833333333333 0.00703125 0.010416666666666666
0 0.64453125 0.3015625 0.0078125 0.011458333333333333
0 0.530078125 0.30104166666666665 0.00703125 0.010416666666666666
0 0.2671875 0.30104166666666665 0.0046875 0.010416666666666666
0 0.237109375 0.3015625 0.00859375 0.011458333333333333
0 0.698046875 0.3 0.00859375 0.010416666666666666
0 0.73125 0.29791666666666666 0.0078125 0.010416666666666666
0 0.38125 0.29791666666666666 0.0078125 0.010416666666666666
0 0.453125 0.29739583333333336 0.0078125 0.011458333333333333
0 0.798828125 0.29583333333333334 0.00859375 0.010416666666666666
0 0.714453125 0.29583333333333334 0.00859375 0.010416666666666666
0 0.62578125 0.29583333333333334 0.0078125 0.010416666666666666
0 0.41875 0.29635416666666664 0.0078125 0.011458333333333333
0 0.51328125 0.2942708333333333 0.0078125 0.011458333333333333
0 0.49375 0.29375 0.0078125 0.010416666666666666
0 0.60390625 0.29270833333333335 0.0078125 0.010416666666666666
0 0.782421875 0.2921875 0.00859375 0.011458333333333333
0 0.33046875 0.2911458333333333 0.0078125 0.011458333333333333
0 0.137109375 0.290625 0.00859375 0.010416666666666666
0 0.566796875 0.2890625 0.00703125 0.009375
0 0.3953125 0.2875 0.0078125 0.010416666666666666
0 0.353125 0.2869791666666667 0.0078125 0.011458333333333333
0 0.54140625 0.28541666666666665 0.0078125 0.010416666666666666
0 0.478125 0.28541666666666665 0.0078125 0.010416666666666666
0 0.278125 0.28541666666666665 0.0078125 0.010416666666666666
0 0.68359375 0.28229166666666666 0.0078125 0.010416666666666666
0 0.440234375 0.28229166666666666 0.00703125 0.010416666666666666
0 0.178125 0.28229166666666666 0.0078125 0.010416666666666666
0 0.5875 0.28177083333333336 0.0078125 0.011458333333333333
0 0.66171875 0.28072916666666664 0.0078125 0.011458333333333333
0 0.235546875 0.2791666666666667 0.00703125 0.010416666666666666
0 0.46015625 0.278125 0.0078125 0.010416666666666666
0 0.411328125 0.27708333333333335 0.00703125 0.010416666666666666
0 0.50390625 0.2760416666666667 0.0078125 0.010416666666666666
0 0.38203125 0.275 0.0078125 0.010416666666666666
0 0.640234375 0.2734375 0.00859375 0.011458333333333333
0 0.55546875 0.2734375 0.0078125 0.011458333333333333
0 0.790234375 0.2713541666666667 0.00859375 0.011458333333333333
0 0.33671875 0.2708333333333333 0.0078125 0.010416666666666666
0 0.151953125 0.2713541666666667 0.00859375 0.011458333333333333
0 0.61171875 0.26927083333333335 0.0078125 0.011458333333333333
0 0.4265625 0.2677083333333333 0.0078125 0.010416666666666666
0 0.48671875 0.2671875 0.0078125 0.011458333333333333
0 0.3984375 0.2635416666666667 0.0078125 0.010416666666666666
0 0.4484375 0.2630208333333333 0.0078125 0.011458333333333333
0 0.672265625 0.26145833333333335 0.00859375 0.010416666666666666
0 0.516796875 0.26145833333333335 0.00859375 0.010416666666666666
0 0.654296875 0.2609375 0.00859375 0.011458333333333333
0 0.532421875 0.2604166666666667 0.00859375 0.010416666666666666
0 0.469140625 0.259375 0.00703125 0.010416666666666666
0 0.5 0.25416666666666665 0.0078125 0.010416666666666666
0 0.4125 0.2546875 0.0078125 0.011458333333333333
0 0.34609375 0.25416666666666665 0.0078125 0.010416666666666666
0 0.212109375 0.253125 0.00859375 0.010416666666666666
0 0.6890625 0.2515625 0.0078125 0.011458333333333333
0 0.3796875 0.2515625 0.0078125 0.011458333333333333
0 0.3015625 0.25104166666666666 0.0078125 0.010416666666666666
0 0.235546875 0.24947916666666667 0.00859375 0.011458333333333333
0 0.6125 0.246875 0.0078125 0.010416666666666666
0 0.798046875 0.2453125 0.00859375 0.011458333333333333
0 0.63671875 0.2453125 0.0078125 0.011458333333333333
0 0.45703125 0.24479166666666666 0.0078125 0.010416666666666666
0 0.426953125 0.24427083333333333 0.00703125 0.011458333333333333
0 0.480078125 0.24270833333333333 0.00703125 0.010416666666666666
0 0.664453125 0.2421875 0.00859375 0.011458333333333333
0 0.328125 0.2421875 0.0078125 0.011458333333333333
0 0.1453125 0.240625 0.009375 0.010416666666666666
0 0.5171875 0.2390625 0.0078125 0.011458333333333333
0 0.56328125 0.2375 0.0078125 0.010416666666666666
0 0.3921875 0.2375 0.0078125 0.010416666666666666
0 0.5796875 0.23645833333333333 0.0078125 0.010416666666666666
0 0.347265625 0.23229166666666667 0.00859375 0.010416666666666666
0 0.208984375 0.23177083333333334 0.00859375 0.009375
0 0.623828125 0.23020833333333332 0.00859375 0.010416666666666666
0 0.49453125 0.23020833333333332 0.0078125 0.010416666666666666
0 0.407421875 0.23020833333333332 0.00859375 0.010416666666666666
0 0.294140625 0.23020833333333332 0.00859375 0.010416666666666666
0 0.6015625 0.2296875 0.0078125 0.011458333333333333
0 0.44609375 0.22864583333333333 0.0078125 0.011458333333333333
0 0.466015625 0.22604166666666667 0.00703125 0.010416666666666666
0 0.246484375 0.22604166666666667 0.00703125 0.010416666666666666
0 0.429296875 0.22239583333333332 0.00703125 0.011458333333333333
0 0.509765625 0.21979166666666666 0.00703125 0.010416666666666666
0 0.38203125 0.2203125 0.0078125 0.011458333333333333
0 0.26171875 0.2203125 0.0078125 0.011458333333333333
0 0.147265625 0.21822916666666667 0.00859375 0.009375
0 0.63828125 0.21822916666666667 0.0078125 0.011458333333333333
0 0.48125 0.21770833333333334 0.0078125 0.010416666666666666
0 0.33359375 0.21822916666666667 0.0078125 0.011458333333333333
0 0.183203125 0.215625 0.00859375 0.010416666666666666
0 0.547265625 0.21458333333333332 0.00703125 0.010416666666666666
0 0.578125 0.2140625 0.0078125 0.011458333333333333
0 0.397265625 0.21197916666666666 0.00859375 0.011458333333333333
0 0.352734375 0.20885416666666667 0.00703125 0.011458333333333333
0 0.529296875 0.20520833333333333 0.00546875 0.010416666666666666
0 0.496484375 0.20572916666666666 0.00703125 0.011458333333333333
0 0.4671875 0.20364583333333333 0.0078125 0.011458333333333333
0 0.561328125 0.20208333333333334 0.00703125 0.010416666666666666
0 0.294140625 0.20260416666666667 0.00859375 0.011458333333333333
0 0.247265625 0.19947916666666668 0.00703125 0.011458333333333333
0 0.33828125 0.19739583333333333 0.0078125 0.011458333333333333
0 0.8140625 0.19635416666666666 0.009375 0.011458333333333333
0 0.26328125 0.19583333333333333 0.0078125 0.010416666666666666
0 0.10703125 0.19270833333333334 0.0078125 0.008333333333333333
0 0.62265625 0.19375 0.0078125 0.0125
0 0.189453125 0.19322916666666667 0.00859375 0.011458333333333333
0 0.3109375 0.1921875 0.0078125 0.011458333333333333
0 0.603125 0.19114583333333332 0.0078125 0.011458333333333333
0 0.07421875 0.19114583333333332 0.0078125 0.011458333333333333
0 0.40078125 0.19010416666666666 0.0078125 0.011458333333333333
0 0.089453125 0.1875 0.00703125 0.010416666666666666
0 0.54296875 0.18645833333333334 0.0046875 0.010416666666666666
0 0.48984375 0.18541666666666667 0.0078125 0.0125
0 0.38359375 0.18385416666666668 0.0078125 0.011458333333333333
0 0.366796875 0.18385416666666668 0.00703125 0.011458333333333333
0 0.326171875 0.1828125 0.00859375 0.011458333333333333
0 0.277734375 0.1828125 0.00859375 0.011458333333333333
0 0.351171875 0.18177083333333333 0.00546875 0.011458333333333333
0 0.5796875 0.18072916666666666 0.0078125 0.011458333333333333
0 0.295703125 0.18072916666666666 0.00859375 0.011458333333333333
0 0.473828125 0.1796875 0.00703125 0.011458333333333333
0 0.55703125 0.17864583333333334 0.0078125 0.011458333333333333
0 0.446484375 0.178125 0.00703125 0.010416666666666666
0 0.238671875 0.17864583333333334 0.00703125 0.011458333333333333
0 0.255078125 0.175 0.00859375 0.008333333333333333
0 0.11484375 0.17447916666666666 0.009375 0.011458333333333333
0 0.648828125 0.17135416666666667 0.00859375 0.011458333333333333
0 0.186328125 0.1703125 0.00859375 0.011458333333333333
0 0.408203125 0.16927083333333334 0.00703125 0.011458333333333333
0 0.503125 0.16822916666666668 0.0078125 0.011458333333333333
0 0.629296875 0.16354166666666667 0.00859375 0.0125
0 0.358984375 0.16302083333333334 0.00703125 0.011458333333333333
0 0.26875 0.1625 0.0078125 0.010416666666666666
0 0.3171875 0.1625 0.0078125 0.0125
0 0.285546875 0.16197916666666667 0.00859375 0.011458333333333333
0 0.3328125 0.15885416666666666 0.0078125 0.011458333333333333
0 0.233203125 0.15833333333333333 0.00859375 0.010416666666666666
0 0.378125 0.15625 0.0078125 0.0125
0 0.69375 0.15520833333333334 0.009375 0.0125
0 0.301953125 0.15260416666666668 0.00859375 0.011458333333333333
0 0.614453125 0.15052083333333333 0.00859375 0.011458333333333333
0 0.59765625 0.14791666666666667 0.0078125 0.0125
0 0.709765625 0.146875 0.00859375 0.0125
