0 0.284375 0.85 0.009375 0.0125
0 0.401171875 0.8479166666666667 0.00859375 0.0125
0 0.38359375 0.8453125 0.009375 0.013541666666666667
0 0.710546875 0.8421875 0.00859375 0.011458333333333333
0 0.30078125 0.8411458333333334 0.009375 0.013541666666666667
0 0.7828125 0.8375 0.009375 0.010416666666666666
0 0.63125 0.8385416666666666 0.009375 0.0125
0 0.677734375 0.8354166666666667 0.00859375 0.0125
0 0.727734375 0.8322916666666667 0.00859375 0.0125
0 0.7453125 0.83125 0.0078125 0.0125
0 0.69453125 0.8317708333333333 0.0078125 0.013541666666666667
0 0.651171875 0.83125 0.00859375 0.0125
0 0.368359375 0.8317708333333333 0.00859375 0.013541666666666667
0 0.499609375 0.8270833333333333 0.00859375 0.0125
0 0.831640625 0.8239583333333333 0.01015625 0.010416666666666666
0 0.598828125 0.825 0.00703125 0.0125
0 0.34765625 0.8234375 0.009375 0.013541666666666667
0 0.761328125 0.8192708333333333 0.00546875 0.007291666666666667
0 0.90703125 0.81875 0.0109375 0.0125
0 0.55859375 0.815625 0.00625 0.0125
0 0.443359375 0.815625 0.00859375 0.0125
0 0.77734375 0.8145833333333333 0.0078125 0.0125
0 0.93125 0.8088541666666667 0.0015625 0.003125
0 0.716015625 0.8130208333333333 0.00703125 0.011458333333333333
0 0.530078125 0.8135416666666667 0.00703125 0.0125
0 0.419921875 0.8135416666666667 0.00859375 0.0125
0 0.7359375 0.8109375 0.009375 0.011458333333333333
0 0.684765625 0.8109375 0.00859375 0.011458333333333333
0 0.659765625 0.8114583333333333 0.00859375 0.0125
0 0.642578125 0.8098958333333334 0.00859375 0.011458333333333333
0 0.624609375 0.8067708333333333 0.00546875 0.005208333333333333
0 0.5125 0.8083333333333333 0.00625 0.0125
0 0.458203125 0.8078125 0.00546875 0.011458333333333333
0 0.9328125 0.8005208333333333 0.0015625 0.003125
0 0.606640625 0.8036458333333333 0.00859375 0.011458333333333333
0 0.395703125 0.803125 0.00859375 0.0125
0 0.916015625 0.8010416666666667 0.00859375 0.010416666666666666
0 0.949609375 0.8010416666666667 0.00859375 0.0125
0 0.700390625 0.8005208333333333 0.00703125 0.011458333333333333
0 0.375 0.8005208333333333 0.009375 0.013541666666666667
0 0.828515625 0.7989583333333333 0.01015625 0.0125
0 0.175 0.7979166666666667 0.009375 0.0125
0 0.751171875 0.796875 0.00859375 0.0125
0 0.671875 0.7958333333333333 0.009375 0.0125
0 0.769140625 0.7927083333333333 0.00703125 0.010416666666666666
0 0.4390625 0.7916666666666666 0.0078125 0.0125
0 0.719140625 0.790625 0.00859375 0.0125
0 0.53671875 0.7895833333333333 0.0078125 0.010416666666666666
0 0.471875 0.7885416666666667 0.0046875 0.010416666666666666
0 0.506640625 0.7864583333333334 0.00859375 0.0125
0 0.65625 0.7828125 0.00625 0.011458333333333333
0 0.610546875 0.7807291666666667 0.00859375 0.011458333333333333
0 0.453125 0.7786458333333334 0.0078125 0.011458333333333333
0 0.42109375 0.7791666666666667 0.0078125 0.0125
0 0.835546875 0.7755208333333333 0.01015625 0.011458333333333333
0 0.52265625 0.7744791666666667 0.0078125 0.011458333333333333
0 0.358203125 0.7734375 0.00859375 0.009375
0 0.676953125 0.7739583333333333 0.00859375 0.0125
0 0.492578125 0.7729166666666667 0.00703125 0.010416666666666666
0 0.873046875 0.7723958333333333 0.01015625 0.011458333333333333
0 0.753125 0.771875 0.009375 0.0125
0 0.626171875 0.771875 0.00859375 0.0125
0 0.576953125 0.7697916666666667 0.00859375 0.0125
0 0.769140625 0.7651041666666667 0.00859375 0.011458333333333333
0 0.53828125 0.765625 0.0078125 0.0125
0 0.558984375 0.7635416666666667 0.00859375 0.0125
0 0.59921875 0.7619791666666667 0.0078125 0.011458333333333333
0 0.5078125 0.7619791666666667 0.0078125 0.011458333333333333
0 0.396875 0.7625 0.009375 0.0125
0 0.3734375 0.7625 0.009375 0.0125
0 0.719140625 0.7614583333333333 0.00859375 0.0125
0 0.808203125 0.759375 0.01015625 0.010416666666666666
0 0.662890625 0.759375 0.00859375 0.0125
0 0.419921875 0.7557291666666667 0.00859375 0.011458333333333333
0 0.614453125 0.7536458333333333 0.00546875 0.011458333333333333
0 0.43671875 0.7536458333333333 0.0078125 0.011458333333333333
0 0.484765625 0.753125 0.00859375 0.0125
0 0.875390625 0.7494791666666667 0.01015625 0.011458333333333333
0 0.33125 0.75 0.009375 0.0125
0 0.683203125 0.7489583333333333 0.00859375 0.0125
0 0.523828125 0.7479166666666667 0.00859375 0.0125
0 0.579296875 0.746875 0.00859375 0.0125
0 0.54765625 0.746875 0.0078125 0.0125
0 0.36015625 0.746875 0.009375 0.0125
0 0.19140625 0.746875 0.009375 0.0125
0 0.38515625 0.7447916666666666 0.0078125 0.0125
0 0.78046875 0.740625 0.009375 0.0125
0 0.710546875 0.7390625 0.00859375 0.009375
0 0.30546875 0.740625 0.009375 0.0125
0 0.62890625 0.7395833333333334 0.009375 0.0125
0 0.501953125 0.7375 0.00703125 0.010416666666666666
0 0.80546875 0.7364583333333333 0.009375 0.010416666666666666
0 0.6640625 0.7359375 0.009375 0.011458333333333333
0 0.594140625 0.7359375 0.00859375 0.011458333333333333
0 0.53515625 0.7307291666666667 0.0078125 0.011458333333333333
0 0.469140625 0.7302083333333333 0.00859375 0.0125
0 0.34140625 0.7302083333333333 0.009375 0.0125
0 0.32265625 0.7302083333333333 0.009375 0.0125
0 0.48515625 0.7291666666666666 0.009375 0.0125
0 0.609375 0.7265625 0.0078125 0.011458333333333333
0 0.55859375 0.7270833333333333 0.0046875 0.0125
0 0.5796875 0.7229166666666667 0.0078125 0.0125
0 0.516015625 0.7229166666666667 0.00859375 0.0125
0 0.3859375 0.7213541666666666 0.0078125 0.011458333333333333
0 0.198828125 0.7197916666666667 0.00859375 0.0125
0 0.67421875 0.71875 0.009375 0.0125
0 0.868359375 0.7161458333333334 0.00390625 0.009375
0 0.44453125 0.7166666666666667 0.0078125 0.010416666666666666
0 0.355859375 0.7171875 0.00859375 0.011458333333333333
0 0.62578125 0.7151041666666667 0.0078125 0.011458333333333333
0 0.49765625 0.7140625 0.0078125 0.011458333333333333
0 0.595703125 0.7125 0.00859375 0.010416666666666666
0 0.544140625 0.7119791666666667 0.00859375 0.011458333333333333
0 0.78125 0.7104166666666667 0.009375 0.0125
0 0.33359375 0.7098958333333333 0.009375 0.011458333333333333
0 0.410546875 0.7088541666666667 0.00859375 0.011458333333333333
0 0.310546875 0.7083333333333334 0.00859375 0.0125
0 0.840234375 0.7072916666666667 0.00859375 0.0125
0 0.565234375 0.7067708333333333 0.00859375 0.011458333333333333
0 0.458984375 0.7046875 0.00859375 0.011458333333333333
0 0.7359375 0.7036458333333333 0.009375 0.011458333333333333
0 0.526953125 0.7036458333333333 0.00546875 0.011458333333333333
0 0.65859375 0.7026041666666667 0.0046875 0.011458333333333333
0 0.432421875 0.7015625 0.00859375 0.011458333333333333
0 0.612109375 0.7010416666666667 0.00859375 0.0125
0 0.884375 0.6984375 0.009375 0.009375
0 0.680078125 0.6973958333333333 0.00859375 0.011458333333333333
0 0.39375 0.696875 0.0078125 0.010416666666666666
0 0.20703125 0.6979166666666666 0.009375 0.0125
0 0.509375 0.6958333333333333 0.0078125 0.0125
0 0.488671875 0.6953125 0.00859375 0.011458333333333333
0 0.278515625 0.6942708333333333 0.00859375 0.011458333333333333
0 0.18984375 0.6947916666666667 0.009375 0.0125
0 0.370703125 0.69375 0.00859375 0.0125
0 0.587890625 0.6921875 0.00859375 0.011458333333333333
0 0.2609375 0.6921875 0.009375 0.011458333333333333
0 0.626953125 0.6911458333333333 0.00859375 0.011458333333333333
0 0.5515625 0.6911458333333333 0.0078125 0.011458333333333333
0 0.2953125 0.6895833333333333 0.0078125 0.0125
0 0.470703125 0.6880208333333333 0.00859375 0.011458333333333333
0 0.351171875 0.6880208333333333 0.00859375 0.011458333333333333
0 0.748828125 0.6875 0.01015625 0.0125
0 0.416796875 0.6869791666666667 0.00859375 0.011458333333333333
0 0.333984375 0.6869791666666667 0.00859375 0.011458333333333333
0 0.77890625 0.6864583333333333 0.009375 0.0125
0 0.56875 0.6848958333333334 0.0078125 0.011458333333333333
0 0.53515625 0.6848958333333334 0.0078125 0.011458333333333333
0 0.312109375 0.684375 0.00859375 0.0125
0 0.453515625 0.6807291666666667 0.00859375 0.011458333333333333
0 0.874609375 0.6776041666666667 0.01015625 0.011458333333333333
0 0.60546875 0.678125 0.0046875 0.0125
0 0.51953125 0.6770833333333334 0.0078125 0.010416666666666666
0 0.654296875 0.6765625 0.00859375 0.011458333333333333
0 0.387890625 0.6755208333333333 0.00859375 0.011458333333333333
0 0.762890625 0.6723958333333333 0.00546875 0.011458333333333333
0 0.488671875 0.6723958333333333 0.00859375 0.011458333333333333
0 0.547265625 0.6692708333333334 0.00859375 0.011458333333333333
0 0.58984375 0.6682291666666667 0.0046875 0.011458333333333333
0 0.40390625 0.6661458333333333 0.0078125 0.011458333333333333
0 0.288671875 0.6661458333333333 0.00859375 0.011458333333333333
0 0.473046875 0.6651041666666667 0.00859375 0.011458333333333333
0 0.42265625 0.6651041666666667 0.0078125 0.011458333333333333
0 0.340625 0.6640625 0.0078125 0.011458333333333333
0 0.32265625 0.6635416666666667 0.0078125 0.010416666666666666
0 0.50546875 0.6630208333333333 0.0046875 0.011458333333333333
0 0.373828125 0.6630208333333333 0.00859375 0.011458333333333333
0 0.7796875 0.6625 0.009375 0.0125
0 0.439453125 0.6614583333333334 0.00703125 0.010416666666666666
0 0.562890625 0.6609375 0.00703125 0.011458333333333333
0 0.45703125 0.6578125 0.0078125 0.011458333333333333
0 0.357421875 0.6578125 0.00859375 0.011458333333333333
0 0.3046875 0.6567708333333333 0.009375 0.011458333333333333
0 0.808203125 0.6557291666666667 0.00859375 0.011458333333333333
0 0.53984375 0.6489583333333333 0.0078125 0.010416666666666666
0 0.52109375 0.6489583333333333 0.00625 0.010416666666666666
0 0.489453125 0.6494791666666667 0.00859375 0.011458333333333333
0 0.7671875 0.6473958333333333 0.009375 0.011458333333333333
0 0.4109375 0.6458333333333334 0.0078125 0.010416666666666666
0 0.7921875 0.6447916666666667 0.009375 0.010416666666666666
0 0.384375 0.6447916666666667 0.0078125 0.010416666666666666
0 0.3453125 0.6421875 0.0078125 0.011458333333333333
0 0.31875 0.6416666666666667 0.0078125 0.010416666666666666
0 0.55546875 0.6411458333333333 0.0078125 0.011458333333333333
0 0.26953125 0.6411458333333333 0.0078125 0.011458333333333333
0 0.873828125 0.640625 0.01015625 0.0125
0 0.615625 0.6401041666666667 0.0078125 0.011458333333333333
0 0.582421875 0.6401041666666667 0.00859375 0.011458333333333333
0 0.29375 0.6395833333333333 0.0078125 0.010416666666666666
0 0.7515625 0.6390625 0.009375 0.011458333333333333
0 0.4328125 0.6385416666666667 0.0078125 0.010416666666666666
0 0.847265625 0.6348958333333333 0.01015625 0.011458333333333333
0 0.4765625 0.634375 0.0078125 0.010416666666666666
0 0.370703125 0.6317708333333333 0.00703125 0.009375
0 0.39765625 0.6291666666666667 0.0078125 0.010416666666666666
0 0.2515625 0.6296875 0.0078125 0.011458333333333333
0 0.2171875 0.6286458333333333 0.0078125 0.011458333333333333
0 0.73984375 0.6229166666666667 0.009375 0.010416666666666666
0 0.53125 0.6213541666666667 0.0078125 0.011458333333333333
0 0.413671875 0.6208333333333333 0.00859375 0.010416666666666666
0 0.324609375 0.61875 0.00703125 0.008333333333333333
0 0.305859375 0.6197916666666666 0.00859375 0.010416666666666666
0 0.3421875 0.6192708333333333 0.0078125 0.011458333333333333
0 0.58125 0.6177083333333333 0.0078125 0.010416666666666666
0 0.288671875 0.6177083333333333 0.00859375 0.010416666666666666
0 0.43125 0.6161458333333333 0.0078125 0.011458333333333333
0 0.359375 0.6145833333333334 0.0078125 0.010416666666666666
0 0.256640625 0.6083333333333333 0.00703125 0.010416666666666666
0 0.726953125 0.6072916666666667 0.00859375 0.010416666666666666
0 0.604296875 0.6078125 0.00859375 0.011458333333333333
0 0.463671875 0.6072916666666667 0.00859375 0.010416666666666666
0 0.543359375 0.6057291666666667 0.00859375 0.011458333333333333
0 0.273828125 0.6052083333333333 0.00859375 0.010416666666666666
0 0.48984375 0.6036458333333333 0.0078125 0.011458333333333333
0 0.390625 0.603125 0.0078125 0.010416666666666666
0 0.813671875 0.6026041666666667 0.00859375 0.011458333333333333
0 0.742578125 0.6010416666666667 0.00859375 0.010416666666666666
0 0.316015625 0.6010416666666667 0.00859375 0.010416666666666666
0 0.8515625 0.5994791666666667 0.009375 0.011458333333333333
0 0.33515625 0.5989583333333334 0.0078125 0.010416666666666666
0 0.298828125 0.5994791666666667 0.00859375 0.011458333333333333
0 0.444921875 0.5984375 0.00546875 0.011458333333333333
0 0.75859375 0.5953125 0.009375 0.011458333333333333
0 0.713671875 0.59375 0.00859375 0.010416666666666666
0 0.4078125 0.5890625 0.0078125 0.011458333333333333
0 0.58203125 0.5869791666666667 0.0078125 0.009375
0 0.615234375 0.5859375 0.00859375 0.011458333333333333
0 0.35859375 0.5833333333333334 0.0078125 0.010416666666666666
0 0.269921875 0.5833333333333334 0.00859375 0.010416666666666666
0 0.86484375 0.5833333333333334 0.0109375 0.0125
0 0.251953125 0.5822916666666667 0.00703125 0.010416666666666666
0 0.32421875 0.5817708333333333 0.0078125 0.011458333333333333
0 0.2890625 0.58125 0.009375 0.010416666666666666
0 0.30625 0.5786458333333333 0.0078125 0.011458333333333333
0 0.340234375 0.5729166666666666 0.00703125 0.00625
0 0.475390625 0.5739583333333333 0.00703125 0.010416666666666666
0 0.173046875 0.5734375 0.00703125 0.009375
0 0.390234375 0.5697916666666667 0.00859375 0.010416666666666666
0 0.46015625 0.5671875 0.0078125 0.011458333333333333
0 0.2171875 0.5640625 0.0078125 0.009375
0 0.2625 0.5609375 0.003125 0.005208333333333333
0 0.360546875 0.5609375 0.00703125 0.009375
0 0.296484375 0.5604166666666667 0.00859375 0.010416666666666666
0 0.321875 0.559375 0.0078125 0.010416666666666666
0 0.871875 0.5588541666666667 0.0109375 0.011458333333333333
0 0.279296875 0.5583333333333333 0.00859375 0.010416666666666666
0 0.553125 0.5572916666666666 0.0078125 0.010416666666666666
0 0.23828125 0.5557291666666667 0.00625 0.007291666666666667
0 0.478125 0.5520833333333334 0.0078125 0.010416666666666666
0 0.396875 0.55 0.0078125 0.010416666666666666
0 0.348046875 0.5442708333333334 0.00703125 0.007291666666666667
0 0.20546875 0.5447916666666667 0.0078125 0.010416666666666666
0 0.25546875 0.5416666666666666 0.0046875 0.00625
0 0.311328125 0.5427083333333333 0.00859375 0.010416666666666666
0 0.36953125 0.5416666666666666 0.0078125 0.010416666666666666
0 0.289453125 0.540625 0.00859375 0.010416666666666666
0 0.17578125 0.5401041666666667 0.0078125 0.009375
0 0.328125 0.5385416666666667 0.0078125 0.010416666666666666
0 0.271484375 0.5380208333333333 0.00859375 0.009375
0 0.237890625 0.5322916666666667 0.00546875 0.004166666666666667
0 0.220703125 0.53125 0.00546875 0.00625
0 0.205078125 0.5223958333333333 0.00703125 0.009375
0 0.300390625 0.521875 0.00859375 0.010416666666666666
0 0.255078125 0.5203125 0.00703125 0.009375
0 0.2828125 0.5192708333333333 0.00625 0.009375
0 0.316015625 0.5130208333333334 0.00859375 0.011458333333333333
0 0.235546875 0.5125 0.00859375 0.010416666666666666
0 0.218359375 0.5072916666666667 0.00703125 0.010416666666666666
0 0.365625 0.50625 0.0078125 0.010416666666666666
0 0.26796875 0.50625 0.0078125 0.010416666666666666
0 0.894140625 0.5015625 0.00859375 0.011458333333333333
0 0.874609375 0.5015625 0.00546875 0.011458333333333333
0 0.383203125 0.5010416666666667 0.00859375 0.010416666666666666
0 0.186328125 0.49947916666666664 0.00546875 0.007291666666666667
0 0.300390625 0.5 0.00859375 0.010416666666666666
0 0.250390625 0.5 0.00859375 0.010416666666666666
0 0.283203125 0.4947916666666667 0.00703125 0.008333333333333333
0 0.203515625 0.4921875 0.00859375 0.009375
0 0.231640625 0.48802083333333335 0.00390625 0.005208333333333333
0 0.808203125 0.4901041666666667 0.01015625 0.011458333333333333
0 0.833203125 0.4869791666666667 0.01015625 0.011458333333333333
0 0.2625 0.484375 0.0078125 0.010416666666666666
0 0.68828125 0.4817708333333333 0.0078125 0.009375
0 0.17265625 0.4822916666666667 0.0078125 0.010416666666666666
0 0.896484375 0.48020833333333335 0.01015625 0.010416666666666666
0 0.2453125 0.4765625 0.0078125 0.007291666666666667
0 0.191015625 0.47708333333333336 0.00703125 0.008333333333333333
0 0.155078125 0.47708333333333336 0.00546875 0.008333333333333333
0 0.21640625 0.4739583333333333 0.00625 0.00625
0 0.296875 0.475 0.0078125 0.010416666666666666
0 0.278515625 0.475 0.00859375 0.010416666666666666
0 0.846484375 0.4744791666666667 0.01015625 0.011458333333333333
0 0.7578125 0.4734375 0.0046875 0.011458333333333333
0 0.258984375 0.46145833333333336 0.00703125 0.008333333333333333
0 0.78515625 0.46197916666666666 0.009375 0.011458333333333333
0 0.4109375 0.46145833333333336 0.0078125 0.010416666666666666
0 0.18046875 0.4609375 0.0078125 0.009375
0 0.62109375 0.45729166666666665 0.0078125 0.010416666666666666
0 0.225 0.4578125 0.0078125 0.011458333333333333
0 0.241796875 0.4557291666666667 0.00703125 0.009375
0 0.2859375 0.45416666666666666 0.0078125 0.010416666666666666
0 0.39140625 0.4505208333333333 0.0078125 0.009375
0 0.757421875 0.4505208333333333 0.00859375 0.011458333333333333
0 0.208984375 0.446875 0.00546875 0.00625
0 0.775 0.44635416666666666 0.0078125 0.011458333333333333
0 0.2546875 0.440625 0.0078125 0.010416666666666666
0 0.27421875 0.4390625 0.0078125 0.009375
0 0.878125 0.4359375 0.0046875 0.007291666666666667
0 0.40390625 0.43697916666666664 0.0078125 0.009375
0 0.64296875 0.4322916666666667 0.0078125 0.010416666666666666
0 0.2203125 0.42916666666666664 0.0078125 0.010416666666666666
0 0.859375 0.42864583333333334 0.009375 0.011458333333333333
0 0.20234375 0.4265625 0.00625 0.009375
0 0.287109375 0.425 0.00859375 0.010416666666666666
0 0.808984375 0.421875 0.01015625 0.010416666666666666
0 0.30390625 0.421875 0.0078125 0.010416666666666666
0 0.245703125 0.4197916666666667 0.00546875 0.00625
0 0.843359375 0.41875 0.00859375 0.010416666666666666
0 0.884765625 0.4171875 0.01015625 0.011458333333333333
0 0.262890625 0.415625 0.00703125 0.008333333333333333
0 0.49765625 0.415625 0.0078125 0.010416666666666666
0 0.227734375 0.409375 0.00703125 0.010416666666666666
0 0.3703125 0.40729166666666666 0.0078125 0.010416666666666666
0 0.3390625 0.40677083333333336 0.0078125 0.009375
0 0.478125 0.40520833333333334 0.0078125 0.010416666666666666
0 0.28125 0.40260416666666665 0.00625 0.005208333333333333
0 0.211328125 0.4036458333333333 0.00703125 0.009375
0 0.779296875 0.403125 0.01015625 0.010416666666666666
0 0.31328125 0.40208333333333335 0.0078125 0.008333333333333333
0 0.24375 0.39895833333333336 0.0078125 0.008333333333333333
0 0.875390625 0.3963541666666667 0.00859375 0.011458333333333333
0 0.822265625 0.3875 0.01015625 0.010416666666666666
0 0.359375 0.38697916666666665 0.0078125 0.009375
0 0.230078125 0.38645833333333335 0.00703125 0.010416666666666666
0 0.80390625 0.3848958333333333 0.009375 0.011458333333333333
0 0.32109375 0.38229166666666664 0.0078125 0.00625
0 0.265234375 0.38333333333333336 0.00859375 0.008333333333333333
0 0.30390625 0.38229166666666664 0.0078125 0.010416666666666666
0 0.782421875 0.38177083333333334 0.01015625 0.011458333333333333
0 0.648046875 0.38125 0.00859375 0.010416666666666666
0 0.74453125 0.378125 0.009375 0.010416666666666666
0 0.247265625 0.3723958333333333 0.00546875 0.007291666666666667
0 0.28359375 0.3703125 0.0078125 0.009375
0 0.8453125 0.3703125 0.009375 0.011458333333333333
0 0.328515625 0.3645833333333333 0.00859375 0.010416666666666666
0 0.264453125 0.3614583333333333 0.00703125 0.008333333333333333
0 0.796484375 0.359375 0.00703125 0.00625
0 0.779296875 0.36041666666666666 0.00859375 0.010416666666666666
0 0.30078125 0.3572916666666667 0.0078125 0.010416666666666666
0 0.821875 0.3546875 0.009375 0.011458333333333333
0 0.285546875 0.3484375 0.00859375 0.009375
0 0.23671875 0.3484375 0.0078125 0.009375
0 0.75546875 0.34791666666666665 0.009375 0.010416666666666666
0 0.252734375 0.346875 0.00703125 0.010416666666666666
0 0.26953125 0.3421875 0.0078125 0.009375
0 0.786328125 0.3416666666666667 0.01015625 0.010416666666666666
0 0.809375 0.3390625 0.009375 0.011458333333333333
0 0.3296875 0.3385416666666667 0.0078125 0.010416666666666666
0 0.59609375 0.334375 0.0078125 0.010416666666666666
0 0.22578125 0.33177083333333335 0.0078125 0.009375
0 0.19140625 0.3296875 0.00625 0.005208333333333333
0 0.375390625 0.33125 0.00703125 0.010416666666666666
0 0.282421875 0.32760416666666664 0.00703125 0.009375
0 0.7109375 0.3260416666666667 0.009375 0.010416666666666666
0 0.346875 0.3229166666666667 0.0078125 0.010416666666666666
0 0.7984375 0.3223958333333333 0.009375 0.011458333333333333
0 0.2984375 0.321875 0.0078125 0.010416666666666666
0 0.77578125 0.32135416666666666 0.009375 0.011458333333333333
0 0.31953125 0.3182291666666667 0.0078125 0.009375
0 0.2046875 0.315625 0.00625 0.004166666666666667
0 0.451953125 0.3140625 0.00703125 0.011458333333333333
0 0.685546875 0.31197916666666664 0.00859375 0.011458333333333333
0 0.721875 0.3109375 0.009375 0.011458333333333333
0 0.36015625 0.3104166666666667 0.0078125 0.010416666666666666
0 0.59296875 0.30833333333333335 0.0078125 0.010416666666666666
0 0.846875 0.31614583333333335 0.0171875 0.028125
0 0.701953125 0.3078125 0.00859375 0.011458333333333333
0 0.278125 0.30625 0.0078125 0.008333333333333333
0 0.305078125 0.30104166666666665 0.00703125 0.008333333333333333
0 0.23125 0.29635416666666664 0.00625 0.005208333333333333
0 0.195703125 0.296875 0.00546875 0.00625
0 0.248046875 0.296875 0.00703125 0.008333333333333333
0 0.344140625 0.296875 0.00703125 0.010416666666666666
0 0.264453125 0.2942708333333333 0.00703125 0.009375
0 0.6796875 0.29270833333333335 0.009375 0.010416666666666666
0 0.36640625 0.2911458333333333 0.0078125 0.009375
0 0.328125 0.28802083333333334 0.0078125 0.011458333333333333
0 0.737109375 0.2859375 0.00859375 0.011458333333333333
0 0.528125 0.2859375 0.0078125 0.011458333333333333
0 0.719921875 0.28541666666666665 0.00859375 0.0125
0 0.38515625 0.28229166666666666 0.0078125 0.010416666666666666
0 0.312109375 0.28072916666666664 0.00703125 0.009375
0 0.621875 0.28020833333333334 0.0078125 0.010416666666666666
0 0.441015625 0.2791666666666667 0.00703125 0.010416666666666666
0 0.279296875 0.278125 0.00703125 0.010416666666666666
0 0.5140625 0.2760416666666667 0.0078125 0.010416666666666666
0 0.248828125 0.2755208333333333 0.00703125 0.009375
0 0.7921875 0.275 0.009375 0.010416666666666666
0 0.34453125 0.27447916666666666 0.0078125 0.009375
0 0.208203125 0.27447916666666666 0.00546875 0.009375
0 0.29609375 0.27239583333333334 0.0078125 0.009375
0 0.56015625 0.2713541666666667 0.0078125 0.009375
0 0.3703125 0.2708333333333333 0.0078125 0.010416666666666666
0 0.22578125 0.2703125 0.0078125 0.009375
0 0.26484375 0.2682291666666667 0.0078125 0.009375
0 0.75 0.2671875 0.009375 0.011458333333333333
0 0.52734375 0.26510416666666664 0.0078125 0.011458333333333333
0 0.574609375 0.2625 0.00703125 0.010416666666666666
0 0.724609375 0.26197916666666665 0.00859375 0.011458333333333333
0 0.332421875 0.2609375 0.00703125 0.009375
0 0.315625 0.2598958333333333 0.0078125 0.007291666666666667
0 0.35546875 0.25885416666666666 0.0078125 0.009375
0 0.194921875 0.25677083333333334 0.00703125 0.007291666666666667
0 0.21484375 0.253125 0.0078125 0.008333333333333333
0 0.2890625 0.253125 0.0078125 0.010416666666666666
0 0.7109375 0.2520833333333333 0.009375 0.010416666666666666
0 0.2578125 0.24895833333333334 0.0078125 0.010416666666666666
0 0.440625 0.24791666666666667 0.0078125 0.010416666666666666
0 0.53828125 0.24739583333333334 0.0078125 0.011458333333333333
0 0.381640625 0.246875 0.00703125 0.010416666666666666
0 0.40390625 0.24583333333333332 0.0078125 0.010416666666666666
0 0.3046875 0.2453125 0.0078125 0.009375
0 0.366015625 0.24270833333333333 0.00859375 0.010416666666666666
0 0.633984375 0.2421875 0.00859375 0.011458333333333333
0 0.338671875 0.240625 0.00703125 0.008333333333333333
0 0.322265625 0.240625 0.00859375 0.008333333333333333
0 0.676171875 0.24010416666666667 0.00859375 0.011458333333333333
0 0.5625 0.23958333333333334 0.0078125 0.010416666666666666
0 0.2796875 0.2359375 0.0078125 0.011458333333333333
0 0.241796875 0.23125 0.00859375 0.010416666666666666
0 0.71328125 0.23072916666666668 0.009375 0.011458333333333333
0 0.35234375 0.23020833333333332 0.0078125 0.010416666666666666
0 0.2046875 0.23072916666666668 0.0078125 0.011458333333333333
0 0.39375 0.22916666666666666 0.0078125 0.010416666666666666
0 0.73203125 0.22864583333333333 0.009375 0.011458333333333333
0 0.53671875 0.22760416666666666 0.0078125 0.011458333333333333
0 0.374609375 0.225 0.00703125 0.010416666666666666
0 0.449609375 0.2234375 0.00703125 0.011458333333333333
0 0.315234375 0.221875 0.00703125 0.010416666666666666
0 0.55703125 0.21979166666666666 0.0078125 0.010416666666666666
0 0.334375 0.2203125 0.0078125 0.011458333333333333
0 0.62265625 0.21822916666666667 0.0078125 0.011458333333333333
0 0.666796875 0.2140625 0.00859375 0.011458333333333333
0 0.30078125 0.21302083333333333 0.0078125 0.011458333333333333
0 0.608203125 0.20989583333333334 0.00859375 0.011458333333333333
0 0.736328125 0.209375 0.00859375 0.0125
0 0.438671875 0.20625 0.00703125 0.010416666666666666
0 0.36484375 0.20625 0.0078125 0.010416666666666666
0 0.209375 0.20572916666666666 0.0078125 0.011458333333333333
0 0.2734375 0.2046875 0.0078125 0.011458333333333333
0 0.5390625 0.20364583333333333 0.0078125 0.011458333333333333
0 0.255859375 0.20364583333333333 0.00859375 0.011458333333333333
0 0.45859375 0.20208333333333334 0.0078125 0.010416666666666666
0 0.380859375 0.20104166666666667 0.00703125 0.010416666666666666
0 0.34140625 0.2 0.0078125 0.010416666666666666
0 0.59375 0.19791666666666666 0.0078125 0.010416666666666666
0 0.32421875 0.19635416666666666 0.0078125 0.011458333333333333
0 0.3953125 0.19270833333333334 0.0078125 0.010416666666666666
0 0.3703125 0.1859375 0.0078125 0.009375
0 0.46953125 0.18541666666666667 0.0078125 0.010416666666666666
0 0.281640625 0.1859375 0.00859375 0.011458333333333333
0 0.453515625 0.18177083333333333 0.00703125 0.011458333333333333
0 0.310546875 0.18177083333333333 0.00859375 0.011458333333333333
