0 0.330859375 0.9208333333333333 0.01015625 0.014583333333333334
0 0.43203125 0.8239583333333333 0.009375 0.0125
0 0.679296875 0.8197916666666667 0.01015625 0.014583333333333334
0 0.503125 0.8109375 0.009375 0.013541666666666667
0 0.567578125 0.8067708333333333 0.01015625 0.013541666666666667
0 0.58828125 0.803125 0.009375 0.0125
0 0.33125 0.8026041666666667 0.009375 0.013541666666666667
0 0.519921875 0.8015625 0.00859375 0.013541666666666667
0 0.624609375 0.8005208333333333 0.01015625 0.013541666666666667
0 0.69921875 0.7994791666666666 0.009375 0.013541666666666667
0 0.18984375 0.796875 0.009375 0.0125
0 0.728515625 0.7942708333333334 0.01015625 0.013541666666666667
0 0.681640625 0.7921875 0.01015625 0.013541666666666667
0 0.536328125 0.7916666666666666 0.00859375 0.0125
0 0.85546875 0.7838541666666666 0.0109375 0.013541666666666667
0 0.662890625 0.7838541666666666 0.01015625 0.013541666666666667
0 0.56171875 0.7802083333333333 0.009375 0.0125
0 0.630078125 0.778125 0.01015625 0.0125
0 0.612890625 0.7776041666666667 0.01015625 0.013541666666666667
0 0.49140625 0.7723958333333333 0.009375 0.013541666666666667
0 0.67734375 0.7677083333333333 0.009375 0.0125
0 0.75625 0.7671875 0.0109375 0.013541666666666667
0 0.54296875 0.7666666666666667 0.009375 0.0125
0 0.65078125 0.765625 0.009375 0.0125
0 0.58125 0.7651041666666667 0.009375 0.013541666666666667
0 0.5984375 0.7614583333333333 0.009375 0.0125
0 0.506640625 0.7572916666666667 0.00859375 0.0125
0 0.43359375 0.7567708333333333 0.009375 0.013541666666666667
0 0.706640625 0.7557291666666667 0.01015625 0.013541666666666667
0 0.39765625 0.7541666666666667 0.009375 0.0125
0 0.738671875 0.7526041666666666 0.01015625 0.013541666666666667
0 0.81640625 0.7510416666666667 0.0109375 0.0125
0 0.878515625 0.7505208333333333 0.01171875 0.013541666666666667
0 0.63125 0.7505208333333333 0.009375 0.013541666666666667
0 0.614453125 0.7505208333333333 0.01015625 0.013541666666666667
0 0.454296875 0.7489583333333333 0.00859375 0.0125
0 0.666015625 0.7473958333333334 0.01015625 0.013541666666666667
0 0.3625 0.7458333333333333 0.009375 0.0125
0 0.690234375 0.7447916666666666 0.00859375 0.0125
0 0.721484375 0.74375 0.01015625 0.0125
0 0.64765625 0.7416666666666667 0.009375 0.0125
0 0.55078125 0.740625 0.009375 0.0125
0 0.83828125 0.7390625 0.0109375 0.013541666666666667
0 0.440625 0.734375 0.009375 0.0125
0 0.705078125 0.7322916666666667 0.01015625 0.014583333333333334
0 0.58671875 0.7296875 0.009375 0.013541666666666667
0 0.56640625 0.7291666666666666 0.009375 0.0125
0 0.478125 0.7296875 0.009375 0.013541666666666667
0 0.62265625 0.7286458333333333 0.009375 0.013541666666666667
0 0.529296875 0.728125 0.00859375 0.0125
0 0.678515625 0.7265625 0.01015625 0.011458333333333333
0 0.497265625 0.7260416666666667 0.00859375 0.0125
0 0.37421875 0.7255208333333333 0.009375 0.013541666666666667
0 0.658203125 0.7234375 0.01015625 0.013541666666666667
0 0.639453125 0.7166666666666667 0.01015625 0.0125
0 0.3578125 0.7145833333333333 0.009375 0.010416666666666666
0 0.83671875 0.7145833333333333 0.0109375 0.0125
0 0.7984375 0.7135416666666666 0.0109375 0.0125
0 0.5953125 0.7109375 0.009375 0.011458333333333333
0 0.33984375 0.7098958333333333 0.009375 0.011458333333333333
0 0.703515625 0.7088541666666667 0.01015625 0.013541666666666667
0 0.4859375 0.7083333333333334 0.009375 0.0125
0 0.57421875 0.7078125 0.009375 0.013541666666666667
0 0.55703125 0.7041666666666667 0.009375 0.0125
0 0.5234375 0.7010416666666667 0.009375 0.0125
0 0.455078125 0.6963541666666667 0.00859375 0.011458333333333333
0 0.502734375 0.6927083333333334 0.00859375 0.0125
0 0.355078125 0.690625 0.00859375 0.0125
0 0.333203125 0.6885416666666667 0.00859375 0.010416666666666666
0 0.65703125 0.6890625 0.009375 0.013541666666666667
0 0.543359375 0.6859375 0.00859375 0.013541666666666667
0 0.301953125 0.684375 0.00859375 0.0125
0 0.52734375 0.678125 0.009375 0.0125
0 0.82734375 0.675 0.0109375 0.0125
0 0.426171875 0.6739583333333333 0.00859375 0.0125
0 0.559375 0.6729166666666667 0.009375 0.0125
0 0.784375 0.6713541666666667 0.0109375 0.011458333333333333
0 0.486328125 0.6708333333333333 0.00859375 0.0125
0 0.504296875 0.6692708333333334 0.00859375 0.011458333333333333
0 0.2671875 0.6666666666666666 0.009375 0.0125
0 0.383203125 0.6635416666666667 0.00859375 0.0125
0 0.442578125 0.6619791666666667 0.00859375 0.011458333333333333
0 0.650390625 0.6614583333333334 0.00859375 0.0125
0 0.302734375 0.6609375 0.00859375 0.011458333333333333
0 0.79921875 0.659375 0.0109375 0.0125
0 0.4015625 0.6536458333333334 0.009375 0.011458333333333333
0 0.5171875 0.6526041666666667 0.009375 0.011458333333333333
0 0.565234375 0.6510416666666666 0.00859375 0.0125
0 0.370703125 0.646875 0.00859375 0.0125
0 0.258984375 0.6453125 0.00859375 0.011458333333333333
0 0.31640625 0.64375 0.009375 0.0125
0 0.27734375 0.6401041666666667 0.009375 0.009375
0 0.333984375 0.6380208333333334 0.00859375 0.011458333333333333
0 0.549609375 0.6354166666666666 0.00859375 0.0125
0 0.505078125 0.6328125 0.00859375 0.011458333333333333
0 0.57265625 0.6307291666666667 0.0078125 0.011458333333333333
0 0.532421875 0.63125 0.00859375 0.0125
0 0.80546875 0.6286458333333333 0.0109375 0.013541666666666667
0 0.82890625 0.6260416666666667 0.009375 0.0125
0 0.633984375 0.6171875 0.00859375 0.011458333333333333
0 0.51875 0.6166666666666667 0.0078125 0.010416666666666666
0 0.34140625 0.615625 0.009375 0.0125
0 0.554296875 0.6135416666666667 0.00859375 0.0125
0 0.32109375 0.6125 0.009375 0.0125
0 0.814453125 0.6109375 0.01171875 0.013541666666666667
0 0.537890625 0.60625 0.00859375 0.0125
0 0.219921875 0.6046875 0.00859375 0.011458333333333333
0 0.3546875 0.5994791666666667 0.009375 0.011458333333333333
0 0.42265625 0.5869791666666667 0.0078125 0.011458333333333333
0 0.525 0.5838541666666667 0.0078125 0.011458333333333333
0 0.400390625 0.5833333333333334 0.00859375 0.010416666666666666
0 0.502734375 0.5817708333333333 0.00703125 0.011458333333333333
0 0.365234375 0.5807291666666666 0.00859375 0.011458333333333333
0 0.445703125 0.5802083333333333 0.00859375 0.0125
0 0.5640625 0.5786458333333333 0.0078125 0.011458333333333333
0 0.791015625 0.5770833333333333 0.01015625 0.0125
0 0.54921875 0.5671875 0.0078125 0.011458333333333333
0 0.293359375 0.5671875 0.00859375 0.011458333333333333
0 0.480078125 0.565625 0.00859375 0.010416666666666666
0 0.388671875 0.5661458333333333 0.00859375 0.011458333333333333
0 0.8046875 0.5651041666666666 0.0109375 0.011458333333333333
0 0.2671875 0.565625 0.009375 0.0125
0 0.31953125 0.5614583333333333 0.009375 0.0125
0 0.45 0.55625 0.0078125 0.010416666666666666
0 0.423046875 0.5541666666666667 0.00859375 0.010416666666666666
0 0.40546875 0.5536458333333333 0.009375 0.011458333333333333
0 0.35546875 0.5526041666666667 0.0078125 0.011458333333333333
0 0.49296875 0.5510416666666667 0.0078125 0.010416666666666666
0 0.247265625 0.5515625 0.00859375 0.011458333333333333
0 0.847265625 0.5442708333333334 0.00859375 0.011458333333333333
0 0.38984375 0.5432291666666667 0.009375 0.011458333333333333
0 0.37421875 0.5348958333333333 0.009375 0.011458333333333333
0 0.18984375 0.5333333333333333 0.0078125 0.010416666666666666
0 0.408203125 0.5307291666666667 0.00859375 0.011458333333333333
0 0.24765625 0.5286458333333334 0.009375 0.011458333333333333
0 0.213671875 0.5286458333333334 0.00859375 0.011458333333333333
0 0.609765625 0.5270833333333333 0.00703125 0.010416666666666666
0 0.44140625 0.5265625 0.0078125 0.011458333333333333
0 0.26640625 0.5239583333333333 0.009375 0.010416666666666666
0 0.456640625 0.5161458333333333 0.00859375 0.011458333333333333
0 0.22890625 0.5151041666666667 0.009375 0.009375
0 0.419921875 0.5151041666666667 0.00859375 0.011458333333333333
0 0.20078125 0.5151041666666667 0.009375 0.011458333333333333
0 0.55078125 0.5036458333333333 0.0078125 0.009375
0 0.216015625 0.5015625 0.00859375 0.011458333333333333
0 0.51640625 0.4979166666666667 0.0078125 0.010416666666666666
0 0.440234375 0.496875 0.00859375 0.0125
0 0.46796875 0.4953125 0.0078125 0.011458333333333333
0 0.233984375 0.49375 0.01015625 0.010416666666666666
0 0.409765625 0.490625 0.00703125 0.010416666666666666
0 0.205859375 0.48489583333333336 0.00859375 0.011458333333333333
0 0.705859375 0.4817708333333333 0.00859375 0.011458333333333333
0 0.356640625 0.4791666666666667 0.00859375 0.010416666666666666
0 0.665625 0.478125 0.009375 0.010416666666666666
0 0.4375 0.4765625 0.0078125 0.011458333333333333
0 0.3984375 0.475 0.009375 0.010416666666666666
0 0.68046875 0.471875 0.009375 0.010416666666666666
0 0.184375 0.47239583333333335 0.009375 0.011458333333333333
0 0.56171875 0.46875 0.0078125 0.010416666666666666
0 0.40390625 0.45416666666666666 0.0078125 0.010416666666666666
0 0.34765625 0.453125 0.0078125 0.010416666666666666
0 0.53125 0.44895833333333335 0.0078125 0.010416666666666666
0 0.230859375 0.4479166666666667 0.00859375 0.010416666666666666
0 0.42578125 0.44583333333333336 0.0078125 0.010416666666666666
0 0.44609375 0.44479166666666664 0.0078125 0.010416666666666666
0 0.3015625 0.44479166666666664 0.0078125 0.010416666666666666
0 0.838671875 0.4432291666666667 0.02734375 0.011458333333333333
0 0.769140625 0.43802083333333336 0.00078125 0.0010416666666666667
0 0.38828125 0.4421875 0.0078125 0.009375
0 0.27265625 0.4432291666666667 0.009375 0.011458333333333333
0 0.462890625 0.4359375 0.00859375 0.011458333333333333
0 0.4109375 0.434375 0.0078125 0.010416666666666666
0 0.768359375 0.4317708333333333 0.00703125 0.011458333333333333
0 0.520703125 0.43125 0.00859375 0.010416666666666666
0 0.664453125 0.4239583333333333 0.00859375 0.010416666666666666
0 0.5375 0.42291666666666666 0.0078125 0.010416666666666666
0 0.615625 0.421875 0.0078125 0.010416666666666666
0 0.424609375 0.421875 0.00859375 0.010416666666666666
0 0.331640625 0.4203125 0.00859375 0.011458333333333333
0 0.371875 0.41822916666666665 0.0078125 0.011458333333333333
0 0.794921875 0.41458333333333336 0.01015625 0.0125
0 0.58203125 0.41354166666666664 0.0078125 0.010416666666666666
0 0.4625 0.41458333333333336 0.0078125 0.0125
0 0.187109375 0.403125 0.00859375 0.010416666666666666
0 0.6109375 0.4 0.0078125 0.010416666666666666
0 0.881640625 0.3932291666666667 0.00703125 0.009375
0 0.212109375 0.39427083333333335 0.00859375 0.011458333333333333
0 0.512890625 0.3927083333333333 0.00859375 0.010416666666666666
0 0.46328125 0.3932291666666667 0.0078125 0.011458333333333333
0 0.8140625 0.39166666666666666 0.0078125 0.010416666666666666
0 0.796875 0.3885416666666667 0.009375 0.010416666666666666
0 0.596875 0.3885416666666667 0.0078125 0.010416666666666666
0 0.265234375 0.37864583333333335 0.00859375 0.011458333333333333
0 0.48359375 0.37604166666666666 0.0078125 0.010416666666666666
0 0.86328125 0.3765625 0.0265625 0.015625
0 0.519921875 0.3723958333333333 0.00703125 0.009375
0 0.54453125 0.3703125 0.0078125 0.011458333333333333
0 0.7609375 0.3729166666666667 0.0203125 0.027083333333333334
0 0.5515625 0.3541666666666667 0.0078125 0.0125
0 0.4828125 0.35104166666666664 0.0078125 0.010416666666666666
0 0.685546875 0.35052083333333334 0.01015625 0.011458333333333333
0 0.353125 0.3494791666666667 0.0078125 0.011458333333333333
0 0.276171875 0.35 0.00859375 0.0125
0 0.700390625 0.3463541666666667 0.01015625 0.011458333333333333
0 0.447265625 0.3453125 0.00859375 0.011458333333333333
0 0.8203125 0.34479166666666666 0.0109375 0.0125
0 0.787890625 0.34010416666666665 0.01015625 0.011458333333333333
0 0.5640625 0.3234375 0.0078125 0.009375
0 0.3390625 0.3171875 0.0078125 0.011458333333333333
0 0.384375 0.31197916666666664 0.0078125 0.011458333333333333
0 0.5078125 0.30885416666666665 0.0078125 0.011458333333333333
0 0.494140625 0.2984375 0.00859375 0.009375
0 0.786328125 0.29739583333333336 0.01015625 0.011458333333333333
0 0.74296875 0.2921875 0.009375 0.011458333333333333
0 0.7046875 0.28854166666666664 0.009375 0.010416666666666666
0 0.683203125 0.2859375 0.00859375 0.011458333333333333
0 0.240625 0.2833333333333333 0.009375 0.0125
0 0.281640625 0.2755208333333333 0.00859375 0.011458333333333333
0 0.759375 0.27239583333333334 0.009375 0.011458333333333333
0 0.244921875 0.2640625 0.00859375 0.013541666666666667
0 0.355859375 0.25833333333333336 0.00859375 0.010416666666666666
0 0.5125 0.25625 0.0078125 0.010416666666666666
0 0.49921875 0.24427083333333333 0.0078125 0.011458333333333333
0 0.246484375 0.23385416666666667 0.00859375 0.011458333333333333
