0 0.49609375 0.8520833333333333 0.003125 0.0020833333333333333
0 0.36015625 0.8510416666666667 0.0015625 0.0020833333333333333
0 0.5375 0.8510416666666667 0.0046875 0.004166666666666667
0 0.398046875 0.8484375 0.00078125 0.0010416666666666667
0 0.51015625 0.8416666666666667 0.003125 0.0020833333333333333
0 0.337890625 0.8442708333333333 0.00703125 0.009375
0 0.432421875 0.8260416666666667 0.00234375 0.0020833333333333333
0 0.390234375 0.8260416666666667 0.00234375 0.004166666666666667
0 0.463671875 0.8213541666666667 0.00078125 0.0010416666666666667
0 0.4109375 0.8151041666666666 0.003125 0.0010416666666666667
0 0.3640625 0.8114583333333333 0.003125 0.00625
0 0.448046875 0.8036458333333333 0.00390625 0.003125
0 0.425390625 0.8020833333333334 0.00234375 0.0020833333333333333
0 0.491015625 0.796875 0.00234375 0.0020833333333333333
0 0.39453125 0.7973958333333333 0.0046875 0.011458333333333333
0 0.349609375 0.7953125 0.00703125 0.007291666666666667
0 0.41171875 0.7869791666666667 0.003125 0.0010416666666666667
0 0.36875 0.7859375 0.003125 0.003125
0 0.524609375 0.7817708333333333 0.00078125 0.0010416666666666667
0 0.44609375 0.7807291666666667 0.0015625 0.0010416666666666667
0 0.427734375 0.7755208333333333 0.00390625 0.003125
0 0.39921875 0.7713541666666667 0.0015625 0.0010416666666666667
0 0.462890625 0.7703125 0.00390625 0.003125
0 0.325390625 0.7729166666666667 0.01015625 0.010416666666666666
0 0.38125 0.7692708333333333 0.0046875 0.005208333333333333
0 0.3546875 0.76875 0.0046875 0.00625
0 0.515234375 0.759375 0.00390625 0.0020833333333333333
0 0.559375 0.7578125 0.0015625 0.0010416666666666667
0 0.442578125 0.7578125 0.00234375 0.0010416666666666667
0 0.409375 0.75625 0.003125 0.004166666666666667
0 0.41171875 0.7526041666666666 0.0015625 0.0010416666666666667
0 0.3921875 0.7489583333333333 0.003125 0.004166666666666667
0 0.4703125 0.7489583333333333 0.0046875 0.008333333333333333
0 0.313671875 0.7505208333333333 0.00703125 0.013541666666666667
0 0.52734375 0.7416666666666667 0.003125 0.0020833333333333333
0 0.2703125 0.7447916666666666 0.0046875 0.008333333333333333
0 0.4546875 0.7395833333333334 0.003125 0.0020833333333333333
0 0.27265625 0.7375 0.0015625 0.0020833333333333333
0 0.190625 0.7369791666666666 0.0015625 0.0010416666666666667
0 0.5109375 0.7322916666666667 0.0046875 0.0020833333333333333
0 0.327734375 0.7338541666666667 0.00703125 0.011458333333333333
0 0.400390625 0.7276041666666667 0.00390625 0.005208333333333333
0 0.3828125 0.725 0.003125 0.004166666666666667
0 0.30546875 0.7265625 0.00625 0.007291666666666667
0 0.344921875 0.7255208333333333 0.00390625 0.007291666666666667
0 0.492578125 0.7223958333333333 0.00390625 0.005208333333333333
0 0.44296875 0.7213541666666666 0.0046875 0.003125
0 0.475390625 0.7208333333333333 0.00546875 0.004166666666666667
0 0.59765625 0.7182291666666667 0.003125 0.0010416666666666667
0 0.366015625 0.7192708333333333 0.00234375 0.003125
0 0.425390625 0.7203125 0.00546875 0.007291666666666667
0 0.5796875 0.7171875 0.003125 0.003125
0 0.183203125 0.7161458333333334 0.00078125 0.0010416666666666667
0 0.55625 0.7161458333333334 0.0015625 0.003125
0 0.2015625 0.7140625 0.0015625 0.003125
0 0.620703125 0.7130208333333333 0.00546875 0.003125
0 0.63828125 0.709375 0.003125 0.0020833333333333333
0 0.32578125 0.7083333333333334 0.003125 0.004166666666666667
0 0.664453125 0.7052083333333333 0.00234375 0.0020833333333333333
0 0.253125 0.7098958333333333 0.00625 0.011458333333333333
0 0.50546875 0.70625 0.0046875 0.00625
0 0.353515625 0.7046875 0.00390625 0.003125
0 0.3078125 0.7026041666666667 0.0015625 0.0010416666666666667
0 0.458203125 0.7020833333333333 0.00234375 0.0020833333333333333
0 0.4375 0.6984375 0.0015625 0.0010416666666666667
0 0.4890625 0.6973958333333333 0.003125 0.003125
0 0.3703125 0.6958333333333333 0.0015625 0.0020833333333333333
0 0.6078125 0.6953125 0.003125 0.003125
0 0.692578125 0.6932291666666667 0.00078125 0.0010416666666666667
0 0.535546875 0.6942708333333333 0.00390625 0.003125
0 0.579296875 0.6901041666666666 0.00390625 0.005208333333333333
0 0.337890625 0.6895833333333333 0.00234375 0.004166666666666667
0 0.470703125 0.6885416666666667 0.00546875 0.008333333333333333
0 0.301953125 0.6776041666666667 0.00078125 0.0010416666666666667
0 0.5515625 0.6713541666666667 0.0015625 0.003125
0 0.484765625 0.6723958333333333 0.00546875 0.005208333333333333
0 0.549609375 0.6692708333333334 0.00078125 0.0010416666666666667
0 0.531640625 0.671875 0.00546875 0.00625
0 0.4984375 0.6572916666666667 0.00625 0.00625
0 0.265234375 0.6546875 0.00078125 0.0010416666666666667
0 0.298828125 0.6515625 0.00078125 0.0010416666666666667
0 0.544921875 0.6489583333333333 0.00390625 0.004166666666666667
0 0.42265625 0.646875 0.003125 0.0020833333333333333
0 0.329296875 0.6463541666666667 0.00078125 0.0010416666666666667
0 0.375390625 0.6432291666666666 0.00234375 0.0010416666666666667
0 0.34609375 0.6401041666666667 0.0015625 0.0010416666666666667
0 0.437890625 0.6317708333333333 0.00390625 0.0010416666666666667
0 0.498046875 0.634375 0.00703125 0.008333333333333333
0 0.746875 0.6286458333333333 0.0015625 0.0010416666666666667
0 0.3625 0.6270833333333333 0.0015625 0.0020833333333333333
0 0.406640625 0.6239583333333333 0.00234375 0.004166666666666667
0 0.382421875 0.6223958333333334 0.00078125 0.0010416666666666667
0 0.423046875 0.6192708333333333 0.00234375 0.003125
0 0.619140625 0.6177083333333333 0.00390625 0.004166666666666667
0 0.328125 0.6140625 0.0015625 0.0010416666666666667
0 0.449609375 0.6135416666666667 0.00234375 0.0020833333333333333
0 0.290625 0.6135416666666667 0.0015625 0.0020833333333333333
0 0.34609375 0.6083333333333333 0.0015625 0.0020833333333333333
0 0.365234375 0.6041666666666666 0.00234375 0.0020833333333333333
0 0.487109375 0.6067708333333334 0.00546875 0.009375
0 0.248046875 0.5984375 0.00078125 0.0010416666666666667
0 0.423828125 0.5979166666666667 0.00390625 0.0020833333333333333
0 0.266015625 0.5963541666666666 0.00234375 0.0010416666666666667
0 0.30234375 0.5942708333333333 0.0015625 0.0010416666666666667
0 0.377734375 0.5890625 0.00390625 0.003125
0 0.57421875 0.5875 0.00625 0.010416666666666666
0 0.293359375 0.5734375 0.00078125 0.0010416666666666667
0 0.31328125 0.5723958333333333 0.0015625 0.0010416666666666667
0 0.367578125 0.5682291666666667 0.00234375 0.0010416666666666667
0 0.38828125 0.5645833333333333 0.003125 0.0020833333333333333
0 0.349609375 0.5640625 0.00078125 0.0010416666666666667
0 0.2671875 0.5536458333333333 0.0015625 0.0010416666666666667
0 0.5625 0.5541666666666667 0.00625 0.008333333333333333
0 0.30234375 0.5510416666666667 0.0015625 0.004166666666666667
0 0.233203125 0.5484375 0.00078125 0.0010416666666666667
0 0.470703125 0.5479166666666667 0.00546875 0.010416666666666666
0 0.56015625 0.5307291666666667 0.00625 0.005208333333333333
0 0.353515625 0.528125 0.00234375 0.0020833333333333333
0 0.241015625 0.5260416666666666 0.00078125 0.0020833333333333333
0 0.468359375 0.5234375 0.00234375 0.0010416666666666667
0 0.37109375 0.5213541666666667 0.0015625 0.005208333333333333
0 0.3875 0.515625 0.003125 0.0020833333333333333
0 0.31953125 0.4984375 0.0015625 0.0010416666666666667
0 0.43828125 0.49895833333333334 0.0046875 0.00625
0 0.4546875 0.49583333333333335 0.003125 0.004166666666666667
0 0.3359375 0.49322916666666666 0.0015625 0.0010416666666666667
0 0.352734375 0.4859375 0.00234375 0.003125
0 0.27734375 0.4791666666666667 0.0015625 0.0020833333333333333
0 0.421875 0.47708333333333336 0.00625 0.008333333333333333
0 0.37578125 0.47239583333333335 0.0046875 0.007291666666666667
0 0.549609375 0.4640625 0.00546875 0.011458333333333333
0 0.283984375 0.4588541666666667 0.00078125 0.0010416666666666667
0 0.301953125 0.4583333333333333 0.00390625 0.0020833333333333333
0 0.41953125 0.453125 0.00625 0.00625
0 0.383984375 0.4505208333333333 0.00078125 0.003125
0 0.566796875 0.4515625 0.00546875 0.007291666666666667
0 0.694140625 0.4432291666666667 0.00390625 0.003125
0 0.293359375 0.4401041666666667 0.00078125 0.0010416666666666667
0 0.35703125 0.4244791666666667 0.0046875 0.005208333333333333
0 0.3125 0.41510416666666666 0.0015625 0.0010416666666666667
0 0.245703125 0.40520833333333334 0.00078125 0.0020833333333333333
0 0.3265625 0.4015625 0.0015625 0.003125
0 0.2875 0.39947916666666666 0.0015625 0.0010416666666666667
0 0.616015625 0.3921875 0.00234375 0.0010416666666666667
0 0.588671875 0.3921875 0.00546875 0.005208333333333333
0 0.49296875 0.3848958333333333 0.003125 0.005208333333333333
0 0.386328125 0.38385416666666666 0.00546875 0.005208333333333333
0 0.2765625 0.38177083333333334 0.0015625 0.003125
0 0.21796875 0.3802083333333333 0.0015625 0.0020833333333333333
0 0.33203125 0.37395833333333334 0.003125 0.0020833333333333333
0 0.2921875 0.37395833333333334 0.003125 0.004166666666666667
0 0.573828125 0.37552083333333336 0.00546875 0.009375
0 0.604296875 0.3729166666666667 0.00703125 0.00625
0 0.31171875 0.371875 0.0015625 0.004166666666666667
0 0.634375 0.371875 0.0078125 0.00625
0 0.348828125 0.3703125 0.00234375 0.005208333333333333
0 0.454296875 0.36354166666666665 0.00390625 0.004166666666666667
0 0.270703125 0.3609375 0.00234375 0.005208333333333333
0 0.371484375 0.35885416666666664 0.00703125 0.005208333333333333
0 0.29921875 0.3546875 0.0015625 0.0010416666666666667
0 0.581640625 0.35520833333333335 0.00703125 0.008333333333333333
0 0.315625 0.35052083333333334 0.003125 0.003125
0 0.442578125 0.34739583333333335 0.00546875 0.007291666666666667
0 0.2828125 0.34479166666666666 0.0015625 0.0020833333333333333
0 0.35078125 0.3328125 0.0015625 0.005208333333333333
0 0.5640625 0.3296875 0.00625 0.007291666666666667
0 0.70625 0.31979166666666664 0.0015625 0.0020833333333333333
0 0.219140625 0.31927083333333334 0.00078125 0.0010416666666666667
0 0.680078125 0.3177083333333333 0.00234375 0.004166666666666667
0 0.53125 0.31927083333333334 0.00625 0.007291666666666667
0 0.5515625 0.3171875 0.003125 0.005208333333333333
0 0.33828125 0.31666666666666665 0.0015625 0.004166666666666667
0 0.423046875 0.31354166666666666 0.00546875 0.004166666666666667
0 0.45234375 0.30885416666666665 0.00625 0.007291666666666667
0 0.668359375 0.3046875 0.00078125 0.0010416666666666667
0 0.325 0.3046875 0.0015625 0.003125
0 0.36640625 0.3020833333333333 0.003125 0.0020833333333333333
0 0.43671875 0.3015625 0.003125 0.005208333333333333
0 0.41484375 0.29270833333333335 0.0046875 0.00625
0 0.37890625 0.28802083333333334 0.0015625 0.0010416666666666667
0 0.6203125 0.290625 0.0078125 0.008333333333333333
0 0.55078125 0.2890625 0.0046875 0.005208333333333333
0 0.530078125 0.2869791666666667 0.00546875 0.005208333333333333
0 0.327734375 0.284375 0.00234375 0.0020833333333333333
0 0.445703125 0.2796875 0.00234375 0.0010416666666666667
0 0.36015625 0.28125 0.0015625 0.004166666666666667
0 0.443359375 0.2786458333333333 0.00078125 0.0010416666666666667
0 0.393359375 0.27708333333333335 0.00234375 0.004166666666666667
0 0.56171875 0.26875 0.0046875 0.00625
0 0.37109375 0.26510416666666664 0.0046875 0.003125
0 0.58984375 0.2630208333333333 0.0046875 0.003125
0 0.328125 0.2625 0.003125 0.004166666666666667
0 0.43125 0.2625 0.0046875 0.00625
0 0.41484375 0.2609375 0.0046875 0.003125
0 0.454296875 0.2604166666666667 0.00390625 0.004166666666666667
0 0.4 0.25729166666666664 0.003125 0.0020833333333333333
0 0.300390625 0.2557291666666667 0.00078125 0.0010416666666666667
0 0.355078125 0.25677083333333334 0.00390625 0.005208333333333333
0 0.441796875 0.2484375 0.00390625 0.0010416666666666667
0 0.385546875 0.24791666666666667 0.00234375 0.0020833333333333333
0 0.525390625 0.24791666666666667 0.00703125 0.00625
0 0.333984375 0.24322916666666666 0.00078125 0.0010416666666666667
0 0.36796875 0.24375 0.003125 0.004166666666666667
0 0.31640625 0.24270833333333333 0.0015625 0.004166666666666667
0 0.680859375 0.240625 0.00234375 0.004166666666666667
0 0.409765625 0.2390625 0.00234375 0.0010416666666666667
0 0.43203125 0.2296875 0.0046875 0.005208333333333333
0 0.615234375 0.22916666666666666 0.00390625 0.00625
0 0.34921875 0.225 0.0015625 0.004166666666666667
0 0.482421875 0.22604166666666667 0.00703125 0.008333333333333333
0 0.448046875 0.22291666666666668 0.00390625 0.0020833333333333333
0 0.589453125 0.22447916666666667 0.00546875 0.009375
0 0.33515625 0.21875 0.003125 0.004166666666666667
0 0.211328125 0.2125 0.00390625 0.004166666666666667
0 0.2578125 0.20833333333333334 0.003125 0.004166666666666667
0 0.436328125 0.20885416666666667 0.00390625 0.007291666666666667
0 0.326171875 0.20260416666666667 0.00078125 0.0010416666666666667
0 0.625390625 0.20260416666666667 0.00234375 0.005208333333333333
0 0.280078125 0.19375 0.00234375 0.0020833333333333333
0 0.397265625 0.19375 0.00546875 0.00625
0 0.3125 0.18697916666666667 0.0015625 0.005208333333333333
0 0.447265625 0.184375 0.00546875 0.00625
0 0.459765625 0.16041666666666668 0.00390625 0.00625
