0 0.331640625 0.9244791666666666 0.01015625 0.015625
0 0.433203125 0.8260416666666667 0.00859375 0.0125
0 0.68203125 0.8203125 0.009375 0.013541666666666667
0 0.505078125 0.8130208333333333 0.00859375 0.013541666666666667
0 0.569921875 0.8083333333333333 0.00859375 0.0125
0 0.33203125 0.8057291666666667 0.009375 0.013541666666666667
0 0.590234375 0.8041666666666667 0.00859375 0.0125
0 0.521484375 0.803125 0.00859375 0.0125
0 0.6265625 0.8015625 0.009375 0.013541666666666667
0 0.187109375 0.8 0.00703125 0.010416666666666666
0 0.7015625 0.8005208333333333 0.009375 0.013541666666666667
0 0.73046875 0.7947916666666667 0.009375 0.0125
0 0.68359375 0.7932291666666667 0.009375 0.013541666666666667
0 0.53828125 0.7932291666666667 0.009375 0.013541666666666667
0 0.665625 0.7854166666666667 0.009375 0.0125
0 0.856640625 0.7833333333333333 0.01015625 0.0125
0 0.563671875 0.7822916666666667 0.00859375 0.0125
0 0.632421875 0.7791666666666667 0.00859375 0.0125
0 0.61484375 0.7791666666666667 0.009375 0.0125
0 0.492578125 0.7739583333333333 0.00859375 0.0125
0 0.75859375 0.76875 0.009375 0.0125
0 0.679296875 0.76875 0.00859375 0.0125
0 0.544140625 0.7677083333333333 0.00859375 0.0125
0 0.653125 0.7666666666666667 0.009375 0.0125
0 0.583203125 0.7666666666666667 0.00859375 0.0125
0 0.600390625 0.7635416666666667 0.00859375 0.0125
0 0.508203125 0.7588541666666667 0.00859375 0.011458333333333333
0 0.434375 0.7588541666666667 0.009375 0.013541666666666667
0 0.709375 0.7567708333333333 0.0078125 0.013541666666666667
0 0.3984375 0.75625 0.009375 0.0125
0 0.740234375 0.753125 0.01015625 0.0125
0 0.633203125 0.7520833333333333 0.01015625 0.0125
0 0.819140625 0.7510416666666667 0.01015625 0.0125
0 0.61640625 0.7515625 0.009375 0.013541666666666667
0 0.8796875 0.75 0.0109375 0.0125
0 0.45546875 0.7505208333333333 0.009375 0.013541666666666667
0 0.66796875 0.7489583333333333 0.009375 0.0125
0 0.36328125 0.7484375 0.009375 0.013541666666666667
0 0.693359375 0.7453125 0.00859375 0.011458333333333333
0 0.723046875 0.7447916666666666 0.01015625 0.0125
0 0.65 0.7427083333333333 0.009375 0.0125
0 0.552734375 0.7421875 0.00859375 0.011458333333333333
0 0.840234375 0.7385416666666667 0.01015625 0.0125
0 0.441796875 0.7359375 0.00859375 0.011458333333333333
0 0.707421875 0.7322916666666667 0.00859375 0.0125
0 0.587890625 0.73125 0.00859375 0.0125
0 0.4796875 0.73125 0.009375 0.0125
0 0.625 0.7302083333333333 0.009375 0.0125
0 0.568359375 0.7302083333333333 0.00859375 0.0125
0 0.530859375 0.7296875 0.00859375 0.011458333333333333
0 0.680078125 0.728125 0.01015625 0.0125
0 0.498828125 0.728125 0.00859375 0.0125
0 0.375 0.728125 0.009375 0.0125
0 0.66015625 0.7244791666666667 0.009375 0.011458333333333333
0 0.64140625 0.7171875 0.009375 0.011458333333333333
0 0.358203125 0.7177083333333333 0.00859375 0.0125
0 0.83828125 0.7145833333333333 0.0109375 0.0125
0 0.8 0.7135416666666666 0.0109375 0.0125
0 0.340234375 0.7130208333333333 0.00859375 0.011458333333333333
0 0.597265625 0.7109375 0.00859375 0.011458333333333333
0 0.70546875 0.7098958333333333 0.009375 0.011458333333333333
0 0.4875 0.7098958333333333 0.009375 0.011458333333333333
0 0.57578125 0.709375 0.0078125 0.0125
0 0.55859375 0.7057291666666666 0.009375 0.011458333333333333
0 0.524609375 0.703125 0.00859375 0.0125
0 0.456640625 0.6973958333333333 0.00859375 0.011458333333333333
0 0.5046875 0.6942708333333333 0.009375 0.011458333333333333
0 0.35546875 0.6921875 0.009375 0.011458333333333333
0 0.333203125 0.690625 0.00859375 0.010416666666666666
0 0.658203125 0.6895833333333333 0.00859375 0.0125
0 0.544921875 0.6869791666666667 0.00859375 0.011458333333333333
0 0.3015625 0.6864583333333333 0.009375 0.0125
0 0.528515625 0.6796875 0.00859375 0.011458333333333333
0 0.82890625 0.675 0.0109375 0.0125
0 0.4265625 0.6744791666666666 0.0078125 0.011458333333333333
0 0.5609375 0.6739583333333333 0.0078125 0.0125
0 0.4875 0.6723958333333333 0.0078125 0.011458333333333333
0 0.785546875 0.6708333333333333 0.01015625 0.0125
0 0.50546875 0.6703125 0.0078125 0.011458333333333333
0 0.266796875 0.66875 0.00859375 0.0125
0 0.383984375 0.6651041666666667 0.00859375 0.011458333333333333
0 0.444140625 0.6630208333333333 0.00859375 0.011458333333333333
0 0.651953125 0.6619791666666667 0.00859375 0.011458333333333333
0 0.302734375 0.6625 0.00859375 0.0125
0 0.801171875 0.659375 0.01015625 0.0125
0 0.401953125 0.6552083333333333 0.00859375 0.0125
0 0.51796875 0.6536458333333334 0.0078125 0.011458333333333333
0 0.566796875 0.6520833333333333 0.00859375 0.0125
0 0.370703125 0.6489583333333333 0.00859375 0.0125
0 0.258203125 0.6473958333333333 0.00859375 0.011458333333333333
0 0.316015625 0.6453125 0.00859375 0.011458333333333333
0 0.2765625 0.6427083333333333 0.009375 0.010416666666666666
0 0.333984375 0.6395833333333333 0.00859375 0.0125
0 0.551171875 0.6359375 0.00859375 0.011458333333333333
0 0.50625 0.6338541666666667 0.0078125 0.011458333333333333
0 0.57421875 0.6317708333333333 0.0078125 0.011458333333333333
0 0.533984375 0.6317708333333333 0.00859375 0.011458333333333333
0 0.807421875 0.6286458333333333 0.01015625 0.011458333333333333
0 0.83203125 0.6260416666666667 0.00625 0.010416666666666666
0 0.635546875 0.6177083333333333 0.00859375 0.010416666666666666
0 0.5203125 0.6171875 0.0078125 0.011458333333333333
0 0.341015625 0.6171875 0.00859375 0.011458333333333333
0 0.555859375 0.6140625 0.00859375 0.011458333333333333
0 0.320703125 0.6135416666666667 0.00859375 0.0125
0 0.8140625 0.6104166666666667 0.00625 0.0125
0 0.539453125 0.6067708333333334 0.00859375 0.011458333333333333
0 0.218359375 0.6067708333333334 0.00859375 0.011458333333333333
0 0.3546875 0.6005208333333333 0.009375 0.011458333333333333
0 0.4234375 0.5880208333333333 0.0078125 0.011458333333333333
0 0.5265625 0.584375 0.0078125 0.010416666666666666
0 0.40078125 0.584375 0.0078125 0.010416666666666666
0 0.50390625 0.5828125 0.0078125 0.011458333333333333
0 0.36484375 0.5822916666666667 0.0078125 0.010416666666666666
0 0.44609375 0.5807291666666666 0.0078125 0.011458333333333333
0 0.565625 0.5791666666666667 0.0078125 0.010416666666666666
0 0.792578125 0.5765625 0.01015625 0.011458333333333333
0 0.292578125 0.56875 0.00859375 0.010416666666666666
0 0.55078125 0.5677083333333334 0.0078125 0.010416666666666666
0 0.389453125 0.5671875 0.00859375 0.011458333333333333
0 0.266015625 0.5671875 0.00859375 0.011458333333333333
0 0.480859375 0.5661458333333333 0.00859375 0.011458333333333333
0 0.806640625 0.5651041666666666 0.01015625 0.011458333333333333
0 0.319140625 0.5619791666666667 0.00859375 0.011458333333333333
0 0.45078125 0.5567708333333333 0.0078125 0.011458333333333333
0 0.423828125 0.5546875 0.00859375 0.011458333333333333
0 0.405859375 0.5541666666666667 0.00859375 0.010416666666666666
0 0.35546875 0.553125 0.0078125 0.010416666666666666
0 0.245703125 0.5526041666666667 0.00859375 0.011458333333333333
0 0.49375 0.5510416666666667 0.0078125 0.010416666666666666
0 0.390234375 0.54375 0.00859375 0.010416666666666666
0 0.849609375 0.5432291666666667 0.01015625 0.011458333333333333
0 0.373828125 0.5359375 0.00859375 0.011458333333333333
0 0.187890625 0.534375 0.00859375 0.010416666666666666
0 0.4078125 0.53125 0.0078125 0.010416666666666666
0 0.245703125 0.5291666666666667 0.00859375 0.010416666666666666
0 0.211328125 0.5296875 0.00859375 0.011458333333333333
0 0.611328125 0.5270833333333333 0.00703125 0.010416666666666666
0 0.4421875 0.5265625 0.0078125 0.011458333333333333
0 0.26484375 0.5244791666666667 0.0078125 0.011458333333333333
0 0.227734375 0.5151041666666667 0.00859375 0.007291666666666667
0 0.457421875 0.5161458333333333 0.00859375 0.011458333333333333
0 0.4203125 0.5151041666666667 0.0078125 0.011458333333333333
0 0.198046875 0.5151041666666667 0.00859375 0.011458333333333333
0 0.55234375 0.5036458333333333 0.0078125 0.009375
0 0.213671875 0.5020833333333333 0.00859375 0.010416666666666666
0 0.5171875 0.4973958333333333 0.0078125 0.009375
0 0.440625 0.4973958333333333 0.0078125 0.011458333333333333
0 0.46875 0.49583333333333335 0.0078125 0.010416666666666666
0 0.23203125 0.49375 0.009375 0.010416666666666666
0 0.410546875 0.490625 0.00859375 0.010416666666666666
0 0.203515625 0.48489583333333336 0.00859375 0.011458333333333333
0 0.707421875 0.4817708333333333 0.00859375 0.011458333333333333
0 0.35625 0.4791666666666667 0.0078125 0.010416666666666666
0 0.666796875 0.478125 0.00859375 0.010416666666666666
0 0.4375 0.4765625 0.0078125 0.011458333333333333
0 0.398046875 0.475 0.00859375 0.010416666666666666
0 0.181640625 0.47239583333333335 0.00859375 0.011458333333333333
0 0.682421875 0.4713541666666667 0.00859375 0.011458333333333333
0 0.5625 0.46875 0.0078125 0.010416666666666666
0 0.40390625 0.45416666666666666 0.0078125 0.010416666666666666
0 0.346875 0.453125 0.0078125 0.010416666666666666
0 0.532421875 0.4479166666666667 0.00703125 0.010416666666666666
0 0.228515625 0.4473958333333333 0.00859375 0.011458333333333333
0 0.425390625 0.44635416666666666 0.00703125 0.011458333333333333
0 0.446875 0.44479166666666664 0.0078125 0.010416666666666666
0 0.83046875 0.4427083333333333 0.0078125 0.008333333333333333
0 0.300390625 0.44427083333333334 0.00859375 0.011458333333333333
0 0.8484375 0.4427083333333333 0.009375 0.010416666666666666
0 0.270703125 0.4432291666666667 0.00859375 0.011458333333333333
0 0.38828125 0.44166666666666665 0.0078125 0.010416666666666666
0 0.46328125 0.4348958333333333 0.0078125 0.011458333333333333
0 0.4109375 0.434375 0.0078125 0.010416666666666666
0 0.77109375 0.4317708333333333 0.009375 0.011458333333333333
0 0.521875 0.43072916666666666 0.0078125 0.011458333333333333
0 0.666015625 0.4239583333333333 0.00859375 0.010416666666666666
0 0.53828125 0.421875 0.0078125 0.010416666666666666
0 0.616796875 0.42083333333333334 0.00703125 0.010416666666666666
0 0.424609375 0.42083333333333334 0.00703125 0.010416666666666666
0 0.33046875 0.4197916666666667 0.0078125 0.010416666666666666
0 0.371875 0.41770833333333335 0.0078125 0.010416666666666666
0 0.79609375 0.41354166666666664 0.009375 0.0125
0 0.583203125 0.4125 0.00703125 0.010416666666666666
0 0.4625 0.41354166666666664 0.0078125 0.0125
0 0.183984375 0.40208333333333335 0.00859375 0.010416666666666666
0 0.612109375 0.39895833333333336 0.00703125 0.010416666666666666
0 0.879296875 0.3932291666666667 0.00859375 0.007291666666666667
0 0.209765625 0.3932291666666667 0.00859375 0.011458333333333333
0 0.513671875 0.39166666666666666 0.00703125 0.010416666666666666
0 0.463671875 0.3921875 0.00703125 0.011458333333333333
0 0.816015625 0.390625 0.00703125 0.010416666666666666
0 0.798046875 0.3880208333333333 0.00859375 0.011458333333333333
0 0.59765625 0.3880208333333333 0.0078125 0.011458333333333333
0 0.26328125 0.3776041666666667 0.0078125 0.011458333333333333
0 0.48359375 0.375 0.0078125 0.010416666666666666
0 0.864453125 0.375 0.02578125 0.014583333333333334
0 0.520703125 0.37135416666666665 0.00703125 0.009375
0 0.544921875 0.3697916666666667 0.00703125 0.010416666666666666
0 0.761328125 0.37135416666666665 0.01796875 0.026041666666666668
0 0.551953125 0.35260416666666666 0.00703125 0.011458333333333333
0 0.483203125 0.35 0.00703125 0.010416666666666666
0 0.68671875 0.3484375 0.009375 0.011458333333333333
0 0.351953125 0.3484375 0.00703125 0.011458333333333333
0 0.27421875 0.3484375 0.0078125 0.011458333333333333
0 0.7015625 0.3453125 0.009375 0.011458333333333333
0 0.821484375 0.34322916666666664 0.01015625 0.011458333333333333
0 0.447265625 0.34322916666666664 0.00703125 0.011458333333333333
0 0.78828125 0.3390625 0.0078125 0.011458333333333333
0 0.565234375 0.321875 0.00703125 0.010416666666666666
0 0.3375 0.3151041666666667 0.0078125 0.011458333333333333
0 0.38359375 0.3104166666666667 0.0078125 0.010416666666666666
0 0.508203125 0.3067708333333333 0.00703125 0.009375
0 0.49453125 0.29635416666666664 0.0078125 0.009375
0 0.7875 0.29583333333333334 0.009375 0.010416666666666666
0 0.74375 0.290625 0.009375 0.010416666666666666
0 0.70546875 0.2869791666666667 0.0078125 0.009375
0 0.684375 0.284375 0.009375 0.010416666666666666
0 0.237890625 0.28072916666666664 0.00859375 0.011458333333333333
0 0.2796875 0.27291666666666664 0.0078125 0.010416666666666666
0 0.760546875 0.2708333333333333 0.00859375 0.010416666666666666
0 0.2421875 0.2609375 0.0078125 0.011458333333333333
0 0.3546875 0.2557291666666667 0.0078125 0.011458333333333333
0 0.512890625 0.25416666666666665 0.00703125 0.010416666666666666
0 0.49921875 0.24166666666666667 0.0078125 0.010416666666666666
0 0.24375 0.23072916666666668 0.009375 0.011458333333333333
