0 0.66875 0.784375 0.0078125 0.010416666666666666
0 0.540625 0.784375 0.0078125 0.0125
0 0.615234375 0.78125 0.00703125 0.010416666666666666
0 0.526171875 0.78125 0.00703125 0.010416666666666666
0 0.694140625 0.7802083333333333 0.00703125 0.010416666666666666
0 0.5921875 0.7755208333333333 0.0078125 0.009375
0 0.65625 0.771875 0.0078125 0.010416666666666666
0 0.41484375 0.7713541666666667 0.0078125 0.011458333333333333
0 0.641015625 0.7682291666666666 0.00703125 0.009375
0 0.60546875 0.7671875 0.0078125 0.009375
0 0.536328125 0.7682291666666666 0.00703125 0.011458333333333333
0 0.7171875 0.7651041666666667 0.0078125 0.009375
0 0.463671875 0.7661458333333333 0.00703125 0.011458333333333333
0 0.7015625 0.7645833333333333 0.0078125 0.010416666666666666
0 0.75859375 0.7630208333333334 0.0078125 0.009375
0 0.553515625 0.7635416666666667 0.00703125 0.010416666666666666
0 0.619921875 0.7625 0.00703125 0.010416666666666666
0 0.40234375 0.7609375 0.0078125 0.011458333333333333
0 0.287109375 0.7619791666666667 0.00859375 0.013541666666666667
0 0.676953125 0.7572916666666667 0.00703125 0.010416666666666666
0 0.349609375 0.7572916666666667 0.00859375 0.010416666666666666
0 0.3890625 0.7536458333333333 0.0078125 0.011458333333333333
0 0.44765625 0.7515625 0.0078125 0.011458333333333333
0 0.646484375 0.75 0.00703125 0.010416666666666666
0 0.6640625 0.7484375 0.0078125 0.009375
0 0.54375 0.7479166666666667 0.0078125 0.010416666666666666
0 0.611328125 0.7458333333333333 0.00703125 0.010416666666666666
0 0.465625 0.7442708333333333 0.0078125 0.011458333333333333
0 0.291015625 0.7447916666666666 0.00859375 0.0125
0 0.593359375 0.7427083333333333 0.00703125 0.010416666666666666
0 0.308203125 0.7432291666666667 0.00859375 0.011458333333333333
0 0.762890625 0.740625 0.00703125 0.010416666666666666
0 0.7296875 0.740625 0.0078125 0.010416666666666666
0 0.630859375 0.7411458333333333 0.00703125 0.011458333333333333
0 0.695703125 0.7359375 0.00703125 0.009375
0 0.44296875 0.7338541666666667 0.0078125 0.009375
0 0.341015625 0.7338541666666667 0.00859375 0.011458333333333333
0 0.657421875 0.73125 0.00859375 0.010416666666666666
0 0.642578125 0.7307291666666667 0.00703125 0.009375
0 0.37890625 0.7317708333333334 0.0078125 0.011458333333333333
0 0.61875 0.7302083333333333 0.0078125 0.010416666666666666
0 0.673046875 0.7276041666666667 0.00703125 0.009375
0 0.584375 0.7276041666666667 0.0078125 0.011458333333333333
0 0.464453125 0.7270833333333333 0.00703125 0.010416666666666666
0 0.604296875 0.7260416666666667 0.00703125 0.010416666666666666
0 0.5515625 0.7260416666666667 0.0078125 0.010416666666666666
0 0.71484375 0.7239583333333334 0.0078125 0.010416666666666666
0 0.310546875 0.7239583333333334 0.00859375 0.010416666666666666
0 0.68671875 0.7203125 0.0078125 0.009375
0 0.753125 0.7192708333333333 0.0078125 0.009375
0 0.770703125 0.7161458333333334 0.00703125 0.009375
0 0.627734375 0.715625 0.00703125 0.010416666666666666
0 0.66328125 0.7140625 0.0078125 0.009375
0 0.6484375 0.7140625 0.0078125 0.009375
0 0.298046875 0.7151041666666667 0.00859375 0.011458333333333333
0 0.43203125 0.7135416666666666 0.0078125 0.010416666666666666
0 0.473828125 0.7109375 0.00703125 0.011458333333333333
0 0.275390625 0.7109375 0.00859375 0.011458333333333333
0 0.70859375 0.7072916666666667 0.0078125 0.010416666666666666
0 0.74375 0.7046875 0.0078125 0.009375
0 0.6140625 0.7052083333333333 0.0078125 0.010416666666666666
0 0.444921875 0.7052083333333333 0.00703125 0.010416666666666666
0 0.758203125 0.7020833333333333 0.00703125 0.008333333333333333
0 0.680859375 0.703125 0.00703125 0.010416666666666666
0 0.237890625 0.7036458333333333 0.00859375 0.011458333333333333
0 0.6375 0.7015625 0.0078125 0.009375
0 0.72265625 0.7005208333333334 0.0078125 0.009375
0 0.4859375 0.7010416666666667 0.0078125 0.010416666666666666
0 0.6953125 0.6979166666666666 0.0078125 0.010416666666666666
0 0.551171875 0.6979166666666666 0.00703125 0.010416666666666666
0 0.38984375 0.6979166666666666 0.0078125 0.010416666666666666
0 0.666015625 0.6947916666666667 0.00703125 0.010416666666666666
0 0.601171875 0.6947916666666667 0.00703125 0.010416666666666666
0 0.30234375 0.6932291666666667 0.0078125 0.011458333333333333
0 0.287109375 0.6932291666666667 0.00859375 0.011458333333333333
0 0.4734375 0.6921875 0.0078125 0.011458333333333333
0 0.651953125 0.6895833333333333 0.00703125 0.010416666666666666
0 0.61796875 0.6869791666666667 0.0078125 0.009375
0 0.337890625 0.6869791666666667 0.00859375 0.011458333333333333
0 0.708984375 0.6833333333333333 0.00703125 0.010416666666666666
0 0.6375 0.6822916666666666 0.0078125 0.010416666666666666
0 0.7234375 0.6807291666666667 0.0078125 0.009375
0 0.769921875 0.6796875 0.00703125 0.009375
0 0.73828125 0.6796875 0.0078125 0.009375
0 0.67265625 0.6770833333333334 0.00625 0.010416666666666666
0 0.696875 0.6723958333333333 0.00625 0.009375
0 0.415625 0.6729166666666667 0.0078125 0.010416666666666666
0 0.318359375 0.6734375 0.00859375 0.011458333333333333
0 0.623046875 0.6692708333333334 0.00703125 0.009375
0 0.3328125 0.6697916666666667 0.0078125 0.010416666666666666
0 0.300390625 0.6708333333333333 0.00859375 0.0125
0 0.54140625 0.6666666666666666 0.0078125 0.010416666666666666
0 0.761328125 0.6625 0.00703125 0.008333333333333333
0 0.659375 0.6625 0.0078125 0.010416666666666666
0 0.253515625 0.6619791666666667 0.00703125 0.011458333333333333
0 0.23203125 0.6609375 0.009375 0.011458333333333333
0 0.678125 0.659375 0.0078125 0.010416666666666666
0 0.188671875 0.6671875 0.01640625 0.026041666666666668
0 0.63515625 0.6583333333333333 0.0078125 0.010416666666666666
0 0.310546875 0.6572916666666667 0.00859375 0.010416666666666666
0 0.692578125 0.6536458333333334 0.00703125 0.009375
0 0.7734375 0.6505208333333333 0.00625 0.007291666666666667
0 0.609765625 0.6515625 0.00703125 0.009375
0 0.743359375 0.6494791666666667 0.00703125 0.009375
0 0.4125 0.6489583333333333 0.0078125 0.010416666666666666
0 0.221875 0.6463541666666667 0.009375 0.011458333333333333
0 0.65 0.6442708333333333 0.0078125 0.009375
0 0.24296875 0.64375 0.009375 0.010416666666666666
0 0.70390625 0.6411458333333333 0.0078125 0.009375
0 0.270703125 0.6380208333333334 0.00859375 0.011458333333333333
0 0.718359375 0.6364583333333333 0.00703125 0.010416666666666666
0 0.733203125 0.6348958333333333 0.00703125 0.009375
0 0.68984375 0.6348958333333333 0.0078125 0.009375
0 0.2109375 0.6328125 0.009375 0.011458333333333333
0 0.67578125 0.6270833333333333 0.0078125 0.010416666666666666
0 0.24921875 0.6270833333333333 0.0078125 0.010416666666666666
0 0.233203125 0.6265625 0.00703125 0.011458333333333333
0 0.708203125 0.6229166666666667 0.00703125 0.008333333333333333
0 0.6515625 0.6208333333333333 0.0078125 0.010416666666666666
0 0.18984375 0.61875 0.009375 0.010416666666666666
0 0.69140625 0.6161458333333333 0.0078125 0.009375
0 0.723046875 0.6119791666666666 0.00703125 0.009375
0 0.28046875 0.6114583333333333 0.009375 0.010416666666666666
0 0.246875 0.6083333333333333 0.009375 0.010416666666666666
0 0.36640625 0.6072916666666667 0.0078125 0.010416666666666666
0 0.67265625 0.6052083333333333 0.0078125 0.010416666666666666
0 0.226953125 0.6057291666666667 0.00859375 0.011458333333333333
0 0.7078125 0.6036458333333333 0.0078125 0.009375
0 0.658203125 0.6041666666666666 0.00703125 0.010416666666666666
0 0.2109375 0.603125 0.009375 0.010416666666666666
0 0.738671875 0.6010416666666667 0.00703125 0.010416666666666666
0 0.6234375 0.6010416666666667 0.0078125 0.010416666666666666
0 0.1625 0.5958333333333333 0.009375 0.010416666666666666
0 0.726953125 0.5895833333333333 0.00703125 0.010416666666666666
0 0.24921875 0.5890625 0.009375 0.009375
0 0.755078125 0.5859375 0.00703125 0.009375
0 0.69296875 0.5854166666666667 0.0078125 0.008333333333333333
0 0.66484375 0.5864583333333333 0.0078125 0.010416666666666666
0 0.517578125 0.5859375 0.00703125 0.009375
0 0.64140625 0.5833333333333334 0.0078125 0.010416666666666666
0 0.6140625 0.5833333333333334 0.0078125 0.010416666666666666
0 0.740625 0.5802083333333333 0.0078125 0.010416666666666666
0 0.5 0.5765625 0.0078125 0.009375
0 0.19140625 0.5765625 0.009375 0.009375
0 0.155078125 0.5770833333333333 0.01015625 0.010416666666666666
0 0.709375 0.5739583333333333 0.0078125 0.010416666666666666
0 0.22265625 0.5723958333333333 0.009375 0.009375
0 0.725390625 0.5692708333333333 0.00703125 0.009375
0 0.67265625 0.5697916666666667 0.0078125 0.010416666666666666
0 0.6875 0.5666666666666667 0.0078125 0.010416666666666666
0 0.176953125 0.5666666666666667 0.00703125 0.010416666666666666
0 0.762890625 0.5651041666666666 0.00703125 0.009375
0 0.74765625 0.5625 0.0078125 0.010416666666666666
0 0.370703125 0.5619791666666667 0.00859375 0.009375
0 0.162109375 0.5588541666666667 0.01015625 0.009375
0 0.58359375 0.5572916666666666 0.0078125 0.010416666666666666
0 0.69921875 0.5541666666666667 0.0078125 0.010416666666666666
0 0.716796875 0.553125 0.00703125 0.010416666666666666
0 0.25390625 0.5505208333333333 0.0078125 0.011458333333333333
0 0.26875 0.546875 0.0078125 0.010416666666666666
0 0.75625 0.5453125 0.0046875 0.009375
0 0.594921875 0.5453125 0.00703125 0.009375
0 0.68828125 0.540625 0.0078125 0.010416666666666666
0 0.727734375 0.5390625 0.00703125 0.009375
0 0.38984375 0.5395833333333333 0.0078125 0.010416666666666666
0 0.74296875 0.5380208333333333 0.0078125 0.009375
0 0.57734375 0.5348958333333333 0.0078125 0.007291666666666667
0 0.244140625 0.5364583333333334 0.00859375 0.010416666666666666
0 0.782421875 0.5338541666666666 0.00703125 0.009375
0 0.712890625 0.5338541666666666 0.00703125 0.009375
0 0.26640625 0.5265625 0.009375 0.011458333333333333
0 0.189453125 0.5260416666666666 0.01015625 0.010416666666666666
0 0.695703125 0.5223958333333333 0.00859375 0.009375
0 0.67890625 0.5229166666666667 0.0078125 0.010416666666666666
0 0.7515625 0.5213541666666667 0.00625 0.009375
0 0.8046875 0.5197916666666667 0.00625 0.008333333333333333
0 0.144140625 0.5208333333333334 0.01015625 0.010416666666666666
0 0.724609375 0.5197916666666667 0.00859375 0.010416666666666666
0 0.773828125 0.51875 0.00703125 0.010416666666666666
0 0.330078125 0.51875 0.00859375 0.010416666666666666
0 0.789453125 0.515625 0.00859375 0.008333333333333333
0 0.709765625 0.5140625 0.00703125 0.009375
0 0.20078125 0.5145833333333333 0.009375 0.010416666666666666
0 0.73671875 0.5104166666666666 0.0046875 0.00625
0 0.2234375 0.5119791666666667 0.009375 0.011458333333333333
0 0.76171875 0.50625 0.0078125 0.010416666666666666
0 0.690625 0.5041666666666667 0.00625 0.010416666666666666
0 0.16171875 0.5020833333333333 0.009375 0.010416666666666666
0 0.146484375 0.5020833333333333 0.00859375 0.010416666666666666
0 0.778125 0.49895833333333334 0.00625 0.008333333333333333
0 0.720703125 0.5 0.00703125 0.010416666666666666
0 0.675390625 0.5 0.00859375 0.010416666666666666
0 0.60234375 0.5 0.0078125 0.010416666666666666
0 0.617578125 0.49583333333333335 0.00703125 0.010416666666666666
0 0.704296875 0.4947916666666667 0.00859375 0.010416666666666666
0 0.748828125 0.49270833333333336 0.00703125 0.010416666666666666
0 0.73359375 0.4895833333333333 0.0078125 0.010416666666666666
0 0.661328125 0.48854166666666665 0.00859375 0.010416666666666666
0 0.690234375 0.4822916666666667 0.00703125 0.010416666666666666
0 0.715625 0.48125 0.0078125 0.010416666666666666
0 0.76015625 0.4796875 0.0078125 0.009375
0 0.675390625 0.48020833333333335 0.00859375 0.010416666666666666
0 0.74609375 0.4703125 0.0046875 0.009375
0 0.730078125 0.46979166666666666 0.00546875 0.008333333333333333
0 0.701171875 0.465625 0.00859375 0.010416666666666666
0 0.65078125 0.4661458333333333 0.0078125 0.011458333333333333
0 0.786328125 0.4640625 0.00703125 0.009375
0 0.68515625 0.46458333333333335 0.0078125 0.010416666666666666
0 0.6140625 0.4635416666666667 0.0078125 0.010416666666666666
0 0.665625 0.4625 0.0078125 0.010416666666666666
0 0.716796875 0.46145833333333336 0.00703125 0.010416666666666666
0 0.76015625 0.45989583333333334 0.0078125 0.009375
0 0.6328125 0.4588541666666667 0.0078125 0.009375
0 0.58984375 0.45625 0.0078125 0.010416666666666666
0 0.517578125 0.4552083333333333 0.00703125 0.010416666666666666
0 0.7296875 0.4510416666666667 0.0046875 0.00625
0 0.450390625 0.4505208333333333 0.00703125 0.009375
0 0.166796875 0.4505208333333333 0.01015625 0.011458333333333333
0 0.69453125 0.4484375 0.0078125 0.009375
0 0.65625 0.4479166666666667 0.0078125 0.010416666666666666
0 0.67890625 0.44635416666666666 0.0078125 0.011458333333333333
0 0.621875 0.44583333333333336 0.0078125 0.010416666666666666
0 0.75 0.4432291666666667 0.0078125 0.009375
0 0.709765625 0.44375 0.00703125 0.010416666666666666
0 0.5328125 0.44166666666666665 0.0078125 0.010416666666666666
0 0.5953125 0.43854166666666666 0.0078125 0.010416666666666666
0 0.78828125 0.4348958333333333 0.0078125 0.009375
0 0.519140625 0.4354166666666667 0.00703125 0.010416666666666666
0 0.6390625 0.43385416666666665 0.0078125 0.009375
0 0.6703125 0.43020833333333336 0.0078125 0.010416666666666666
0 0.685546875 0.428125 0.00859375 0.010416666666666666
0 0.65390625 0.428125 0.0078125 0.010416666666666666
0 0.17265625 0.42864583333333334 0.009375 0.011458333333333333
0 0.71796875 0.42604166666666665 0.0078125 0.010416666666666666
0 0.70234375 0.42604166666666665 0.0078125 0.010416666666666666
0 0.6234375 0.42604166666666665 0.0078125 0.010416666666666666
0 0.394921875 0.425 0.00859375 0.010416666666666666
0 0.42421875 0.4244791666666667 0.0078125 0.011458333333333333
0 0.5796875 0.421875 0.0078125 0.010416666666666666
0 0.307421875 0.4192708333333333 0.00859375 0.011458333333333333
0 0.2671875 0.41822916666666665 0.0078125 0.011458333333333333
0 0.183984375 0.41458333333333336 0.01015625 0.010416666666666666
0 0.548046875 0.41354166666666664 0.00703125 0.010416666666666666
0 0.644140625 0.4125 0.00703125 0.010416666666666666
0 0.281640625 0.4125 0.00859375 0.010416666666666666
0 0.676171875 0.4119791666666667 0.00859375 0.011458333333333333
0 0.21875 0.4119791666666667 0.009375 0.011458333333333333
0 0.6609375 0.41041666666666665 0.0078125 0.010416666666666666
0 0.5953125 0.4088541666666667 0.0078125 0.009375
0 0.50703125 0.409375 0.0078125 0.010416666666666666
0 0.459375 0.40729166666666666 0.0078125 0.010416666666666666
0 0.6984375 0.40625 0.0078125 0.010416666666666666
0 0.4046875 0.40625 0.0078125 0.010416666666666666
0 0.295703125 0.40677083333333336 0.00859375 0.011458333333333333
0 0.530078125 0.40520833333333334 0.00859375 0.010416666666666666
0 0.7140625 0.4041666666666667 0.0078125 0.010416666666666666
0 0.62265625 0.39895833333333336 0.0078125 0.010416666666666666
0 0.558984375 0.39739583333333334 0.00703125 0.009375
0 0.425 0.396875 0.0078125 0.010416666666666666
0 0.685546875 0.3958333333333333 0.00859375 0.010416666666666666
0 0.653515625 0.39427083333333335 0.00703125 0.009375
0 0.6375 0.39479166666666665 0.0078125 0.010416666666666666
0 0.669921875 0.39375 0.00859375 0.010416666666666666
0 0.57421875 0.39375 0.0078125 0.010416666666666666
0 0.46953125 0.39375 0.0078125 0.010416666666666666
0 0.284765625 0.3932291666666667 0.00859375 0.011458333333333333
0 0.74921875 0.3854166666666667 0.0078125 0.010416666666666666
0 0.58828125 0.3854166666666667 0.0078125 0.010416666666666666
0 0.718359375 0.384375 0.00859375 0.010416666666666666
0 0.6125 0.38333333333333336 0.0078125 0.010416666666666666
0 0.18828125 0.3828125 0.009375 0.011458333333333333
0 0.518359375 0.38177083333333334 0.00859375 0.011458333333333333
0 0.273828125 0.37916666666666665 0.00859375 0.0125
0 0.165625 0.378125 0.009375 0.010416666666666666
0 0.55703125 0.3776041666666667 0.0078125 0.011458333333333333
0 0.42421875 0.3776041666666667 0.0078125 0.011458333333333333
0 0.39453125 0.3776041666666667 0.0078125 0.011458333333333333
0 0.68125 0.37604166666666666 0.0078125 0.010416666666666666
0 0.4484375 0.37604166666666666 0.0078125 0.010416666666666666
0 0.70234375 0.375 0.0078125 0.010416666666666666
0 0.65859375 0.375 0.0078125 0.010416666666666666
0 0.63515625 0.37395833333333334 0.0078125 0.010416666666666666
0 0.23671875 0.3734375 0.0078125 0.011458333333333333
0 0.600390625 0.371875 0.00703125 0.010416666666666666
0 0.5765625 0.37135416666666665 0.0078125 0.009375
0 0.259765625 0.3723958333333333 0.00859375 0.011458333333333333
0 0.46171875 0.3697916666666667 0.0078125 0.010416666666666666
0 0.478515625 0.36875 0.00546875 0.010416666666666666
0 0.50703125 0.36770833333333336 0.0078125 0.010416666666666666
0 0.2234375 0.3640625 0.0078125 0.011458333333333333
0 0.67109375 0.3614583333333333 0.0078125 0.010416666666666666
0 0.62421875 0.36041666666666666 0.0078125 0.010416666666666666
0 0.5359375 0.36041666666666666 0.0078125 0.010416666666666666
0 0.44140625 0.35833333333333334 0.0078125 0.010416666666666666
0 0.550390625 0.3572916666666667 0.00859375 0.010416666666666666
0 0.2484375 0.35833333333333334 0.009375 0.0125
0 0.49375 0.35625 0.0078125 0.010416666666666666
0 0.65546875 0.35520833333333335 0.0078125 0.010416666666666666
0 0.609375 0.35572916666666665 0.0078125 0.011458333333333333
0 0.6390625 0.3541666666666667 0.0078125 0.010416666666666666
0 0.56640625 0.3536458333333333 0.0078125 0.009375
0 0.521484375 0.3541666666666667 0.00859375 0.010416666666666666
0 0.685546875 0.353125 0.00859375 0.010416666666666666
0 0.5828125 0.353125 0.0078125 0.010416666666666666
0 0.41953125 0.35260416666666666 0.0078125 0.011458333333333333
0 0.45546875 0.35104166666666664 0.0078125 0.010416666666666666
0 0.262109375 0.3489583333333333 0.00859375 0.010416666666666666
0 0.50703125 0.34791666666666665 0.0078125 0.010416666666666666
0 0.164453125 0.3458333333333333 0.01015625 0.010416666666666666
0 0.596875 0.34479166666666666 0.0078125 0.010416666666666666
0 0.36015625 0.3453125 0.0078125 0.011458333333333333
0 0.48046875 0.34375 0.0078125 0.010416666666666666
0 0.40546875 0.34322916666666664 0.0078125 0.009375
0 0.53828125 0.34010416666666665 0.0078125 0.011458333333333333
0 0.466015625 0.3375 0.00859375 0.010416666666666666
0 0.43671875 0.3375 0.0078125 0.010416666666666666
0 0.6640625 0.33697916666666666 0.0078125 0.011458333333333333
0 0.276171875 0.33645833333333336 0.00859375 0.010416666666666666
0 0.249609375 0.33697916666666666 0.00859375 0.011458333333333333
0 0.57109375 0.33489583333333334 0.0078125 0.009375
0 0.64453125 0.33489583333333334 0.0078125 0.011458333333333333
0 0.5234375 0.334375 0.0078125 0.010416666666666666
0 0.6296875 0.3333333333333333 0.0078125 0.010416666666666666
0 0.384375 0.3328125 0.0078125 0.011458333333333333
0 0.679296875 0.33177083333333335 0.00859375 0.011458333333333333
0 0.4515625 0.33177083333333335 0.0078125 0.011458333333333333
0 0.41953125 0.3307291666666667 0.0078125 0.011458333333333333
0 0.709765625 0.3296875 0.00859375 0.011458333333333333
0 0.612109375 0.32864583333333336 0.00703125 0.011458333333333333
0 0.50703125 0.328125 0.0078125 0.010416666666666666
0 0.15546875 0.328125 0.0078125 0.010416666666666666
0 0.694140625 0.32760416666666664 0.00859375 0.011458333333333333
0 0.4890625 0.32760416666666664 0.0078125 0.011458333333333333
0 0.773046875 0.3265625 0.00859375 0.011458333333333333
0 0.591796875 0.3260416666666667 0.00703125 0.010416666666666666
0 0.337109375 0.3265625 0.00859375 0.011458333333333333
0 0.757421875 0.32395833333333335 0.00859375 0.0125
0 0.397265625 0.3234375 0.00859375 0.011458333333333333
0 0.55703125 0.321875 0.0078125 0.010416666666666666
0 0.358203125 0.3223958333333333 0.00859375 0.011458333333333333
0 0.287890625 0.3223958333333333 0.00859375 0.011458333333333333
0 0.533203125 0.31979166666666664 0.00546875 0.010416666666666666
0 0.47421875 0.3203125 0.0078125 0.011458333333333333
0 0.19453125 0.31927083333333334 0.009375 0.011458333333333333
0 0.43984375 0.3177083333333333 0.0078125 0.010416666666666666
0 0.665625 0.315625 0.0078125 0.010416666666666666
0 0.5765625 0.31614583333333335 0.0078125 0.011458333333333333
0 0.248828125 0.31614583333333335 0.00703125 0.011458333333333333
0 0.6453125 0.31354166666666666 0.0078125 0.010416666666666666
0 0.458203125 0.3140625 0.00859375 0.011458333333333333
0 0.170703125 0.31197916666666664 0.00390625 0.007291666666666667
0 0.4125 0.3125 0.0078125 0.010416666666666666
0 0.49921875 0.31145833333333334 0.0078125 0.010416666666666666
0 0.385546875 0.3109375 0.00859375 0.011458333333333333
0 0.5453125 0.30885416666666665 0.00625 0.011458333333333333
0 0.16796875 0.30520833333333336 0.0015625 0.004166666666666667
0 0.625390625 0.3078125 0.00703125 0.011458333333333333
0 0.342578125 0.3078125 0.00859375 0.011458333333333333
0 0.76484375 0.3046875 0.009375 0.011458333333333333
0 0.5984375 0.30416666666666664 0.0078125 0.010416666666666666
0 0.4265625 0.30416666666666664 0.0078125 0.010416666666666666
0 0.4828125 0.30364583333333334 0.0078125 0.011458333333333333
0 0.446875 0.30052083333333335 0.0078125 0.011458333333333333
0 0.4 0.30052083333333335 0.0078125 0.011458333333333333
0 0.51015625 0.2984375 0.0078125 0.011458333333333333
0 0.525 0.296875 0.0078125 0.010416666666666666
0 0.654296875 0.29635416666666664 0.00859375 0.011458333333333333
0 0.63828125 0.29583333333333334 0.0078125 0.010416666666666666
0 0.46640625 0.29635416666666664 0.0078125 0.011458333333333333
0 0.22578125 0.29322916666666665 0.009375 0.011458333333333333
0 0.413671875 0.2921875 0.00859375 0.011458333333333333
0 0.3515625 0.2921875 0.0078125 0.011458333333333333
0 0.4953125 0.2911458333333333 0.0078125 0.011458333333333333
0 0.383203125 0.29010416666666666 0.00859375 0.011458333333333333
0 0.31015625 0.29010416666666666 0.0078125 0.011458333333333333
0 0.248046875 0.2890625 0.00859375 0.011458333333333333
0 0.669921875 0.2869791666666667 0.00859375 0.011458333333333333
0 0.59921875 0.2838541666666667 0.0078125 0.011458333333333333
0 0.455078125 0.2828125 0.00859375 0.011458333333333333
0 0.4265625 0.2828125 0.0078125 0.011458333333333333
0 0.621875 0.28125 0.0078125 0.010416666666666666
0 0.163671875 0.28177083333333336 0.00859375 0.011458333333333333
0 0.771484375 0.28072916666666664 0.00859375 0.011458333333333333
0 0.476171875 0.28125 0.00859375 0.0125
0 0.334765625 0.28125 0.00859375 0.0125
0 0.647265625 0.2786458333333333 0.00859375 0.011458333333333333
0 0.553125 0.2760416666666667 0.0078125 0.010416666666666666
0 0.510546875 0.27708333333333335 0.00859375 0.0125
0 0.39453125 0.2765625 0.0078125 0.011458333333333333
0 0.568359375 0.27395833333333336 0.00859375 0.010416666666666666
0 0.2234375 0.27291666666666664 0.009375 0.010416666666666666
0 0.352734375 0.27239583333333334 0.00859375 0.011458333333333333
0 0.303125 0.2713541666666667 0.009375 0.011458333333333333
0 0.48984375 0.26927083333333335 0.0078125 0.011458333333333333
0 0.408203125 0.26927083333333335 0.00859375 0.011458333333333333
0 0.609765625 0.2682291666666667 0.00859375 0.011458333333333333
0 0.5890625 0.2677083333333333 0.0078125 0.010416666666666666
0 0.44453125 0.2682291666666667 0.0078125 0.011458333333333333
0 0.25859375 0.2671875 0.0078125 0.011458333333333333
0 0.46328125 0.26614583333333336 0.0078125 0.011458333333333333
0 0.428515625 0.2630208333333333 0.00859375 0.011458333333333333
0 0.165625 0.2625 0.009375 0.010416666666666666
0 0.384765625 0.2609375 0.00859375 0.011458333333333333
0 0.27265625 0.26145833333333335 0.009375 0.0125
0 0.50390625 0.259375 0.00625 0.010416666666666666
0 0.340234375 0.259375 0.00859375 0.0125
0 0.19921875 0.25885416666666666 0.009375 0.011458333333333333
0 0.476953125 0.2578125 0.00859375 0.011458333333333333
0 0.623046875 0.25677083333333334 0.00859375 0.011458333333333333
0 0.53828125 0.25416666666666665 0.0078125 0.010416666666666666
0 0.5671875 0.25364583333333335 0.0078125 0.011458333333333333
0 0.398828125 0.253125 0.00859375 0.010416666666666666
0 0.358203125 0.25052083333333336 0.00703125 0.011458333333333333
0 0.491015625 0.246875 0.00859375 0.0125
0 0.52109375 0.2453125 0.0078125 0.011458333333333333
0 0.4640625 0.2453125 0.0078125 0.011458333333333333
0 0.302734375 0.2453125 0.00859375 0.011458333333333333
0 0.551171875 0.24322916666666666 0.00859375 0.011458333333333333
0 0.25859375 0.24270833333333333 0.0078125 0.010416666666666666
0 0.128515625 0.23802083333333332 0.00703125 0.007291666666666667
0 0.344140625 0.23958333333333334 0.00859375 0.0125
0 0.273828125 0.2390625 0.00859375 0.011458333333333333
0 0.205078125 0.2375 0.00859375 0.0125
0 0.31875 0.23645833333333333 0.009375 0.0125
0 0.097265625 0.2359375 0.00859375 0.011458333333333333
0 0.785546875 0.23541666666666666 0.00859375 0.0125
0 0.60859375 0.23489583333333333 0.0078125 0.011458333333333333
0 0.58984375 0.23229166666666667 0.0078125 0.010416666666666666
0 0.40234375 0.2328125 0.0078125 0.011458333333333333
0 0.111328125 0.23229166666666667 0.00703125 0.0125
0 0.5328125 0.22864583333333333 0.0078125 0.011458333333333333
0 0.484765625 0.22760416666666666 0.00859375 0.011458333333333333
0 0.370703125 0.22760416666666666 0.00859375 0.011458333333333333
0 0.3859375 0.2265625 0.0078125 0.011458333333333333
0 0.3328125 0.2265625 0.009375 0.011458333333333333
0 0.2875 0.22708333333333333 0.009375 0.0125
0 0.355078125 0.22604166666666667 0.00859375 0.0125
0 0.304296875 0.225 0.00859375 0.0125
0 0.568359375 0.22291666666666668 0.00859375 0.010416666666666666
0 0.4703125 0.2234375 0.0078125 0.011458333333333333
0 0.251171875 0.2234375 0.00703125 0.011458333333333333
0 0.444140625 0.221875 0.00859375 0.010416666666666666
0 0.547265625 0.22083333333333333 0.00859375 0.010416666666666666
0 0.265234375 0.21979166666666666 0.00546875 0.008333333333333333
0 0.135546875 0.2203125 0.01015625 0.011458333333333333
0 0.20234375 0.21614583333333334 0.009375 0.011458333333333333
0 0.63203125 0.2140625 0.0078125 0.011458333333333333
0 0.40859375 0.21354166666666666 0.0078125 0.010416666666666666
0 0.497265625 0.21197916666666666 0.00859375 0.011458333333333333
0 0.279296875 0.20885416666666667 0.00703125 0.011458333333333333
0 0.362890625 0.20833333333333334 0.00859375 0.0125
0 0.32421875 0.20833333333333334 0.0078125 0.0125
0 0.294921875 0.2078125 0.00859375 0.011458333333333333
0 0.6140625 0.20677083333333332 0.0078125 0.011458333333333333
0 0.3390625 0.2046875 0.0078125 0.011458333333333333
0 0.245703125 0.2046875 0.00859375 0.011458333333333333
0 0.380859375 0.2015625 0.00859375 0.011458333333333333
0 0.310546875 0.19947916666666668 0.00859375 0.011458333333333333
0 0.673828125 0.19791666666666666 0.00859375 0.0125
0 0.6 0.1953125 0.0078125 0.011458333333333333
0 0.58515625 0.1921875 0.0078125 0.011458333333333333
0 0.688671875 0.190625 0.00859375 0.0125
