0 0.287890625 0.846875 0.01015625 0.0125
0 0.40546875 0.8453125 0.009375 0.013541666666666667
0 0.38828125 0.8421875 0.009375 0.013541666666666667
0 0.716796875 0.8385416666666666 0.00859375 0.0125
0 0.3046875 0.8380208333333333 0.009375 0.013541666666666667
0 0.637109375 0.8354166666666667 0.00859375 0.0125
0 0.78984375 0.8328125 0.009375 0.011458333333333333
0 0.684375 0.8322916666666667 0.009375 0.0125
0 0.37265625 0.8291666666666667 0.009375 0.0125
0 0.73515625 0.8286458333333333 0.0078125 0.013541666666666667
0 0.701171875 0.828125 0.00859375 0.0125
0 0.65703125 0.828125 0.009375 0.0125
0 0.753125 0.8276041666666667 0.00625 0.013541666666666667
0 0.505859375 0.8239583333333333 0.00703125 0.0125
0 0.6046875 0.821875 0.0078125 0.0125
0 0.351953125 0.8208333333333333 0.00859375 0.0125
0 0.838671875 0.8192708333333333 0.01015625 0.011458333333333333
0 0.76640625 0.8145833333333333 0.009375 0.010416666666666666
0 0.91484375 0.8145833333333333 0.0109375 0.0125
0 0.564453125 0.8130208333333333 0.00859375 0.011458333333333333
0 0.4484375 0.8125 0.009375 0.0125
0 0.93984375 0.8057291666666667 0.003125 0.003125
0 0.78359375 0.8104166666666667 0.0078125 0.0125
0 0.535546875 0.8104166666666667 0.00859375 0.0125
0 0.42421875 0.8104166666666667 0.0078125 0.0125
0 0.7234375 0.8088541666666667 0.009375 0.011458333333333333
0 0.66640625 0.8078125 0.0078125 0.011458333333333333
0 0.69140625 0.8072916666666666 0.009375 0.0125
0 0.742578125 0.80625 0.00859375 0.0125
0 0.6484375 0.80625 0.0078125 0.0125
0 0.630859375 0.80625 0.00859375 0.0125
0 0.519140625 0.8052083333333333 0.00859375 0.0125
0 0.4640625 0.8046875 0.0078125 0.011458333333333333
0 0.940625 0.796875 0.003125 0.004166666666666667
0 0.612109375 0.8 0.00859375 0.0125
0 0.4 0.8 0.009375 0.0125
0 0.922265625 0.7963541666666667 0.00703125 0.007291666666666667
0 0.955859375 0.796875 0.00390625 0.0125
0 0.707421875 0.796875 0.00859375 0.0125
0 0.379296875 0.7973958333333333 0.00859375 0.013541666666666667
0 0.181640625 0.7911458333333333 0.00078125 0.0010416666666666667
0 0.835546875 0.7947916666666667 0.01015625 0.0125
0 0.176953125 0.7953125 0.00703125 0.013541666666666667
0 0.7578125 0.7927083333333333 0.009375 0.0125
0 0.77578125 0.7901041666666667 0.00625 0.009375
0 0.678125 0.7916666666666666 0.009375 0.0125
0 0.44375 0.7885416666666667 0.009375 0.0125
0 0.72578125 0.7864583333333334 0.009375 0.0125
0 0.5421875 0.7854166666666667 0.0078125 0.0125
0 0.478125 0.7848958333333333 0.0078125 0.011458333333333333
0 0.512109375 0.7833333333333333 0.00859375 0.0125
0 0.6625 0.7796875 0.00625 0.011458333333333333
0 0.61640625 0.7770833333333333 0.009375 0.0125
0 0.458203125 0.7755208333333333 0.00859375 0.011458333333333333
0 0.425390625 0.775 0.00859375 0.0125
0 0.842578125 0.7713541666666667 0.01015625 0.011458333333333333
0 0.3625 0.771875 0.009375 0.0125
0 0.527734375 0.7708333333333334 0.00859375 0.0125
0 0.683203125 0.7697916666666667 0.00859375 0.0125
0 0.498046875 0.7697916666666667 0.00859375 0.0125
0 0.88046875 0.7677083333333333 0.0109375 0.0125
0 0.759375 0.7677083333333333 0.009375 0.0125
0 0.632421875 0.7677083333333333 0.00859375 0.0125
0 0.582421875 0.765625 0.00859375 0.0125
0 0.543359375 0.7619791666666667 0.00859375 0.011458333333333333
0 0.775390625 0.7609375 0.00859375 0.011458333333333333
0 0.564453125 0.759375 0.00859375 0.0125
0 0.401171875 0.759375 0.00859375 0.0125
0 0.60546875 0.7578125 0.009375 0.011458333333333333
0 0.51484375 0.7583333333333333 0.00625 0.0125
0 0.37734375 0.7588541666666667 0.009375 0.013541666666666667
0 0.725 0.75625 0.009375 0.0125
0 0.815234375 0.7546875 0.01015625 0.011458333333333333
0 0.669140625 0.7552083333333334 0.00859375 0.0125
0 0.423828125 0.7526041666666666 0.00859375 0.011458333333333333
0 0.621484375 0.75 0.00859375 0.0125
0 0.44140625 0.75 0.0078125 0.0125
0 0.489453125 0.7489583333333333 0.00859375 0.0125
0 0.334765625 0.746875 0.00859375 0.0125
0 0.8828125 0.7447916666666666 0.0109375 0.0125
0 0.6890625 0.7447916666666666 0.009375 0.0125
0 0.528515625 0.7447916666666666 0.00859375 0.0125
0 0.364453125 0.74375 0.00859375 0.0125
0 0.19453125 0.74375 0.009375 0.0125
0 0.584765625 0.7427083333333333 0.00859375 0.0125
0 0.553125 0.7427083333333333 0.009375 0.0125
0 0.389453125 0.7416666666666667 0.00859375 0.0125
0 0.309375 0.7375 0.009375 0.0125
0 0.787109375 0.7364583333333333 0.01015625 0.0125
0 0.7171875 0.7354166666666667 0.009375 0.010416666666666666
0 0.634765625 0.7354166666666667 0.00859375 0.0125
0 0.507421875 0.7328125 0.00859375 0.011458333333333333
0 0.812109375 0.7317708333333334 0.01015625 0.011458333333333333
0 0.6703125 0.7322916666666667 0.009375 0.0125
0 0.6 0.7317708333333334 0.009375 0.011458333333333333
0 0.540234375 0.7276041666666667 0.00859375 0.011458333333333333
0 0.3453125 0.7270833333333333 0.009375 0.0125
0 0.490234375 0.7255208333333333 0.00859375 0.011458333333333333
0 0.473828125 0.7260416666666667 0.01015625 0.0125
0 0.3265625 0.7260416666666667 0.009375 0.0125
0 0.615234375 0.7229166666666667 0.00859375 0.0125
0 0.562109375 0.7229166666666667 0.00859375 0.0125
0 0.58515625 0.71875 0.009375 0.0125
0 0.521484375 0.71875 0.00859375 0.0125
0 0.390234375 0.7177083333333333 0.00859375 0.0125
0 0.2015625 0.7166666666666667 0.009375 0.0125
0 0.68125 0.7140625 0.00625 0.011458333333333333
0 0.45078125 0.7135416666666666 0.0046875 0.010416666666666666
0 0.359765625 0.7135416666666666 0.00859375 0.0125
0 0.874609375 0.7109375 0.00859375 0.009375
0 0.631640625 0.7104166666666667 0.00859375 0.0125
0 0.503125 0.7098958333333333 0.0078125 0.011458333333333333
0 0.601171875 0.7088541666666667 0.00859375 0.011458333333333333
0 0.54921875 0.7078125 0.0078125 0.011458333333333333
0 0.3375 0.7067708333333333 0.009375 0.011458333333333333
0 0.787890625 0.7057291666666666 0.01015625 0.011458333333333333
0 0.41484375 0.7046875 0.0078125 0.011458333333333333
0 0.314453125 0.7046875 0.00859375 0.011458333333333333
0 0.84765625 0.7026041666666667 0.009375 0.011458333333333333
0 0.570703125 0.703125 0.00859375 0.0125
0 0.463671875 0.7005208333333334 0.00859375 0.011458333333333333
0 0.7421875 0.6989583333333333 0.009375 0.010416666666666666
0 0.532421875 0.6994791666666667 0.00546875 0.011458333333333333
0 0.662890625 0.6979166666666666 0.00859375 0.0125
0 0.437109375 0.6973958333333333 0.00859375 0.011458333333333333
0 0.61796875 0.696875 0.0078125 0.0125
0 0.210546875 0.6947916666666667 0.01015625 0.0125
0 0.891015625 0.6927083333333334 0.01015625 0.010416666666666666
0 0.686328125 0.6932291666666667 0.00859375 0.011458333333333333
0 0.398046875 0.6932291666666667 0.00859375 0.011458333333333333
0 0.514453125 0.6921875 0.00859375 0.011458333333333333
0 0.49375 0.6911458333333333 0.0078125 0.011458333333333333
0 0.19296875 0.6916666666666667 0.009375 0.0125
0 0.375390625 0.6901041666666666 0.00859375 0.011458333333333333
0 0.28203125 0.690625 0.009375 0.0125
0 0.2640625 0.6890625 0.009375 0.011458333333333333
0 0.593359375 0.6880208333333333 0.00859375 0.011458333333333333
0 0.556640625 0.6869791666666667 0.00859375 0.011458333333333333
0 0.632421875 0.6859375 0.00859375 0.011458333333333333
0 0.298828125 0.6854166666666667 0.00859375 0.0125
0 0.475390625 0.6838541666666667 0.00859375 0.011458333333333333
0 0.355078125 0.684375 0.00859375 0.0125
0 0.75546875 0.6828125 0.009375 0.011458333333333333
0 0.421484375 0.6828125 0.00859375 0.011458333333333333
0 0.33828125 0.6833333333333333 0.009375 0.0125
0 0.78515625 0.68125 0.009375 0.0125
0 0.57421875 0.6807291666666667 0.0078125 0.011458333333333333
0 0.540234375 0.6807291666666667 0.00859375 0.011458333333333333
0 0.316015625 0.6802083333333333 0.00859375 0.0125
0 0.458203125 0.6765625 0.00859375 0.011458333333333333
0 0.610546875 0.6739583333333333 0.00546875 0.0125
0 0.881640625 0.6723958333333333 0.01015625 0.011458333333333333
0 0.660546875 0.6723958333333333 0.00859375 0.011458333333333333
0 0.524609375 0.6723958333333333 0.00859375 0.011458333333333333
0 0.3921875 0.671875 0.0078125 0.0125
0 0.771484375 0.6682291666666667 0.00859375 0.011458333333333333
0 0.493359375 0.6682291666666667 0.00859375 0.011458333333333333
0 0.78515625 0.6625 0.0015625 0.0020833333333333333
0 0.554296875 0.6651041666666667 0.00546875 0.011458333333333333
0 0.593359375 0.6640625 0.00859375 0.011458333333333333
0 0.426953125 0.6614583333333334 0.00859375 0.010416666666666666
0 0.408203125 0.6619791666666667 0.00859375 0.011458333333333333
0 0.291796875 0.6619791666666667 0.00859375 0.011458333333333333
0 0.477734375 0.6609375 0.00859375 0.011458333333333333
0 0.344140625 0.6604166666666667 0.00859375 0.0125
0 0.3265625 0.6598958333333333 0.009375 0.011458333333333333
0 0.508984375 0.6588541666666666 0.00859375 0.011458333333333333
0 0.378125 0.6588541666666666 0.0078125 0.011458333333333333
0 0.78515625 0.65625 0.00625 0.008333333333333333
0 0.44453125 0.6572916666666667 0.0078125 0.010416666666666666
0 0.568359375 0.6567708333333333 0.00859375 0.011458333333333333
0 0.461328125 0.6536458333333334 0.00859375 0.011458333333333333
0 0.361328125 0.6541666666666667 0.00859375 0.0125
0 0.308203125 0.6526041666666667 0.00859375 0.011458333333333333
0 0.81484375 0.6505208333333333 0.009375 0.011458333333333333
0 0.494140625 0.6453125 0.00859375 0.011458333333333333
0 0.544921875 0.6442708333333333 0.00859375 0.011458333333333333
0 0.52734375 0.6442708333333333 0.0078125 0.011458333333333333
0 0.77421875 0.6421875 0.009375 0.011458333333333333
0 0.415234375 0.6411458333333333 0.00859375 0.011458333333333333
0 0.38828125 0.6411458333333333 0.0078125 0.011458333333333333
0 0.79921875 0.640625 0.009375 0.0125
0 0.349609375 0.6380208333333334 0.00859375 0.011458333333333333
0 0.32265625 0.6375 0.0078125 0.010416666666666666
0 0.560546875 0.6364583333333333 0.00859375 0.010416666666666666
0 0.273046875 0.6369791666666667 0.00859375 0.011458333333333333
0 0.297265625 0.6354166666666666 0.00859375 0.010416666666666666
0 0.88046875 0.6348958333333333 0.0109375 0.011458333333333333
0 0.62109375 0.6348958333333333 0.0078125 0.011458333333333333
0 0.587890625 0.6348958333333333 0.00859375 0.011458333333333333
0 0.437109375 0.634375 0.00859375 0.010416666666666666
0 0.758203125 0.6338541666666667 0.00859375 0.011458333333333333
0 0.854296875 0.6296875 0.01015625 0.011458333333333333
0 0.480859375 0.6296875 0.00859375 0.011458333333333333
0 0.374609375 0.628125 0.00703125 0.010416666666666666
0 0.255078125 0.6260416666666667 0.00859375 0.010416666666666666
0 0.401953125 0.625 0.00859375 0.010416666666666666
0 0.2203125 0.625 0.0078125 0.010416666666666666
0 0.74609375 0.6177083333333333 0.009375 0.010416666666666666
0 0.53671875 0.6171875 0.0078125 0.011458333333333333
0 0.417578125 0.6166666666666667 0.00859375 0.010416666666666666
0 0.328515625 0.615625 0.00859375 0.010416666666666666
0 0.309765625 0.615625 0.00859375 0.010416666666666666
0 0.346484375 0.6151041666666667 0.00859375 0.011458333333333333
0 0.291796875 0.6140625 0.00859375 0.011458333333333333
0 0.58671875 0.6125 0.0078125 0.010416666666666666
0 0.43515625 0.6119791666666666 0.0078125 0.011458333333333333
0 0.36328125 0.6104166666666667 0.0078125 0.010416666666666666
0 0.26015625 0.6041666666666666 0.0078125 0.010416666666666666
0 0.609765625 0.603125 0.00859375 0.010416666666666666
0 0.73515625 0.6020833333333333 0.0046875 0.010416666666666666
0 0.46796875 0.6020833333333333 0.0078125 0.010416666666666666
0 0.548046875 0.6010416666666667 0.00859375 0.010416666666666666
0 0.27734375 0.6010416666666667 0.0078125 0.010416666666666666
0 0.494140625 0.5989583333333334 0.00859375 0.010416666666666666
0 0.39453125 0.5989583333333334 0.0078125 0.010416666666666666
0 0.819921875 0.5973958333333333 0.01015625 0.011458333333333333
0 0.319921875 0.596875 0.00859375 0.010416666666666666
0 0.74921875 0.5958333333333333 0.009375 0.010416666666666666
0 0.302734375 0.5953125 0.00859375 0.011458333333333333
0 0.858984375 0.5927083333333333 0.01015625 0.008333333333333333
0 0.448046875 0.59375 0.00859375 0.010416666666666666
0 0.3390625 0.5942708333333333 0.0078125 0.011458333333333333
0 0.76484375 0.5890625 0.009375 0.011458333333333333
0 0.71953125 0.5885416666666666 0.009375 0.010416666666666666
0 0.41171875 0.584375 0.0078125 0.010416666666666666
0 0.620703125 0.58125 0.00859375 0.010416666666666666
0 0.5875 0.5817708333333333 0.0078125 0.011458333333333333
0 0.362109375 0.5791666666666667 0.00859375 0.010416666666666666
0 0.273046875 0.5791666666666667 0.00859375 0.010416666666666666
0 0.255859375 0.5786458333333333 0.00859375 0.011458333333333333
0 0.871875 0.5776041666666667 0.0109375 0.011458333333333333
0 0.328125 0.5770833333333333 0.0078125 0.010416666666666666
0 0.292578125 0.5770833333333333 0.00859375 0.010416666666666666
0 0.309765625 0.5744791666666667 0.00859375 0.011458333333333333
0 0.34453125 0.56875 0.0078125 0.00625
0 0.17578125 0.5692708333333333 0.0078125 0.009375
0 0.48203125 0.5692708333333333 0.0046875 0.011458333333333333
0 0.394140625 0.565625 0.00703125 0.010416666666666666
0 0.46484375 0.5625 0.0078125 0.010416666666666666
0 0.21953125 0.5598958333333334 0.0078125 0.009375
0 0.26484375 0.559375 0.0078125 0.010416666666666666
0 0.36484375 0.5567708333333333 0.0078125 0.011458333333333333
0 0.299609375 0.55625 0.00859375 0.010416666666666666
0 0.325390625 0.5552083333333333 0.00859375 0.010416666666666666
0 0.282421875 0.5536458333333333 0.00859375 0.011458333333333333
0 0.87890625 0.5526041666666667 0.0109375 0.011458333333333333
0 0.5578125 0.5520833333333334 0.0078125 0.010416666666666666
0 0.241015625 0.5515625 0.00546875 0.009375
0 0.48203125 0.546875 0.0078125 0.010416666666666666
0 0.40078125 0.5447916666666667 0.0078125 0.010416666666666666
0 0.3515625 0.5416666666666666 0.0078125 0.010416666666666666
0 0.208203125 0.540625 0.00859375 0.010416666666666666
0 0.25703125 0.5385416666666667 0.0078125 0.008333333333333333
0 0.3734375 0.5375 0.0078125 0.010416666666666666
0 0.314453125 0.5375 0.00859375 0.010416666666666666
0 0.178515625 0.5359375 0.00703125 0.009375
0 0.292578125 0.5359375 0.00859375 0.011458333333333333
0 0.331640625 0.5338541666666666 0.00859375 0.011458333333333333
0 0.274609375 0.5333333333333333 0.00859375 0.010416666666666666
0 0.24140625 0.5296875 0.0078125 0.009375
0 0.223046875 0.5291666666666667 0.00703125 0.010416666666666666
0 0.30390625 0.5177083333333333 0.0078125 0.010416666666666666
0 0.20859375 0.5182291666666666 0.0078125 0.011458333333333333
0 0.258203125 0.5161458333333333 0.00859375 0.009375
0 0.2859375 0.5145833333333333 0.0078125 0.010416666666666666
0 0.31953125 0.5078125 0.0078125 0.011458333333333333
0 0.238671875 0.5072916666666667 0.00859375 0.010416666666666666
0 0.221484375 0.503125 0.00859375 0.010416666666666666
0 0.27109375 0.5005208333333333 0.0078125 0.009375
0 0.36953125 0.5005208333333333 0.0078125 0.011458333333333333
0 0.18828125 0.49635416666666665 0.00625 0.009375
0 0.387109375 0.49583333333333335 0.00859375 0.010416666666666666
0 0.901953125 0.4947916666666667 0.00859375 0.010416666666666666
0 0.303515625 0.4953125 0.00859375 0.011458333333333333
0 0.25234375 0.4947916666666667 0.0078125 0.010416666666666666
0 0.88359375 0.4942708333333333 0.009375 0.011458333333333333
0 0.2859375 0.490625 0.0078125 0.010416666666666666
0 0.206640625 0.48854166666666665 0.00859375 0.010416666666666666
0 0.23515625 0.48385416666666664 0.0046875 0.005208333333333333
0 0.814453125 0.48385416666666664 0.01015625 0.011458333333333333
0 0.840234375 0.48072916666666665 0.01015625 0.011458333333333333
0 0.265234375 0.4796875 0.00859375 0.011458333333333333
0 0.175390625 0.47760416666666666 0.00859375 0.009375
0 0.69453125 0.475 0.009375 0.010416666666666666
0 0.193359375 0.4739583333333333 0.00859375 0.010416666666666666
0 0.903515625 0.47291666666666665 0.01015625 0.010416666666666666
0 0.2484375 0.47291666666666665 0.0078125 0.010416666666666666
0 0.158203125 0.47239583333333335 0.00703125 0.009375
0 0.21796875 0.4708333333333333 0.0078125 0.010416666666666666
0 0.300390625 0.46979166666666666 0.00859375 0.010416666666666666
0 0.28125 0.46979166666666666 0.0078125 0.010416666666666666
0 0.853125 0.46770833333333334 0.0109375 0.010416666666666666
0 0.7640625 0.4666666666666667 0.0046875 0.010416666666666666
0 0.41484375 0.45677083333333335 0.0078125 0.007291666666666667
0 0.26171875 0.45729166666666665 0.0078125 0.010416666666666666
0 0.183203125 0.45625 0.00859375 0.008333333333333333
0 0.79140625 0.4557291666666667 0.009375 0.011458333333333333
0 0.228125 0.453125 0.0078125 0.010416666666666666
0 0.6265625 0.45208333333333334 0.0078125 0.010416666666666666
0 0.2453125 0.4510416666666667 0.0078125 0.010416666666666666
0 0.289453125 0.44895833333333335 0.00859375 0.010416666666666666
0 0.3953125 0.4453125 0.0078125 0.009375
0 0.212109375 0.4427083333333333 0.00703125 0.00625
0 0.763671875 0.44427083333333334 0.00859375 0.011458333333333333
0 0.780859375 0.4401041666666667 0.00859375 0.011458333333333333
0 0.879296875 0.4317708333333333 0.00234375 0.0010416666666666667
0 0.257421875 0.4354166666666667 0.00859375 0.010416666666666666
0 0.276953125 0.43333333333333335 0.00859375 0.010416666666666666
0 0.88515625 0.4296875 0.0078125 0.007291666666666667
0 0.4078125 0.43125 0.0078125 0.010416666666666666
0 0.648046875 0.4265625 0.00859375 0.011458333333333333
0 0.22265625 0.4234375 0.0078125 0.009375
0 0.205078125 0.42135416666666664 0.00703125 0.009375
0 0.865234375 0.42135416666666664 0.00859375 0.011458333333333333
0 0.290234375 0.4197916666666667 0.00859375 0.010416666666666666
0 0.307421875 0.4166666666666667 0.00859375 0.010416666666666666
0 0.248046875 0.4161458333333333 0.00703125 0.009375
0 0.815234375 0.415625 0.01015625 0.010416666666666666
0 0.849609375 0.4114583333333333 0.00859375 0.010416666666666666
0 0.266796875 0.40989583333333335 0.00703125 0.007291666666666667
0 0.89140625 0.40989583333333335 0.0109375 0.011458333333333333
0 0.501953125 0.409375 0.00703125 0.010416666666666666
0 0.230859375 0.403125 0.00859375 0.008333333333333333
0 0.3734375 0.40208333333333335 0.0078125 0.010416666666666666
0 0.34296875 0.4010416666666667 0.0078125 0.010416666666666666
0 0.48203125 0.39895833333333336 0.0078125 0.010416666666666666
0 0.284375 0.39895833333333336 0.0078125 0.010416666666666666
0 0.2140625 0.3984375 0.0078125 0.009375
0 0.31640625 0.39791666666666664 0.0078125 0.010416666666666666
0 0.785546875 0.3963541666666667 0.01015625 0.011458333333333333
0 0.24609375 0.39375 0.0078125 0.010416666666666666
0 0.881640625 0.3875 0.00703125 0.008333333333333333
0 0.3625 0.38125 0.0078125 0.010416666666666666
0 0.2328125 0.38125 0.0078125 0.010416666666666666
0 0.828515625 0.3807291666666667 0.01015625 0.011458333333333333
0 0.81015625 0.378125 0.009375 0.010416666666666666
0 0.323828125 0.3776041666666667 0.00703125 0.009375
0 0.268359375 0.378125 0.00859375 0.010416666666666666
0 0.30703125 0.3770833333333333 0.0078125 0.010416666666666666
0 0.653515625 0.375 0.00859375 0.010416666666666666
0 0.788671875 0.37447916666666664 0.01015625 0.011458333333333333
0 0.75078125 0.37135416666666665 0.009375 0.011458333333333333
0 0.25078125 0.36770833333333336 0.0078125 0.008333333333333333
0 0.286328125 0.3645833333333333 0.00859375 0.010416666666666666
0 0.851953125 0.36302083333333335 0.01015625 0.011458333333333333
0 0.331640625 0.35833333333333334 0.00859375 0.010416666666666666
0 0.267578125 0.35625 0.00859375 0.010416666666666666
0 0.803125 0.3541666666666667 0.0078125 0.010416666666666666
0 0.785546875 0.353125 0.00859375 0.010416666666666666
0 0.30390625 0.35104166666666664 0.0078125 0.010416666666666666
0 0.828515625 0.346875 0.01015625 0.0125
0 0.288671875 0.34270833333333334 0.00859375 0.010416666666666666
0 0.2390625 0.34270833333333334 0.0078125 0.010416666666666666
0 0.25625 0.340625 0.0078125 0.008333333333333333
0 0.761328125 0.340625 0.01015625 0.010416666666666666
0 0.272265625 0.3359375 0.00703125 0.009375
0 0.792578125 0.334375 0.01015625 0.010416666666666666
0 0.3328125 0.33229166666666665 0.0078125 0.010416666666666666
0 0.816015625 0.33177083333333335 0.01015625 0.011458333333333333
0 0.6015625 0.32708333333333334 0.0078125 0.010416666666666666
0 0.228125 0.3260416666666667 0.0078125 0.010416666666666666
0 0.193359375 0.325 0.00546875 0.008333333333333333
0 0.378515625 0.32447916666666665 0.00703125 0.009375
0 0.28515625 0.32083333333333336 0.0078125 0.008333333333333333
0 0.71640625 0.31927083333333334 0.009375 0.011458333333333333
0 0.35 0.31666666666666665 0.0078125 0.010416666666666666
0 0.3015625 0.315625 0.0078125 0.010416666666666666
0 0.849609375 0.31614583333333335 0.01015625 0.013541666666666667
0 0.8046875 0.3151041666666667 0.009375 0.011458333333333333
0 0.781640625 0.3140625 0.01015625 0.011458333333333333
0 0.32265625 0.31197916666666664 0.0078125 0.011458333333333333
0 0.20703125 0.309375 0.00625 0.00625
0 0.455859375 0.3072916666666667 0.00703125 0.010416666666666666
0 0.691015625 0.3046875 0.00859375 0.011458333333333333
0 0.3640625 0.30416666666666664 0.0078125 0.010416666666666666
0 0.727734375 0.30364583333333334 0.01015625 0.011458333333333333
0 0.59765625 0.30104166666666665 0.0078125 0.010416666666666666
0 0.280859375 0.30052083333333335 0.00703125 0.009375
0 0.707421875 0.30052083333333335 0.00859375 0.011458333333333333
0 0.85703125 0.30052083333333335 0.009375 0.013541666666666667
0 0.30859375 0.2953125 0.0078125 0.009375
0 0.198046875 0.29270833333333335 0.00703125 0.008333333333333333
0 0.233984375 0.29270833333333335 0.00703125 0.010416666666666666
0 0.25078125 0.2916666666666667 0.0078125 0.010416666666666666
0 0.34765625 0.29010416666666666 0.0078125 0.011458333333333333
0 0.2671875 0.28854166666666664 0.0078125 0.010416666666666666
0 0.68515625 0.28489583333333335 0.009375 0.011458333333333333
0 0.36953125 0.284375 0.0078125 0.010416666666666666
0 0.33125 0.28125 0.0078125 0.010416666666666666
0 0.5328125 0.2786458333333333 0.0078125 0.009375
0 0.743359375 0.278125 0.00859375 0.010416666666666666
0 0.725390625 0.278125 0.00859375 0.0125
0 0.3890625 0.275 0.0078125 0.010416666666666666
0 0.315234375 0.275 0.00703125 0.010416666666666666
0 0.44453125 0.27291666666666664 0.0078125 0.010416666666666666
0 0.626953125 0.27239583333333334 0.00859375 0.011458333333333333
0 0.282421875 0.271875 0.00703125 0.010416666666666666
0 0.51796875 0.26875 0.0078125 0.010416666666666666
0 0.34765625 0.2682291666666667 0.0078125 0.009375
0 0.2515625 0.26875 0.0078125 0.010416666666666666
0 0.2109375 0.26614583333333336 0.00625 0.007291666666666667
0 0.798046875 0.2671875 0.01015625 0.011458333333333333
0 0.298828125 0.26458333333333334 0.00859375 0.008333333333333333
0 0.56484375 0.26458333333333334 0.0078125 0.010416666666666666
0 0.3734375 0.26458333333333334 0.0078125 0.010416666666666666
0 0.228125 0.2635416666666667 0.0078125 0.010416666666666666
0 0.26796875 0.26145833333333335 0.0078125 0.010416666666666666
0 0.75546875 0.259375 0.009375 0.0125
0 0.53203125 0.25729166666666664 0.0078125 0.010416666666666666
0 0.57890625 0.2552083333333333 0.0078125 0.010416666666666666
0 0.73046875 0.2546875 0.009375 0.011458333333333333
0 0.33515625 0.25416666666666665 0.0078125 0.010416666666666666
0 0.31875 0.253125 0.0078125 0.008333333333333333
0 0.358984375 0.2520833333333333 0.00703125 0.010416666666666666
0 0.19765625 0.2515625 0.0078125 0.009375
0 0.2171875 0.24635416666666668 0.0078125 0.007291666666666667
0 0.2921875 0.246875 0.0078125 0.010416666666666666
0 0.71640625 0.24375 0.009375 0.010416666666666666
0 0.2609375 0.24270833333333333 0.0078125 0.010416666666666666
0 0.44453125 0.240625 0.0078125 0.010416666666666666
0 0.38515625 0.240625 0.0078125 0.010416666666666666
0 0.542578125 0.23958333333333334 0.00703125 0.010416666666666666
0 0.40703125 0.23854166666666668 0.0078125 0.010416666666666666
0 0.3078125 0.23854166666666668 0.0078125 0.010416666666666666
0 0.369140625 0.23541666666666666 0.00859375 0.010416666666666666
0 0.341796875 0.23489583333333333 0.00703125 0.009375
0 0.6390625 0.23489583333333333 0.0078125 0.011458333333333333
0 0.325390625 0.234375 0.00859375 0.010416666666666666
0 0.681640625 0.23229166666666667 0.00859375 0.010416666666666666
0 0.5671875 0.23229166666666667 0.0078125 0.010416666666666666
0 0.2828125 0.22916666666666666 0.0078125 0.010416666666666666
0 0.24453125 0.22395833333333334 0.0078125 0.010416666666666666
0 0.206640625 0.22447916666666667 0.00859375 0.011458333333333333
0 0.35546875 0.22291666666666668 0.0078125 0.010416666666666666
0 0.71875 0.22239583333333332 0.009375 0.011458333333333333
0 0.39765625 0.221875 0.0078125 0.010416666666666666
0 0.737890625 0.22083333333333333 0.00859375 0.0125
0 0.54140625 0.2203125 0.0078125 0.011458333333333333
0 0.377734375 0.21770833333333334 0.00703125 0.010416666666666666
0 0.453125 0.21614583333333334 0.0078125 0.011458333333333333
0 0.31796875 0.21510416666666668 0.0078125 0.011458333333333333
0 0.56171875 0.21197916666666666 0.0078125 0.009375
0 0.3375 0.21302083333333333 0.0078125 0.011458333333333333
0 0.627734375 0.21041666666666667 0.00859375 0.010416666666666666
0 0.672265625 0.20625 0.00859375 0.0125
0 0.303125 0.20572916666666666 0.0078125 0.011458333333333333
0 0.612890625 0.2015625 0.00859375 0.011458333333333333
0 0.7421875 0.20104166666666667 0.009375 0.0125
0 0.36796875 0.19895833333333332 0.0078125 0.010416666666666666
0 0.211328125 0.19895833333333332 0.00859375 0.010416666666666666
0 0.4421875 0.1984375 0.0078125 0.011458333333333333
0 0.276171875 0.19739583333333333 0.00859375 0.011458333333333333
0 0.54375 0.19635416666666666 0.0078125 0.011458333333333333
0 0.258203125 0.19635416666666666 0.00859375 0.011458333333333333
0 0.4625 0.19375 0.0078125 0.010416666666666666
0 0.384375 0.19427083333333334 0.0078125 0.011458333333333333
0 0.34453125 0.19322916666666667 0.0078125 0.011458333333333333
0 0.5984375 0.19010416666666666 0.0078125 0.011458333333333333
0 0.326953125 0.1890625 0.00859375 0.011458333333333333
0 0.3984375 0.18489583333333334 0.0078125 0.011458333333333333
0 0.4734375 0.178125 0.0078125 0.010416666666666666
0 0.3734375 0.178125 0.0078125 0.010416666666666666
0 0.284375 0.17916666666666667 0.0078125 0.0125
0 0.45703125 0.17395833333333333 0.0078125 0.010416666666666666
0 0.31328125 0.17447916666666666 0.0078125 0.011458333333333333
