0 0.351953125 0.8869791666666667 0.01015625 0.015625
0 0.451953125 0.7916666666666666 0.00859375 0.0125
0 0.69765625 0.7895833333333333 0.009375 0.0125
0 0.523046875 0.7791666666666667 0.00859375 0.0125
0 0.58671875 0.7760416666666666 0.009375 0.0125
0 0.607421875 0.7723958333333333 0.01015625 0.011458333333333333
0 0.539453125 0.7703125 0.00859375 0.011458333333333333
0 0.717578125 0.7697916666666667 0.01015625 0.0125
0 0.64375 0.7703125 0.009375 0.013541666666666667
0 0.35234375 0.7697916666666667 0.009375 0.0125
0 0.747265625 0.765625 0.01015625 0.0125
0 0.21015625 0.7635416666666667 0.0078125 0.0125
0 0.7 0.7630208333333334 0.009375 0.013541666666666667
0 0.555859375 0.7604166666666666 0.00859375 0.0125
0 0.872265625 0.7552083333333334 0.01171875 0.0125
0 0.68203125 0.7541666666666667 0.009375 0.0125
0 0.580859375 0.75 0.00859375 0.0125
0 0.64921875 0.7479166666666667 0.009375 0.0125
0 0.63203125 0.7473958333333334 0.009375 0.011458333333333333
0 0.511328125 0.740625 0.00859375 0.0125
0 0.775 0.7380208333333333 0.009375 0.013541666666666667
0 0.695703125 0.7375 0.00859375 0.0125
0 0.66953125 0.7354166666666667 0.009375 0.0125
0 0.562109375 0.7354166666666667 0.00859375 0.0125
0 0.60078125 0.734375 0.009375 0.0125
0 0.61796875 0.73125 0.009375 0.0125
0 0.725390625 0.7270833333333333 0.01015625 0.0125
0 0.526171875 0.7260416666666667 0.00859375 0.0125
0 0.453125 0.7239583333333334 0.009375 0.0125
0 0.834375 0.7229166666666667 0.0109375 0.0125
0 0.75703125 0.7234375 0.0109375 0.013541666666666667
0 0.41796875 0.7223958333333333 0.009375 0.011458333333333333
0 0.895703125 0.7213541666666666 0.01171875 0.013541666666666667
0 0.650390625 0.7208333333333333 0.01015625 0.0125
0 0.633203125 0.7208333333333333 0.01015625 0.0125
0 0.684765625 0.7177083333333333 0.01015625 0.0125
0 0.473828125 0.7177083333333333 0.00859375 0.0125
0 0.739453125 0.7151041666666667 0.01015625 0.011458333333333333
0 0.71015625 0.7151041666666667 0.009375 0.011458333333333333
0 0.383203125 0.7135416666666666 0.00859375 0.0125
0 0.6671875 0.7125 0.009375 0.0125
0 0.569921875 0.7104166666666667 0.00859375 0.0125
0 0.85625 0.7104166666666667 0.0109375 0.014583333333333334
0 0.460546875 0.703125 0.00859375 0.0125
0 0.72421875 0.7026041666666667 0.009375 0.013541666666666667
0 0.605078125 0.7 0.00859375 0.0125
0 0.6421875 0.6989583333333333 0.009375 0.0125
0 0.585546875 0.6989583333333333 0.00859375 0.0125
0 0.696875 0.6973958333333333 0.009375 0.011458333333333333
0 0.548828125 0.6973958333333333 0.00859375 0.011458333333333333
0 0.498046875 0.6984375 0.00859375 0.013541666666666667
0 0.516796875 0.6958333333333333 0.00859375 0.0125
0 0.67734375 0.69375 0.009375 0.0125
0 0.39453125 0.69375 0.009375 0.0125
0 0.8546875 0.6864583333333333 0.0109375 0.0125
0 0.65859375 0.6864583333333333 0.009375 0.0125
0 0.81640625 0.6848958333333334 0.0109375 0.011458333333333333
0 0.378515625 0.6838541666666667 0.00859375 0.011458333333333333
0 0.722265625 0.6802083333333333 0.01015625 0.0125
0 0.614453125 0.6802083333333333 0.00859375 0.0125
0 0.593359375 0.678125 0.00859375 0.0125
0 0.36015625 0.678125 0.009375 0.0125
0 0.505859375 0.6770833333333334 0.00859375 0.0125
0 0.5765625 0.6739583333333333 0.009375 0.0125
0 0.54296875 0.6708333333333333 0.009375 0.0125
0 0.475390625 0.6651041666666667 0.00859375 0.011458333333333333
0 0.522265625 0.6625 0.00859375 0.0125
0 0.67578125 0.6604166666666667 0.009375 0.0125
0 0.375390625 0.6588541666666666 0.00859375 0.011458333333333333
0 0.562890625 0.6557291666666667 0.00859375 0.011458333333333333
0 0.353515625 0.6557291666666667 0.00859375 0.011458333333333333
0 0.322265625 0.6520833333333333 0.00859375 0.0125
0 0.546484375 0.6484375 0.00859375 0.011458333333333333
0 0.8453125 0.646875 0.0109375 0.0125
0 0.578515625 0.6432291666666666 0.00859375 0.011458333333333333
0 0.802734375 0.6427083333333333 0.01015625 0.0125
0 0.445703125 0.6416666666666667 0.00859375 0.010416666666666666
0 0.505859375 0.6401041666666667 0.00859375 0.011458333333333333
0 0.523828125 0.6390625 0.00859375 0.011458333333333333
0 0.2875 0.6338541666666667 0.009375 0.011458333333333333
0 0.66953125 0.6317708333333333 0.009375 0.011458333333333333
0 0.403125 0.6317708333333333 0.0078125 0.011458333333333333
0 0.81796875 0.63125 0.0109375 0.0125
0 0.462890625 0.6307291666666667 0.00859375 0.011458333333333333
0 0.3234375 0.6286458333333333 0.009375 0.011458333333333333
0 0.536328125 0.6223958333333334 0.00859375 0.011458333333333333
0 0.421484375 0.6223958333333334 0.00859375 0.011458333333333333
0 0.584765625 0.621875 0.00859375 0.0125
0 0.391015625 0.6151041666666667 0.00859375 0.011458333333333333
0 0.2796875 0.6130208333333333 0.009375 0.011458333333333333
0 0.33671875 0.6119791666666666 0.009375 0.011458333333333333
0 0.297265625 0.6088541666666667 0.00859375 0.011458333333333333
0 0.35390625 0.60625 0.009375 0.0125
0 0.56875 0.6052083333333333 0.009375 0.0125
0 0.84765625 0.6005208333333333 0.009375 0.007291666666666667
0 0.591796875 0.6015625 0.00859375 0.011458333333333333
0 0.524609375 0.6020833333333333 0.00859375 0.0125
0 0.551953125 0.6010416666666667 0.00859375 0.0125
0 0.82421875 0.6005208333333333 0.0109375 0.013541666666666667
0 0.653515625 0.5880208333333333 0.00859375 0.011458333333333333
0 0.53828125 0.5869791666666667 0.0078125 0.011458333333333333
0 0.573828125 0.5833333333333334 0.00859375 0.010416666666666666
0 0.361328125 0.5833333333333334 0.00859375 0.0125
0 0.833203125 0.5828125 0.01171875 0.013541666666666667
0 0.341015625 0.5807291666666666 0.00859375 0.011458333333333333
0 0.557421875 0.5765625 0.00859375 0.011458333333333333
0 0.23984375 0.5723958333333333 0.009375 0.011458333333333333
0 0.374609375 0.5682291666666667 0.00859375 0.011458333333333333
0 0.4421875 0.5552083333333333 0.0078125 0.010416666666666666
0 0.54375 0.5541666666666667 0.0078125 0.010416666666666666
0 0.521875 0.5515625 0.0078125 0.011458333333333333
0 0.4203125 0.5510416666666667 0.0078125 0.010416666666666666
0 0.38515625 0.55 0.0078125 0.010416666666666666
0 0.58359375 0.5489583333333333 0.0078125 0.010416666666666666
0 0.46484375 0.5494791666666666 0.0078125 0.011458333333333333
0 0.81015625 0.5479166666666667 0.0109375 0.010416666666666666
0 0.56875 0.5375 0.0078125 0.010416666666666666
0 0.82421875 0.5354166666666667 0.009375 0.008333333333333333
0 0.49921875 0.5348958333333333 0.0078125 0.011458333333333333
0 0.40859375 0.5348958333333333 0.0078125 0.011458333333333333
0 0.312890625 0.5348958333333333 0.00859375 0.011458333333333333
0 0.287109375 0.5328125 0.00859375 0.011458333333333333
0 0.339453125 0.5296875 0.00859375 0.011458333333333333
0 0.46953125 0.5255208333333333 0.0078125 0.011458333333333333
0 0.442578125 0.5234375 0.00859375 0.011458333333333333
0 0.425390625 0.5223958333333333 0.00859375 0.011458333333333333
0 0.512109375 0.5208333333333334 0.00703125 0.010416666666666666
0 0.375390625 0.5213541666666667 0.00859375 0.011458333333333333
0 0.266796875 0.5192708333333333 0.00859375 0.011458333333333333
0 0.866796875 0.515625 0.01015625 0.010416666666666666
0 0.409765625 0.5119791666666667 0.00859375 0.011458333333333333
0 0.39375 0.5036458333333333 0.009375 0.011458333333333333
0 0.42734375 0.5 0.0078125 0.010416666666666666
0 0.208984375 0.5 0.00859375 0.010416666666666666
0 0.629296875 0.4979166666666667 0.00859375 0.010416666666666666
0 0.461328125 0.49583333333333335 0.00859375 0.010416666666666666
0 0.266796875 0.49635416666666665 0.00859375 0.011458333333333333
0 0.2328125 0.4953125 0.009375 0.011458333333333333
0 0.2859375 0.49114583333333334 0.009375 0.011458333333333333
0 0.47578125 0.48541666666666666 0.0078125 0.010416666666666666
0 0.4390625 0.48385416666666664 0.0078125 0.011458333333333333
0 0.2484375 0.4822916666666667 0.009375 0.010416666666666666
0 0.219921875 0.48072916666666665 0.00859375 0.011458333333333333
0 0.5703125 0.4739583333333333 0.0078125 0.010416666666666666
0 0.5359375 0.46770833333333334 0.0078125 0.010416666666666666
0 0.23515625 0.46875 0.009375 0.0125
0 0.459375 0.4666666666666667 0.0078125 0.0125
0 0.48671875 0.46510416666666665 0.0078125 0.011458333333333333
0 0.252734375 0.45989583333333334 0.00859375 0.009375
0 0.4296875 0.459375 0.0078125 0.010416666666666666
0 0.72578125 0.45364583333333336 0.009375 0.011458333333333333
0 0.224609375 0.4510416666666667 0.00859375 0.010416666666666666
0 0.6828125 0.44895833333333335 0.0046875 0.010416666666666666
0 0.376171875 0.446875 0.00859375 0.010416666666666666
0 0.456640625 0.44583333333333336 0.00859375 0.0125
0 0.417578125 0.44427083333333334 0.00859375 0.011458333333333333
0 0.70078125 0.4427083333333333 0.009375 0.010416666666666666
0 0.58125 0.43802083333333336 0.0078125 0.009375
0 0.202734375 0.43854166666666666 0.00859375 0.010416666666666666
0 0.422265625 0.42291666666666666 0.00703125 0.010416666666666666
0 0.36640625 0.42135416666666664 0.0078125 0.011458333333333333
0 0.55078125 0.41822916666666665 0.0078125 0.011458333333333333
0 0.849609375 0.4140625 0.00546875 0.005208333333333333
0 0.86640625 0.415625 0.0109375 0.0125
0 0.44453125 0.41510416666666666 0.0078125 0.011458333333333333
0 0.249609375 0.41458333333333336 0.00859375 0.010416666666666666
0 0.465625 0.4140625 0.0078125 0.011458333333333333
0 0.320703125 0.4119791666666667 0.00859375 0.011458333333333333
0 0.4078125 0.409375 0.0078125 0.010416666666666666
0 0.29140625 0.40989583333333335 0.009375 0.011458333333333333
0 0.481640625 0.4046875 0.00703125 0.011458333333333333
0 0.789453125 0.4036458333333333 0.01015625 0.011458333333333333
0 0.43046875 0.403125 0.0078125 0.010416666666666666
0 0.53984375 0.4005208333333333 0.0078125 0.011458333333333333
0 0.68515625 0.39427083333333335 0.009375 0.011458333333333333
0 0.55703125 0.3927083333333333 0.0078125 0.010416666666666666
0 0.635546875 0.39166666666666666 0.00859375 0.010416666666666666
0 0.44375 0.39010416666666664 0.0078125 0.011458333333333333
0 0.35078125 0.3875 0.0078125 0.010416666666666666
0 0.391015625 0.38645833333333335 0.00703125 0.010416666666666666
0 0.814453125 0.3859375 0.01015625 0.011458333333333333
0 0.601953125 0.3828125 0.00859375 0.011458333333333333
0 0.48125 0.38333333333333336 0.0078125 0.0125
0 0.63046875 0.3703125 0.0078125 0.011458333333333333
0 0.205078125 0.36875 0.00859375 0.010416666666666666
0 0.89921875 0.36666666666666664 0.0109375 0.008333333333333333
0 0.833203125 0.36302083333333335 0.00703125 0.011458333333333333
0 0.482421875 0.3614583333333333 0.00703125 0.010416666666666666
0 0.532421875 0.3609375 0.00859375 0.011458333333333333
0 0.8171875 0.35989583333333336 0.009375 0.011458333333333333
0 0.23046875 0.35989583333333336 0.009375 0.011458333333333333
0 0.616796875 0.3578125 0.00859375 0.011458333333333333
0 0.883203125 0.34791666666666665 0.02578125 0.014583333333333334
0 0.283984375 0.3453125 0.00859375 0.011458333333333333
0 0.50234375 0.34427083333333336 0.0078125 0.011458333333333333
0 0.53984375 0.3411458333333333 0.0078125 0.009375
0 0.5640625 0.33958333333333335 0.0078125 0.0125
0 0.7796875 0.34322916666666664 0.0171875 0.026041666666666668
0 0.571484375 0.3223958333333333 0.00859375 0.013541666666666667
0 0.705859375 0.31927083333333334 0.01015625 0.011458333333333333
0 0.501953125 0.31927083333333334 0.00703125 0.011458333333333333
0 0.83984375 0.31614583333333335 0.009375 0.011458333333333333
0 0.719140625 0.31614583333333335 0.00703125 0.011458333333333333
0 0.371875 0.31666666666666665 0.0078125 0.0125
0 0.294921875 0.31614583333333335 0.00859375 0.011458333333333333
0 0.46640625 0.31197916666666664 0.0078125 0.009375
0 0.808203125 0.3109375 0.01015625 0.011458333333333333
0 0.583984375 0.2916666666666667 0.00703125 0.010416666666666666
0 0.3578125 0.2833333333333333 0.0078125 0.0125
0 0.403125 0.278125 0.0078125 0.010416666666666666
0 0.52734375 0.2760416666666667 0.0078125 0.010416666666666666
0 0.80703125 0.2682291666666667 0.009375 0.011458333333333333
0 0.513671875 0.26614583333333336 0.00859375 0.011458333333333333
0 0.763671875 0.2625 0.01015625 0.0125
0 0.725 0.2578125 0.009375 0.011458333333333333
0 0.70390625 0.2546875 0.009375 0.011458333333333333
0 0.258203125 0.24739583333333334 0.00859375 0.013541666666666667
0 0.780078125 0.24270833333333333 0.01015625 0.010416666666666666
0 0.299609375 0.24010416666666667 0.00859375 0.011458333333333333
0 0.262109375 0.22864583333333333 0.00859375 0.013541666666666667
0 0.53203125 0.22291666666666668 0.0078125 0.010416666666666666
0 0.37421875 0.2234375 0.0078125 0.011458333333333333
0 0.51875 0.2109375 0.0078125 0.011458333333333333
0 0.263671875 0.19739583333333333 0.00859375 0.011458333333333333
