0 0.48984375 0.7307291666666667 0.0078125 0.011458333333333333
0 0.54375 0.7276041666666667 0.0078125 0.011458333333333333
0 0.50390625 0.7239583333333334 0.0078125 0.010416666666666666
0 0.655078125 0.7229166666666667 0.00859375 0.010416666666666666
0 0.591796875 0.7229166666666667 0.00703125 0.010416666666666666
0 0.22734375 0.71875 0.00625 0.010416666666666666
0 0.351953125 0.7171875 0.00703125 0.009375
0 0.640234375 0.7161458333333334 0.00859375 0.011458333333333333
0 0.51796875 0.7151041666666667 0.0078125 0.011458333333333333
0 0.6078125 0.7130208333333333 0.0078125 0.011458333333333333
0 0.55703125 0.7114583333333333 0.0078125 0.010416666666666666
0 0.7875 0.7104166666666667 0.009375 0.010416666666666666
0 0.624609375 0.709375 0.00859375 0.010416666666666666
0 0.5828125 0.7020833333333333 0.0078125 0.010416666666666666
0 0.48046875 0.6989583333333333 0.0078125 0.010416666666666666
0 0.597265625 0.6984375 0.00703125 0.011458333333333333
0 0.537890625 0.6979166666666666 0.00703125 0.010416666666666666
0 0.703515625 0.696875 0.00859375 0.010416666666666666
0 0.636328125 0.6958333333333333 0.00859375 0.010416666666666666
0 0.677734375 0.6953125 0.00859375 0.011458333333333333
0 0.613671875 0.6947916666666667 0.00859375 0.010416666666666666
0 0.5234375 0.6947916666666667 0.0078125 0.010416666666666666
0 0.56796875 0.690625 0.0078125 0.010416666666666666
0 0.38515625 0.6895833333333333 0.0078125 0.010416666666666666
0 0.66171875 0.6864583333333333 0.0078125 0.010416666666666666
0 0.493359375 0.6864583333333333 0.00703125 0.010416666666666666
0 0.453125 0.6854166666666667 0.0078125 0.010416666666666666
0 0.431640625 0.6859375 0.00859375 0.011458333333333333
0 0.689453125 0.6838541666666667 0.00859375 0.011458333333333333
0 0.554296875 0.6833333333333333 0.00859375 0.010416666666666666
0 0.75546875 0.6828125 0.009375 0.011458333333333333
0 0.808203125 0.6817708333333333 0.01015625 0.011458333333333333
0 0.583203125 0.6802083333333333 0.00859375 0.010416666666666666
0 0.626953125 0.6791666666666667 0.00859375 0.010416666666666666
0 0.59765625 0.6791666666666667 0.0078125 0.010416666666666666
0 0.67421875 0.6760416666666667 0.0078125 0.010416666666666666
0 0.64921875 0.6765625 0.0078125 0.011458333333333333
0 0.77421875 0.671875 0.009375 0.0125
0 0.528125 0.6708333333333333 0.0078125 0.010416666666666666
0 0.542578125 0.6703125 0.00703125 0.011458333333333333
0 0.6109375 0.6692708333333334 0.0078125 0.011458333333333333
0 0.437890625 0.6677083333333333 0.00703125 0.010416666666666666
0 0.37890625 0.6677083333333333 0.0078125 0.010416666666666666
0 0.39453125 0.6625 0.0078125 0.010416666666666666
0 0.637890625 0.6619791666666667 0.00859375 0.011458333333333333
0 0.4859375 0.6609375 0.0078125 0.011458333333333333
0 0.415234375 0.6572916666666667 0.00703125 0.008333333333333333
0 0.622265625 0.6567708333333333 0.00859375 0.009375
0 0.55 0.653125 0.0078125 0.010416666666666666
0 0.36953125 0.6526041666666667 0.0078125 0.009375
0 0.7734375 0.6515625 0.009375 0.009375
0 0.740625 0.6510416666666666 0.009375 0.010416666666666666
0 0.65546875 0.6505208333333333 0.0078125 0.009375
0 0.3546875 0.6473958333333333 0.0078125 0.009375
0 0.491796875 0.6427083333333333 0.00703125 0.010416666666666666
0 0.50625 0.6395833333333333 0.0078125 0.010416666666666666
0 0.53671875 0.6375 0.0078125 0.010416666666666666
0 0.450390625 0.6364583333333333 0.00703125 0.010416666666666666
0 0.474609375 0.6354166666666666 0.00703125 0.010416666666666666
0 0.41875 0.6328125 0.0078125 0.009375
0 0.36640625 0.63125 0.0078125 0.010416666666666666
0 0.34765625 0.6291666666666667 0.0078125 0.010416666666666666
0 0.5234375 0.6276041666666666 0.0078125 0.009375
0 0.32109375 0.6260416666666667 0.0078125 0.010416666666666666
0 0.432421875 0.6239583333333333 0.00703125 0.010416666666666666
0 0.63515625 0.6213541666666667 0.0078125 0.009375
0 0.765625 0.6192708333333333 0.009375 0.011458333333333333
0 0.588671875 0.61875 0.00703125 0.010416666666666666
0 0.53828125 0.6166666666666667 0.0078125 0.010416666666666666
0 0.728515625 0.6151041666666667 0.00859375 0.011458333333333333
0 0.4921875 0.6145833333333334 0.0078125 0.010416666666666666
0 0.2921875 0.6114583333333333 0.0078125 0.010416666666666666
0 0.423046875 0.609375 0.00703125 0.010416666666666666
0 0.396484375 0.6083333333333333 0.00703125 0.010416666666666666
0 0.7421875 0.6057291666666667 0.009375 0.011458333333333333
0 0.321875 0.6057291666666667 0.0078125 0.011458333333333333
0 0.542578125 0.5989583333333334 0.00703125 0.010416666666666666
0 0.4109375 0.5984375 0.0078125 0.009375
0 0.445703125 0.5958333333333333 0.00703125 0.010416666666666666
0 0.379296875 0.5953125 0.00703125 0.009375
0 0.28515625 0.59375 0.0078125 0.010416666666666666
0 0.33359375 0.5921875 0.0078125 0.009375
0 0.30078125 0.5895833333333333 0.0078125 0.010416666666666666
0 0.3484375 0.5869791666666667 0.0078125 0.009375
0 0.501953125 0.5864583333333333 0.00703125 0.010416666666666666
0 0.46328125 0.5822916666666667 0.0078125 0.010416666666666666
0 0.74765625 0.5796875 0.009375 0.009375
0 0.767578125 0.5776041666666667 0.00859375 0.009375
0 0.51484375 0.5770833333333333 0.0078125 0.010416666666666666
0 0.354296875 0.56875 0.00703125 0.010416666666666666
0 0.337109375 0.565625 0.00703125 0.010416666666666666
0 0.75546875 0.5640625 0.009375 0.011458333333333333
0 0.25234375 0.559375 0.0078125 0.010416666666666666
0 0.516015625 0.5578125 0.00703125 0.011458333333333333
0 0.48203125 0.5515625 0.0078125 0.009375
0 0.391015625 0.5515625 0.00703125 0.009375
0 0.497265625 0.55 0.00703125 0.010416666666666666
0 0.368359375 0.5489583333333333 0.00703125 0.010416666666666666
0 0.508203125 0.5369791666666667 0.00703125 0.009375
0 0.735546875 0.5364583333333334 0.00859375 0.010416666666666666
0 0.313671875 0.5286458333333334 0.00703125 0.009375
0 0.425 0.528125 0.0078125 0.010416666666666666
0 0.395703125 0.5270833333333333 0.00703125 0.010416666666666666
0 0.29140625 0.5270833333333333 0.0078125 0.010416666666666666
0 0.748046875 0.5255208333333333 0.00859375 0.009375
0 0.49765625 0.525 0.0078125 0.010416666666666666
0 0.3359375 0.5229166666666667 0.0078125 0.010416666666666666
0 0.517578125 0.51875 0.00703125 0.010416666666666666
0 0.366015625 0.515625 0.00703125 0.010416666666666666
0 0.274609375 0.5145833333333333 0.00703125 0.010416666666666666
0 0.409375 0.5114583333333333 0.0078125 0.010416666666666666
0 0.7859375 0.5083333333333333 0.009375 0.010416666666666666
0 0.3953125 0.5083333333333333 0.0078125 0.010416666666666666
0 0.38203125 0.5005208333333333 0.0078125 0.009375
0 0.226171875 0.49947916666666664 0.00703125 0.009375
0 0.41796875 0.49583333333333335 0.0078125 0.010416666666666666
0 0.275 0.4953125 0.0078125 0.009375
0 0.24609375 0.49583333333333335 0.0078125 0.010416666666666666
0 0.434765625 0.49270833333333336 0.00703125 0.010416666666666666
0 0.290625 0.49114583333333334 0.0078125 0.009375
0 0.259375 0.484375 0.0078125 0.010416666666666666
0 0.23515625 0.48333333333333334 0.0078125 0.010416666666666666
0 0.423828125 0.4791666666666667 0.00703125 0.010416666666666666
0 0.2484375 0.47291666666666665 0.0078125 0.010416666666666666
0 0.262890625 0.4661458333333333 0.00859375 0.009375
0 0.412890625 0.4625 0.00703125 0.008333333333333333
0 0.540625 0.4578125 0.00625 0.009375
0 0.2390625 0.4578125 0.0078125 0.009375
0 0.43984375 0.45625 0.00625 0.008333333333333333
0 0.366796875 0.453125 0.00703125 0.008333333333333333
0 0.6296875 0.45208333333333334 0.0078125 0.010416666666666666
0 0.401953125 0.4505208333333333 0.00703125 0.009375
0 0.22109375 0.4479166666666667 0.0078125 0.010416666666666666
0 0.64296875 0.446875 0.0078125 0.010416666666666666
0 0.406640625 0.4317708333333333 0.00703125 0.009375
0 0.358984375 0.4317708333333333 0.00703125 0.009375
0 0.450390625 0.43020833333333336 0.00703125 0.008333333333333333
0 0.26015625 0.4270833333333333 0.0078125 0.010416666666666666
0 0.319921875 0.4239583333333333 0.00703125 0.008333333333333333
0 0.2953125 0.4234375 0.0078125 0.009375
0 0.7796875 0.42239583333333336 0.0234375 0.011458333333333333
0 0.39375 0.42135416666666664 0.00625 0.009375
0 0.4125 0.41510416666666666 0.00625 0.009375
0 0.719921875 0.4125 0.00859375 0.010416666666666666
0 0.030078125 0.40729166666666666 0.00234375 0.004166666666666667
0 0.51953125 0.4083333333333333 0.00625 0.010416666666666666
0 0.587890625 0.40520833333333334 0.00703125 0.010416666666666666
0 0.423828125 0.4041666666666667 0.00703125 0.008333333333333333
0 0.344921875 0.403125 0.00703125 0.010416666666666666
0 0.379296875 0.4015625 0.00703125 0.009375
0 0.63203125 0.4005208333333333 0.0078125 0.009375
0 0.507421875 0.39895833333333336 0.00703125 0.010416666666666666
0 0.45625 0.39791666666666664 0.00625 0.010416666666666666
0 0.7421875 0.396875 0.009375 0.010416666666666666
0 0.03359375 0.39739583333333334 0.00625 0.013541666666666667
0 0.009375 0.3890625 0.0046875 0.007291666666666667
0 0.22265625 0.3890625 0.0078125 0.009375
0 0.583984375 0.3848958333333333 0.00703125 0.009375
0 0.030859375 0.3776041666666667 0.00078125 0.0010416666666666667
0 0.567578125 0.3807291666666667 0.00703125 0.009375
0 0.24375 0.38125 0.0078125 0.010416666666666666
0 0.81484375 0.3796875 0.0078125 0.009375
0 0.002734375 0.37447916666666664 0.00546875 0.003125
0 0.759375 0.3770833333333333 0.0078125 0.010416666666666666
0 0.744921875 0.375 0.00859375 0.010416666666666666
0 0.471484375 0.3697916666666667 0.00703125 0.010416666666666666
0 0.288671875 0.36822916666666666 0.00703125 0.009375
0 0.801953125 0.3640625 0.02265625 0.013541666666666667
0 0.508203125 0.35989583333333336 0.00703125 0.009375
0 0.712890625 0.3609375 0.01796875 0.023958333333333335
0 0.022265625 0.3463541666666667 0.00703125 0.003125
0 0.533203125 0.3453125 0.00703125 0.009375
0 0.474609375 0.34322916666666664 0.00703125 0.009375
0 0.362890625 0.34270833333333334 0.00703125 0.010416666666666666
0 0.298046875 0.34270833333333334 0.00703125 0.010416666666666666
0 0.444140625 0.3380208333333333 0.00703125 0.009375
0 0.765234375 0.33645833333333336 0.00859375 0.010416666666666666
0 0.737109375 0.3333333333333333 0.00859375 0.010416666666666666
0 0.65 0.3296875 0.0078125 0.011458333333333333
0 0.544140625 0.31927083333333334 0.00703125 0.009375
0 0.351171875 0.3145833333333333 0.00703125 0.010416666666666666
0 0.389453125 0.3098958333333333 0.00703125 0.009375
0 0.49609375 0.3067708333333333 0.00625 0.009375
0 0.484375 0.29739583333333336 0.0078125 0.009375
0 0.736328125 0.29583333333333334 0.00859375 0.010416666666666666
0 0.698828125 0.2911458333333333 0.00859375 0.011458333333333333
0 0.665625 0.28802083333333334 0.0078125 0.011458333333333333
0 0.646875 0.2864583333333333 0.0078125 0.010416666666666666
0 0.266796875 0.28489583333333335 0.00703125 0.011458333333333333
0 0.301953125 0.2791666666666667 0.00703125 0.010416666666666666
0 0.71328125 0.27395833333333336 0.0078125 0.010416666666666666
0 0.270703125 0.26927083333333335 0.00703125 0.011458333333333333
0 0.365234375 0.2635416666666667 0.00703125 0.010416666666666666
0 0.500390625 0.2609375 0.00703125 0.009375
0 0.4890625 0.25052083333333336 0.0078125 0.009375
0 0.271875 0.24270833333333333 0.0078125 0.010416666666666666
