0 0.19296875 0.7864583333333334 0.0078125 0.010416666666666666
0 0.45546875 0.784375 0.0078125 0.010416666666666666
0 0.317578125 0.778125 0.00859375 0.010416666666666666
0 0.5078125 0.7776041666666667 0.0078125 0.011458333333333333
0 0.468359375 0.7760416666666666 0.00703125 0.010416666666666666
0 0.555078125 0.7703125 0.00859375 0.011458333333333333
0 0.482421875 0.7666666666666667 0.00703125 0.010416666666666666
0 0.616015625 0.7661458333333333 0.00859375 0.011458333333333333
0 0.6015625 0.7614583333333333 0.0078125 0.010416666666666666
0 0.5203125 0.7609375 0.0078125 0.011458333333333333
0 0.5703125 0.759375 0.0078125 0.010416666666666666
0 0.5859375 0.7546875 0.0078125 0.011458333333333333
0 0.444921875 0.7526041666666666 0.00703125 0.011458333333333333
0 0.5453125 0.75 0.0078125 0.010416666666666666
0 0.5015625 0.7489583333333333 0.00625 0.010416666666666666
0 0.35 0.7489583333333333 0.0078125 0.010416666666666666
0 0.742578125 0.7473958333333334 0.00859375 0.011458333333333333
0 0.559375 0.7463541666666667 0.00625 0.011458333333333333
0 0.4875 0.7463541666666667 0.0078125 0.011458333333333333
0 0.39609375 0.7432291666666667 0.0078125 0.011458333333333333
0 0.57578125 0.7411458333333333 0.0078125 0.009375
0 0.417578125 0.7416666666666667 0.00859375 0.010416666666666666
0 0.597265625 0.740625 0.00703125 0.010416666666666666
0 0.53046875 0.7395833333333334 0.0078125 0.010416666666666666
0 0.456640625 0.7401041666666667 0.00703125 0.011458333333333333
0 0.637109375 0.7385416666666667 0.00859375 0.010416666666666666
0 0.662109375 0.7380208333333333 0.00859375 0.011458333333333333
0 0.5171875 0.7333333333333333 0.0078125 0.010416666666666666
0 0.621484375 0.7302083333333333 0.00859375 0.010416666666666666
0 0.5453125 0.728125 0.0078125 0.010416666666666666
0 0.34375 0.728125 0.0078125 0.010416666666666666
0 0.64765625 0.7260416666666667 0.0078125 0.010416666666666666
0 0.560546875 0.7260416666666667 0.00546875 0.010416666666666666
0 0.587890625 0.725 0.00859375 0.010416666666666666
0 0.401953125 0.7244791666666667 0.00703125 0.011458333333333333
0 0.49140625 0.7229166666666667 0.0078125 0.010416666666666666
0 0.711328125 0.721875 0.00859375 0.010416666666666666
0 0.6078125 0.721875 0.00625 0.010416666666666666
0 0.35859375 0.721875 0.0078125 0.010416666666666666
0 0.505859375 0.7208333333333333 0.00703125 0.010416666666666666
0 0.633203125 0.7197916666666667 0.00859375 0.010416666666666666
0 0.761328125 0.7192708333333333 0.00859375 0.011458333333333333
0 0.571875 0.7161458333333334 0.0078125 0.011458333333333333
0 0.37890625 0.715625 0.0078125 0.010416666666666666
0 0.44921875 0.7151041666666667 0.0078125 0.011458333333333333
0 0.33359375 0.7135416666666666 0.0078125 0.010416666666666666
0 0.728515625 0.7114583333333333 0.00859375 0.010416666666666666
0 0.318359375 0.7083333333333334 0.00703125 0.010416666666666666
0 0.59765625 0.7072916666666667 0.0078125 0.010416666666666666
0 0.582421875 0.703125 0.00859375 0.010416666666666666
0 0.51171875 0.7036458333333333 0.0078125 0.011458333333333333
0 0.455078125 0.696875 0.00703125 0.010416666666666666
0 0.61484375 0.6958333333333333 0.0078125 0.010416666666666666
0 0.46953125 0.6927083333333334 0.0078125 0.010416666666666666
0 0.413671875 0.6921875 0.00703125 0.009375
0 0.3296875 0.6927083333333334 0.0078125 0.010416666666666666
0 0.726953125 0.6916666666666667 0.00859375 0.010416666666666666
0 0.695703125 0.6921875 0.00859375 0.011458333333333333
0 0.311328125 0.6916666666666667 0.00703125 0.010416666666666666
0 0.43828125 0.690625 0.0078125 0.010416666666666666
0 0.382421875 0.690625 0.00703125 0.010416666666666666
0 0.49921875 0.6895833333333333 0.0078125 0.010416666666666666
0 0.28515625 0.6890625 0.0078125 0.009375
0 0.395703125 0.68125 0.00703125 0.010416666666666666
0 0.4859375 0.6802083333333333 0.0078125 0.010416666666666666
0 0.255859375 0.6760416666666667 0.00703125 0.010416666666666666
0 0.4546875 0.6697916666666667 0.0078125 0.010416666666666666
0 0.285546875 0.6692708333333334 0.00703125 0.009375
0 0.5 0.6692708333333334 0.0078125 0.011458333333333333
0 0.36015625 0.6682291666666667 0.0078125 0.009375
0 0.594140625 0.6677083333333333 0.00703125 0.010416666666666666
0 0.548828125 0.6677083333333333 0.00703125 0.010416666666666666
0 0.3859375 0.6671875 0.0078125 0.009375
0 0.71875 0.659375 0.0078125 0.010416666666666666
0 0.2484375 0.6583333333333333 0.00625 0.010416666666666666
0 0.683203125 0.6578125 0.00859375 0.011458333333333333
0 0.3734375 0.6572916666666667 0.0078125 0.010416666666666666
0 0.342578125 0.65625 0.00703125 0.010416666666666666
0 0.296484375 0.6546875 0.00859375 0.009375
0 0.263671875 0.6515625 0.00703125 0.003125
0 0.408984375 0.6520833333333333 0.00703125 0.010416666666666666
0 0.504296875 0.6505208333333333 0.00703125 0.009375
0 0.3109375 0.6494791666666667 0.0078125 0.009375
0 0.695703125 0.6479166666666667 0.00859375 0.010416666666666666
0 0.463671875 0.640625 0.00703125 0.010416666666666666
0 0.42578125 0.6385416666666667 0.0078125 0.010416666666666666
0 0.476171875 0.6307291666666667 0.00703125 0.009375
0 0.316796875 0.63125 0.00703125 0.010416666666666666
0 0.3 0.6286458333333333 0.0078125 0.009375
0 0.215234375 0.6265625 0.00859375 0.009375
0 0.700390625 0.6229166666666667 0.00859375 0.010416666666666666
0 0.718359375 0.6192708333333333 0.00859375 0.009375
0 0.476953125 0.6119791666666666 0.00703125 0.009375
0 0.353125 0.6119791666666666 0.0078125 0.009375
0 0.33125 0.6109375 0.0078125 0.009375
0 0.707421875 0.6072916666666667 0.00859375 0.010416666666666666
0 0.44375 0.6072916666666667 0.0078125 0.010416666666666666
0 0.458203125 0.6046875 0.00703125 0.009375
0 0.27578125 0.5932291666666667 0.0078125 0.009375
0 0.469140625 0.5921875 0.00703125 0.009375
0 0.25390625 0.5927083333333333 0.0078125 0.010416666666666666
0 0.357421875 0.5885416666666666 0.00703125 0.010416666666666666
0 0.38828125 0.5869791666666667 0.0046875 0.009375
0 0.29765625 0.5869791666666667 0.0078125 0.009375
0 0.687890625 0.5807291666666666 0.00859375 0.009375
0 0.458203125 0.5807291666666666 0.00703125 0.009375
0 0.23671875 0.58125 0.0078125 0.010416666666666666
0 0.327734375 0.578125 0.00703125 0.008333333333333333
0 0.477734375 0.5734375 0.00703125 0.009375
0 0.37109375 0.571875 0.0078125 0.010416666666666666
0 0.698828125 0.5708333333333333 0.00859375 0.010416666666666666
0 0.356640625 0.5692708333333333 0.00703125 0.009375
0 0.187890625 0.5671875 0.00546875 0.007291666666666667
0 0.343359375 0.5630208333333333 0.00703125 0.009375
0 0.208203125 0.5635416666666667 0.00703125 0.010416666666666666
0 0.23671875 0.5619791666666667 0.0078125 0.009375
0 0.251953125 0.5578125 0.00703125 0.009375
0 0.379296875 0.5557291666666667 0.00703125 0.009375
0 0.395703125 0.5520833333333334 0.00703125 0.008333333333333333
0 0.22109375 0.5494791666666666 0.003125 0.003125
0 0.733984375 0.5520833333333334 0.00859375 0.010416666666666666
0 0.196484375 0.5510416666666667 0.00703125 0.008333333333333333
0 0.209765625 0.5416666666666666 0.00703125 0.010416666666666666
0 0.384765625 0.5390625 0.00703125 0.009375
0 0.224609375 0.5333333333333333 0.00859375 0.008333333333333333
0 0.200390625 0.5276041666666667 0.00703125 0.009375
0 0.373828125 0.5234375 0.00703125 0.009375
0 0.1828125 0.5177083333333333 0.0078125 0.010416666666666666
0 0.400390625 0.5161458333333333 0.00703125 0.009375
0 0.327734375 0.5161458333333333 0.00703125 0.009375
0 0.498828125 0.5135416666666667 0.00703125 0.010416666666666666
0 0.3625 0.5125 0.0078125 0.008333333333333333
0 0.583984375 0.5046875 0.00703125 0.009375
0 0.597265625 0.49947916666666664 0.00703125 0.009375
0 0.319140625 0.4953125 0.00703125 0.009375
0 0.22109375 0.49583333333333335 0.0078125 0.010416666666666666
0 0.366796875 0.4942708333333333 0.00703125 0.009375
0 0.410546875 0.49114583333333334 0.00703125 0.009375
0 0.280078125 0.4901041666666667 0.00703125 0.009375
0 0.255859375 0.4901041666666667 0.00703125 0.009375
0 0.35390625 0.48489583333333336 0.0078125 0.009375
0 0.37265625 0.478125 0.0078125 0.008333333333333333
0 0.71796875 0.4713541666666667 0.0078125 0.009375
0 0.732421875 0.46979166666666666 0.00703125 0.010416666666666666
0 0.305859375 0.46927083333333336 0.00703125 0.009375
0 0.476953125 0.4671875 0.00703125 0.009375
0 0.383203125 0.4671875 0.00703125 0.009375
0 0.33984375 0.465625 0.0078125 0.008333333333333333
0 0.66875 0.4640625 0.0078125 0.009375
0 0.542578125 0.4609375 0.00703125 0.009375
0 0.1828125 0.45989583333333334 0.00625 0.009375
0 0.415234375 0.4588541666666667 0.00703125 0.009375
0 0.46484375 0.4578125 0.0078125 0.009375
0 0.584765625 0.4557291666666667 0.00703125 0.009375
0 0.2046875 0.4515625 0.0078125 0.009375
0 0.6890625 0.4479166666666667 0.0078125 0.010416666666666666
0 0.53828125 0.4421875 0.00625 0.009375
0 0.523046875 0.43802083333333336 0.00703125 0.009375
0 0.24921875 0.43697916666666664 0.0078125 0.009375
0 0.429296875 0.4317708333333333 0.00703125 0.009375
0 0.758203125 0.42864583333333334 0.00859375 0.009375
0 0.704296875 0.42864583333333334 0.00703125 0.009375
0 0.690625 0.4270833333333333 0.0078125 0.008333333333333333
0 0.655859375 0.421875 0.00703125 0.010416666666666666
0 0.465234375 0.42083333333333334 0.00703125 0.008333333333333333
0 0.737890625 0.4161458333333333 0.00703125 0.009375
0 0.751953125 0.4119791666666667 0.00703125 0.009375
0 0.2578125 0.4125 0.0078125 0.010416666666666666
0 0.66484375 0.4088541666666667 0.0078125 0.009375
0 0.322265625 0.409375 0.00703125 0.010416666666666666
0 0.431640625 0.40677083333333336 0.00703125 0.009375
0 0.488671875 0.40572916666666664 0.00703125 0.009375
0 0.4015625 0.40208333333333335 0.00625 0.008333333333333333
0 0.709375 0.39010416666666664 0.0078125 0.009375
0 0.682421875 0.3880208333333333 0.00703125 0.009375
0 0.599609375 0.3880208333333333 0.00703125 0.009375
0 0.31015625 0.3828125 0.0078125 0.009375
0 0.498828125 0.3807291666666667 0.00703125 0.009375
0 0.348046875 0.3776041666666667 0.00703125 0.009375
0 0.451953125 0.3703125 0.00703125 0.009375
0 0.439453125 0.3625 0.00703125 0.010416666666666666
0 0.226171875 0.35833333333333334 0.00859375 0.010416666666666666
0 0.680859375 0.35260416666666666 0.00703125 0.009375
0 0.2609375 0.35052083333333334 0.0078125 0.009375
0 0.64453125 0.35 0.0078125 0.010416666666666666
0 0.612890625 0.34791666666666665 0.00703125 0.010416666666666666
0 0.595703125 0.3463541666666667 0.00703125 0.009375
0 0.2296875 0.3411458333333333 0.0078125 0.009375
0 0.323046875 0.3338541666666667 0.00703125 0.009375
0 0.658203125 0.3328125 0.00703125 0.009375
0 0.4546875 0.32708333333333334 0.00625 0.008333333333333333
0 0.443359375 0.3171875 0.00703125 0.009375
0 0.23046875 0.31666666666666665 0.0078125 0.010416666666666666
