0 0.339453125 0.9203125 0.01015625 0.015625
0 0.440625 0.8223958333333333 0.009375 0.013541666666666667
0 0.68984375 0.8192708333333333 0.009375 0.013541666666666667
0 0.5125 0.8098958333333334 0.009375 0.013541666666666667
0 0.5765625 0.8057291666666667 0.009375 0.013541666666666667
0 0.59765625 0.8026041666666667 0.009375 0.013541666666666667
0 0.52890625 0.8010416666666667 0.009375 0.0125
0 0.3390625 0.8015625 0.009375 0.013541666666666667
0 0.71015625 0.7994791666666666 0.009375 0.013541666666666667
0 0.634765625 0.7994791666666666 0.01015625 0.013541666666666667
0 0.738671875 0.7947916666666667 0.01015625 0.0125
0 0.196484375 0.7953125 0.01015625 0.013541666666666667
0 0.691796875 0.7921875 0.01015625 0.013541666666666667
0 0.5453125 0.790625 0.009375 0.0125
0 0.866015625 0.7833333333333333 0.01171875 0.0125
0 0.673046875 0.7833333333333333 0.01015625 0.0125
0 0.57109375 0.7802083333333333 0.009375 0.0125
0 0.63984375 0.7770833333333333 0.0109375 0.0125
0 0.62265625 0.7765625 0.009375 0.013541666666666667
0 0.500390625 0.7708333333333334 0.00859375 0.014583333333333334
0 0.766796875 0.7677083333333333 0.01015625 0.0125
0 0.6875 0.7666666666666667 0.009375 0.0125
0 0.5515625 0.765625 0.009375 0.0125
0 0.6609375 0.7651041666666667 0.009375 0.013541666666666667
0 0.591015625 0.7645833333333333 0.01015625 0.0125
0 0.6078125 0.7614583333333333 0.009375 0.0125
0 0.515234375 0.75625 0.00859375 0.0125
0 0.7171875 0.7557291666666667 0.009375 0.013541666666666667
0 0.44140625 0.7557291666666667 0.009375 0.013541666666666667
0 0.40546875 0.753125 0.009375 0.0125
0 0.74921875 0.7515625 0.0109375 0.013541666666666667
0 0.889453125 0.75 0.01171875 0.0125
0 0.82734375 0.7505208333333333 0.0109375 0.013541666666666667
0 0.64140625 0.75 0.009375 0.0125
0 0.623828125 0.7494791666666667 0.01015625 0.013541666666666667
0 0.675390625 0.746875 0.01015625 0.0125
0 0.4625 0.7473958333333334 0.009375 0.013541666666666667
0 0.3703125 0.7447916666666666 0.009375 0.0125
0 0.731640625 0.7432291666666667 0.01015625 0.013541666666666667
0 0.7015625 0.7432291666666667 0.009375 0.013541666666666667
0 0.657421875 0.7416666666666667 0.01015625 0.0125
0 0.559765625 0.7395833333333334 0.00859375 0.0125
0 0.84921875 0.7380208333333333 0.0109375 0.013541666666666667
0 0.448828125 0.7322916666666667 0.00859375 0.0125
0 0.715625 0.73125 0.009375 0.0125
0 0.6328125 0.728125 0.009375 0.0125
0 0.59609375 0.7286458333333333 0.009375 0.013541666666666667
0 0.48671875 0.728125 0.009375 0.0125
0 0.57578125 0.7276041666666667 0.009375 0.013541666666666667
0 0.537890625 0.7270833333333333 0.00859375 0.0125
0 0.687890625 0.7260416666666667 0.01015625 0.0125
0 0.50625 0.725 0.009375 0.0125
0 0.38203125 0.7239583333333334 0.009375 0.0125
0 0.668359375 0.7229166666666667 0.01015625 0.0125
0 0.649609375 0.7151041666666667 0.01015625 0.013541666666666667
0 0.365625 0.7145833333333333 0.009375 0.0125
0 0.84765625 0.7140625 0.0109375 0.013541666666666667
0 0.808984375 0.7119791666666667 0.01015625 0.013541666666666667
0 0.604296875 0.709375 0.00859375 0.0125
0 0.347265625 0.7088541666666667 0.00859375 0.011458333333333333
0 0.713671875 0.7078125 0.01015625 0.013541666666666667
0 0.58359375 0.7072916666666667 0.009375 0.0125
0 0.49453125 0.70625 0.009375 0.0125
0 0.565625 0.703125 0.009375 0.0125
0 0.53203125 0.6994791666666667 0.009375 0.013541666666666667
0 0.463671875 0.6942708333333333 0.00859375 0.011458333333333333
0 0.51171875 0.6911458333333333 0.009375 0.013541666666666667
0 0.362890625 0.6890625 0.00859375 0.011458333333333333
0 0.66640625 0.6885416666666667 0.009375 0.0125
0 0.341015625 0.6869791666666667 0.00859375 0.011458333333333333
0 0.55234375 0.684375 0.009375 0.0125
0 0.309375 0.6822916666666666 0.009375 0.0125
0 0.535546875 0.6770833333333334 0.00859375 0.0125
0 0.83828125 0.6739583333333333 0.0109375 0.0125
0 0.568359375 0.671875 0.00859375 0.0125
0 0.433984375 0.6708333333333333 0.00859375 0.0125
0 0.79453125 0.6697916666666667 0.0109375 0.0125
0 0.494921875 0.66875 0.00859375 0.0125
0 0.51328125 0.6677083333333333 0.009375 0.0125
0 0.27421875 0.6645833333333333 0.009375 0.0125
0 0.391015625 0.6614583333333334 0.00859375 0.0125
0 0.66015625 0.6598958333333333 0.009375 0.011458333333333333
0 0.451171875 0.6588541666666666 0.00859375 0.011458333333333333
0 0.81015625 0.6583333333333333 0.0109375 0.0125
0 0.31015625 0.6583333333333333 0.009375 0.0125
0 0.525390625 0.6510416666666666 0.00859375 0.0125
0 0.409375 0.6510416666666666 0.009375 0.0125
0 0.573828125 0.65 0.00859375 0.0125
0 0.378515625 0.6453125 0.00859375 0.011458333333333333
0 0.266015625 0.6427083333333333 0.00859375 0.0125
0 0.3234375 0.6411458333333333 0.009375 0.011458333333333333
0 0.284375 0.6380208333333334 0.009375 0.011458333333333333
0 0.34140625 0.6354166666666666 0.009375 0.0125
0 0.558203125 0.6333333333333333 0.00859375 0.0125
0 0.513671875 0.6307291666666667 0.00859375 0.011458333333333333
0 0.54140625 0.6296875 0.009375 0.011458333333333333
0 0.581640625 0.6291666666666667 0.00859375 0.0125
0 0.816796875 0.6270833333333333 0.01171875 0.014583333333333334
0 0.839453125 0.625 0.01015625 0.0125
0 0.643359375 0.6161458333333333 0.00859375 0.011458333333333333
0 0.52734375 0.6151041666666667 0.0078125 0.011458333333333333
0 0.3484375 0.6125 0.009375 0.0125
0 0.563671875 0.6109375 0.00859375 0.011458333333333333
0 0.328515625 0.609375 0.00859375 0.0125
0 0.825390625 0.6088541666666667 0.01171875 0.013541666666666667
0 0.546875 0.6046875 0.009375 0.011458333333333333
0 0.2265625 0.6015625 0.009375 0.011458333333333333
0 0.3625 0.5973958333333333 0.009375 0.011458333333333333
0 0.43046875 0.5838541666666667 0.0078125 0.011458333333333333
0 0.53359375 0.58125 0.0078125 0.0125
0 0.408203125 0.5802083333333333 0.00859375 0.010416666666666666
0 0.5109375 0.5791666666666667 0.0078125 0.010416666666666666
0 0.373046875 0.5786458333333333 0.00859375 0.011458333333333333
0 0.453515625 0.5776041666666667 0.00859375 0.011458333333333333
0 0.573046875 0.5765625 0.00859375 0.011458333333333333
0 0.802734375 0.575 0.01015625 0.0125
0 0.558203125 0.5645833333333333 0.00859375 0.010416666666666666
0 0.3 0.5640625 0.009375 0.011458333333333333
0 0.816015625 0.5625 0.01171875 0.0125
0 0.48828125 0.5625 0.0078125 0.0125
0 0.396484375 0.5619791666666667 0.00859375 0.011458333333333333
0 0.273828125 0.5625 0.00859375 0.0125
0 0.3265625 0.5578125 0.009375 0.011458333333333333
0 0.4578125 0.5536458333333333 0.0078125 0.011458333333333333
0 0.430859375 0.5510416666666667 0.00859375 0.0125
0 0.41328125 0.5505208333333333 0.009375 0.011458333333333333
0 0.362890625 0.5494791666666666 0.00859375 0.011458333333333333
0 0.50078125 0.5479166666666667 0.0078125 0.010416666666666666
0 0.253515625 0.5479166666666667 0.00859375 0.0125
0 0.8578125 0.5416666666666666 0.0078125 0.010416666666666666
0 0.39765625 0.540625 0.009375 0.0125
0 0.38203125 0.5317708333333333 0.009375 0.011458333333333333
0 0.1953125 0.5291666666666667 0.0078125 0.010416666666666666
0 0.415234375 0.5276041666666667 0.00859375 0.011458333333333333
0 0.619140625 0.5244791666666667 0.00859375 0.011458333333333333
0 0.253515625 0.5244791666666667 0.00859375 0.011458333333333333
0 0.21953125 0.5244791666666667 0.009375 0.011458333333333333
0 0.44921875 0.5234375 0.0078125 0.011458333333333333
0 0.27265625 0.5197916666666667 0.009375 0.010416666666666666
0 0.464453125 0.5125 0.00859375 0.010416666666666666
0 0.234765625 0.5119791666666667 0.00859375 0.011458333333333333
0 0.427734375 0.5109375 0.00859375 0.011458333333333333
0 0.20625 0.5104166666666666 0.009375 0.0125
0 0.559375 0.5 0.0078125 0.010416666666666666
0 0.221875 0.4979166666666667 0.009375 0.0125
0 0.525 0.4942708333333333 0.0078125 0.011458333333333333
0 0.4484375 0.49375 0.0078125 0.0125
0 0.47578125 0.4921875 0.0078125 0.011458333333333333
0 0.23984375 0.4895833333333333 0.009375 0.010416666666666666
0 0.41796875 0.4864583333333333 0.0078125 0.010416666666666666
0 0.211328125 0.4796875 0.00859375 0.011458333333333333
0 0.71640625 0.4791666666666667 0.009375 0.0125
0 0.363671875 0.475 0.00859375 0.010416666666666666
0 0.67578125 0.4744791666666667 0.009375 0.011458333333333333
0 0.444921875 0.47291666666666665 0.00859375 0.0125
0 0.405859375 0.4713541666666667 0.00859375 0.011458333333333333
0 0.691015625 0.46822916666666664 0.01015625 0.011458333333333333
0 0.189453125 0.46770833333333334 0.00859375 0.010416666666666666
0 0.5703125 0.46510416666666665 0.0078125 0.011458333333333333
0 0.4109375 0.45 0.0078125 0.010416666666666666
0 0.354296875 0.4484375 0.00859375 0.011458333333333333
0 0.540234375 0.44427083333333334 0.00859375 0.011458333333333333
0 0.45390625 0.44166666666666665 0.0078125 0.010416666666666666
0 0.4328125 0.44166666666666665 0.0078125 0.010416666666666666
0 0.236328125 0.4427083333333333 0.00859375 0.0125
0 0.841796875 0.44114583333333335 0.01015625 0.011458333333333333
0 0.858203125 0.4401041666666667 0.01171875 0.011458333333333333
0 0.308203125 0.4401041666666667 0.00859375 0.011458333333333333
0 0.278515625 0.43854166666666666 0.00859375 0.010416666666666666
0 0.39609375 0.43697916666666664 0.0078125 0.009375
0 0.4703125 0.43072916666666666 0.0078125 0.011458333333333333
0 0.418359375 0.43020833333333336 0.00859375 0.010416666666666666
0 0.780859375 0.42864583333333334 0.01015625 0.011458333333333333
0 0.529296875 0.4265625 0.00859375 0.011458333333333333
0 0.675 0.4197916666666667 0.009375 0.010416666666666666
0 0.54609375 0.41822916666666665 0.0078125 0.011458333333333333
0 0.625390625 0.4171875 0.00859375 0.011458333333333333
0 0.432421875 0.4166666666666667 0.00859375 0.010416666666666666
0 0.337890625 0.41510416666666666 0.00859375 0.011458333333333333
0 0.37890625 0.41354166666666664 0.0078125 0.010416666666666666
0 0.80625 0.4109375 0.0109375 0.011458333333333333
0 0.4703125 0.40989583333333335 0.0078125 0.011458333333333333
0 0.59140625 0.4083333333333333 0.0078125 0.010416666666666666
0 0.191796875 0.39739583333333334 0.00859375 0.011458333333333333
0 0.6203125 0.3953125 0.0078125 0.011458333333333333
0 0.890234375 0.390625 0.00859375 0.010416666666666666
0 0.47109375 0.3890625 0.0078125 0.011458333333333333
0 0.2171875 0.3885416666666667 0.009375 0.010416666666666666
0 0.521484375 0.3875 0.00859375 0.010416666666666666
0 0.826953125 0.38645833333333335 0.00859375 0.010416666666666666
0 0.808984375 0.3848958333333333 0.01015625 0.011458333333333333
0 0.606640625 0.38333333333333336 0.00859375 0.010416666666666666
0 0.270703125 0.3729166666666667 0.00859375 0.010416666666666666
0 0.875390625 0.371875 0.02578125 0.014583333333333334
0 0.49140625 0.37083333333333335 0.0078125 0.0125
0 0.528515625 0.36666666666666664 0.00859375 0.010416666666666666
0 0.553125 0.3651041666666667 0.0078125 0.011458333333333333
0 0.772265625 0.36822916666666666 0.02109375 0.026041666666666668
0 0.56015625 0.34739583333333335 0.0078125 0.011458333333333333
0 0.490625 0.34479166666666666 0.0078125 0.010416666666666666
0 0.69609375 0.34479166666666666 0.0109375 0.0125
0 0.359375 0.34375 0.0078125 0.0125
0 0.28203125 0.34322916666666664 0.0078125 0.011458333333333333
0 0.710546875 0.3411458333333333 0.01015625 0.011458333333333333
0 0.83203125 0.3390625 0.0109375 0.011458333333333333
0 0.4546875 0.3385416666666667 0.0078125 0.010416666666666666
0 0.7984375 0.33489583333333334 0.0078125 0.011458333333333333
0 0.573046875 0.3177083333333333 0.00703125 0.010416666666666666
0 0.3453125 0.3104166666666667 0.0078125 0.0125
0 0.391015625 0.30572916666666666 0.00859375 0.011458333333333333
0 0.51640625 0.3020833333333333 0.0078125 0.010416666666666666
0 0.798046875 0.2921875 0.01015625 0.011458333333333333
0 0.501953125 0.2916666666666667 0.00859375 0.010416666666666666
0 0.75390625 0.2864583333333333 0.009375 0.010416666666666666
0 0.715234375 0.28177083333333336 0.00859375 0.011458333333333333
0 0.694140625 0.2796875 0.00859375 0.011458333333333333
0 0.2453125 0.275 0.009375 0.0125
0 0.287109375 0.2677083333333333 0.00859375 0.0125
0 0.770703125 0.26614583333333336 0.01015625 0.011458333333333333
0 0.249609375 0.2557291666666667 0.00859375 0.013541666666666667
0 0.362109375 0.25052083333333336 0.00859375 0.011458333333333333
0 0.52109375 0.2484375 0.0078125 0.011458333333333333
0 0.507421875 0.23697916666666666 0.00859375 0.011458333333333333
0 0.251171875 0.225 0.00859375 0.0125
