0 0.4015625 0.8780773739742087 0.0109375 0.007033997655334115
0 0.46796875 0.8666471277842908 0.0046875 0.0029308323563892145
0 0.336328125 0.8701641266119577 0.01171875 0.00996483001172333
0 0.444140625 0.8566822977725674 0.00546875 0.006447831184056272
0 0.410546875 0.8528722157092614 0.00546875 0.007033997655334115
0 0.170703125 0.8478898007033998 0.01328125 0.00996483001172333
0 0.722265625 0.8449589683470106 0.00703125 0.006447831184056272
0 0.458984375 0.8405627198124267 0.00703125 0.004689331770222743
0 0.42890625 0.8399765533411488 0.00625 0.005861664712778429
0 0.5453125 0.8279601406799532 0.0109375 0.008792497069167644
0 0.444140625 0.8226846424384525 0.00234375 0.0017584994138335288
0 0.185546875 0.8244431418522861 0.01484375 0.00996483001172333
0 0.130859375 0.820926143024619 0.01328125 0.008792497069167644
0 0.165234375 0.8203399765533411 0.01484375 0.00996483001172333
0 0.419921875 0.8185814771395076 0.00703125 0.008792497069167644
0 0.3734375 0.8165298944900352 0.0109375 0.008206330597889801
0 0.481640625 0.8015826494724502 0.00546875 0.006447831184056272
0 0.45625 0.802168815943728 0.00625 0.008792497069167644
0 0.29140625 0.7904454865181711 0.0125 0.00996483001172333
0 0.450390625 0.7813599062133646 0.00703125 0.008206330597889801
0 0.517578125 0.77989449003517 0.01015625 0.008792497069167644
0 0.362109375 0.7790152403282532 0.01171875 0.009378663540445486
0 0.174609375 0.7781359906213364 0.01328125 0.008792497069167644
0 0.609375 0.7731535756154748 0.0109375 0.005861664712778429
0 0.25703125 0.768464243845252 0.0125 0.008206330597889801
0 0.492578125 0.7678780773739742 0.00703125 0.008206330597889801
0 0.577734375 0.7626025791324736 0.00546875 0.007033997655334115
0 0.497265625 0.7482415005861665 0.00859375 0.0076201641266119575
0 0.359375 0.7464830011723329 0.0078125 0.008792497069167644
0 0.20546875 0.738569753810082 0.0125 0.009378663540445486
0 0.598046875 0.7359320046893317 0.00703125 0.006447831184056272
0 0.57734375 0.7192262602579133 0.0078125 0.008206330597889801
0 0.48828125 0.7192262602579133 0.0109375 0.009378663540445486
0 0.31875 0.7168815943728019 0.0125 0.010550996483001172
0 0.544921875 0.7148300117233294 0.01171875 0.008792497069167644
0 0.246484375 0.7116060961313013 0.01328125 0.010550996483001172
0 0.216796875 0.7095545134818289 0.01328125 0.008792497069167644
0 0.333203125 0.7028135990621337 0.01171875 0.009378663540445486
0 0.57109375 0.6966588511137163 0.0125 0.008792497069167644
0 0.5453125 0.6943141852286049 0.0125 0.008792497069167644
0 0.3671875 0.6943141852286049 0.0109375 0.008792497069167644
0 0.25234375 0.6949003516998827 0.0125 0.00996483001172333
0 0.748046875 0.6899179366940211 0.01171875 0.009378663540445486
0 0.878125 0.6861078546307151 0.015625 0.011137162954279016
0 0.39296875 0.6846424384525205 0.0125 0.009378663540445486
0 0.121875 0.6834701055099648 0.0125 0.008206330597889801
0 0.476953125 0.6799531066822978 0.01171875 0.009378663540445486
0 0.416015625 0.6784876905041032 0.00859375 0.006447831184056272
0 0.5296875 0.6781946072684643 0.0125 0.009378663540445486
0 0.315625 0.6779015240328253 0.0125 0.008792497069167644
0 0.72734375 0.6761430246189918 0.0125 0.0076201641266119575
0 0.192578125 0.675263774912075 0.01328125 0.009378663540445486
0 0.506640625 0.6670574443141852 0.00859375 0.009378663540445486
0 0.690625 0.6632473622508792 0.0140625 0.008792497069167644
0 0.209375 0.6617819460726846 0.0125 0.009378663540445486
0 0.66875 0.6524032825322391 0.0125 0.007033997655334115
0 0.57109375 0.652989449003517 0.0125 0.009378663540445486
0 0.375390625 0.6524032825322391 0.01171875 0.009378663540445486
0 0.459765625 0.6521101992966002 0.01171875 0.00996483001172333
0 0.32109375 0.6518171160609613 0.0125 0.009378663540445486
0 0.49921875 0.6485932004689332 0.0125 0.00996483001172333
0 0.54609375 0.6468347010550997 0.009375 0.0076201641266119575
0 0.60546875 0.6356975381008206 0.0125 0.00996483001172333
0 0.393359375 0.6351113716295428 0.01171875 0.008792497069167644
0 0.366796875 0.6345252051582649 0.00703125 0.0076201641266119575
0 0.468359375 0.634232121922626 0.01171875 0.008206330597889801
0 0.505078125 0.6307151230949589 0.01171875 0.008206330597889801
0 0.445703125 0.6254396248534584 0.00703125 0.008206330597889801
0 0.573828125 0.6242672919109027 0.01171875 0.009378663540445486
0 0.334375 0.6207502930832356 0.009375 0.007033997655334115
0 0.675390625 0.6204572098475967 0.01328125 0.00996483001172333
0 0.64921875 0.6166471277842908 0.0125 0.008206330597889801
0 0.701171875 0.6166471277842908 0.01328125 0.009378663540445486
0 0.3890625 0.6122508792497069 0.0109375 0.008792497069167644
0 0.5078125 0.6110785463071512 0.0125 0.0076201641266119575
0 0.48359375 0.6110785463071512 0.0125 0.008792497069167644
0 0.316015625 0.6096131301289566 0.01171875 0.008206330597889801
0 0.3546875 0.608440797186401 0.0109375 0.008206330597889801
0 0.420703125 0.6075615474794842 0.01171875 0.008792497069167644
0 0.451171875 0.6049237983587339 0.01171875 0.009378663540445486
0 0.603125 0.5949589683470106 0.0125 0.009378663540445486
0 0.570703125 0.5926143024618992 0.01171875 0.009378663540445486
0 0.239453125 0.589390386869871 0.01328125 0.008792497069167644
0 0.491015625 0.5885111371629543 0.01171875 0.009378663540445486
0 0.18515625 0.585873388042204 0.0125 0.008792497069167644
0 0.267578125 0.5823563892145369 0.01484375 0.008792497069167644
0 0.6328125 0.5814771395076201 0.0125 0.009378663540445486
0 0.288671875 0.5805978898007034 0.01328125 0.008792497069167644
0 0.711328125 0.5805978898007034 0.01328125 0.00996483001172333
0 0.355859375 0.5788393903868698 0.01171875 0.0076201641266119575
0 0.590234375 0.5773739742086753 0.01171875 0.009378663540445486
0 0.666796875 0.5762016412661196 0.01328125 0.009378663540445486
0 0.5578125 0.5729777256740914 0.0125 0.008792497069167644
0 0.43125 0.570926143024619 0.0109375 0.009378663540445486
0 0.506640625 0.5671160609613131 0.01171875 0.008792497069167644
0 0.678515625 0.55978898007034 0.01328125 0.008206330597889801
0 0.462890625 0.559495896834701 0.01171875 0.008792497069167644
0 0.3765625 0.5586166471277842 0.0109375 0.007033997655334115
0 0.5890625 0.555978898007034 0.0125 0.0076201641266119575
0 0.55390625 0.5530480656506448 0.0109375 0.0076201641266119575
0 0.440625 0.5536342321219226 0.0125 0.008792497069167644
0 0.652734375 0.5527549824150059 0.01171875 0.009378663540445486
0 0.2453125 0.5495310668229777 0.0140625 0.008792497069167644
0 0.7125 0.5489449003516998 0.0140625 0.00996483001172333
0 0.394921875 0.5454279015240329 0.01171875 0.008792497069167644
0 0.6171875 0.5424970691676436 0.0125 0.008792497069167644
0 0.264453125 0.5416178194607268 0.01328125 0.008206330597889801
0 0.360546875 0.5413247362250879 0.01171875 0.008792497069167644
0 0.4234375 0.5404454865181711 0.0109375 0.008206330597889801
0 0.658984375 0.5345838218053928 0.01171875 0.008206330597889801
0 0.553515625 0.533704572098476 0.01171875 0.008792497069167644
0 0.21171875 0.5310668229777257 0.0125 0.007033997655334115
0 0.516796875 0.52989449003517 0.01171875 0.008206330597889801
0 0.2875 0.5293083235638921 0.0109375 0.008206330597889801
0 0.594921875 0.5290152403282532 0.01328125 0.008792497069167644
0 0.373828125 0.5257913247362251 0.01171875 0.008206330597889801
0 0.115625 0.5249120750293084 0.0125 0.008792497069167644
0 0.64140625 0.5196365767878077 0.0125 0.008792497069167644
0 0.702734375 0.5181711606096131 0.01328125 0.009378663540445486
0 0.351171875 0.5169988276670574 0.01171875 0.009378663540445486
0 0.161328125 0.5146541617819461 0.01328125 0.009378663540445486
0 0.551953125 0.511430246189918 0.01171875 0.008792497069167644
0 0.616796875 0.5102579132473622 0.01328125 0.0076201641266119575
0 0.591796875 0.5099648300117233 0.01328125 0.008206330597889801
0 0.77890625 0.5093786635404455 0.0125 0.009378663540445486
0 0.74296875 0.503810082063306 0.0140625 0.00996483001172333
0 0.68515625 0.5029308323563892 0.0125 0.009378663540445486
0 0.32890625 0.4991207502930832 0.0125 0.0076201641266119575
0 0.644140625 0.49941383352872215 0.01328125 0.009378663540445486
0 0.486328125 0.4988276670574443 0.01171875 0.008206330597889801
0 0.35078125 0.4988276670574443 0.0125 0.008206330597889801
0 0.535546875 0.49794841735052753 0.01171875 0.0076201641266119575
0 0.573046875 0.49736225087924973 0.01171875 0.0076201641266119575
0 0.508984375 0.4967760844079719 0.00859375 0.006447831184056272
0 0.158203125 0.4967760844079719 0.01328125 0.0076201641266119575
0 0.132421875 0.49648300117233296 0.01484375 0.008206330597889801
0 0.197265625 0.48827667057444313 0.01328125 0.008206330597889801
0 0.6234375 0.4879835873388042 0.0125 0.008792497069167644
0 0.73203125 0.48681125439624856 0.0125 0.008792497069167644
0 0.395703125 0.4859320046893318 0.01171875 0.008206330597889801
0 0.598828125 0.485052754982415 0.01171875 0.008792497069167644
0 0.2453125 0.48446658851113716 0.015625 0.008792497069167644
0 0.548828125 0.4806565064478312 0.01171875 0.009378663540445486
0 0.288671875 0.4806565064478312 0.01171875 0.009378663540445486
0 0.266796875 0.4797772567409144 0.01640625 0.008792497069167644
0 0.651953125 0.4794841735052755 0.01328125 0.009378663540445486
0 0.35 0.4783118405627198 0.0109375 0.008206330597889801
0 0.521875 0.4771395076201641 0.0125 0.009378663540445486
0 0.321484375 0.47010550996483 0.01171875 0.008206330597889801
0 0.140234375 0.4695193434935522 0.01171875 0.008206330597889801
0 0.719140625 0.46893317702227433 0.01328125 0.009378663540445486
0 0.60703125 0.4674677608440797 0.0125 0.008792497069167644
0 0.503125 0.4657092614302462 0.0125 0.0076201641266119575
0 0.171484375 0.46483001172332944 0.01328125 0.008206330597889801
0 0.47890625 0.46365767878077374 0.0109375 0.009378663540445486
0 0.285546875 0.4633645955451348 0.01171875 0.008792497069167644
0 0.5515625 0.4621922626025791 0.0125 0.008792497069167644
0 0.69375 0.4618991793669402 0.0140625 0.009378663540445486
0 0.342578125 0.46160609613130127 0.01171875 0.008792497069167644
0 0.630859375 0.4586752637749121 0.01171875 0.00996483001172333
0 0.5265625 0.45808909730363423 0.0125 0.008792497069167644
0 0.669140625 0.4563305978898007 0.01328125 0.008792497069167644
0 0.8796875 0.45515826494724504 0.015625 0.00996483001172333
0 0.43125 0.45427901524032827 0.0109375 0.008206330597889801
0 0.4609375 0.45193434935521687 0.0109375 0.008206330597889801
0 0.491015625 0.4481242672919109 0.01171875 0.0076201641266119575
0 0.712890625 0.4481242672919109 0.01328125 0.008792497069167644
0 0.569140625 0.44841735052754983 0.01171875 0.009378663540445486
0 0.746484375 0.4451934349355217 0.01328125 0.008792497069167644
0 0.61328125 0.4454865181711606 0.0125 0.009378663540445486
0 0.647265625 0.444021101992966 0.01328125 0.008792497069167644
0 0.257421875 0.4428487690504103 0.01171875 0.0076201641266119575
0 0.858203125 0.4428487690504103 0.01484375 0.00996483001172333
0 0.348828125 0.4331770222743259 0.01015625 0.008206330597889801
0 0.543359375 0.43229777256740914 0.01328125 0.008792497069167644
0 0.8796875 0.4305392731535756 0.015625 0.00996483001172333
0 0.51484375 0.4296600234466589 0.0109375 0.008206330597889801
0 0.68203125 0.42995310668229775 0.0140625 0.00996483001172333
0 0.630078125 0.4296600234466589 0.01328125 0.009378663540445486
0 0.5671875 0.4296600234466589 0.0125 0.009378663540445486
0 0.7078125 0.4287807737397421 0.0140625 0.00996483001172333
0 0.4484375 0.42409144196951937 0.0109375 0.008792497069167644
0 0.59921875 0.4223329425556858 0.0125 0.008792497069167644
0 0.7265625 0.41324736225087927 0.0140625 0.009378663540445486
0 0.66328125 0.4135404454865182 0.0125 0.00996483001172333
0 0.578125 0.4123681125439625 0.0125 0.008792497069167644
0 0.391015625 0.4097303634232122 0.01171875 0.008206330597889801
0 0.15625 0.40885111371629546 0.0125 0.008792497069167644
0 0.687890625 0.40738569753810083 0.01328125 0.009378663540445486
0 0.641796875 0.4015240328253224 0.01171875 0.009378663540445486
0 0.819921875 0.3988862837045721 0.01484375 0.00996483001172333
0 0.5390625 0.39654161781946073 0.0109375 0.008792497069167644
0 0.794921875 0.39273153575615477 0.01328125 0.009378663540445486
0 0.234765625 0.39009378663540445 0.01328125 0.008792497069167644
0 0.5859375 0.3892145369284877 0.0125 0.009378663540445486
0 0.67421875 0.388042203985932 0.0140625 0.009378663540445486
0 0.562109375 0.3862837045720985 0.01328125 0.008206330597889801
0 0.699609375 0.3865767878077374 0.01328125 0.00996483001172333
0 0.648828125 0.38335287221570924 0.01328125 0.009378663540445486
0 0.624609375 0.3810082063305979 0.01328125 0.009378663540445486
0 0.3171875 0.380715123094959 0.0109375 0.008792497069167644
0 0.73671875 0.3742672919109027 0.0140625 0.00996483001172333
0 0.54375 0.37397420867526376 0.0109375 0.009378663540445486
0 0.71171875 0.369284876905041 0.0140625 0.009378663540445486
0 0.6703125 0.36840562719812425 0.0125 0.00996483001172333
0 0.640625 0.3596131301289566 0.0125 0.008792497069167644
0 0.691796875 0.35668229777256744 0.01328125 0.00996483001172333
0 0.57578125 0.35668229777256744 0.0125 0.00996483001172333
0 0.61953125 0.34788980070339975 0.0125 0.008792497069167644
0 0.2296875 0.34495896834701056 0.0125 0.0123094958968347
0 0.658203125 0.34056271981242675 0.01328125 0.009378663540445486
0 0.745703125 0.33909730363423213 0.01328125 0.00996483001172333
0 0.71328125 0.3385111371629543 0.0140625 0.00996483001172333
0 0.329296875 0.3364595545134818 0.01171875 0.009378663540445486
0 0.682421875 0.33411488862837047 0.01328125 0.009378663540445486
0 0.433203125 0.33382180539273154 0.01171875 0.008792497069167644
0 0.108984375 0.33294255568581477 0.01328125 0.009378663540445486
0 0.565234375 0.3300117233294256 0.01171875 0.009378663540445486
0 0.228515625 0.32971864009378665 0.01328125 0.0123094958968347
0 0.6625 0.32209847596717467 0.0125 0.00996483001172333
0 0.705859375 0.31740914419695193 0.01328125 0.00996483001172333
0 0.690625 0.30275498241500587 0.0125 0.00996483001172333
0 0.719921875 0.2995310668229777 0.01328125 0.009378663540445486
0 0.23984375 0.30656506447831183 0.0234375 0.0246189917936694
0 0.881640625 0.2977725674091442 0.01484375 0.010550996483001172
0 0.3671875 0.29484173505275496 0.0125 0.010550996483001172
0 0.601171875 0.2901524032825322 0.01171875 0.010550996483001172
0 0.816796875 0.28868698710433766 0.01328125 0.00996483001172333
0 0.91015625 0.283704572098476 0.0140625 0.009378663540445486
0 0.6296875 0.28399765533411486 0.0125 0.00996483001172333
0 0.16328125 0.2746189917936694 0.0125 0.00996483001172333
0 0.119921875 0.27256740914419697 0.01328125 0.008206330597889801
0 0.2390625 0.2731535756154748 0.034375 0.01406799531066823
0 0.648828125 0.2664126611957796 0.01328125 0.00996483001172333
0 0.633203125 0.25263774912075027 0.01171875 0.010550996483001172
0 0.19140625 0.24824150058616648 0.0140625 0.00996483001172333
0 0.57109375 0.24648300117233293 0.0125 0.011137162954279016
0 0.6546875 0.24120750293083235 0.0125 0.011137162954279016
0 0.902734375 0.23329425556858147 0.01328125 0.008206330597889801
0 0.67890625 0.23300117233294257 0.0140625 0.011137162954279016
0 0.55625 0.22596717467760843 0.0125 0.011137162954279016
0 0.661328125 0.22010550996483 0.00859375 0.008792497069167644
0 0.4484375 0.22069167643610785 0.0125 0.011137162954279016
0 0.405859375 0.2171746776084408 0.01171875 0.011137162954279016
0 0.521875 0.22186400937866355 0.0265625 0.02637749120750293
0 0.695703125 0.208968347010551 0.01328125 0.011137162954279016
0 0.597265625 0.20252051582649472 0.01328125 0.005275498241500586
0 0.286328125 0.20398593200468934 0.01328125 0.010550996483001172
0 0.55625 0.20134818288393905 0.0125 0.011137162954279016
0 0.778125 0.19929660023446658 0.0125 0.010550996483001172
0 0.668359375 0.1951934349355217 0.00859375 0.005861664712778429
0 0.305078125 0.194021101992966 0.01328125 0.010550996483001172
0 0.526171875 0.18698710433763188 0.00859375 0.005861664712778429
0 0.26171875 0.1872801875732708 0.0125 0.00996483001172333
0 0.506640625 0.18083235638921455 0.01171875 0.008792497069167644
0 0.235546875 0.17526377491207504 0.01328125 0.008206330597889801
0 0.609375 0.1764361078546307 0.0125 0.011723329425556858
0 0.28984375 0.1708675263774912 0.0109375 0.0076201641266119575
0 0.25859375 0.16852286049237983 0.0078125 0.005275498241500586
0 0.543359375 0.16471277842907386 0.01015625 0.007033997655334115
0 0.8421875 0.16354044548651817 0.0140625 0.010550996483001172
0 0.76953125 0.15767878077373973 0.0125 0.010550996483001172
0 0.319140625 0.15328253223915592 0.01171875 0.011137162954279016
0 0.6640625 0.15240328253223914 0.0125 0.010550996483001172
0 0.61796875 0.15123094958968347 0.0125 0.011723329425556858
0 0.874609375 0.15005861664712777 0.01328125 0.010550996483001172
0 0.360546875 0.14683470105509966 0.01171875 0.00996483001172333
0 0.556640625 0.141852286049238 0.00234375 0.004689331770222743
0 0.29375 0.12954279015240328 0.0078125 0.0035169988276670576
0 0.23984375 0.134232121922626 0.0453125 0.026963657678780773
0 0.26328125 0.11987104337631888 0.003125 0.0029308323563892145
