0 0.347265625 0.8880208333333334 0.01015625 0.015625
0 0.44765625 0.7927083333333333 0.009375 0.0125
0 0.694140625 0.790625 0.01015625 0.0125
0 0.519140625 0.7802083333333333 0.00859375 0.0125
0 0.583203125 0.7765625 0.00859375 0.013541666666666667
0 0.603515625 0.7734375 0.01015625 0.013541666666666667
0 0.535546875 0.771875 0.00859375 0.0125
0 0.713671875 0.7708333333333334 0.01015625 0.0125
0 0.63984375 0.7713541666666667 0.009375 0.013541666666666667
0 0.34765625 0.7708333333333334 0.009375 0.0125
0 0.74296875 0.7666666666666667 0.009375 0.0125
0 0.69609375 0.7640625 0.009375 0.013541666666666667
0 0.205078125 0.7640625 0.01015625 0.013541666666666667
0 0.55234375 0.7614583333333333 0.0078125 0.0125
0 0.86796875 0.7567708333333333 0.0109375 0.013541666666666667
0 0.677734375 0.7546875 0.01015625 0.013541666666666667
0 0.576953125 0.7510416666666667 0.00859375 0.0125
0 0.644921875 0.7489583333333333 0.00859375 0.0125
0 0.628125 0.7484375 0.009375 0.011458333333333333
0 0.507421875 0.7416666666666667 0.00859375 0.0125
0 0.770703125 0.7395833333333334 0.01015625 0.0125
0 0.691796875 0.7390625 0.00859375 0.013541666666666667
0 0.666015625 0.7369791666666666 0.00859375 0.013541666666666667
0 0.558203125 0.7364583333333333 0.00859375 0.0125
0 0.596875 0.7354166666666667 0.009375 0.0125
0 0.6140625 0.7322916666666667 0.009375 0.0125
0 0.721484375 0.728125 0.00859375 0.0125
0 0.522265625 0.7270833333333333 0.00859375 0.0125
0 0.830078125 0.725 0.01171875 0.010416666666666666
0 0.44921875 0.7255208333333333 0.009375 0.013541666666666667
0 0.753125 0.7244791666666667 0.0109375 0.013541666666666667
0 0.891015625 0.7234375 0.01171875 0.013541666666666667
0 0.413671875 0.7229166666666667 0.00859375 0.0125
0 0.646484375 0.721875 0.01015625 0.0125
0 0.6296875 0.721875 0.009375 0.0125
0 0.680859375 0.7197916666666667 0.01015625 0.0125
0 0.4703125 0.71875 0.009375 0.0125
0 0.7359375 0.7161458333333334 0.0109375 0.011458333333333333
0 0.70625 0.7166666666666667 0.009375 0.0125
0 0.37890625 0.7145833333333333 0.009375 0.0125
0 0.6625 0.7135416666666666 0.009375 0.0125
0 0.566796875 0.7114583333333333 0.00859375 0.0125
0 0.8515625 0.7114583333333333 0.0109375 0.014583333333333334
0 0.719921875 0.7036458333333333 0.01015625 0.013541666666666667
0 0.456640625 0.703125 0.00859375 0.0125
0 0.601953125 0.7010416666666667 0.00859375 0.0125
0 0.637890625 0.7 0.00859375 0.0125
0 0.581640625 0.7 0.00859375 0.0125
0 0.494140625 0.6994791666666667 0.00859375 0.011458333333333333
0 0.692578125 0.6989583333333333 0.00859375 0.0125
0 0.544921875 0.6984375 0.00859375 0.011458333333333333
0 0.51328125 0.6963541666666667 0.009375 0.013541666666666667
0 0.6734375 0.6947916666666667 0.009375 0.0125
0 0.390234375 0.6947916666666667 0.00859375 0.0125
0 0.85 0.6885416666666667 0.0109375 0.0125
0 0.6546875 0.6875 0.009375 0.0125
0 0.8125 0.6859375 0.0109375 0.013541666666666667
0 0.37421875 0.6848958333333334 0.009375 0.011458333333333333
0 0.610546875 0.6817708333333333 0.00859375 0.011458333333333333
0 0.71796875 0.68125 0.009375 0.0125
0 0.355859375 0.6796875 0.00859375 0.011458333333333333
0 0.589453125 0.6791666666666667 0.00859375 0.0125
0 0.501953125 0.678125 0.00859375 0.0125
0 0.57265625 0.675 0.009375 0.0125
0 0.5390625 0.671875 0.0078125 0.0125
0 0.471484375 0.6661458333333333 0.00859375 0.011458333333333333
0 0.51875 0.6630208333333333 0.0078125 0.011458333333333333
0 0.671484375 0.6614583333333334 0.00859375 0.0125
0 0.371484375 0.659375 0.00859375 0.010416666666666666
0 0.558984375 0.6567708333333333 0.00859375 0.011458333333333333
0 0.349609375 0.6567708333333333 0.00859375 0.011458333333333333
0 0.31796875 0.653125 0.009375 0.0125
0 0.542578125 0.6494791666666667 0.00859375 0.011458333333333333
0 0.84140625 0.6484375 0.009375 0.013541666666666667
0 0.575 0.6447916666666667 0.009375 0.0125
0 0.7984375 0.64375 0.0109375 0.0125
0 0.501953125 0.6421875 0.00859375 0.011458333333333333
0 0.441796875 0.6421875 0.00859375 0.011458333333333333
0 0.5203125 0.6401041666666667 0.0078125 0.011458333333333333
0 0.2828125 0.6348958333333333 0.009375 0.011458333333333333
0 0.665234375 0.6333333333333333 0.00859375 0.0125
0 0.399609375 0.6328125 0.00859375 0.011458333333333333
0 0.8140625 0.6322916666666667 0.0109375 0.0125
0 0.458984375 0.63125 0.00859375 0.0125
0 0.31875 0.6291666666666667 0.009375 0.0125
0 0.532421875 0.6234375 0.00859375 0.011458333333333333
0 0.417578125 0.6234375 0.00859375 0.011458333333333333
0 0.580859375 0.6229166666666667 0.00859375 0.0125
0 0.387109375 0.6161458333333333 0.00859375 0.011458333333333333
0 0.275 0.6135416666666667 0.009375 0.0125
0 0.33203125 0.6119791666666666 0.009375 0.011458333333333333
0 0.29296875 0.6088541666666667 0.009375 0.009375
0 0.565234375 0.6067708333333334 0.00859375 0.011458333333333333
0 0.35 0.6067708333333334 0.009375 0.011458333333333333
0 0.58828125 0.6026041666666667 0.0078125 0.011458333333333333
0 0.5484375 0.6026041666666667 0.009375 0.011458333333333333
0 0.521484375 0.603125 0.00859375 0.0125
0 0.8203125 0.6020833333333333 0.0109375 0.0125
0 0.844140625 0.5989583333333334 0.00703125 0.010416666666666666
0 0.649609375 0.5895833333333333 0.00859375 0.010416666666666666
0 0.534765625 0.5875 0.00859375 0.010416666666666666
0 0.829296875 0.584375 0.01015625 0.0125
0 0.569921875 0.584375 0.00859375 0.0125
0 0.35703125 0.5838541666666667 0.009375 0.011458333333333333
0 0.337109375 0.5807291666666666 0.00859375 0.011458333333333333
0 0.55390625 0.5770833333333333 0.009375 0.0125
0 0.234765625 0.5723958333333333 0.00859375 0.011458333333333333
0 0.370703125 0.56875 0.00859375 0.0125
0 0.438671875 0.55625 0.00859375 0.010416666666666666
0 0.540625 0.5552083333333333 0.0078125 0.010416666666666666
0 0.51875 0.5526041666666667 0.0078125 0.011458333333333333
0 0.4171875 0.5520833333333334 0.0078125 0.010416666666666666
0 0.80625 0.5505208333333333 0.0109375 0.011458333333333333
0 0.580078125 0.55 0.00859375 0.010416666666666666
0 0.38125 0.55 0.0078125 0.010416666666666666
0 0.46171875 0.55 0.009375 0.0125
0 0.565234375 0.5385416666666667 0.00859375 0.010416666666666666
0 0.8203125 0.5385416666666667 0.009375 0.0125
0 0.49609375 0.5359375 0.0078125 0.011458333333333333
0 0.308984375 0.5354166666666667 0.00859375 0.010416666666666666
0 0.405078125 0.5348958333333333 0.00859375 0.011458333333333333
0 0.282421875 0.5333333333333333 0.00859375 0.0125
0 0.33515625 0.5296875 0.009375 0.011458333333333333
0 0.465625 0.5260416666666666 0.0078125 0.010416666666666666
0 0.4390625 0.5239583333333333 0.0078125 0.010416666666666666
0 0.421875 0.5234375 0.009375 0.011458333333333333
0 0.50859375 0.521875 0.0078125 0.010416666666666666
0 0.371484375 0.5208333333333334 0.00859375 0.010416666666666666
0 0.862109375 0.5177083333333333 0.00859375 0.010416666666666666
0 0.262109375 0.51875 0.00859375 0.0125
0 0.405859375 0.5130208333333334 0.00859375 0.011458333333333333
0 0.390234375 0.5046875 0.00859375 0.011458333333333333
0 0.4234375 0.5 0.0078125 0.010416666666666666
0 0.62578125 0.49895833333333334 0.0078125 0.010416666666666666
0 0.204296875 0.49947916666666664 0.00859375 0.011458333333333333
0 0.457421875 0.49583333333333335 0.00859375 0.010416666666666666
0 0.262109375 0.49635416666666665 0.00859375 0.011458333333333333
0 0.228125 0.4953125 0.0078125 0.011458333333333333
0 0.28125 0.4921875 0.009375 0.011458333333333333
0 0.47265625 0.4859375 0.0078125 0.011458333333333333
0 0.4359375 0.484375 0.0078125 0.0125
0 0.244140625 0.4822916666666667 0.00703125 0.010416666666666666
0 0.214453125 0.48072916666666665 0.00859375 0.011458333333333333
0 0.5671875 0.475 0.0078125 0.010416666666666666
0 0.532421875 0.46770833333333334 0.00703125 0.010416666666666666
0 0.23046875 0.46822916666666664 0.009375 0.011458333333333333
0 0.45625 0.4671875 0.0078125 0.011458333333333333
0 0.48359375 0.46510416666666665 0.0078125 0.011458333333333333
0 0.426171875 0.46041666666666664 0.00859375 0.010416666666666666
0 0.2484375 0.46041666666666664 0.009375 0.010416666666666666
0 0.723046875 0.4546875 0.01015625 0.011458333333333333
0 0.682421875 0.4505208333333333 0.01015625 0.011458333333333333
0 0.219921875 0.4510416666666667 0.00859375 0.0125
0 0.372265625 0.4473958333333333 0.00859375 0.011458333333333333
0 0.453125 0.4453125 0.0078125 0.011458333333333333
0 0.6953125 0.44427083333333334 0.0046875 0.011458333333333333
0 0.414453125 0.44427083333333334 0.00859375 0.011458333333333333
0 0.578125 0.4390625 0.0078125 0.011458333333333333
0 0.198046875 0.43802083333333336 0.00859375 0.011458333333333333
0 0.419921875 0.42291666666666666 0.00859375 0.010416666666666666
0 0.36328125 0.42135416666666664 0.0078125 0.011458333333333333
0 0.845703125 0.41770833333333335 0.01015625 0.008333333333333333
0 0.54765625 0.4192708333333333 0.0078125 0.011458333333333333
0 0.86171875 0.41770833333333335 0.009375 0.0125
0 0.44140625 0.415625 0.0078125 0.010416666666666666
0 0.4625 0.4140625 0.0078125 0.011458333333333333
0 0.244921875 0.4140625 0.00859375 0.011458333333333333
0 0.316796875 0.41041666666666665 0.00859375 0.010416666666666666
0 0.404296875 0.409375 0.00859375 0.010416666666666666
0 0.287109375 0.40989583333333335 0.00859375 0.011458333333333333
0 0.7859375 0.40520833333333334 0.009375 0.0125
0 0.478515625 0.4046875 0.00703125 0.011458333333333333
0 0.426953125 0.403125 0.00859375 0.010416666666666666
0 0.537109375 0.4015625 0.00859375 0.011458333333333333
0 0.681640625 0.3963541666666667 0.00859375 0.011458333333333333
0 0.632421875 0.3932291666666667 0.00859375 0.011458333333333333
0 0.55390625 0.3927083333333333 0.0078125 0.010416666666666666
0 0.440625 0.38958333333333334 0.0078125 0.010416666666666666
0 0.811328125 0.3875 0.01015625 0.010416666666666666
0 0.346875 0.3880208333333333 0.0078125 0.011458333333333333
0 0.3875 0.3854166666666667 0.0078125 0.010416666666666666
0 0.598828125 0.38385416666666666 0.00859375 0.011458333333333333
0 0.478125 0.38333333333333336 0.0078125 0.0125
0 0.627734375 0.37083333333333335 0.00859375 0.010416666666666666
0 0.89453125 0.3692708333333333 0.009375 0.009375
0 0.200390625 0.3671875 0.00859375 0.011458333333333333
0 0.83203125 0.36354166666666665 0.0078125 0.008333333333333333
0 0.813671875 0.3619791666666667 0.00859375 0.011458333333333333
0 0.529296875 0.3614583333333333 0.00859375 0.010416666666666666
0 0.479296875 0.3619791666666667 0.00703125 0.011458333333333333
0 0.613671875 0.359375 0.00859375 0.010416666666666666
0 0.226171875 0.359375 0.00859375 0.0125
0 0.880078125 0.35052083333333334 0.02578125 0.015625
0 0.49921875 0.3453125 0.0078125 0.011458333333333333
0 0.2796875 0.34479166666666666 0.0078125 0.010416666666666666
0 0.53671875 0.3416666666666667 0.0078125 0.010416666666666666
0 0.5609375 0.340625 0.0078125 0.010416666666666666
0 0.776953125 0.3453125 0.01953125 0.026041666666666668
0 0.56796875 0.321875 0.0078125 0.010416666666666666
0 0.703125 0.32135416666666666 0.0109375 0.011458333333333333
0 0.498828125 0.31927083333333334 0.00703125 0.011458333333333333
0 0.837109375 0.3177083333333333 0.01015625 0.010416666666666666
0 0.7171875 0.3177083333333333 0.0109375 0.0125
0 0.368359375 0.31614583333333335 0.00859375 0.011458333333333333
0 0.290625 0.3151041666666667 0.0078125 0.011458333333333333
0 0.80390625 0.31302083333333336 0.0078125 0.011458333333333333
0 0.46328125 0.31197916666666664 0.0078125 0.011458333333333333
0 0.58125 0.2921875 0.0078125 0.011458333333333333
0 0.354296875 0.2828125 0.00859375 0.011458333333333333
0 0.399609375 0.278125 0.00859375 0.010416666666666666
0 0.525 0.2765625 0.0078125 0.011458333333333333
0 0.803515625 0.26979166666666665 0.00859375 0.010416666666666666
0 0.510546875 0.265625 0.00859375 0.010416666666666666
0 0.760546875 0.2640625 0.01015625 0.011458333333333333
0 0.721875 0.259375 0.009375 0.010416666666666666
0 0.70078125 0.25625 0.009375 0.010416666666666666
0 0.253515625 0.24635416666666668 0.00859375 0.013541666666666667
0 0.7765625 0.24427083333333333 0.009375 0.011458333333333333
0 0.295703125 0.2390625 0.00859375 0.011458333333333333
0 0.258203125 0.22760416666666666 0.00859375 0.013541666666666667
0 0.529296875 0.22291666666666668 0.00859375 0.010416666666666666
0 0.37109375 0.22239583333333332 0.0078125 0.011458333333333333
0 0.516015625 0.2109375 0.00859375 0.011458333333333333
0 0.259765625 0.19635416666666666 0.00859375 0.011458333333333333
