0 0.56484375 0.8839390386869871 0.0125 0.010550996483001172
0 0.3265625 0.8528722157092614 0.0109375 0.009378663540445486
0 0.606640625 0.7863423212192263 0.01171875 0.00996483001172333
0 0.191796875 0.7154161781946072 0.01171875 0.008792497069167644
0 0.38046875 0.5451348182883939 0.0109375 0.008206330597889801
0 0.571484375 0.5304806565064478 0.01171875 0.009378663540445486
0 0.15859375 0.46805392731535755 0.0109375 0.005275498241500586
0 0.420703125 0.4686400937866354 0.01171875 0.008792497069167644
0 0.408984375 0.45310668229777257 0.01171875 0.005861664712778429
0 0.2265625 0.3660609613130129 0.0109375 0.004103165298944901
0 0.23515625 0.35140679953106685 0.0125 0.005275498241500586
0 0.8546875 0.3481828839390387 0.015625 0.009378663540445486
0 0.881640625 0.32327080890973037 0.01484375 0.00996483001172333
0 0.498046875 0.23124267291910902 0.01171875 0.006447831184056272
0 0.886328125 0.0723915592028136 0.00703125 0.0076201641266119575
