0 0.396484375 0.8681125439624854 0.01015625 0.009378663540445486
0 0.46171875 0.8578546307151231 0.0046875 0.0029308323563892145
0 0.3328125 0.861664712778429 0.0125 0.010550996483001172
0 0.43984375 0.8475967174677609 0.00625 0.007033997655334115
0 0.40859375 0.8437866354044549 0.009375 0.0076201641266119575
0 0.16796875 0.8396834701055099 0.0125 0.008792497069167644
0 0.716796875 0.8373388042203986 0.00703125 0.006447831184056272
0 0.45546875 0.8323563892145369 0.0078125 0.007033997655334115
0 0.425 0.8314771395076201 0.00625 0.0076201641266119575
0 0.53984375 0.8197538100820633 0.0109375 0.008792497069167644
0 0.43828125 0.8144783118405627 0.003125 0.0029308323563892145
0 0.182421875 0.8159437280187574 0.01484375 0.009378663540445486
0 0.416015625 0.8118405627198124 0.00859375 0.007033997655334115
0 0.162109375 0.8121336459554513 0.01484375 0.00996483001172333
0 0.128125 0.8118405627198124 0.0125 0.009378663540445486
0 0.36875 0.8077373974208675 0.0109375 0.009378663540445486
0 0.453515625 0.7945486518171161 0.00859375 0.0076201641266119575
0 0.47890625 0.7924970691676436 0.009375 0.009378663540445486
0 0.2875 0.7822391559202814 0.0125 0.00996483001172333
0 0.446875 0.7731535756154748 0.009375 0.009378663540445486
0 0.511328125 0.7716881594372802 0.00859375 0.008792497069167644
0 0.358203125 0.7708089097303634 0.01171875 0.009378663540445486
0 0.171875 0.7702227432590856 0.0125 0.009378663540445486
0 0.603515625 0.765240328253224 0.01015625 0.006447831184056272
0 0.489453125 0.7599648300117233 0.01015625 0.008792497069167644
0 0.253125 0.7599648300117233 0.0125 0.008792497069167644
0 0.573046875 0.7543962485345839 0.00859375 0.008206330597889801
0 0.49375 0.7406213364595545 0.0109375 0.0076201641266119575
0 0.35625 0.738569753810082 0.009375 0.009378663540445486
0 0.20234375 0.7306565064478312 0.0125 0.008792497069167644
0 0.594921875 0.7265533411488863 0.01171875 0.008792497069167644
0 0.484375 0.7116060961313013 0.0109375 0.009378663540445486
0 0.573828125 0.7110199296600235 0.01015625 0.009378663540445486
0 0.31484375 0.7095545134818289 0.0125 0.00996483001172333
0 0.53984375 0.7069167643610785 0.0125 0.009378663540445486
0 0.242578125 0.7036928487690504 0.01328125 0.00996483001172333
0 0.213671875 0.7019343493552169 0.01328125 0.008792497069167644
0 0.32890625 0.6951934349355217 0.0125 0.009378663540445486
0 0.566015625 0.6884525205158265 0.01171875 0.00996483001172333
0 0.541015625 0.6872801875732708 0.01171875 0.008792497069167644
0 0.36328125 0.686694021101993 0.0125 0.008792497069167644
0 0.2484375 0.6872801875732708 0.0125 0.00996483001172333
0 0.7421875 0.6822977725674091 0.0125 0.009378663540445486
0 0.873046875 0.6784876905041032 0.01484375 0.011137162954279016
0 0.388671875 0.6773153575615475 0.01171875 0.008792497069167644
0 0.11875 0.6758499413833529 0.0125 0.008206330597889801
0 0.472265625 0.6723329425556858 0.01171875 0.009378663540445486
0 0.525 0.6708675263774913 0.0125 0.008792497069167644
0 0.720703125 0.6691090269636577 0.00859375 0.006447831184056272
0 0.412890625 0.6699882766705745 0.01171875 0.008206330597889801
0 0.31171875 0.6702813599062134 0.0125 0.008792497069167644
0 0.188671875 0.6673505275498242 0.01328125 0.008792497069167644
0 0.503515625 0.6600234466588512 0.01171875 0.009378663540445486
0 0.685546875 0.6562133645955451 0.01328125 0.008792497069167644
0 0.206640625 0.6544548651817116 0.01328125 0.008792497069167644
0 0.662109375 0.6450762016412661 0.00859375 0.006447831184056272
0 0.565625 0.6459554513481829 0.0125 0.009378663540445486
0 0.370703125 0.645369284876905 0.01171875 0.008206330597889801
0 0.455078125 0.6447831184056272 0.01171875 0.009378663540445486
0 0.3171875 0.6444900351699883 0.0125 0.008792497069167644
0 0.494140625 0.641559202813599 0.01171875 0.008792497069167644
0 0.54140625 0.6389214536928488 0.0109375 0.008206330597889801
0 0.36328125 0.6280773739742087 0.0078125 0.005275498241500586
0 0.600390625 0.6283704572098476 0.01328125 0.009378663540445486
0 0.389453125 0.6274912075029309 0.01171875 0.008792497069167644
0 0.46328125 0.626905041031653 0.0109375 0.008792497069167644
0 0.500390625 0.623094958968347 0.01171875 0.008206330597889801
0 0.4421875 0.6186987104337632 0.0109375 0.006447831184056272
0 0.569140625 0.6169402110199297 0.01171875 0.008792497069167644
0 0.330859375 0.6131301289566237 0.01015625 0.007033997655334115
0 0.669921875 0.6131301289566237 0.01328125 0.009378663540445486
0 0.644140625 0.6096131301289566 0.01328125 0.008206330597889801
0 0.695703125 0.6090269636576788 0.01328125 0.010550996483001172
0 0.384765625 0.6049237983587339 0.01171875 0.008206330597889801
0 0.47890625 0.6040445486518171 0.0125 0.008792497069167644
0 0.503125 0.6034583821805393 0.0125 0.008792497069167644
0 0.31171875 0.6025791324736225 0.0125 0.008206330597889801
0 0.350390625 0.6011137162954279 0.01171875 0.008792497069167644
0 0.41640625 0.5999413833528722 0.0125 0.008792497069167644
0 0.446875 0.597303634232122 0.0125 0.009378663540445486
0 0.598046875 0.5879249706916765 0.01171875 0.009378663540445486
0 0.566015625 0.585873388042204 0.01171875 0.008792497069167644
0 0.236328125 0.5823563892145369 0.01328125 0.008792497069167644
0 0.4859375 0.5814771395076201 0.0109375 0.009378663540445486
0 0.181640625 0.5785463071512309 0.01171875 0.008206330597889801
0 0.263671875 0.5750293083235639 0.01484375 0.008206330597889801
0 0.62734375 0.5744431418522861 0.0125 0.009378663540445486
0 0.70703125 0.5738569753810082 0.0125 0.009378663540445486
0 0.284765625 0.5735638921453693 0.01328125 0.008792497069167644
0 0.351953125 0.5715123094958968 0.01171875 0.008206330597889801
0 0.58515625 0.5703399765533411 0.0125 0.009378663540445486
0 0.66171875 0.5688745603751465 0.0125 0.00996483001172333
0 0.552734375 0.5659437280187574 0.01171875 0.008792497069167644
0 0.4265625 0.5638921453692849 0.0109375 0.009378663540445486
0 0.501171875 0.5606682297772567 0.01171875 0.008792497069167644
0 0.4578125 0.5527549824150059 0.0125 0.008206330597889801
0 0.673046875 0.552168815943728 0.01328125 0.009378663540445486
0 0.371875 0.5509964830011723 0.0109375 0.008206330597889801
0 0.583203125 0.548358733880422 0.01171875 0.008792497069167644
0 0.435546875 0.5466002344665886 0.01328125 0.008792497069167644
0 0.646875 0.5460140679953107 0.0125 0.00996483001172333
0 0.5484375 0.5457209847596718 0.0109375 0.009378663540445486
0 0.24140625 0.5427901524032825 0.0140625 0.008206330597889801
0 0.70703125 0.5422039859320047 0.0140625 0.009378663540445486
0 0.38984375 0.5383939038686987 0.0109375 0.008792497069167644
0 0.35546875 0.5351699882766706 0.0109375 0.007033997655334115
0 0.61171875 0.5354630715123095 0.0125 0.008792497069167644
0 0.2609375 0.5342907385697538 0.0125 0.008792497069167644
0 0.418359375 0.5334114888628371 0.01171875 0.008206330597889801
0 0.65390625 0.5275498241500586 0.0125 0.008206330597889801
0 0.5484375 0.5269636576787807 0.0109375 0.008206330597889801
0 0.2078125 0.5240328253223916 0.0125 0.008206330597889801
0 0.511328125 0.5231535756154748 0.01171875 0.008792497069167644
0 0.283203125 0.522274325908558 0.01171875 0.008206330597889801
0 0.58984375 0.522274325908558 0.0125 0.009378663540445486
0 0.36953125 0.5193434935521688 0.0125 0.008206330597889801
0 0.112890625 0.5181711606096131 0.01171875 0.008206330597889801
0 0.6359375 0.5131887456037515 0.0125 0.008792497069167644
0 0.69765625 0.511430246189918 0.0125 0.008792497069167644
0 0.346484375 0.5102579132473622 0.01171875 0.008792497069167644
0 0.158203125 0.5076201641266119 0.01328125 0.009378663540445486
0 0.546484375 0.5043962485345839 0.01171875 0.008792497069167644
0 0.61171875 0.5032239155920282 0.0125 0.008792497069167644
0 0.7734375 0.5023446658851114 0.0140625 0.009378663540445486
0 0.5859375 0.5023446658851114 0.0125 0.009378663540445486
0 0.7375 0.4970691676436108 0.0140625 0.009378663540445486
0 0.680078125 0.49618991793669404 0.01171875 0.008792497069167644
0 0.324609375 0.49267291910902694 0.01328125 0.0076201641266119575
0 0.6390625 0.49296600234466587 0.0125 0.009378663540445486
0 0.34609375 0.49208675263774915 0.0125 0.0076201641266119575
0 0.48203125 0.4917936694021102 0.0125 0.008206330597889801
0 0.530078125 0.49091441969519345 0.01171875 0.0076201641266119575
0 0.1546875 0.4906213364595545 0.0125 0.009378663540445486
0 0.5671875 0.4900351699882767 0.0125 0.009378663540445486
0 0.129296875 0.4894490035169988 0.01484375 0.008206330597889801
0 0.50546875 0.48856975381008205 0.0125 0.008792497069167644
0 0.19375 0.48182883939038684 0.0125 0.008206330597889801
0 0.61796875 0.48124267291910905 0.0125 0.009378663540445486
0 0.391015625 0.4791910902696366 0.01171875 0.0076201641266119575
0 0.726171875 0.4794841735052755 0.01328125 0.009378663540445486
0 0.241015625 0.4780187573270809 0.01484375 0.0076201641266119575
0 0.593359375 0.4783118405627198 0.01171875 0.009378663540445486
0 0.54375 0.4742086752637749 0.0125 0.009378663540445486
0 0.284375 0.473915592028136 0.0125 0.008792497069167644
0 0.2625 0.47332942555685814 0.015625 0.008792497069167644
0 0.646484375 0.4727432590855803 0.01328125 0.008792497069167644
0 0.3453125 0.4718640093786635 0.0109375 0.008206330597889801
0 0.516796875 0.47039859320046895 0.01171875 0.008792497069167644
0 0.3171875 0.46365767878077374 0.0125 0.008206330597889801
0 0.13671875 0.4630715123094959 0.0125 0.008206330597889801
0 0.713671875 0.46248534583821804 0.01328125 0.009378663540445486
0 0.601953125 0.4610199296600234 0.01328125 0.008792497069167644
0 0.49765625 0.458968347010551 0.0125 0.008206330597889801
0 0.167578125 0.45838218053927315 0.01328125 0.008206330597889801
0 0.47421875 0.45720984759671746 0.0125 0.009378663540445486
0 0.28125 0.45691676436107853 0.0109375 0.008792497069167644
0 0.54609375 0.45574443141852283 0.0125 0.008792497069167644
0 0.3375 0.45515826494724504 0.0125 0.0076201641266119575
0 0.68828125 0.45545134818288396 0.0140625 0.009378663540445486
0 0.62578125 0.4522274325908558 0.0125 0.008792497069167644
0 0.521484375 0.451348182883939 0.01171875 0.009378663540445486
0 0.663671875 0.44958968347010553 0.01328125 0.008206330597889801
0 0.87421875 0.44841735052754983 0.015625 0.009378663540445486
0 0.426171875 0.447831184056272 0.01171875 0.008206330597889801
0 0.455859375 0.4451934349355217 0.01015625 0.008792497069167644
0 0.562890625 0.4416764361078546 0.01171875 0.008792497069167644
0 0.485546875 0.44109026963657677 0.01171875 0.008792497069167644
0 0.7078125 0.44079718640093785 0.0125 0.009378663540445486
0 0.741015625 0.43874560375146543 0.01328125 0.008792497069167644
0 0.6078125 0.43903868698710435 0.0125 0.009378663540445486
0 0.641796875 0.43757327080890973 0.01328125 0.008792497069167644
0 0.253515625 0.43640093786635403 0.01171875 0.0076201641266119575
0 0.852734375 0.4358147713950762 0.01484375 0.00996483001172333
0 0.344140625 0.42672919109026963 0.01015625 0.008206330597889801
0 0.537890625 0.42555685814771393 0.01328125 0.008206330597889801
0 0.6765625 0.4235052754982415 0.0125 0.008792497069167644
0 0.874609375 0.4235052754982415 0.01484375 0.00996483001172333
0 0.625 0.4232121922626026 0.0125 0.009378663540445486
0 0.56171875 0.42291910902696367 0.0125 0.008792497069167644
0 0.509375 0.42291910902696367 0.0109375 0.008792497069167644
0 0.702734375 0.4220398593200469 0.01328125 0.009378663540445486
0 0.44375 0.41822977725674093 0.0109375 0.0076201641266119575
0 0.59375 0.41588511137162953 0.0125 0.008792497069167644
0 0.721484375 0.406799531066823 0.01328125 0.009378663540445486
0 0.6578125 0.406799531066823 0.0125 0.009378663540445486
0 0.57265625 0.4056271981242673 0.0125 0.009378663540445486
0 0.386328125 0.40328253223915594 0.01171875 0.008206330597889801
0 0.152734375 0.40240328253223917 0.01171875 0.008792497069167644
0 0.682421875 0.40093786635404455 0.01328125 0.009378663540445486
0 0.636328125 0.3947831184056272 0.01171875 0.00996483001172333
0 0.814453125 0.3921453692848769 0.01484375 0.009378663540445486
0 0.53359375 0.3906799531066823 0.0109375 0.008792497069167644
0 0.789453125 0.3862837045720985 0.01328125 0.009378663540445486
0 0.230859375 0.384232121922626 0.01171875 0.008792497069167644
0 0.58046875 0.38276670574443145 0.0125 0.009378663540445486
0 0.668359375 0.38159437280187575 0.01484375 0.009378663540445486
0 0.556640625 0.3801289566236811 0.01328125 0.008792497069167644
0 0.69375 0.3798358733880422 0.0140625 0.009378663540445486
0 0.64375 0.37719812426729193 0.0140625 0.00996483001172333
0 0.619140625 0.37485345838218054 0.01328125 0.008792497069167644
0 0.312890625 0.37485345838218054 0.01171875 0.008792497069167644
0 0.538671875 0.3678194607268464 0.01171875 0.008792497069167644
0 0.73125 0.3678194607268464 0.0140625 0.00996483001172333
0 0.706640625 0.3625439624853458 0.01328125 0.008792497069167644
0 0.66484375 0.3616647127784291 0.0125 0.009378663540445486
0 0.63515625 0.35316529894490034 0.0125 0.008792497069167644
0 0.686328125 0.3499413833528722 0.01328125 0.009378663540445486
0 0.5703125 0.3499413833528722 0.0125 0.009378663540445486
0 0.6140625 0.34114888628370454 0.0125 0.009378663540445486
0 0.225 0.33909730363423213 0.0125 0.011137162954279016
0 0.652734375 0.33382180539273154 0.01328125 0.00996483001172333
0 0.740234375 0.33264947245017584 0.01328125 0.00996483001172333
0 0.7078125 0.33177022274325907 0.0140625 0.009378663540445486
0 0.325 0.3305978898007034 0.0125 0.009378663540445486
0 0.427734375 0.3279601406799531 0.01171875 0.008792497069167644
0 0.676953125 0.3276670574443142 0.01328125 0.009378663540445486
0 0.1046875 0.32708089097303633 0.0125 0.009378663540445486
0 0.559765625 0.3235638921453693 0.01171875 0.009378663540445486
0 0.22421875 0.32327080890973037 0.0125 0.011137162954279016
0 0.657421875 0.3156506447831184 0.01328125 0.00996483001172333
0 0.700390625 0.3106682297772567 0.01328125 0.009378663540445486
0 0.684765625 0.29601406799531066 0.01328125 0.009378663540445486
0 0.714453125 0.2933763188745604 0.01328125 0.00996483001172333
0 0.235546875 0.3007033997655334 0.02265625 0.0246189917936694
0 0.876171875 0.2913247362250879 0.01484375 0.009378663540445486
0 0.3625 0.28868698710433766 0.0125 0.00996483001172333
0 0.5953125 0.283704572098476 0.0125 0.010550996483001172
0 0.811328125 0.28223915592028137 0.01328125 0.00996483001172333
0 0.62421875 0.2769636576787808 0.0125 0.00996483001172333
0 0.90546875 0.27637749120750293 0.0140625 0.00996483001172333
0 0.158984375 0.26875732708089095 0.01171875 0.00996483001172333
0 0.11640625 0.26670574443141853 0.0125 0.009378663540445486
0 0.234375 0.2672919109026964 0.034375 0.01406799531066823
0 0.643359375 0.2599648300117233 0.01328125 0.00996483001172333
0 0.628125 0.2458968347010551 0.0125 0.011137162954279016
0 0.18671875 0.24237983587338804 0.0125 0.00996483001172333
0 0.565625 0.24003516998827668 0.0125 0.011137162954279016
0 0.6484375 0.235052754982415 0.0140625 0.010550996483001172
0 0.897265625 0.22596717467760843 0.01328125 0.00996483001172333
0 0.673046875 0.22655334114888628 0.01328125 0.011137162954279016
0 0.551171875 0.21951934349355218 0.01328125 0.011137162954279016
0 0.44375 0.2142438452520516 0.0125 0.011137162954279016
0 0.400390625 0.21248534583821804 0.01171875 0.008792497069167644
0 0.65703125 0.21277842907385697 0.0109375 0.010550996483001172
0 0.51640625 0.21570926143024619 0.0265625 0.02579132473622509
0 0.690625 0.20252051582649472 0.0125 0.011137162954279016
0 0.59140625 0.1954865181711606 0.0125 0.006447831184056272
0 0.281640625 0.19783118405627198 0.01328125 0.011137162954279016
0 0.551171875 0.1954865181711606 0.01328125 0.011137162954279016
0 0.77265625 0.19284876905041032 0.0140625 0.010550996483001172
0 0.664453125 0.19021101992966002 0.01328125 0.008792497069167644
0 0.3 0.1884525205158265 0.0125 0.011137162954279016
0 0.25703125 0.18141852286049237 0.0125 0.00996483001172333
0 0.510546875 0.17672919109026963 0.03046875 0.011137162954279016
0 0.230078125 0.16969519343493553 0.01171875 0.008792497069167644
0 0.602734375 0.16998827667057445 0.01015625 0.011723329425556858
0 0.283984375 0.1638335287221571 0.00859375 0.006447831184056272
0 0.250390625 0.16266119577960142 0.00703125 0.006447831184056272
0 0.53828125 0.15679953106682298 0.003125 0.004103165298944901
0 0.83671875 0.15679953106682298 0.0140625 0.00996483001172333
0 0.7640625 0.15093786635404455 0.0125 0.011137162954279016
0 0.6125 0.14712778429073858 0.0125 0.007033997655334115
0 0.3140625 0.1477139507620164 0.0125 0.010550996483001172
0 0.658984375 0.1462485345838218 0.01328125 0.011137162954279016
0 0.869140625 0.14302461899179367 0.01328125 0.010550996483001172
0 0.35625 0.14155920281359907 0.0125 0.008792497069167644
0 0.55 0.1365767878077374 0.0078125 0.007033997655334115
0 0.28828125 0.12221570926143024 0.00625 0.006447831184056272
0 0.23515625 0.1283704572098476 0.0453125 0.02813599062133646
0 0.257421875 0.11400937866354044 0.00390625 0.0029308323563892145
