0 0.222265625 0.9449003516998827 0.01171875 0.007033997655334115
0 0.189453125 0.9361078546307151 0.00859375 0.005861664712778429
0 0.24453125 0.9369871043376319 0.009375 0.00996483001172333
0 0.211328125 0.9267291910902696 0.00703125 0.004689331770222743
0 0.215234375 0.9229191090269636 0.00078125 0.0005861664712778429
0 0.18046875 0.9065064478311841 0.0125 0.00996483001172333
0 0.483984375 0.8971277842907386 0.01015625 0.00996483001172333
0 0.32421875 0.8959554513481829 0.0109375 0.0076201641266119575
0 0.62109375 0.8909730363423212 0.009375 0.009378663540445486
0 0.53046875 0.8871629542790153 0.009375 0.008792497069167644
0 0.260546875 0.8824736225087925 0.00546875 0.004103165298944901
0 0.5609375 0.8824736225087925 0.009375 0.0076201641266119575
0 0.187890625 0.8830597889800703 0.01015625 0.00996483001172333
0 0.294921875 0.8786635404454866 0.00703125 0.007033997655334115
0 0.230078125 0.8792497069167644 0.01171875 0.010550996483001172
0 0.58828125 0.8780773739742087 0.009375 0.009378663540445486
0 0.32265625 0.8771981242672919 0.0109375 0.008792497069167644
0 0.540625 0.8733880422039859 0.00625 0.005861664712778429
0 0.209375 0.8742672919109027 0.0109375 0.00996483001172333
0 0.575 0.8692848769050411 0.003125 0.0035169988276670576
0 0.286328125 0.8566822977725674 0.01171875 0.0076201641266119575
0 0.544140625 0.854337631887456 0.01015625 0.005275498241500586
0 0.585546875 0.8549237983587339 0.01015625 0.008792497069167644
0 0.246875 0.854630715123095 0.0109375 0.009378663540445486
0 0.33046875 0.8514067995310668 0.00625 0.006447831184056272
0 0.35703125 0.8514067995310668 0.009375 0.00996483001172333
0 0.408984375 0.8502344665885111 0.01015625 0.00996483001172333
0 0.378125 0.8467174677608441 0.009375 0.00996483001172333
0 0.262890625 0.8426143024618992 0.00703125 0.005275498241500586
0 0.483984375 0.8396834701055099 0.01015625 0.00996483001172333
0 0.553515625 0.8379249706916765 0.01015625 0.0076201641266119575
0 0.287890625 0.8379249706916765 0.01171875 0.008792497069167644
0 0.205078125 0.8385111371629543 0.01171875 0.00996483001172333
0 0.619921875 0.8361664712778429 0.01015625 0.008792497069167644
0 0.183984375 0.8338218053927315 0.01171875 0.008792497069167644
0 0.598046875 0.8270808909730364 0.01015625 0.009378663540445486
0 0.274609375 0.8250293083235639 0.01171875 0.00996483001172333
0 0.33046875 0.8212192262602579 0.0109375 0.007033997655334115
0 0.573828125 0.8212192262602579 0.01015625 0.009378663540445486
0 0.632421875 0.8194607268464243 0.01015625 0.008206330597889801
0 0.192578125 0.8179953106682297 0.00546875 0.005275498241500586
0 0.506640625 0.8197538100820633 0.01015625 0.00996483001172333
0 0.35546875 0.8144783118405627 0.0046875 0.0029308323563892145
0 0.348828125 0.813599062133646 0.00390625 0.0023446658851113715
0 0.219140625 0.813599062133646 0.01015625 0.009378663540445486
0 0.24609375 0.8103751465416178 0.00625 0.004103165298944901
0 0.483203125 0.80978898007034 0.01015625 0.00996483001172333
0 0.555859375 0.8074443141852286 0.00546875 0.006447831184056272
0 0.33203125 0.8048065650644783 0.0046875 0.004689331770222743
0 0.4125 0.8068581477139508 0.0109375 0.00996483001172333
0 0.1765625 0.8048065650644783 0.0109375 0.008206330597889801
0 0.61015625 0.802168815943728 0.0046875 0.005275498241500586
0 0.630078125 0.802168815943728 0.00703125 0.0076201641266119575
0 0.585546875 0.8004103165298945 0.01015625 0.008792497069167644
0 0.200390625 0.8004103165298945 0.01171875 0.008792497069167644
0 0.35625 0.7986518171160609 0.00625 0.0076201641266119575
0 0.304296875 0.7945486518171161 0.01171875 0.008792497069167644
0 0.241015625 0.7939624853458382 0.01171875 0.008792497069167644
0 0.650390625 0.7933763188745604 0.01015625 0.008792497069167644
0 0.556640625 0.7913247362250879 0.00859375 0.005861664712778429
0 0.222265625 0.7875146541617819 0.00859375 0.004103165298944901
0 0.180859375 0.7881008206330598 0.01171875 0.006447831184056272
0 0.26328125 0.7889800703399765 0.0109375 0.009378663540445486
0 0.425390625 0.7875146541617819 0.01015625 0.008792497069167644
0 0.578515625 0.7842907385697538 0.00546875 0.0035169988276670576
0 0.68984375 0.7857561547479485 0.0109375 0.008792497069167644
0 0.6015625 0.7854630715123095 0.0109375 0.008206330597889801
0 0.737890625 0.7851699882766706 0.01015625 0.008792497069167644
0 0.624609375 0.7848769050410317 0.01015625 0.008206330597889801
0 0.538671875 0.7842907385697538 0.01015625 0.009378663540445486
0 0.20234375 0.7793083235638921 0.0109375 0.008792497069167644
0 0.333984375 0.7769636576787807 0.01171875 0.00996483001172333
0 0.285546875 0.776084407971864 0.01171875 0.009378663540445486
0 0.556640625 0.7746189917936694 0.01015625 0.0076201641266119575
0 0.2515625 0.7746189917936694 0.0125 0.008792497069167644
0 0.17578125 0.7713950762016413 0.0078125 0.004689331770222743
0 0.224609375 0.7705158264947245 0.01171875 0.008792497069167644
0 0.57578125 0.7664126611957796 0.0078125 0.0076201641266119575
0 0.31796875 0.7664126611957796 0.009375 0.008792497069167644
0 0.667578125 0.7617233294255569 0.01015625 0.008792497069167644
0 0.198046875 0.7617233294255569 0.01015625 0.008792497069167644
0 0.29609375 0.761137162954279 0.0109375 0.008792497069167644
0 0.258984375 0.7593786635404455 0.01171875 0.005275498241500586
0 0.35234375 0.7587924970691676 0.0109375 0.008792497069167644
0 0.1734375 0.7555685814771395 0.0078125 0.004689331770222743
0 0.18046875 0.7535169988276671 0.003125 0.0029308323563892145
0 0.59921875 0.7532239155920282 0.009375 0.009378663540445486
0 0.280078125 0.7491207502930832 0.00234375 0.0035169988276670576
0 0.740234375 0.7508792497069168 0.01015625 0.008206330597889801
0 0.552734375 0.7502930832356389 0.01015625 0.009378663540445486
0 0.215625 0.75 0.0109375 0.008792497069167644
0 0.696484375 0.7438452520515827 0.01015625 0.008206330597889801
0 0.195703125 0.742672919109027 0.01015625 0.008206330597889801
0 0.36953125 0.7420867526377491 0.0109375 0.009378663540445486
0 0.300390625 0.7409144196951934 0.00546875 0.007033997655334115
0 0.169140625 0.7379835873388042 0.01015625 0.008206330597889801
0 0.562890625 0.7365181711606096 0.01015625 0.008792497069167644
0 0.34140625 0.7368112543962485 0.0109375 0.009378663540445486
0 0.679296875 0.7335873388042204 0.01015625 0.0076201641266119575
0 0.27734375 0.7327080890973037 0.0109375 0.008206330597889801
0 0.72265625 0.7286049237983587 0.0109375 0.008206330597889801
0 0.214453125 0.7283118405627198 0.01171875 0.0076201641266119575
0 0.1875 0.7265533411488863 0.0109375 0.008792497069167644
0 0.488671875 0.7230363423212193 0.01015625 0.008792497069167644
0 0.7015625 0.7221570926143025 0.009375 0.008206330597889801
0 0.164453125 0.7209847596717468 0.01171875 0.007033997655334115
0 0.24140625 0.7186400937866354 0.0046875 0.004689331770222743
0 0.655859375 0.7192262602579133 0.01015625 0.008206330597889801
0 0.26328125 0.7171746776084408 0.0078125 0.005275498241500586
0 0.6796875 0.7171746776084408 0.0109375 0.0076201641266119575
0 0.205078125 0.7142438452520515 0.01171875 0.006447831184056272
0 0.293359375 0.7139507620164126 0.01015625 0.008206330597889801
0 0.71796875 0.7113130128956624 0.0109375 0.0076201641266119575
0 0.64140625 0.7086752637749121 0.009375 0.008206330597889801
0 0.226171875 0.7069167643610785 0.01171875 0.005861664712778429
0 0.182421875 0.7072098475967175 0.01171875 0.006447831184056272
0 0.6671875 0.7060375146541618 0.009375 0.0076201641266119575
0 0.390234375 0.7045720984759671 0.01015625 0.008206330597889801
0 0.251171875 0.7036928487690504 0.01171875 0.0076201641266119575
0 0.6984375 0.7004689331770223 0.0109375 0.008206330597889801
0 0.162890625 0.6984173505275498 0.01171875 0.006447831184056272
0 0.201171875 0.6969519343493552 0.01171875 0.005861664712778429
0 0.28359375 0.6954865181711606 0.0109375 0.0076201641266119575
0 0.65546875 0.6934349355216881 0.009375 0.008206330597889801
0 0.67734375 0.6922626025791325 0.0109375 0.008206330597889801
0 0.22265625 0.69021101992966 0.0109375 0.0076201641266119575
0 0.307421875 0.6884525205158265 0.01015625 0.0076201641266119575
0 0.26171875 0.6884525205158265 0.0109375 0.0076201641266119575
0 0.183203125 0.686400937866354 0.00390625 0.0035169988276670576
0 0.5421875 0.6852286049237983 0.009375 0.0035169988276670576
0 0.641015625 0.6840562719812426 0.01015625 0.008206330597889801
0 0.15078125 0.6834701055099648 0.0125 0.008206330597889801
0 0.241796875 0.6817116060961314 0.01171875 0.008206330597889801
0 0.28046875 0.6784876905041032 0.0109375 0.006447831184056272
0 0.202734375 0.679073856975381 0.01171875 0.008792497069167644
0 0.687109375 0.6781946072684643 0.01015625 0.008206330597889801
0 0.70703125 0.6761430246189918 0.0109375 0.0076201641266119575
0 0.4046875 0.675263774912075 0.009375 0.008206330597889801
0 0.656640625 0.6714536928487691 0.01015625 0.0076201641266119575
0 0.183984375 0.6691090269636577 0.01171875 0.006447831184056272
0 0.726171875 0.667936694021102 0.01015625 0.0076201641266119575
0 0.15703125 0.6661781946072685 0.0125 0.008792497069167644
0 0.2359375 0.6652989449003517 0.0109375 0.008206330597889801
0 0.21328125 0.6635404454865181 0.0109375 0.008206330597889801
0 0.296484375 0.6617819460726846 0.01015625 0.008206330597889801
0 0.273828125 0.6597303634232122 0.01171875 0.006447831184056272
0 0.669921875 0.6594372801875733 0.01015625 0.008206330597889801
0 0.251953125 0.6532825322391559 0.01171875 0.006447831184056272
0 0.176953125 0.652696365767878 0.01015625 0.006447831184056272
0 0.72890625 0.6518171160609613 0.0109375 0.007033997655334115
0 0.754296875 0.6474208675263775 0.01015625 0.0076201641266119575
0 0.2234375 0.6436107854630715 0.0109375 0.004689331770222743
0 0.160546875 0.6430246189917936 0.01015625 0.007033997655334115
0 0.705078125 0.6409730363423212 0.01015625 0.0076201641266119575
0 0.2921875 0.6392145369284877 0.0109375 0.0076201641266119575
0 0.25 0.6368698710433763 0.0109375 0.0076201641266119575
0 0.20546875 0.6327667057444314 0.0109375 0.005275498241500586
0 0.18125 0.6327667057444314 0.009375 0.005275498241500586
0 0.605859375 0.6301289566236812 0.01015625 0.004689331770222743
0 0.22734375 0.6277842907385698 0.0109375 0.007033997655334115
0 0.16171875 0.6254396248534584 0.0125 0.008206330597889801
0 0.665625 0.6233880422039859 0.009375 0.0076201641266119575
0 0.265234375 0.6236811254396248 0.01171875 0.008206330597889801
0 0.288671875 0.623094958968347 0.01171875 0.008206330597889801
0 0.376171875 0.6204572098475967 0.01015625 0.0076201641266119575
0 0.76171875 0.6175263774912075 0.0109375 0.0076201641266119575
0 0.2109375 0.6154747948417351 0.0078125 0.004689331770222743
0 0.24453125 0.6166471277842908 0.0109375 0.008206330597889801
0 0.589453125 0.6134232121922626 0.00859375 0.0029308323563892145
0 0.68203125 0.6143024618991794 0.0109375 0.007033997655334115
0 0.172265625 0.6096131301289566 0.01171875 0.007033997655334115
0 0.73828125 0.608440797186401 0.009375 0.007033997655334115
0 0.303125 0.6090269636576788 0.0109375 0.008206330597889801
0 0.26015625 0.6025791324736225 0.009375 0.004689331770222743
0 0.194921875 0.6028722157092614 0.00859375 0.005275498241500586
0 0.60546875 0.6002344665885111 0.009375 0.007033997655334115
0 0.2828125 0.60052754982415 0.0109375 0.0076201641266119575
0 0.159375 0.5955451348182884 0.009375 0.004689331770222743
0 0.416015625 0.5943728018757327 0.01015625 0.007033997655334115
0 0.241796875 0.5940797186400938 0.01171875 0.006447831184056272
0 0.218359375 0.5946658851113716 0.01171875 0.008792497069167644
0 0.18125 0.5888042203985931 0.0109375 0.005275498241500586
0 0.58984375 0.5876318874560376 0.009375 0.0076201641266119575
0 0.707421875 0.5855803048065651 0.00859375 0.007033997655334115
0 0.743359375 0.5849941383352872 0.01015625 0.007033997655334115
0 0.30703125 0.5829425556858148 0.0109375 0.0076201641266119575
0 0.283203125 0.5832356389214537 0.01171875 0.008206330597889801
0 0.202734375 0.5817702227432591 0.01171875 0.008792497069167644
0 0.62265625 0.5794255568581477 0.009375 0.006447831184056272
0 0.2296875 0.5794255568581477 0.0109375 0.006447831184056272
0 0.26640625 0.5770808909730364 0.0046875 0.0029308323563892145
0 0.2578125 0.5762016412661196 0.0015625 0.0023446658851113715
0 0.159765625 0.5791324736225087 0.01171875 0.008206330597889801
0 0.407421875 0.5759085580304807 0.01015625 0.0076201641266119575
0 0.60390625 0.5726846424384525 0.009375 0.007033997655334115
0 0.532421875 0.5671160609613131 0.01015625 0.006447831184056272
0 0.30390625 0.5665298944900352 0.0109375 0.0076201641266119575
0 0.244921875 0.5656506447831184 0.01171875 0.008206330597889801
0 0.196875 0.5656506447831184 0.0125 0.008206330597889801
0 0.43671875 0.5647713950762017 0.009375 0.0076201641266119575
0 0.22109375 0.5641852286049238 0.0109375 0.0076201641266119575
0 0.64609375 0.5630128956623681 0.009375 0.0076201641266119575
0 0.281640625 0.5630128956623681 0.01171875 0.0076201641266119575
0 0.46015625 0.5621336459554513 0.009375 0.007033997655334115
0 0.701953125 0.55978898007034 0.01015625 0.007033997655334115
0 0.325 0.5539273153575616 0.0109375 0.007033997655334115
0 0.65703125 0.5515826494724502 0.009375 0.0035169988276670576
0 0.52265625 0.5512895662368112 0.009375 0.0076201641266119575
0 0.683203125 0.5501172332942555 0.01015625 0.006447831184056272
0 0.2578125 0.5507033997655334 0.0109375 0.0076201641266119575
0 0.234765625 0.5492379835873388 0.01171875 0.008206330597889801
0 0.185546875 0.5489449003516998 0.01171875 0.0076201641266119575
0 0.345703125 0.5480656506447831 0.01015625 0.007033997655334115
0 0.20859375 0.5454279015240329 0.0109375 0.006447831184056272
0 0.279296875 0.5457209847596718 0.01171875 0.008206330597889801
0 0.155078125 0.5445486518171161 0.01171875 0.008206330597889801
0 0.303125 0.541031652989449 0.0109375 0.008206330597889801
0 0.325 0.5375146541617819 0.0109375 0.008206330597889801
0 0.17421875 0.5339976553341149 0.0125 0.007033997655334115
0 0.2890625 0.5307737397420867 0.003125 0.0017584994138335288
0 0.258984375 0.5339976553341149 0.01171875 0.008206330597889801
0 0.655078125 0.5313599062133646 0.01015625 0.006447831184056272
0 0.6859375 0.5307737397420867 0.009375 0.006447831184056272
0 0.220703125 0.5313599062133646 0.01171875 0.0076201641266119575
0 0.197265625 0.5304806565064478 0.01171875 0.008206330597889801
0 0.72109375 0.5246189917936694 0.009375 0.007033997655334115
0 0.309765625 0.5240328253223916 0.01015625 0.005861664712778429
0 0.2421875 0.522274325908558 0.0125 0.008206330597889801
0 0.165234375 0.518757327080891 0.01171875 0.008206330597889801
0 0.2671875 0.5175849941383353 0.0109375 0.008206330597889801
0 0.209375 0.5158264947245017 0.0109375 0.008206330597889801
0 0.29296875 0.5134818288393904 0.0109375 0.008206330597889801
0 0.1828125 0.5105509964830012 0.0046875 0.0035169988276670576
0 0.190234375 0.5102579132473622 0.00546875 0.005275498241500586
0 0.31484375 0.5084994138335287 0.0109375 0.0076201641266119575
0 0.228515625 0.5058616647127784 0.01171875 0.005861664712778429
0 0.337890625 0.5055685814771395 0.01015625 0.0076201641266119575
0 0.36015625 0.5041031652989449 0.0109375 0.007033997655334115
0 0.253515625 0.5032239155920282 0.01171875 0.005275498241500586
0 0.15234375 0.5041031652989449 0.0125 0.008206330597889801
0 0.276171875 0.5020515826494725 0.01171875 0.0076201641266119575
0 0.20625 0.4988276670574443 0.0125 0.008206330597889801
0 0.733203125 0.4976553341148886 0.00859375 0.007033997655334115
0 0.59375 0.49531066822977726 0.009375 0.007033997655334115
0 0.3 0.4958968347010551 0.0109375 0.008206330597889801
0 0.3859375 0.49413833528722156 0.009375 0.008206330597889801
0 0.175 0.49267291910902694 0.0109375 0.005275498241500586
0 0.322265625 0.49296600234466587 0.01015625 0.008206330597889801
0 0.277734375 0.485052754982415 0.01171875 0.005275498241500586
0 0.7421875 0.4835873388042204 0.009375 0.007033997655334115
0 0.25078125 0.4794841735052755 0.0109375 0.007033997655334115
0 0.309375 0.4794841735052755 0.0109375 0.008206330597889801
0 0.465234375 0.47596717467760846 0.01015625 0.0035169988276670576
0 0.44453125 0.47772567409144195 0.009375 0.007033997655334115
0 0.230859375 0.4709847596717468 0.01171875 0.0076201641266119575
0 0.180859375 0.4709847596717468 0.01171875 0.0076201641266119575
0 0.29453125 0.4674677608440797 0.0109375 0.005275498241500586
0 0.74609375 0.46776084407971863 0.009375 0.007033997655334115
0 0.767578125 0.46277842907385697 0.01015625 0.006447831184056272
0 0.802734375 0.46248534583821804 0.01015625 0.007033997655334115
0 0.49140625 0.46248534583821804 0.009375 0.007033997655334115
0 0.259375 0.4630715123094959 0.0109375 0.008206330597889801
0 0.71015625 0.4577960140679953 0.009375 0.007033997655334115
0 0.613671875 0.4577960140679953 0.00859375 0.007033997655334115
0 0.197265625 0.4575029308323564 0.01171875 0.006447831184056272
0 0.666015625 0.45691676436107853 0.00859375 0.006447831184056272
0 0.401171875 0.4566236811254396 0.01015625 0.007033997655334115
0 0.37890625 0.45720984759671746 0.0109375 0.008206330597889801
0 0.16328125 0.45545134818288396 0.0109375 0.005861664712778429
0 0.277734375 0.45427901524032827 0.01171875 0.005861664712778429
0 0.3171875 0.4548651817116061 0.0109375 0.008206330597889801
0 0.219921875 0.4545720984759672 0.01171875 0.0076201641266119575
0 0.74609375 0.45193434935521687 0.009375 0.007033997655334115
0 0.780859375 0.451348182883939 0.01015625 0.007033997655334115
0 0.24296875 0.4501758499413834 0.0109375 0.007033997655334115
0 0.69375 0.44958968347010553 0.009375 0.007033997655334115
0 0.630078125 0.44841735052754983 0.01015625 0.007033997655334115
0 0.3375 0.4481242672919109 0.0109375 0.0076201641266119575
0 0.36171875 0.4469519343493552 0.0109375 0.0076201641266119575
0 0.7234375 0.44636576787807736 0.009375 0.0076201641266119575
0 0.487109375 0.44636576787807736 0.01015625 0.0076201641266119575
0 0.29765625 0.4454865181711606 0.0109375 0.008206330597889801
0 0.671875 0.44196951934349354 0.009375 0.007033997655334115
0 0.176171875 0.44196951934349354 0.01171875 0.008206330597889801
0 0.151953125 0.44021101992966 0.01328125 0.007033997655334115
0 0.758203125 0.4396248534583822 0.01015625 0.007033997655334115
0 0.738671875 0.43669402110199296 0.01015625 0.007033997655334115
0 0.70859375 0.43669402110199296 0.009375 0.007033997655334115
0 0.225 0.4372801875732708 0.0109375 0.008206330597889801
0 0.25546875 0.43522860492379833 0.0109375 0.005275498241500586
0 0.278515625 0.4361078546307151 0.01171875 0.008206330597889801
0 0.199609375 0.4349355216881594 0.01171875 0.007033997655334115
0 0.39375 0.43347010550996484 0.009375 0.0076201641266119575
0 0.325 0.43347010550996484 0.0109375 0.0076201641266119575
0 0.346875 0.4331770222743259 0.0109375 0.008206330597889801
0 0.372265625 0.43229777256740914 0.01015625 0.0076201641266119575
0 0.477734375 0.4308323563892145 0.00859375 0.007033997655334115
0 0.6609375 0.4287807737397421 0.009375 0.006447831184056272
0 0.508203125 0.42936694021101995 0.01015625 0.0076201641266119575
0 0.5296875 0.42702227432590856 0.009375 0.0076201641266119575
0 0.162109375 0.42584994138335286 0.01171875 0.008792497069167644
0 0.68046875 0.42145369284876905 0.009375 0.007033997655334115
0 0.24296875 0.4220398593200469 0.0109375 0.008206330597889801
0 0.71015625 0.4208675263774912 0.009375 0.007033997655334115
0 0.2890625 0.4208675263774912 0.0109375 0.007033997655334115
0 0.213671875 0.42145369284876905 0.01171875 0.008206330597889801
0 0.1859375 0.42145369284876905 0.0125 0.008206330597889801
0 0.771484375 0.4191090269636577 0.01015625 0.007033997655334115
0 0.3109375 0.4176436107854631 0.0109375 0.0076201641266119575
0 0.334375 0.41588511137162953 0.0109375 0.0076201641266119575
0 0.73125 0.41471277842907384 0.0109375 0.006447831184056272
0 0.367578125 0.4155920281359906 0.01015625 0.008206330597889801
0 0.749609375 0.4097303634232122 0.01015625 0.007033997655334115
0 0.27109375 0.4100234466588511 0.0109375 0.0076201641266119575
0 0.15390625 0.40943728018757325 0.0125 0.008792497069167644
0 0.228125 0.4082649472450176 0.0109375 0.0076201641266119575
0 0.714453125 0.4056271981242673 0.01015625 0.007033997655334115
0 0.205078125 0.4056271981242673 0.01171875 0.008206330597889801
0 0.77265625 0.40328253223915594 0.0109375 0.007033997655334115
0 0.451953125 0.4018171160609613 0.00859375 0.006447831184056272
0 0.291015625 0.40240328253223917 0.01015625 0.0076201641266119575
0 0.318359375 0.4018171160609613 0.01015625 0.0076201641266119575
0 0.249609375 0.4018171160609613 0.01171875 0.0076201641266119575
0 0.34609375 0.40123094958968347 0.009375 0.0076201641266119575
0 0.176171875 0.40093786635404455 0.01171875 0.008206330597889801
0 0.69453125 0.39976553341148885 0.009375 0.007033997655334115
0 0.425390625 0.3974208675263775 0.01015625 0.007033997655334115
0 0.471484375 0.3959554513481829 0.01015625 0.0076201641266119575
0 0.596484375 0.3939038686987104 0.01015625 0.007033997655334115
0 0.5328125 0.39243845252051585 0.009375 0.006447831184056272
0 0.272265625 0.39331770222743256 0.01171875 0.008206330597889801
0 0.724609375 0.39155920281359907 0.01015625 0.007033997655334115
0 0.369921875 0.391852286049238 0.01015625 0.0076201641266119575
0 0.14921875 0.39243845252051585 0.0109375 0.008792497069167644
0 0.230078125 0.39155920281359907 0.01015625 0.008206330597889801
0 0.762109375 0.3895076201641266 0.01015625 0.006447831184056272
0 0.401953125 0.3865767878077374 0.01015625 0.0076201641266119575
0 0.512890625 0.38569753810082064 0.00859375 0.007033997655334115
0 0.68671875 0.3851113716295428 0.009375 0.007033997655334115
0 0.349609375 0.38481828839390386 0.01015625 0.0076201641266119575
0 0.25390625 0.38452520515826494 0.0078125 0.007033997655334115
0 0.74140625 0.3839390386869871 0.0109375 0.007033997655334115
0 0.168359375 0.3839390386869871 0.01171875 0.008206330597889801
0 0.325 0.38188745603751467 0.0078125 0.0076201641266119575
0 0.299609375 0.3801289566236811 0.01171875 0.0076201641266119575
0 0.61875 0.3789566236811254 0.009375 0.006447831184056272
0 0.464453125 0.3795427901524033 0.00859375 0.0076201641266119575
0 0.7765625 0.3786635404454865 0.009375 0.007033997655334115
0 0.212890625 0.37924970691676435 0.01171875 0.008206330597889801
0 0.70703125 0.37807737397420865 0.0109375 0.007033997655334115
0 0.421484375 0.37631887456037516 0.01015625 0.007033997655334115
0 0.276953125 0.37602579132473624 0.01171875 0.006447831184056272
0 0.725 0.3754396248534584 0.0109375 0.0076201641266119575
0 0.18984375 0.37602579132473624 0.0125 0.008792497069167644
0 0.756640625 0.3742672919109027 0.01015625 0.0076201641266119575
0 0.672265625 0.37397420867526376 0.01015625 0.007033997655334115
0 0.386328125 0.3742672919109027 0.01015625 0.0076201641266119575
0 0.3640625 0.37250879249706914 0.0109375 0.0076201641266119575
0 0.151953125 0.3710433763188746 0.01015625 0.007033997655334115
0 0.25703125 0.36811254396248533 0.00625 0.0035169988276670576
0 0.33828125 0.36957796014067995 0.009375 0.0076201641266119575
0 0.69140625 0.3678194607268464 0.009375 0.0076201641266119575
0 0.5578125 0.3669402110199297 0.009375 0.007033997655334115
0 0.230859375 0.36664712778429076 0.01171875 0.0076201641266119575
0 0.405859375 0.36547479484173506 0.00859375 0.0076201641266119575
0 0.31796875 0.3637162954279015 0.0046875 0.004103165298944901
0 0.771484375 0.3637162954279015 0.01015625 0.0076201641266119575
0 0.292578125 0.3637162954279015 0.00859375 0.0076201641266119575
0 0.458984375 0.36283704572098474 0.00859375 0.007033997655334115
0 0.498828125 0.3625439624853458 0.00859375 0.0076201641266119575
0 0.203515625 0.36283704572098474 0.01171875 0.008206330597889801
0 0.713671875 0.361957796014068 0.01015625 0.0076201641266119575
0 0.425 0.3590269636576788 0.009375 0.0076201641266119575
0 0.643359375 0.358147713950762 0.01015625 0.007033997655334115
0 0.6765625 0.35726846424384523 0.009375 0.0076201641266119575
0 0.6078125 0.3569753810082063 0.009375 0.007033997655334115
0 0.746484375 0.35316529894490034 0.00078125 0.0005861664712778429
0 0.743359375 0.35316529894490034 0.00078125 0.0005861664712778429
0 0.383984375 0.3563892145369285 0.00859375 0.007033997655334115
0 0.351953125 0.3563892145369285 0.01015625 0.007033997655334115
0 0.270703125 0.35580304806565066 0.01015625 0.007033997655334115
0 0.24453125 0.3516998827667057 0.00625 0.004689331770222743
0 0.4453125 0.3505275498241501 0.00625 0.005861664712778429
0 0.153515625 0.3516998827667057 0.01171875 0.008206330597889801
0 0.698046875 0.350820633059789 0.01015625 0.0076201641266119575
0 0.32890625 0.350820633059789 0.009375 0.0076201641266119575
0 0.58828125 0.3499413833528722 0.009375 0.007033997655334115
0 0.405859375 0.34906213364595545 0.00703125 0.005275498241500586
0 0.305078125 0.3484759671746776 0.01015625 0.0076201641266119575
0 0.65703125 0.34671746776084406 0.009375 0.0076201641266119575
0 0.4921875 0.34613130128956626 0.009375 0.0076201641266119575
0 0.637890625 0.34261430246189917 0.00703125 0.0076201641266119575
0 0.75078125 0.3417350527549824 0.0109375 0.007033997655334115
0 0.72890625 0.3417350527549824 0.009375 0.007033997655334115
0 0.605078125 0.3408558030480657 0.00859375 0.0076201641266119575
0 0.465234375 0.3408558030480657 0.00703125 0.0076201641266119575
0 0.425390625 0.33968347010551 0.00546875 0.0076201641266119575
0 0.34609375 0.33968347010551 0.009375 0.0076201641266119575
0 0.264453125 0.3385111371629543 0.01015625 0.0076201641266119575
0 0.377734375 0.33821805392731535 0.01015625 0.008206330597889801
0 0.226953125 0.33704572098475966 0.01015625 0.007033997655334115
0 0.708984375 0.33675263774912073 0.01015625 0.0076201641266119575
0 0.6890625 0.3361664712778429 0.0109375 0.0076201641266119575
0 0.288671875 0.3364595545134818 0.00859375 0.008206330597889801
0 0.578125 0.33528722157092616 0.009375 0.007033997655334115
0 0.555859375 0.33528722157092616 0.00859375 0.007033997655334115
0 0.5078125 0.3347010550996483 0.009375 0.007033997655334115
0 0.7671875 0.3335287221570926 0.0109375 0.007033997655334115
0 0.66953125 0.3335287221570926 0.0109375 0.007033997655334115
0 0.44375 0.33382180539273154 0.009375 0.0076201641266119575
0 0.3984375 0.332063305978898 0.0078125 0.0076201641266119575
0 0.312109375 0.3303048065650645 0.00703125 0.006447831184056272
0 0.4875 0.32971864009378665 0.009375 0.0076201641266119575
0 0.646875 0.3279601406799531 0.009375 0.0076201641266119575
0 0.245703125 0.32708089097303633 0.01015625 0.007033997655334115
0 0.726953125 0.32620164126611956 0.01015625 0.0076201641266119575
0 0.626171875 0.32532239155920284 0.00859375 0.007033997655334115
0 0.35625 0.324736225087925 0.00625 0.005861664712778429
0 0.332421875 0.3256154747948417 0.01015625 0.0076201641266119575
0 0.4171875 0.32327080890973037 0.009375 0.0076201641266119575
0 0.60625 0.32180539273153574 0.009375 0.007033997655334115
0 0.566796875 0.32209847596717467 0.00859375 0.0076201641266119575
0 0.54375 0.3215123094958968 0.00625 0.006447831184056272
0 0.780078125 0.3215123094958968 0.01015625 0.0076201641266119575
0 0.704296875 0.3215123094958968 0.01015625 0.0076201641266119575
0 0.68359375 0.3203399765533411 0.009375 0.0076201641266119575
0 0.455859375 0.31975381008206333 0.01015625 0.0076201641266119575
0 0.7609375 0.31887456037514655 0.0109375 0.007033997655334115
0 0.37578125 0.3191676436107855 0.009375 0.0076201641266119575
0 0.29296875 0.3194607268464244 0.009375 0.008206330597889801
0 0.6625 0.31770222743259086 0.009375 0.007033997655334115
0 0.269921875 0.31770222743259086 0.01015625 0.007033997655334115
0 0.590234375 0.3127198124267292 0.00546875 0.006447831184056272
0 0.4984375 0.3130128956623681 0.009375 0.007033997655334115
0 0.434765625 0.31359906213364597 0.01015625 0.008206330597889801
0 0.315625 0.3130128956623681 0.0109375 0.007033997655334115
0 0.396484375 0.31213364595545134 0.01015625 0.0076201641266119575
0 0.64375 0.3115474794841735 0.009375 0.0076201641266119575
0 0.526171875 0.3115474794841735 0.00703125 0.0076201641266119575
0 0.34140625 0.3103751465416178 0.0078125 0.005275498241500586
0 0.4734375 0.31096131301289565 0.009375 0.0076201641266119575
0 0.716796875 0.30890973036342323 0.01015625 0.007033997655334115
0 0.623828125 0.30920281359906215 0.00859375 0.0076201641266119575
0 0.146875 0.3086166471277843 0.0125 0.008792497069167644
0 0.696484375 0.3062719812426729 0.01015625 0.0076201641266119575
0 0.675 0.30568581477139506 0.009375 0.0076201641266119575
0 0.56484375 0.30539273153575613 0.00625 0.007033997655334115
0 0.415234375 0.3045134818288394 0.01015625 0.0076201641266119575
0 0.54296875 0.30363423212192264 0.009375 0.007033997655334115
0 0.60390625 0.3030480656506448 0.009375 0.007033997655334115
0 0.3765625 0.30275498241500587 0.0109375 0.006447831184056272
0 0.29140625 0.3018757327080891 0.00625 0.004689331770222743
0 0.4546875 0.30275498241500587 0.009375 0.0076201641266119575
0 0.758203125 0.30128956623681125 0.01015625 0.007033997655334115
0 0.58203125 0.29718640093786636 0.0078125 0.007033997655334115
0 0.72890625 0.2966002344665885 0.009375 0.007033997655334115
0 0.65234375 0.2966002344665885 0.0078125 0.007033997655334115
0 0.4890625 0.2966002344665885 0.00625 0.007033997655334115
0 0.310546875 0.2966002344665885 0.01015625 0.008206330597889801
0 0.396484375 0.2951348182883939 0.01015625 0.0076201641266119575
0 0.525 0.29454865181711604 0.009375 0.0076201641266119575
0 0.43515625 0.29484173505275496 0.009375 0.008206330597889801
0 0.355859375 0.29454865181711604 0.01015625 0.0076201641266119575
0 0.71015625 0.2936694021101993 0.009375 0.008206330597889801
0 0.3328125 0.29308323563892147 0.0109375 0.007033997655334115
0 0.63203125 0.2924970691676436 0.009375 0.007033997655334115
0 0.7734375 0.2922039859320047 0.0109375 0.0076201641266119575
0 0.6890625 0.291031652989449 0.009375 0.0076201641266119575
0 0.553515625 0.2895662368112544 0.00859375 0.007033997655334115
0 0.14921875 0.2898593200468933 0.0125 0.008792497069167644
0 0.669921875 0.28868698710433766 0.00703125 0.0076201641266119575
0 0.59765625 0.28722157092614303 0.009375 0.007033997655334115
0 0.50546875 0.28751465416178196 0.009375 0.0076201641266119575
0 0.2546875 0.28604923798358733 0.0078125 0.007033997655334115
0 0.41484375 0.28604923798358733 0.009375 0.008206330597889801
0 0.755859375 0.28516998827667056 0.01015625 0.0076201641266119575
0 0.45546875 0.28487690504103164 0.0046875 0.007033997655334115
0 0.283203125 0.28487690504103164 0.00859375 0.007033997655334115
0 0.573828125 0.2825322391559203 0.00546875 0.005861664712778429
0 0.372265625 0.28223915592028137 0.01015625 0.0076201641266119575
0 0.616796875 0.2813599062133646 0.00859375 0.007033997655334115
0 0.730859375 0.28077373974208675 0.01015625 0.007033997655334115
0 0.651171875 0.2801875732708089 0.01015625 0.007033997655334115
0 0.53515625 0.27989449003517 0.0078125 0.006447831184056272
0 0.314453125 0.2787221570926143 0.01015625 0.0076201641266119575
0 0.433203125 0.27754982415005863 0.01015625 0.0076201641266119575
0 0.471484375 0.2769636576787808 0.01015625 0.0076201641266119575
0 0.39375 0.2772567409144197 0.009375 0.008206330597889801
0 0.700390625 0.27667057444314186 0.01015625 0.008206330597889801
0 0.33671875 0.27637749120750293 0.0109375 0.0076201641266119575
0 0.678515625 0.27432590855803046 0.01015625 0.007033997655334115
0 0.555859375 0.27256740914419697 0.00546875 0.005861664712778429
0 0.49375 0.2728604923798359 0.009375 0.0076201641266119575
0 0.587890625 0.27139507620164127 0.00703125 0.007033997655334115
0 0.516796875 0.27110199296600235 0.00859375 0.0076201641266119575
0 0.633984375 0.2702227432590856 0.00859375 0.007033997655334115
0 0.760546875 0.26992966002344665 0.01015625 0.0076201641266119575
0 0.41328125 0.26875732708089095 0.00625 0.005275498241500586
0 0.4515625 0.26817116060961316 0.009375 0.006447831184056272
0 0.2859375 0.2672919109026964 0.0078125 0.005861664712778429
0 0.61015625 0.26670574443141853 0.0046875 0.005861664712778429
0 0.738671875 0.2661195779601407 0.01015625 0.008206330597889801
0 0.369140625 0.26465416178194606 0.01015625 0.006447831184056272
0 0.651953125 0.2640679953106682 0.00859375 0.0076201641266119575
0 0.53671875 0.26348182883939036 0.0078125 0.006447831184056272
0 0.69140625 0.26172332942555687 0.009375 0.0076201641266119575
0 0.347265625 0.26172332942555687 0.01015625 0.0076201641266119575
0 0.479296875 0.2605509964830012 0.00859375 0.0076201641266119575
0 0.431640625 0.2599648300117233 0.00703125 0.006447831184056272
0 0.670703125 0.2593786635404455 0.00859375 0.0076201641266119575
0 0.391015625 0.2587924970691676 0.01015625 0.0076201641266119575
0 0.709765625 0.25791324736225085 0.01015625 0.008206330597889801
0 0.575 0.2567409144196952 0.0078125 0.007033997655334115
0 0.554296875 0.25468933177022274 0.00703125 0.004103165298944901
0 0.6375 0.25351699882766704 0.0046875 0.006447831184056272
0 0.51875 0.2532239155920281 0.0078125 0.007033997655334115
0 0.327734375 0.2532239155920281 0.00859375 0.007033997655334115
0 0.459765625 0.25263774912075027 0.00859375 0.007033997655334115
0 0.498046875 0.2523446658851114 0.00703125 0.0076201641266119575
0 0.803125 0.25175849941383355 0.009375 0.0076201641266119575
0 0.411328125 0.2502930832356389 0.00546875 0.004689331770222743
0 0.653515625 0.2473622508792497 0.00859375 0.007033997655334115
0 0.43984375 0.24531066822977726 0.0078125 0.006447831184056272
0 0.478125 0.24208675263774912 0.0046875 0.0035169988276670576
0 0.611328125 0.2429660023446659 0.00859375 0.006447831184056272
0 0.673046875 0.2429660023446659 0.01015625 0.0076201641266119575
0 0.586328125 0.24267291910902697 0.00859375 0.007033997655334115
0 0.701171875 0.2417936694021102 0.01015625 0.0076201641266119575
0 0.565625 0.24091441969519342 0.0078125 0.007033997655334115
0 0.39296875 0.23944900351699883 0.0046875 0.006447831184056272
0 0.525390625 0.23739742086752638 0.00703125 0.005861664712778429
0 0.629296875 0.2365181711606096 0.00859375 0.0076201641266119575
0 0.45703125 0.23388042203985931 0.0078125 0.007033997655334115
0 0.65703125 0.23124267291910902 0.009375 0.0076201641266119575
0 0.49140625 0.22977725674091443 0.0078125 0.005861664712778429
0 0.59921875 0.22977725674091443 0.009375 0.007033997655334115
0 0.341015625 0.22889800703399765 0.00703125 0.006447831184056272
0 0.676171875 0.22655334114888628 0.01015625 0.0076201641266119575
0 0.572265625 0.2250879249706917 0.00703125 0.005861664712778429
0 0.36796875 0.2250879249706917 0.009375 0.007033997655334115
0 0.756640625 0.22362250879249707 0.01015625 0.0076201641266119575
0 0.622265625 0.22010550996483 0.00859375 0.006447831184056272
0 0.508203125 0.22010550996483 0.00859375 0.0076201641266119575
0 0.733203125 0.21893317702227433 0.01015625 0.0076201641266119575
0 0.693359375 0.21629542790152403 0.01015625 0.008206330597889801
0 0.478515625 0.21570926143024619 0.00859375 0.007033997655334115
0 0.457421875 0.21365767878077374 0.00703125 0.004103165298944901
0 0.2796875 0.21395076201641267 0.009375 0.008206330597889801
0 0.713671875 0.21219226260257915 0.01015625 0.008206330597889801
0 0.25625 0.20457209847596716 0.0109375 0.007033997655334115
0 0.6703125 0.20427901524032827 0.009375 0.0076201641266119575
0 0.310546875 0.19753810082063306 0.00859375 0.007033997655334115
0 0.230078125 0.19665885111371628 0.00859375 0.005275498241500586
0 0.2765625 0.19665885111371628 0.009375 0.006447831184056272
0 0.514453125 0.19314185228604924 0.00390625 0.0029308323563892145
0 0.463671875 0.19343493552168817 0.00546875 0.004689331770222743
0 0.441015625 0.18962485345838218 0.00703125 0.006447831184056272
0 0.178515625 0.18053927315357562 0.01171875 0.009378663540445486
