0 0.269921875 0.8807291666666667 0.00078125 0.0010416666666666667
0 0.515234375 0.878125 0.00390625 0.0020833333333333333
0 0.314453125 0.8755208333333333 0.00078125 0.0010416666666666667
0 0.4875 0.86875 0.003125 0.0020833333333333333
0 0.366015625 0.8536458333333333 0.00078125 0.0010416666666666667
0 0.440234375 0.8494791666666667 0.00078125 0.0010416666666666667
0 0.37109375 0.8234375 0.0015625 0.0010416666666666667
0 0.326171875 0.8239583333333333 0.00234375 0.0020833333333333333
0 0.466015625 0.8223958333333333 0.00078125 0.0010416666666666667
0 0.501953125 0.8088541666666667 0.00390625 0.0010416666666666667
0 0.621484375 0.80625 0.00078125 0.0020833333333333333
0 0.299609375 0.7984375 0.00234375 0.003125
0 0.33046875 0.7953125 0.0015625 0.0010416666666666667
0 0.3875 0.7828125 0.003125 0.003125
0 0.289453125 0.7796875 0.00078125 0.003125
0 0.3671875 0.7760416666666666 0.0015625 0.0020833333333333333
0 0.1640625 0.7671875 0.0015625 0.0010416666666666667
0 0.505078125 0.7666666666666667 0.00390625 0.0020833333333333333
0 0.37734375 0.7552083333333334 0.0015625 0.0020833333333333333
0 0.319921875 0.7536458333333333 0.00078125 0.0010416666666666667
0 0.28046875 0.7541666666666667 0.0015625 0.0020833333333333333
0 0.358203125 0.7515625 0.00078125 0.0010416666666666667
0 0.471484375 0.7489583333333333 0.00390625 0.0020833333333333333
0 0.419921875 0.7473958333333334 0.00390625 0.0010416666666666667
0 0.404296875 0.7463541666666667 0.00078125 0.0010416666666666667
0 0.341796875 0.7463541666666667 0.00078125 0.0010416666666666667
0 0.57421875 0.7432291666666667 0.0015625 0.0010416666666666667
0 0.229296875 0.7369791666666666 0.00078125 0.0010416666666666667
0 0.3 0.7348958333333333 0.0015625 0.0010416666666666667
0 0.615625 0.7338541666666667 0.003125 0.003125
0 0.483984375 0.7317708333333334 0.00390625 0.0010416666666666667
0 0.328515625 0.7307291666666667 0.00078125 0.0010416666666666667
0 0.433203125 0.7296875 0.00078125 0.0010416666666666667
0 0.583984375 0.7213541666666666 0.00078125 0.0010416666666666667
0 0.512890625 0.7203125 0.00234375 0.0010416666666666667
0 0.384375 0.7109375 0.0015625 0.0010416666666666667
0 0.478515625 0.7088541666666667 0.00234375 0.0010416666666666667
0 0.526171875 0.6973958333333333 0.00234375 0.003125
0 0.475 0.6833333333333333 0.0015625 0.0020833333333333333
0 0.7234375 0.6822916666666666 0.0015625 0.0020833333333333333
0 0.334765625 0.6817708333333333 0.00078125 0.0010416666666666667
0 0.4734375 0.659375 0.0078125 0.004166666666666667
0 0.41484375 0.6578125 0.0015625 0.0010416666666666667
0 0.38046875 0.6505208333333333 0.003125 0.003125
0 0.3578125 0.6484375 0.0015625 0.0010416666666666667
0 0.399609375 0.6458333333333334 0.00234375 0.0020833333333333333
0 0.42578125 0.6401041666666667 0.003125 0.0010416666666666667
0 0.461328125 0.6317708333333333 0.00390625 0.0010416666666666667
0 0.33984375 0.63125 0.0015625 0.0020833333333333333
0 0.400390625 0.6239583333333333 0.00390625 0.004166666666666667
0 0.352734375 0.6135416666666667 0.00390625 0.0020833333333333333
0 0.551953125 0.6088541666666667 0.00546875 0.003125
0 0.3640625 0.5890625 0.0015625 0.0010416666666666667
0 0.538671875 0.5776041666666667 0.00078125 0.0010416666666666667
0 0.447265625 0.5703125 0.00078125 0.0010416666666666667
0 0.266015625 0.5578125 0.00078125 0.0010416666666666667
0 0.5375 0.553125 0.003125 0.0020833333333333333
0 0.36328125 0.5390625 0.0015625 0.0010416666666666667
0 0.709765625 0.5234375 0.00078125 0.0010416666666666667
0 0.432421875 0.5197916666666667 0.00390625 0.0020833333333333333
0 0.3109375 0.51875 0.003125 0.0020833333333333333
0 0.35234375 0.4973958333333333 0.0015625 0.0010416666666666667
0 0.527734375 0.4864583333333333 0.00390625 0.004166666666666667
0 0.25859375 0.48333333333333334 0.0015625 0.0020833333333333333
0 0.394921875 0.4786458333333333 0.00078125 0.0010416666666666667
0 0.543359375 0.47552083333333334 0.00234375 0.003125
0 0.67265625 0.465625 0.0015625 0.0020833333333333333
0 0.333203125 0.4484375 0.00390625 0.003125
0 0.3015625 0.42604166666666665 0.0015625 0.0020833333333333333
0 0.261328125 0.4234375 0.00078125 0.0010416666666666667
0 0.46796875 0.41041666666666665 0.0015625 0.0020833333333333333
0 0.36171875 0.40729166666666666 0.003125 0.0020833333333333333
0 0.306640625 0.3984375 0.00234375 0.0010416666666666667
0 0.581640625 0.396875 0.00234375 0.0020833333333333333
0 0.287890625 0.396875 0.00078125 0.0020833333333333333
0 0.61171875 0.3963541666666667 0.003125 0.003125
0 0.323828125 0.3953125 0.00390625 0.003125
0 0.427734375 0.3890625 0.00703125 0.003125
0 0.346484375 0.38385416666666666 0.00234375 0.003125
0 0.27421875 0.3796875 0.0015625 0.0010416666666666667
0 0.291015625 0.3765625 0.00078125 0.0010416666666666667
0 0.416015625 0.371875 0.00390625 0.0020833333333333333
0 0.325390625 0.3578125 0.00078125 0.0010416666666666667
0 0.541015625 0.3536458333333333 0.00234375 0.003125
0 0.656640625 0.3421875 0.00078125 0.0010416666666666667
0 0.399609375 0.3385416666666667 0.00390625 0.0020833333333333333
0 0.42890625 0.3328125 0.003125 0.0010416666666666667
0 0.301171875 0.3296875 0.00078125 0.0010416666666666667
0 0.4140625 0.3265625 0.0015625 0.0010416666666666667
0 0.3421875 0.3265625 0.0015625 0.0010416666666666667
0 0.391015625 0.31666666666666665 0.00390625 0.0020833333333333333
0 0.59453125 0.31614583333333335 0.0046875 0.003125
0 0.50703125 0.31145833333333334 0.003125 0.0020833333333333333
0 0.354296875 0.3109375 0.00234375 0.003125
0 0.337109375 0.3067708333333333 0.00078125 0.0010416666666666667
0 0.421484375 0.303125 0.00234375 0.0020833333333333333
0 0.36953125 0.3026041666666667 0.0015625 0.0010416666666666667
0 0.318359375 0.2984375 0.00078125 0.0010416666666666667
0 0.53984375 0.29375 0.003125 0.0020833333333333333
0 0.346484375 0.28958333333333336 0.00234375 0.0020833333333333333
0 0.5671875 0.28802083333333334 0.003125 0.0010416666666666667
0 0.43125 0.28541666666666665 0.003125 0.0020833333333333333
0 0.391796875 0.28541666666666665 0.00390625 0.0020833333333333333
0 0.33046875 0.28177083333333336 0.0015625 0.0010416666666666667
0 0.275390625 0.28020833333333334 0.00078125 0.0020833333333333333
0 0.501953125 0.27291666666666664 0.00390625 0.0020833333333333333
0 0.41875 0.2713541666666667 0.003125 0.0010416666666666667
0 0.3609375 0.2703125 0.0015625 0.0010416666666666667
0 0.34453125 0.26927083333333335 0.0015625 0.0010416666666666667
0 0.38515625 0.2630208333333333 0.003125 0.0010416666666666667
0 0.591796875 0.25364583333333335 0.00234375 0.0010416666666666667
0 0.409375 0.25416666666666665 0.0015625 0.0020833333333333333
0 0.78515625 0.2520833333333333 0.003125 0.0020833333333333333
0 0.459375 0.25052083333333336 0.003125 0.003125
0 0.325 0.25 0.0015625 0.0020833333333333333
0 0.56640625 0.2484375 0.003125 0.003125
0 0.425 0.246875 0.003125 0.0020833333333333333
0 0.301953125 0.22552083333333334 0.00078125 0.0010416666666666667
0 0.390625 0.21927083333333333 0.0015625 0.0010416666666666667
0 0.375 0.21927083333333333 0.0015625 0.0010416666666666667
0 0.423046875 0.2078125 0.00546875 0.005208333333333333
0 0.43671875 0.18645833333333334 0.0046875 0.0020833333333333333
