0 0.284375 0.8494791666666667 0.009375 0.013541666666666667
0 0.4015625 0.8479166666666667 0.009375 0.0125
0 0.384375 0.8442708333333333 0.009375 0.013541666666666667
0 0.7125 0.8411458333333334 0.009375 0.011458333333333333
0 0.30078125 0.840625 0.009375 0.0125
0 0.78515625 0.8364583333333333 0.009375 0.008333333333333333
0 0.6328125 0.8375 0.009375 0.0125
0 0.680078125 0.8348958333333333 0.00859375 0.011458333333333333
0 0.7296875 0.8317708333333333 0.009375 0.011458333333333333
0 0.36875 0.83125 0.009375 0.0125
0 0.74765625 0.8302083333333333 0.0078125 0.0125
0 0.696484375 0.8302083333333333 0.00859375 0.0125
0 0.652734375 0.8302083333333333 0.00859375 0.0125
0 0.50078125 0.8260416666666667 0.0078125 0.0125
0 0.60078125 0.8244791666666667 0.0078125 0.011458333333333333
0 0.3484375 0.8234375 0.009375 0.013541666666666667
0 0.833984375 0.821875 0.01015625 0.0125
0 0.76171875 0.8177083333333334 0.009375 0.008333333333333333
0 0.9078125 0.8166666666666667 0.00625 0.0125
0 0.559375 0.8145833333333333 0.00625 0.0125
0 0.444140625 0.8145833333333333 0.00859375 0.0125
0 0.779296875 0.8130208333333333 0.00703125 0.011458333333333333
0 0.53125 0.8135416666666667 0.0078125 0.0125
0 0.420703125 0.8125 0.00859375 0.0125
0 0.719140625 0.8114583333333333 0.00859375 0.0125
0 0.66171875 0.8109375 0.0078125 0.011458333333333333
0 0.934375 0.8067708333333333 0.003125 0.005208333333333333
0 0.687109375 0.8098958333333334 0.00859375 0.011458333333333333
0 0.73828125 0.809375 0.009375 0.0125
0 0.64453125 0.8088541666666667 0.0078125 0.011458333333333333
0 0.62578125 0.8078125 0.00625 0.011458333333333333
0 0.515234375 0.8078125 0.00859375 0.011458333333333333
0 0.460546875 0.8067708333333333 0.00859375 0.011458333333333333
0 0.934765625 0.7989583333333333 0.00234375 0.004166666666666667
0 0.608203125 0.8020833333333334 0.00859375 0.0125
0 0.39609375 0.8020833333333334 0.009375 0.0125
0 0.91875 0.7973958333333333 0.009375 0.007291666666666667
0 0.9515625 0.7989583333333333 0.0078125 0.0125
0 0.70234375 0.7989583333333333 0.0078125 0.0125
0 0.375390625 0.7994791666666666 0.00859375 0.013541666666666667
0 0.174609375 0.7979166666666667 0.01015625 0.0125
0 0.830859375 0.796875 0.01015625 0.0125
0 0.770703125 0.7927083333333333 0.00546875 0.00625
0 0.753125 0.7947916666666667 0.009375 0.0125
0 0.673828125 0.7942708333333334 0.00859375 0.011458333333333333
0 0.440234375 0.790625 0.00859375 0.0125
0 0.72109375 0.7880208333333333 0.009375 0.011458333333333333
0 0.538671875 0.7875 0.00859375 0.0125
0 0.47421875 0.7875 0.0078125 0.0125
0 0.50859375 0.7854166666666667 0.00625 0.0125
0 0.659375 0.7817708333333333 0.0078125 0.011458333333333333
0 0.612109375 0.7791666666666667 0.00859375 0.0125
0 0.455078125 0.7776041666666667 0.00703125 0.011458333333333333
0 0.421875 0.778125 0.0078125 0.0125
0 0.837890625 0.7734375 0.01015625 0.011458333333333333
0 0.35859375 0.7739583333333333 0.009375 0.0125
0 0.523828125 0.7729166666666667 0.00859375 0.0125
0 0.87578125 0.7708333333333334 0.009375 0.010416666666666666
0 0.679296875 0.771875 0.00859375 0.0125
0 0.493359375 0.7713541666666667 0.00703125 0.011458333333333333
0 0.627734375 0.7703125 0.00859375 0.011458333333333333
0 0.7546875 0.7697916666666667 0.009375 0.0125
0 0.578515625 0.76875 0.00859375 0.0125
0 0.539453125 0.7645833333333333 0.00859375 0.0125
0 0.770703125 0.7635416666666667 0.00859375 0.0125
0 0.560546875 0.7625 0.00859375 0.0125
0 0.397265625 0.7619791666666667 0.00859375 0.011458333333333333
0 0.509765625 0.7609375 0.00859375 0.011458333333333333
0 0.373828125 0.7614583333333333 0.00859375 0.0125
0 0.601171875 0.7604166666666666 0.00859375 0.0125
0 0.720703125 0.759375 0.01015625 0.0125
0 0.8109375 0.7572916666666667 0.009375 0.010416666666666666
0 0.66484375 0.7572916666666667 0.009375 0.0125
0 0.420703125 0.7546875 0.00859375 0.011458333333333333
0 0.4375 0.7526041666666666 0.0078125 0.011458333333333333
0 0.6171875 0.7520833333333333 0.0078125 0.0125
0 0.485546875 0.7515625 0.00859375 0.011458333333333333
0 0.33125 0.7489583333333333 0.009375 0.0125
0 0.877734375 0.7473958333333334 0.01015625 0.011458333333333333
0 0.684765625 0.7473958333333334 0.00859375 0.011458333333333333
0 0.525 0.746875 0.0078125 0.0125
0 0.582421875 0.7453125 0.00546875 0.011458333333333333
0 0.360546875 0.7458333333333333 0.00859375 0.0125
0 0.190625 0.7463541666666667 0.009375 0.013541666666666667
0 0.55 0.7447916666666666 0.00625 0.0125
0 0.385546875 0.74375 0.00859375 0.0125
0 0.30546875 0.7395833333333334 0.009375 0.0125
0 0.7828125 0.7385416666666667 0.009375 0.0125
0 0.7125 0.7380208333333333 0.009375 0.011458333333333333
0 0.63046875 0.7380208333333333 0.009375 0.011458333333333333
0 0.666015625 0.7348958333333333 0.00859375 0.011458333333333333
0 0.503515625 0.7348958333333333 0.00859375 0.011458333333333333
0 0.8078125 0.7338541666666667 0.009375 0.011458333333333333
0 0.597265625 0.734375 0.00546875 0.0125
0 0.536328125 0.7296875 0.00859375 0.011458333333333333
0 0.47109375 0.7286458333333333 0.00625 0.011458333333333333
0 0.34140625 0.7291666666666666 0.009375 0.0125
0 0.323046875 0.7291666666666666 0.01015625 0.0125
0 0.48671875 0.728125 0.0078125 0.0125
0 0.611328125 0.7255208333333333 0.00859375 0.011458333333333333
0 0.558203125 0.7260416666666667 0.00859375 0.0125
0 0.517578125 0.7213541666666666 0.00859375 0.011458333333333333
0 0.580859375 0.7208333333333333 0.00859375 0.0125
0 0.386328125 0.7203125 0.00859375 0.011458333333333333
0 0.8703125 0.7145833333333333 0.003125 0.0020833333333333333
0 0.1984375 0.71875 0.009375 0.0125
0 0.67578125 0.7166666666666667 0.009375 0.0125
0 0.446875 0.7151041666666667 0.0046875 0.011458333333333333
0 0.35625 0.715625 0.009375 0.0125
0 0.627734375 0.7130208333333333 0.00859375 0.011458333333333333
0 0.501171875 0.7125 0.00546875 0.0125
0 0.596875 0.7109375 0.0078125 0.011458333333333333
0 0.84140625 0.7078125 0.0046875 0.007291666666666667
0 0.545703125 0.7098958333333333 0.00859375 0.011458333333333333
0 0.333984375 0.709375 0.00859375 0.0125
0 0.783203125 0.7083333333333334 0.01015625 0.0125
0 0.411328125 0.7072916666666667 0.00859375 0.0125
0 0.3109375 0.7072916666666667 0.009375 0.0125
0 0.566796875 0.7057291666666666 0.00859375 0.011458333333333333
0 0.526953125 0.7026041666666667 0.00859375 0.011458333333333333
0 0.461328125 0.703125 0.00546875 0.0125
0 0.7375 0.7015625 0.009375 0.011458333333333333
0 0.65859375 0.7005208333333334 0.009375 0.011458333333333333
0 0.613671875 0.6994791666666667 0.00859375 0.011458333333333333
0 0.433203125 0.6994791666666667 0.00859375 0.011458333333333333
0 0.887890625 0.6947916666666667 0.00703125 0.008333333333333333
0 0.681640625 0.6963541666666667 0.00859375 0.011458333333333333
0 0.20703125 0.696875 0.009375 0.0125
0 0.394140625 0.6953125 0.00859375 0.011458333333333333
0 0.510546875 0.6942708333333333 0.00859375 0.011458333333333333
0 0.49140625 0.6932291666666667 0.0046875 0.011458333333333333
0 0.278125 0.6932291666666667 0.009375 0.011458333333333333
0 0.1890625 0.69375 0.009375 0.0125
0 0.371484375 0.6921875 0.00859375 0.011458333333333333
0 0.260546875 0.6911458333333333 0.00859375 0.011458333333333333
0 0.589453125 0.690625 0.00859375 0.0125
0 0.553125 0.6901041666666666 0.0078125 0.011458333333333333
0 0.628515625 0.6890625 0.00859375 0.011458333333333333
0 0.2953125 0.6885416666666667 0.009375 0.0125
0 0.472265625 0.6869791666666667 0.00859375 0.011458333333333333
0 0.351953125 0.6869791666666667 0.00859375 0.011458333333333333
0 0.75078125 0.6859375 0.009375 0.011458333333333333
0 0.417578125 0.6859375 0.00859375 0.011458333333333333
0 0.334375 0.6859375 0.009375 0.011458333333333333
0 0.78125 0.684375 0.009375 0.0125
0 0.571875 0.6828125 0.0046875 0.011458333333333333
0 0.536328125 0.6828125 0.00859375 0.011458333333333333
0 0.3125 0.6828125 0.009375 0.011458333333333333
0 0.454296875 0.6791666666666667 0.00859375 0.0125
0 0.605078125 0.6765625 0.00859375 0.011458333333333333
0 0.5203125 0.6755208333333333 0.0078125 0.011458333333333333
0 0.8765625 0.6744791666666666 0.0109375 0.011458333333333333
0 0.65625 0.6744791666666666 0.0078125 0.011458333333333333
0 0.388671875 0.6744791666666666 0.00859375 0.011458333333333333
0 0.7671875 0.6708333333333333 0.009375 0.0125
0 0.48984375 0.6703125 0.0078125 0.011458333333333333
0 0.589453125 0.6666666666666666 0.00859375 0.010416666666666666
0 0.548828125 0.6671875 0.00859375 0.011458333333333333
0 0.404296875 0.6645833333333333 0.00859375 0.010416666666666666
0 0.423046875 0.6640625 0.00859375 0.011458333333333333
0 0.28828125 0.6640625 0.009375 0.011458333333333333
0 0.473828125 0.6635416666666667 0.00859375 0.0125
0 0.341015625 0.6630208333333333 0.00859375 0.011458333333333333
0 0.374609375 0.6619791666666667 0.00859375 0.011458333333333333
0 0.323046875 0.6619791666666667 0.00859375 0.011458333333333333
0 0.563671875 0.6598958333333333 0.00703125 0.009375
0 0.505078125 0.6614583333333334 0.00859375 0.0125
0 0.441015625 0.6604166666666667 0.00859375 0.010416666666666666
0 0.78203125 0.6604166666666667 0.009375 0.0125
0 0.4578125 0.6567708333333333 0.0078125 0.011458333333333333
0 0.357421875 0.6567708333333333 0.00859375 0.011458333333333333
0 0.3046875 0.6552083333333333 0.009375 0.0125
0 0.81015625 0.653125 0.009375 0.0125
0 0.490234375 0.6484375 0.00859375 0.011458333333333333
0 0.541015625 0.646875 0.00859375 0.010416666666666666
0 0.525 0.6442708333333333 0.0046875 0.005208333333333333
0 0.76953125 0.6442708333333333 0.009375 0.011458333333333333
0 0.41171875 0.6442708333333333 0.0078125 0.011458333333333333
0 0.384765625 0.64375 0.00703125 0.010416666666666666
0 0.794140625 0.6432291666666666 0.00703125 0.011458333333333333
0 0.345703125 0.6411458333333333 0.00859375 0.011458333333333333
0 0.31875 0.6401041666666667 0.0078125 0.011458333333333333
0 0.269140625 0.6401041666666667 0.00859375 0.011458333333333333
0 0.556640625 0.6390625 0.00859375 0.011458333333333333
0 0.87578125 0.6380208333333334 0.0109375 0.011458333333333333
0 0.6171875 0.6375 0.0078125 0.010416666666666666
0 0.58359375 0.6375 0.0078125 0.010416666666666666
0 0.293359375 0.6380208333333334 0.00859375 0.011458333333333333
0 0.43359375 0.6369791666666667 0.0078125 0.011458333333333333
0 0.753125 0.6359375 0.009375 0.011458333333333333
0 0.47734375 0.6322916666666667 0.0078125 0.010416666666666666
0 0.849609375 0.6322916666666667 0.01015625 0.0125
0 0.37109375 0.6302083333333334 0.0078125 0.010416666666666666
0 0.3984375 0.628125 0.0078125 0.010416666666666666
0 0.25078125 0.628125 0.0078125 0.010416666666666666
0 0.21640625 0.6270833333333333 0.0078125 0.010416666666666666
0 0.74140625 0.6203125 0.009375 0.011458333333333333
0 0.5328125 0.6192708333333333 0.0078125 0.011458333333333333
0 0.414453125 0.6192708333333333 0.00859375 0.011458333333333333
0 0.325 0.61875 0.009375 0.010416666666666666
0 0.305859375 0.6182291666666667 0.00859375 0.011458333333333333
0 0.342578125 0.6171875 0.00859375 0.011458333333333333
0 0.5828125 0.615625 0.0078125 0.010416666666666666
0 0.287890625 0.6161458333333333 0.00859375 0.011458333333333333
0 0.431640625 0.6145833333333334 0.00859375 0.010416666666666666
0 0.359765625 0.6125 0.00859375 0.010416666666666666
0 0.25625 0.60625 0.0078125 0.010416666666666666
0 0.728515625 0.6052083333333333 0.00859375 0.010416666666666666
0 0.605859375 0.6057291666666667 0.00859375 0.011458333333333333
0 0.4640625 0.6052083333333333 0.0078125 0.010416666666666666
0 0.544140625 0.6041666666666666 0.00859375 0.010416666666666666
0 0.273828125 0.6036458333333333 0.00859375 0.011458333333333333
0 0.391015625 0.6020833333333333 0.00859375 0.010416666666666666
0 0.490625 0.6010416666666667 0.0078125 0.010416666666666666
0 0.815625 0.5994791666666667 0.009375 0.011458333333333333
0 0.744921875 0.5989583333333334 0.00859375 0.010416666666666666
0 0.316015625 0.5994791666666667 0.00859375 0.011458333333333333
0 0.854296875 0.596875 0.01015625 0.010416666666666666
0 0.335546875 0.5973958333333333 0.00859375 0.011458333333333333
0 0.298828125 0.5973958333333333 0.00859375 0.011458333333333333
0 0.444140625 0.5963541666666666 0.00859375 0.011458333333333333
0 0.760546875 0.5921875 0.00859375 0.011458333333333333
0 0.715625 0.590625 0.009375 0.010416666666666666
0 0.408203125 0.5875 0.00859375 0.010416666666666666
0 0.58359375 0.584375 0.0078125 0.010416666666666666
0 0.616796875 0.5838541666666667 0.00859375 0.011458333333333333
0 0.35859375 0.58125 0.0078125 0.010416666666666666
0 0.26953125 0.58125 0.009375 0.010416666666666666
0 0.2515625 0.58125 0.0078125 0.010416666666666666
0 0.866796875 0.5807291666666666 0.01015625 0.011458333333333333
0 0.324609375 0.5796875 0.00859375 0.011458333333333333
0 0.28828125 0.5796875 0.0078125 0.011458333333333333
0 0.305859375 0.5770833333333333 0.00859375 0.010416666666666666
0 0.341796875 0.5729166666666666 0.00703125 0.010416666666666666
0 0.476953125 0.571875 0.00859375 0.010416666666666666
0 0.172265625 0.5713541666666667 0.00859375 0.009375
0 0.390625 0.5677083333333334 0.0078125 0.010416666666666666
0 0.4609375 0.5651041666666666 0.0078125 0.009375
0 0.21640625 0.5625 0.0078125 0.010416666666666666
0 0.2609375 0.5619791666666667 0.00625 0.011458333333333333
0 0.361328125 0.5583333333333333 0.00859375 0.008333333333333333
0 0.296484375 0.5588541666666667 0.00859375 0.011458333333333333
0 0.322265625 0.5572916666666666 0.00859375 0.010416666666666666
0 0.278515625 0.55625 0.00859375 0.010416666666666666
0 0.873828125 0.5557291666666667 0.01015625 0.011458333333333333
0 0.23828125 0.553125 0.0046875 0.00625
0 0.55390625 0.5546875 0.0078125 0.011458333333333333
0 0.47890625 0.55 0.0078125 0.010416666666666666
0 0.396875 0.5479166666666667 0.0078125 0.010416666666666666
0 0.348046875 0.54375 0.00703125 0.008333333333333333
0 0.204296875 0.5427083333333333 0.00703125 0.010416666666666666
0 0.254296875 0.5390625 0.00703125 0.005208333333333333
0 0.311328125 0.540625 0.00859375 0.010416666666666666
0 0.36953125 0.5395833333333333 0.0078125 0.010416666666666666
0 0.2890625 0.5385416666666667 0.0078125 0.010416666666666666
0 0.175 0.5385416666666667 0.0078125 0.010416666666666666
0 0.328125 0.5364583333333334 0.0078125 0.010416666666666666
0 0.270703125 0.5359375 0.00859375 0.009375
0 0.2375 0.5307291666666667 0.00625 0.007291666666666667
0 0.220703125 0.5286458333333334 0.00390625 0.005208333333333333
0 0.2046875 0.5203125 0.0078125 0.009375
0 0.300390625 0.5197916666666667 0.00859375 0.010416666666666666
0 0.255078125 0.5177083333333333 0.00859375 0.008333333333333333
0 0.283203125 0.5166666666666667 0.00703125 0.008333333333333333
0 0.316015625 0.5104166666666666 0.00859375 0.010416666666666666
0 0.234765625 0.5098958333333333 0.00859375 0.011458333333333333
0 0.217578125 0.5057291666666667 0.00859375 0.011458333333333333
0 0.2671875 0.5041666666666667 0.0078125 0.010416666666666666
0 0.365625 0.503125 0.0078125 0.010416666666666666
0 0.185546875 0.4979166666666667 0.00390625 0.008333333333333333
0 0.896875 0.4979166666666667 0.0078125 0.010416666666666666
0 0.87890625 0.4979166666666667 0.009375 0.010416666666666666
0 0.383203125 0.4984375 0.00859375 0.011458333333333333
0 0.300390625 0.4979166666666667 0.00859375 0.010416666666666666
0 0.24921875 0.4973958333333333 0.0078125 0.011458333333333333
0 0.282421875 0.49270833333333336 0.00703125 0.008333333333333333
0 0.202734375 0.4901041666666667 0.00859375 0.009375
0 0.2296875 0.4859375 0.00625 0.005208333333333333
0 0.81015625 0.4869791666666667 0.0109375 0.011458333333333333
0 0.835546875 0.48385416666666664 0.01015625 0.011458333333333333
0 0.262109375 0.4817708333333333 0.00859375 0.011458333333333333
0 0.171484375 0.48020833333333335 0.00859375 0.010416666666666666
0 0.690234375 0.478125 0.00859375 0.010416666666666666
0 0.8984375 0.4765625 0.0109375 0.009375
0 0.244921875 0.47604166666666664 0.00859375 0.010416666666666666
0 0.190234375 0.475 0.00859375 0.008333333333333333
0 0.154296875 0.47552083333333334 0.00703125 0.009375
0 0.214453125 0.47239583333333335 0.00859375 0.007291666666666667
0 0.296875 0.471875 0.0078125 0.010416666666666666
0 0.277734375 0.471875 0.00859375 0.010416666666666666
0 0.848046875 0.4713541666666667 0.01015625 0.011458333333333333
0 0.7625 0.4703125 0.009375 0.011458333333333333
0 0.411328125 0.45989583333333334 0.00703125 0.007291666666666667
0 0.258203125 0.459375 0.00859375 0.010416666666666666
0 0.1796875 0.459375 0.0078125 0.010416666666666666
0 0.78671875 0.4588541666666667 0.009375 0.011458333333333333
0 0.62265625 0.4552083333333333 0.0078125 0.010416666666666666
0 0.224609375 0.4552083333333333 0.00703125 0.010416666666666666
0 0.24140625 0.45364583333333336 0.0078125 0.009375
0 0.285546875 0.4510416666666667 0.00859375 0.010416666666666666
0 0.39140625 0.4473958333333333 0.0078125 0.009375
0 0.758984375 0.4473958333333333 0.00859375 0.011458333333333333
0 0.208984375 0.44427083333333334 0.00703125 0.005208333333333333
0 0.776171875 0.4432291666666667 0.00859375 0.011458333333333333
0 0.25390625 0.43802083333333336 0.0078125 0.011458333333333333
0 0.2734375 0.43645833333333334 0.0078125 0.010416666666666666
0 0.878515625 0.43333333333333335 0.01015625 0.008333333333333333
0 0.404296875 0.434375 0.00703125 0.010416666666666666
0 0.64375 0.42916666666666664 0.0078125 0.010416666666666666
0 0.219140625 0.4270833333333333 0.00703125 0.010416666666666666
0 0.8609375 0.425 0.009375 0.010416666666666666
0 0.201953125 0.4244791666666667 0.00703125 0.009375
0 0.287109375 0.42239583333333336 0.00859375 0.009375
0 0.2453125 0.41770833333333335 0.0046875 0.00625
0 0.810546875 0.41875 0.01015625 0.010416666666666666
0 0.30390625 0.41875 0.0078125 0.010416666666666666
0 0.8453125 0.41510416666666666 0.009375 0.011458333333333333
0 0.263671875 0.4125 0.00546875 0.00625
0 0.886328125 0.41354166666666664 0.01015625 0.010416666666666666
0 0.4984375 0.4125 0.0078125 0.010416666666666666
0 0.22734375 0.40677083333333336 0.0078125 0.009375
0 0.3703125 0.4041666666666667 0.0078125 0.010416666666666666
0 0.3390625 0.4041666666666667 0.0078125 0.010416666666666666
0 0.47890625 0.40260416666666665 0.0078125 0.009375
0 0.280859375 0.4005208333333333 0.00546875 0.007291666666666667
0 0.210546875 0.4010416666666667 0.00703125 0.010416666666666666
0 0.780859375 0.4 0.01015625 0.010416666666666666
0 0.3125 0.4 0.0078125 0.010416666666666666
0 0.24296875 0.396875 0.0078125 0.010416666666666666
0 0.87578125 0.39166666666666666 0.0046875 0.008333333333333333
0 0.359375 0.384375 0.0078125 0.010416666666666666
0 0.2296875 0.38385416666666666 0.0078125 0.009375
0 0.823828125 0.38385416666666666 0.01015625 0.011458333333333333
0 0.805859375 0.38177083333333334 0.00859375 0.011458333333333333
0 0.320703125 0.3802083333333333 0.00859375 0.008333333333333333
0 0.26484375 0.3802083333333333 0.0078125 0.008333333333333333
0 0.303125 0.3796875 0.0078125 0.011458333333333333
0 0.783984375 0.378125 0.01015625 0.010416666666666666
0 0.64921875 0.378125 0.0078125 0.010416666666666666
0 0.74609375 0.37447916666666664 0.009375 0.011458333333333333
0 0.246875 0.3692708333333333 0.00625 0.005208333333333333
0 0.2828125 0.36666666666666664 0.0078125 0.010416666666666666
0 0.847265625 0.36614583333333334 0.01015625 0.011458333333333333
0 0.328125 0.3614583333333333 0.0078125 0.010416666666666666
0 0.263671875 0.3572916666666667 0.00703125 0.00625
0 0.79921875 0.3578125 0.00625 0.011458333333333333
0 0.780859375 0.3572916666666667 0.00859375 0.010416666666666666
0 0.30078125 0.3541666666666667 0.0078125 0.010416666666666666
0 0.823828125 0.35052083333333334 0.01015625 0.011458333333333333
0 0.28515625 0.3458333333333333 0.0078125 0.010416666666666666
0 0.235546875 0.3453125 0.00703125 0.009375
0 0.75703125 0.34427083333333336 0.009375 0.011458333333333333
0 0.251953125 0.34375 0.00703125 0.010416666666666666
0 0.26875 0.3380208333333333 0.0078125 0.009375
0 0.787890625 0.3375 0.01015625 0.010416666666666666
0 0.811328125 0.3359375 0.01015625 0.011458333333333333
0 0.3296875 0.33541666666666664 0.0078125 0.010416666666666666
0 0.59765625 0.33125 0.0078125 0.010416666666666666
0 0.225 0.32864583333333336 0.0078125 0.009375
0 0.375390625 0.32760416666666664 0.00859375 0.009375
0 0.190234375 0.32708333333333334 0.00703125 0.008333333333333333
0 0.28203125 0.32447916666666665 0.0078125 0.009375
0 0.7125 0.3229166666666667 0.009375 0.010416666666666666
0 0.346484375 0.31979166666666664 0.00703125 0.010416666666666666
0 0.844921875 0.3203125 0.01015625 0.013541666666666667
0 0.800390625 0.31927083333333334 0.01015625 0.011458333333333333
0 0.2984375 0.31875 0.0078125 0.010416666666666666
0 0.77734375 0.3171875 0.009375 0.011458333333333333
0 0.31953125 0.3145833333333333 0.0078125 0.010416666666666666
0 0.203125 0.31302083333333336 0.00625 0.007291666666666667
0 0.45234375 0.3104166666666667 0.0078125 0.010416666666666666
0 0.687109375 0.30833333333333335 0.00859375 0.010416666666666666
0 0.72109375 0.3078125 0.0046875 0.011458333333333333
0 0.36015625 0.3072916666666667 0.0078125 0.010416666666666666
0 0.724609375 0.3015625 0.00078125 0.0010416666666666667
0 0.703515625 0.3046875 0.00859375 0.011458333333333333
0 0.594140625 0.3046875 0.00859375 0.011458333333333333
0 0.27734375 0.303125 0.0078125 0.008333333333333333
0 0.85234375 0.3046875 0.009375 0.013541666666666667
0 0.305078125 0.29791666666666666 0.00703125 0.010416666666666666
0 0.230078125 0.29583333333333334 0.00703125 0.010416666666666666
0 0.1953125 0.2953125 0.0078125 0.009375
0 0.24765625 0.29375 0.0078125 0.010416666666666666
0 0.344140625 0.2921875 0.00703125 0.009375
0 0.263671875 0.2911458333333333 0.00703125 0.009375
0 0.680859375 0.2890625 0.00859375 0.011458333333333333
0 0.36640625 0.2875 0.0078125 0.010416666666666666
0 0.328125 0.284375 0.0078125 0.010416666666666666
0 0.52890625 0.28229166666666666 0.0078125 0.010416666666666666
0 0.738671875 0.28177083333333336 0.00859375 0.011458333333333333
0 0.721484375 0.28177083333333336 0.00859375 0.011458333333333333
0 0.385546875 0.278125 0.00703125 0.010416666666666666
0 0.312109375 0.278125 0.00859375 0.010416666666666666
0 0.6234375 0.2760416666666667 0.0078125 0.010416666666666666
0 0.44140625 0.2760416666666667 0.0078125 0.010416666666666666
0 0.27890625 0.27395833333333336 0.0078125 0.008333333333333333
0 0.51484375 0.27239583333333334 0.0078125 0.011458333333333333
0 0.248046875 0.271875 0.00703125 0.010416666666666666
0 0.79375 0.2713541666666667 0.009375 0.011458333333333333
0 0.34453125 0.2708333333333333 0.0078125 0.010416666666666666
0 0.207421875 0.2682291666666667 0.00703125 0.005208333333333333
0 0.2953125 0.26875 0.0078125 0.010416666666666666
0 0.5609375 0.2677083333333333 0.0078125 0.010416666666666666
0 0.3703125 0.2671875 0.0078125 0.009375
0 0.225 0.26666666666666666 0.0078125 0.010416666666666666
0 0.2640625 0.26458333333333334 0.0078125 0.010416666666666666
0 0.751171875 0.2630208333333333 0.00859375 0.011458333333333333
0 0.528515625 0.26145833333333335 0.00859375 0.010416666666666666
0 0.575390625 0.25885416666666666 0.00703125 0.011458333333333333
0 0.726171875 0.2578125 0.00859375 0.011458333333333333
0 0.33203125 0.25729166666666664 0.0078125 0.010416666666666666
0 0.315234375 0.25677083333333334 0.00703125 0.009375
0 0.35546875 0.2552083333333333 0.0078125 0.010416666666666666
0 0.19375 0.25364583333333335 0.0078125 0.009375
0 0.2890625 0.25 0.0078125 0.010416666666666666
0 0.214453125 0.24947916666666667 0.00859375 0.009375
0 0.7125 0.24791666666666667 0.009375 0.010416666666666666
0 0.25703125 0.24583333333333332 0.0078125 0.010416666666666666
0 0.540625 0.24375 0.0046875 0.010416666666666666
0 0.440625 0.24375 0.0078125 0.010416666666666666
0 0.381640625 0.24375 0.00703125 0.010416666666666666
0 0.40390625 0.24166666666666667 0.0078125 0.010416666666666666
0 0.30390625 0.24166666666666667 0.0078125 0.010416666666666666
0 0.365625 0.2390625 0.0078125 0.011458333333333333
0 0.33828125 0.23802083333333332 0.0078125 0.009375
0 0.63515625 0.23802083333333332 0.0078125 0.011458333333333333
0 0.321875 0.2375 0.0078125 0.010416666666666666
0 0.67734375 0.23645833333333333 0.0078125 0.0125
0 0.56328125 0.23541666666666666 0.0078125 0.010416666666666666
0 0.279296875 0.23177083333333334 0.00859375 0.009375
0 0.240625 0.22708333333333333 0.0078125 0.010416666666666666
0 0.203125 0.22708333333333333 0.0078125 0.010416666666666666
0 0.714453125 0.22604166666666667 0.00859375 0.010416666666666666
0 0.35234375 0.2265625 0.0078125 0.011458333333333333
0 0.39375 0.225 0.0078125 0.010416666666666666
0 0.73359375 0.225 0.009375 0.0125
0 0.5375 0.22239583333333332 0.0078125 0.009375
0 0.37421875 0.22135416666666666 0.0078125 0.011458333333333333
0 0.45 0.21927083333333333 0.0078125 0.011458333333333333
0 0.31484375 0.21822916666666667 0.0078125 0.011458333333333333
0 0.558203125 0.21510416666666668 0.00703125 0.009375
0 0.334375 0.21614583333333334 0.0078125 0.011458333333333333
0 0.6234375 0.2140625 0.0078125 0.011458333333333333
0 0.668359375 0.20989583333333334 0.00859375 0.011458333333333333
0 0.3 0.20885416666666667 0.0078125 0.011458333333333333
0 0.609375 0.20572916666666666 0.0078125 0.011458333333333333
0 0.737890625 0.20520833333333333 0.00859375 0.0125
0 0.4390625 0.20208333333333334 0.0078125 0.010416666666666666
0 0.3640625 0.20260416666666667 0.0078125 0.011458333333333333
0 0.208203125 0.2015625 0.00859375 0.011458333333333333
0 0.27265625 0.20052083333333334 0.0078125 0.011458333333333333
0 0.53984375 0.2 0.0078125 0.0125
0 0.255078125 0.19947916666666668 0.00859375 0.011458333333333333
0 0.38046875 0.19791666666666666 0.0078125 0.010416666666666666
0 0.45859375 0.19739583333333333 0.0078125 0.011458333333333333
0 0.340625 0.19635416666666666 0.0078125 0.011458333333333333
0 0.59453125 0.19375 0.0078125 0.010416666666666666
0 0.323828125 0.1921875 0.00859375 0.011458333333333333
0 0.366796875 0.18489583333333334 0.00078125 0.0010416666666666667
0 0.3953125 0.18802083333333333 0.0078125 0.011458333333333333
0 0.366015625 0.18177083333333333 0.00078125 0.0010416666666666667
0 0.3671875 0.178125 0.0015625 0.0020833333333333333
0 0.469921875 0.18125 0.00703125 0.010416666666666666
0 0.28125 0.18177083333333333 0.0078125 0.011458333333333333
0 0.309765625 0.178125 0.00859375 0.010416666666666666
0 0.45390625 0.17760416666666667 0.0078125 0.011458333333333333
