0 0.663671875 0.8848958333333333 0.00546875 0.007291666666666667
0 0.358984375 0.88125 0.00390625 0.004166666666666667
0 0.644921875 0.8755208333333333 0.00546875 0.003125
0 0.410546875 0.8796875 0.00859375 0.011458333333333333
0 0.3375 0.8786458333333333 0.0046875 0.009375
0 0.474609375 0.878125 0.00859375 0.010416666666666666
0 0.272265625 0.8796875 0.00859375 0.013541666666666667
0 0.517578125 0.8776041666666666 0.00859375 0.011458333333333333
0 0.376953125 0.8770833333333333 0.00546875 0.010416666666666666
0 0.271484375 0.8713541666666667 0.00078125 0.0010416666666666667
0 0.57265625 0.871875 0.003125 0.004166666666666667
0 0.62109375 0.8713541666666667 0.0046875 0.005208333333333333
0 0.680859375 0.8697916666666666 0.00546875 0.004166666666666667
0 0.603125 0.8703125 0.003125 0.005208333333333333
0 0.704296875 0.8682291666666667 0.00546875 0.003125
0 0.55390625 0.8723958333333334 0.00625 0.013541666666666667
0 0.425390625 0.8671875 0.00546875 0.003125
0 0.316796875 0.8734375 0.00859375 0.015625
0 0.394140625 0.8661458333333333 0.00546875 0.007291666666666667
0 0.723046875 0.8630208333333333 0.00390625 0.003125
0 0.48984375 0.8671875 0.0078125 0.011458333333333333
0 0.586328125 0.8583333333333333 0.00390625 0.0020833333333333333
0 0.35078125 0.8578125 0.0015625 0.0010416666666666667
0 0.741015625 0.8583333333333333 0.00390625 0.00625
0 0.776953125 0.8526041666666667 0.00078125 0.0010416666666666667
0 0.508203125 0.8567708333333334 0.00703125 0.009375
0 0.466015625 0.8536458333333333 0.00234375 0.003125
0 0.6328125 0.8536458333333333 0.003125 0.005208333333333333
0 0.66875 0.8526041666666667 0.003125 0.005208333333333333
0 0.691015625 0.8515625 0.00390625 0.005208333333333333
0 0.410546875 0.8515625 0.00703125 0.009375
0 0.65 0.8479166666666667 0.0046875 0.004166666666666667
0 0.565625 0.8473958333333333 0.0046875 0.003125
0 0.441796875 0.846875 0.00546875 0.008333333333333333
0 0.367578125 0.85 0.00703125 0.014583333333333334
0 0.71171875 0.8432291666666667 0.003125 0.003125
0 0.523046875 0.84375 0.00546875 0.008333333333333333
0 0.48125 0.8442708333333333 0.0078125 0.009375
0 0.792578125 0.8328125 0.00078125 0.0010416666666666667
0 0.750390625 0.8333333333333334 0.00234375 0.0020833333333333333
0 0.389453125 0.8401041666666667 0.00859375 0.015625
0 0.343359375 0.8380208333333333 0.01015625 0.011458333333333333
0 0.540625 0.8333333333333334 0.0046875 0.004166666666666667
0 0.681640625 0.8286458333333333 0.00390625 0.003125
0 0.661328125 0.8270833333333333 0.00390625 0.0020833333333333333
0 0.503125 0.83125 0.0078125 0.010416666666666666
0 0.428515625 0.8296875 0.01015625 0.009375
0 0.698046875 0.8255208333333334 0.00234375 0.003125
0 0.557421875 0.8276041666666667 0.00390625 0.007291666666666667
0 0.6125 0.8244791666666667 0.0046875 0.003125
0 0.404296875 0.8265625 0.00859375 0.009375
0 0.51953125 0.8192708333333333 0.0046875 0.007291666666666667
0 0.48671875 0.8166666666666667 0.0015625 0.0020833333333333333
0 0.47109375 0.8203125 0.009375 0.011458333333333333
0 0.3734375 0.821875 0.0109375 0.014583333333333334
0 0.7375 0.8145833333333333 0.003125 0.0020833333333333333
0 0.714453125 0.8151041666666666 0.00390625 0.003125
0 0.32890625 0.8208333333333333 0.009375 0.016666666666666666
0 0.807421875 0.8109375 0.00234375 0.003125
0 0.5703125 0.8098958333333334 0.00625 0.005208333333333333
0 0.390234375 0.8119791666666667 0.00859375 0.009375
0 0.348046875 0.8114583333333333 0.00546875 0.008333333333333333
0 0.67421875 0.8067708333333333 0.003125 0.003125
0 0.5390625 0.80625 0.0046875 0.00625
0 0.625 0.8041666666666667 0.003125 0.004166666666666667
0 0.504296875 0.8072916666666666 0.00703125 0.010416666666666666
0 0.42578125 0.8067708333333333 0.0109375 0.011458333333333333
0 0.691796875 0.8020833333333334 0.00390625 0.004166666666666667
0 0.606640625 0.8010416666666667 0.00703125 0.008333333333333333
0 0.478125 0.7979166666666667 0.003125 0.0020833333333333333
0 0.303125 0.7989583333333333 0.0109375 0.010416666666666666
0 0.55625 0.7958333333333333 0.0046875 0.00625
0 0.405859375 0.7994791666666666 0.00859375 0.015625
0 0.3765625 0.7973958333333333 0.0078125 0.011458333333333333
0 0.523828125 0.7947916666666667 0.00546875 0.010416666666666666
0 0.333203125 0.7953125 0.00703125 0.011458333333333333
0 0.646484375 0.7921875 0.00546875 0.007291666666666667
0 0.358984375 0.7942708333333334 0.01015625 0.013541666666666667
0 0.44140625 0.7947916666666667 0.0078125 0.016666666666666666
0 0.5703125 0.7869791666666667 0.003125 0.005208333333333333
0 0.6640625 0.7859375 0.0046875 0.009375
0 0.59453125 0.7822916666666667 0.0046875 0.004166666666666667
0 0.420703125 0.7833333333333333 0.00859375 0.010416666666666666
0 0.31875 0.7802083333333333 0.003125 0.004166666666666667
0 0.540234375 0.7802083333333333 0.00703125 0.00625
0 0.494921875 0.7822916666666667 0.00703125 0.0125
0 0.61640625 0.7765625 0.0046875 0.003125
0 0.391015625 0.7817708333333333 0.00859375 0.013541666666666667
0 0.6890625 0.7765625 0.0046875 0.005208333333333333
0 0.634375 0.7739583333333333 0.0046875 0.004166666666666667
0 0.29296875 0.778125 0.0109375 0.0125
0 0.476953125 0.771875 0.00234375 0.0020833333333333333
0 0.35234375 0.771875 0.0015625 0.0020833333333333333
0 0.748046875 0.7692708333333333 0.00078125 0.0010416666666666667
0 0.25078125 0.771875 0.009375 0.00625
0 0.3359375 0.7682291666666666 0.003125 0.0010416666666666667
0 0.45078125 0.7723958333333333 0.0078125 0.011458333333333333
0 0.40625 0.7682291666666666 0.003125 0.003125
0 0.369921875 0.7723958333333333 0.00859375 0.013541666666666667
0 0.52578125 0.76875 0.00625 0.008333333333333333
0 0.78046875 0.7645833333333333 0.003125 0.0020833333333333333
0 0.16796875 0.7651041666666667 0.003125 0.003125
0 0.70390625 0.7640625 0.003125 0.003125
0 0.671484375 0.7661458333333333 0.00546875 0.007291666666666667
0 0.248828125 0.7635416666666667 0.00078125 0.0020833333333333333
0 0.551171875 0.7619791666666667 0.00546875 0.003125
0 0.507421875 0.7645833333333333 0.00703125 0.0125
0 0.433203125 0.765625 0.00703125 0.014583333333333334
0 0.602734375 0.759375 0.00546875 0.00625
0 0.305078125 0.759375 0.01015625 0.0125
0 0.490234375 0.7572916666666667 0.00703125 0.010416666666666666
0 0.378515625 0.7536458333333333 0.00703125 0.007291666666666667
0 0.2828125 0.7541666666666667 0.0078125 0.010416666666666666
0 0.7203125 0.7489583333333333 0.003125 0.0020833333333333333
0 0.641796875 0.7510416666666667 0.00703125 0.008333333333333333
0 0.322265625 0.7510416666666667 0.00859375 0.014583333333333334
0 0.36171875 0.75 0.0078125 0.014583333333333334
0 0.158984375 0.7432291666666667 0.00078125 0.0010416666666666667
0 0.66171875 0.7453125 0.00625 0.007291666666666667
0 0.473828125 0.746875 0.00703125 0.0125
0 0.4234375 0.7463541666666667 0.0078125 0.011458333333333333
0 0.34375 0.7442708333333333 0.00625 0.007291666666666667
0 0.76796875 0.7401041666666667 0.0015625 0.0010416666666666667
0 0.562890625 0.7401041666666667 0.00078125 0.0010416666666666667
0 0.51953125 0.7432291666666667 0.00625 0.007291666666666667
0 0.680078125 0.7421875 0.00546875 0.007291666666666667
0 0.455859375 0.7453125 0.00859375 0.015625
0 0.405078125 0.7442708333333333 0.00703125 0.013541666666666667
0 0.577734375 0.7411458333333333 0.00546875 0.009375
0 0.53828125 0.7411458333333333 0.00625 0.009375
0 0.558984375 0.7359375 0.00234375 0.0010416666666666667
0 0.50390625 0.7359375 0.0015625 0.0010416666666666667
0 0.178125 0.7390625 0.00625 0.011458333333333333
0 0.231640625 0.7354166666666667 0.00703125 0.0125
0 0.70078125 0.7302083333333333 0.003125 0.004166666666666667
0 0.60234375 0.7338541666666667 0.0078125 0.011458333333333333
0 0.389453125 0.7328125 0.00703125 0.009375
0 0.302734375 0.7333333333333333 0.00390625 0.010416666666666666
0 0.7515625 0.7276041666666667 0.003125 0.003125
0 0.369140625 0.7286458333333333 0.00546875 0.005208333333333333
0 0.61953125 0.7307291666666667 0.00625 0.011458333333333333
0 0.58828125 0.7260416666666667 0.0015625 0.0020833333333333333
0 0.4859375 0.73125 0.00625 0.0125
0 0.330078125 0.7302083333333333 0.00703125 0.010416666666666666
0 0.285546875 0.7265625 0.00390625 0.007291666666666667
0 0.644140625 0.7260416666666667 0.00703125 0.010416666666666666
0 0.787890625 0.7203125 0.00078125 0.0010416666666666667
0 0.437109375 0.7270833333333333 0.00703125 0.014583333333333334
0 0.415234375 0.7255208333333333 0.00703125 0.011458333333333333
0 0.590625 0.7182291666666667 0.0015625 0.003125
0 0.467578125 0.7229166666666667 0.00703125 0.0125
0 0.346875 0.7208333333333333 0.00625 0.0125
0 0.586328125 0.7151041666666667 0.00390625 0.003125
0 0.515625 0.7177083333333333 0.00625 0.008333333333333333
0 0.67265625 0.7166666666666667 0.00625 0.008333333333333333
0 0.5421875 0.7171875 0.00625 0.011458333333333333
0 0.315625 0.7161458333333334 0.0046875 0.011458333333333333
0 0.56015625 0.7135416666666666 0.00625 0.010416666666666666
0 0.297265625 0.7088541666666667 0.00078125 0.0010416666666666667
0 0.3859375 0.7114583333333333 0.00625 0.008333333333333333
0 0.45 0.7130208333333333 0.00625 0.013541666666666667
0 0.262109375 0.7072916666666667 0.00234375 0.0020833333333333333
0 0.332421875 0.7036458333333333 0.00078125 0.0010416666666666667
0 0.24375 0.7036458333333333 0.0015625 0.003125
0 0.899609375 0.7015625 0.00078125 0.0010416666666666667
0 0.48125 0.7067708333333333 0.00625 0.011458333333333333
0 0.3703125 0.7005208333333334 0.0015625 0.0010416666666666667
0 0.424609375 0.703125 0.00703125 0.010416666666666666
0 0.46484375 0.6963541666666667 0.00625 0.009375
0 0.5296875 0.696875 0.00625 0.0125
0 0.51171875 0.6953125 0.00625 0.009375
0 0.40234375 0.69375 0.00625 0.00625
0 0.764453125 0.6901041666666666 0.00078125 0.0010416666666666667
0 0.217578125 0.690625 0.00234375 0.0020833333333333333
0 0.318359375 0.6890625 0.00234375 0.003125
0 0.76875 0.6880208333333333 0.0046875 0.003125
0 0.723828125 0.6859375 0.00078125 0.0010416666666666667
0 0.291796875 0.6854166666666667 0.00234375 0.0020833333333333333
0 0.384375 0.6838541666666667 0.003125 0.003125
0 0.728515625 0.6802083333333333 0.00078125 0.0020833333333333333
0 0.258203125 0.6822916666666666 0.00390625 0.00625
0 0.41796875 0.6817708333333333 0.00625 0.009375
0 0.478515625 0.6807291666666667 0.00703125 0.009375
0 0.2765625 0.6765625 0.0015625 0.0010416666666666667
0 0.337890625 0.6776041666666667 0.00390625 0.005208333333333333
0 0.72421875 0.675 0.0046875 0.004166666666666667
0 0.36953125 0.671875 0.0046875 0.0020833333333333333
0 0.812109375 0.66875 0.00078125 0.0020833333333333333
0 0.749609375 0.6682291666666667 0.00078125 0.0010416666666666667
0 0.524609375 0.6729166666666667 0.00703125 0.010416666666666666
0 0.307421875 0.6697916666666667 0.00234375 0.004166666666666667
0 0.2265625 0.66875 0.0015625 0.0020833333333333333
0 0.40234375 0.6703125 0.00625 0.009375
0 0.353125 0.6661458333333333 0.003125 0.007291666666666667
0 0.324609375 0.6645833333333333 0.00390625 0.004166666666666667
0 0.259765625 0.6583333333333333 0.00390625 0.004166666666666667
0 0.478125 0.6588541666666666 0.0078125 0.013541666666666667
0 0.417578125 0.6541666666666667 0.00703125 0.00625
0 0.341015625 0.6510416666666666 0.00390625 0.004166666666666667
0 0.188671875 0.6473958333333333 0.00078125 0.0010416666666666667
0 0.38515625 0.6473958333333333 0.00625 0.007291666666666667
0 0.2296875 0.6447916666666667 0.0015625 0.0020833333333333333
0 0.73125 0.6479166666666667 0.0078125 0.010416666666666666
0 0.36015625 0.6447916666666667 0.0046875 0.00625
0 0.401953125 0.6442708333333333 0.00546875 0.009375
0 0.247265625 0.6416666666666667 0.00390625 0.004166666666666667
0 0.2859375 0.6395833333333333 0.003125 0.004166666666666667
0 0.6015625 0.6401041666666667 0.0078125 0.009375
0 0.269140625 0.6375 0.00390625 0.004166666666666667
0 0.305859375 0.6375 0.00390625 0.00625
0 0.428125 0.6375 0.00625 0.010416666666666666
0 0.323828125 0.63125 0.00390625 0.004166666666666667
0 0.468359375 0.63125 0.00859375 0.0125
0 0.343359375 0.6286458333333333 0.00390625 0.007291666666666667
0 0.691015625 0.6276041666666666 0.00546875 0.009375
0 0.22421875 0.6229166666666667 0.0015625 0.0020833333333333333
0 0.243359375 0.6203125 0.00390625 0.003125
0 0.4046875 0.6197916666666666 0.0046875 0.008333333333333333
0 0.29921875 0.6151041666666667 0.003125 0.003125
0 0.2796875 0.6161458333333333 0.003125 0.005208333333333333
0 0.26171875 0.6166666666666667 0.0046875 0.00625
0 0.428125 0.6125 0.00625 0.00625
0 0.334765625 0.6088541666666667 0.00078125 0.0010416666666666667
0 0.659765625 0.6109375 0.00703125 0.009375
0 0.35546875 0.6104166666666667 0.00625 0.008333333333333333
0 0.555078125 0.6088541666666667 0.00859375 0.013541666666666667
0 0.801953125 0.6041666666666666 0.00703125 0.008333333333333333
0 0.57421875 0.5994791666666667 0.0078125 0.007291666666666667
0 0.271484375 0.5973958333333333 0.00390625 0.005208333333333333
0 0.251171875 0.5979166666666667 0.00390625 0.00625
0 0.289453125 0.5947916666666667 0.00703125 0.004166666666666667
0 0.3453125 0.5901041666666667 0.0046875 0.007291666666666667
0 0.307421875 0.5880208333333333 0.00078125 0.003125
0 0.78046875 0.5885416666666666 0.00625 0.00625
0 0.327734375 0.5864583333333333 0.00234375 0.004166666666666667
0 0.367578125 0.5859375 0.00703125 0.007291666666666667
0 0.26171875 0.5770833333333333 0.003125 0.004166666666666667
0 0.243359375 0.5770833333333333 0.00390625 0.004166666666666667
0 0.28046875 0.5755208333333334 0.0046875 0.005208333333333333
0 0.209765625 0.5723958333333333 0.00234375 0.0010416666666666667
0 0.544140625 0.5744791666666667 0.00546875 0.007291666666666667
0 0.319921875 0.5682291666666667 0.00078125 0.0010416666666666667
0 0.152734375 0.5692708333333333 0.00078125 0.005208333333333333
0 0.45078125 0.5692708333333333 0.00625 0.011458333333333333
0 0.301171875 0.565625 0.00546875 0.00625
0 0.372265625 0.5588541666666667 0.00234375 0.003125
0 0.234375 0.5578125 0.003125 0.003125
0 0.198828125 0.5546875 0.00078125 0.0010416666666666667
0 0.2875 0.5536458333333333 0.003125 0.005208333333333333
0 0.268359375 0.5546875 0.00546875 0.007291666666666667
0 0.218359375 0.5505208333333333 0.00234375 0.003125
0 0.540625 0.5526041666666667 0.00625 0.011458333333333333
0 0.330859375 0.55 0.00546875 0.00625
0 0.30859375 0.5458333333333333 0.003125 0.004166666666666667
0 0.348046875 0.5458333333333333 0.00703125 0.008333333333333333
0 0.44765625 0.5463541666666667 0.00625 0.011458333333333333
0 0.365234375 0.5380208333333333 0.00703125 0.007291666666666667
0 0.24296875 0.5364583333333334 0.003125 0.00625
0 0.4015625 0.5338541666666666 0.0046875 0.005208333333333333
0 0.277734375 0.534375 0.00390625 0.00625
0 0.179296875 0.5307291666666667 0.00234375 0.0010416666666666667
0 0.2265625 0.5296875 0.0015625 0.003125
0 0.26328125 0.5192708333333333 0.0015625 0.0010416666666666667
0 0.41875 0.5234375 0.0078125 0.011458333333333333
0 0.29765625 0.5203125 0.0046875 0.005208333333333333
0 0.19375 0.5177083333333333 0.0015625 0.0020833333333333333
0 0.714453125 0.5223958333333333 0.01015625 0.013541666666666667
0 0.4359375 0.51875 0.0078125 0.0125
0 0.3140625 0.5151041666666667 0.00625 0.007291666666666667
0 0.239453125 0.5130208333333334 0.00390625 0.005208333333333333
0 0.21796875 0.509375 0.003125 0.004166666666666667
0 0.33125 0.5083333333333333 0.00625 0.00625
0 0.280859375 0.5083333333333333 0.00546875 0.00625
0 0.819921875 0.5015625 0.00078125 0.0010416666666666667
0 0.254296875 0.5015625 0.00390625 0.005208333333333333
0 0.184375 0.49895833333333334 0.0015625 0.004166666666666667
0 0.4015625 0.5010416666666667 0.0078125 0.0125
0 0.302734375 0.4979166666666667 0.00703125 0.00625
0 0.3546875 0.496875 0.00625 0.0125
0 0.2375 0.4895833333333333 0.003125 0.004166666666666667
0 0.202734375 0.4817708333333333 0.00078125 0.0010416666666666667
0 0.53046875 0.4864583333333333 0.0078125 0.0125
0 0.2796875 0.48020833333333335 0.0046875 0.004166666666666667
0 0.26171875 0.48072916666666665 0.0046875 0.007291666666666667
0 0.39921875 0.478125 0.0078125 0.0125
0 0.362109375 0.4734375 0.00546875 0.003125
0 0.547265625 0.47604166666666664 0.00703125 0.0125
0 0.246875 0.4703125 0.0046875 0.005208333333333333
0 0.78203125 0.4666666666666667 0.003125 0.0020833333333333333
0 0.229296875 0.46822916666666664 0.00390625 0.005208333333333333
0 0.67734375 0.46458333333333335 0.009375 0.0125
0 0.271484375 0.46145833333333336 0.00390625 0.00625
0 0.74453125 0.45208333333333334 0.003125 0.0020833333333333333
0 0.239453125 0.4505208333333333 0.00078125 0.0010416666666666667
0 0.220703125 0.4505208333333333 0.00078125 0.0010416666666666667
0 0.256640625 0.4505208333333333 0.00390625 0.005208333333333333
0 0.773046875 0.4479166666666667 0.00234375 0.0020833333333333333
0 0.30390625 0.4484375 0.003125 0.007291666666666667
0 0.336328125 0.4484375 0.00703125 0.011458333333333333
0 0.273046875 0.440625 0.00234375 0.0020833333333333333
0 0.72890625 0.4395833333333333 0.0078125 0.008333333333333333
0 0.20703125 0.43854166666666666 0.003125 0.00625
0 0.28984375 0.4359375 0.00625 0.005208333333333333
0 0.190234375 0.4317708333333333 0.00390625 0.005208333333333333
0 0.786328125 0.4265625 0.00234375 0.0010416666666666667
0 0.223046875 0.428125 0.00390625 0.004166666666666667
0 0.3046875 0.4234375 0.00625 0.005208333333333333
0 0.265234375 0.4203125 0.00390625 0.005208333333333333
0 0.801171875 0.415625 0.00390625 0.0020833333333333333
0 0.238671875 0.41510416666666666 0.00390625 0.003125
0 0.208203125 0.4161458333333333 0.00390625 0.005208333333333333
0 0.28203125 0.41354166666666664 0.003125 0.0020833333333333333
0 0.3203125 0.4140625 0.00625 0.005208333333333333
0 0.596484375 0.4114583333333333 0.00390625 0.00625
0 0.57109375 0.4109375 0.0046875 0.007291666666666667
0 0.471875 0.40989583333333335 0.0078125 0.013541666666666667
0 0.365234375 0.40677083333333336 0.00859375 0.011458333333333333
0 0.25390625 0.4036458333333333 0.0046875 0.005208333333333333
0 0.74765625 0.403125 0.00625 0.00625
0 0.194921875 0.40260416666666665 0.00546875 0.005208333333333333
0 0.7859375 0.3984375 0.0015625 0.0010416666666666667
0 0.271875 0.3958333333333333 0.0046875 0.004166666666666667
0 0.309375 0.3958333333333333 0.0078125 0.00625
0 0.55625 0.3953125 0.00625 0.007291666666666667
0 0.290625 0.39427083333333335 0.00625 0.005208333333333333
0 0.584765625 0.3958333333333333 0.00859375 0.010416666666666666
0 0.61484375 0.3958333333333333 0.0078125 0.0125
0 0.3265625 0.3932291666666667 0.0078125 0.007291666666666667
0 0.209765625 0.3885416666666667 0.00234375 0.004166666666666667
0 0.4328125 0.3875 0.0078125 0.010416666666666666
0 0.24765625 0.38333333333333336 0.00625 0.00625
0 0.35 0.38177083333333334 0.0078125 0.007291666666666667
0 0.901953125 0.3765625 0.00078125 0.0010416666666666667
0 0.18515625 0.37864583333333335 0.0046875 0.005208333333333333
0 0.27734375 0.37604166666666666 0.0046875 0.00625
0 0.786328125 0.3729166666666667 0.00234375 0.0020833333333333333
0 0.561328125 0.3776041666666667 0.00703125 0.011458333333333333
0 0.29453125 0.3729166666666667 0.00625 0.00625
0 0.201953125 0.3697916666666667 0.00390625 0.004166666666666667
0 0.423046875 0.3703125 0.00859375 0.011458333333333333
0 0.2609375 0.3671875 0.00625 0.005208333333333333
0 0.221875 0.3651041666666667 0.0015625 0.0010416666666666667
0 0.2375 0.365625 0.0046875 0.004166666666666667
0 0.824609375 0.36302083333333335 0.00546875 0.007291666666666667
0 0.312890625 0.3609375 0.00390625 0.005208333333333333
0 0.70234375 0.35572916666666665 0.0015625 0.0010416666666666667
0 0.280078125 0.3546875 0.00546875 0.005208333333333333
0 0.673828125 0.35625 0.00703125 0.010416666666666666
0 0.32890625 0.35520833333333335 0.0078125 0.008333333333333333
0 0.29609375 0.35104166666666664 0.0046875 0.00625
0 0.5453125 0.35260416666666666 0.009375 0.011458333333333333
0 0.23125 0.346875 0.003125 0.0020833333333333333
0 0.2140625 0.3453125 0.0015625 0.0010416666666666667
0 0.264453125 0.3458333333333333 0.00234375 0.004166666666666667
0 0.246875 0.3458333333333333 0.003125 0.004166666666666667
0 0.794921875 0.34322916666666664 0.00703125 0.005208333333333333
0 0.1953125 0.3416666666666667 0.0046875 0.004166666666666667
0 0.713671875 0.3390625 0.00390625 0.005208333333333333
0 0.5109375 0.3421875 0.0078125 0.011458333333333333
0 0.31796875 0.33958333333333335 0.0046875 0.00625
0 0.684765625 0.33958333333333335 0.00703125 0.008333333333333333
0 0.53046875 0.3411458333333333 0.00625 0.011458333333333333
0 0.43203125 0.33697916666666666 0.003125 0.003125
0 0.6609375 0.33958333333333335 0.0078125 0.010416666666666666
0 0.402734375 0.33697916666666666 0.00859375 0.009375
0 0.28671875 0.3338541666666667 0.00625 0.005208333333333333
0 0.255859375 0.32864583333333336 0.00078125 0.0010416666666666667
0 0.7 0.32708333333333334 0.0015625 0.0020833333333333333
0 0.608984375 0.32864583333333336 0.00546875 0.005208333333333333
0 0.43359375 0.3296875 0.00625 0.007291666666666667
0 0.30390625 0.3265625 0.00625 0.005208333333333333
0 0.225390625 0.3265625 0.00546875 0.005208333333333333
0 0.76015625 0.32708333333333334 0.0109375 0.010416666666666666
0 0.34453125 0.3234375 0.00625 0.005208333333333333
0 0.648046875 0.3255208333333333 0.00703125 0.011458333333333333
0 0.41640625 0.3234375 0.0078125 0.007291666666666667
0 0.19140625 0.3203125 0.0015625 0.003125
0 0.326953125 0.3182291666666667 0.00546875 0.005208333333333333
0 0.241015625 0.3177083333333333 0.00390625 0.004166666666666667
0 0.684375 0.3145833333333333 0.0046875 0.00625
0 0.39453125 0.3140625 0.00625 0.007291666666666667
0 0.7125 0.3125 0.0046875 0.00625
0 0.289453125 0.31145833333333334 0.00234375 0.004166666666666667
0 0.7296875 0.31197916666666664 0.00625 0.007291666666666667
0 0.6 0.31197916666666664 0.00625 0.009375
0 0.532421875 0.3109375 0.00859375 0.007291666666666667
0 0.511328125 0.3104166666666667 0.00859375 0.0125
0 0.35703125 0.30833333333333335 0.0078125 0.008333333333333333
0 0.258984375 0.30625 0.00234375 0.004166666666666667
0 0.30625 0.30625 0.00625 0.00625
0 0.22734375 0.3046875 0.0046875 0.003125
0 0.669140625 0.30572916666666666 0.00859375 0.007291666666666667
0 0.338671875 0.303125 0.00703125 0.00625
0 0.181640625 0.3015625 0.00390625 0.003125
0 0.787890625 0.30052083333333335 0.01015625 0.007291666666666667
0 0.42421875 0.3015625 0.00625 0.009375
0 0.371484375 0.30052083333333335 0.00703125 0.009375
0 0.274609375 0.29739583333333336 0.00703125 0.005208333333333333
0 0.321875 0.2953125 0.00625 0.005208333333333333
0 0.2078125 0.29375 0.003125 0.004166666666666667
0 0.24453125 0.29375 0.0078125 0.00625
0 0.7421875 0.29375 0.00625 0.008333333333333333
0 0.694140625 0.2916666666666667 0.00703125 0.00625
0 0.541796875 0.29322916666666665 0.00703125 0.013541666666666667
0 0.290625 0.29010416666666666 0.0046875 0.007291666666666667
0 0.350390625 0.2875 0.00859375 0.00625
0 0.629296875 0.28541666666666665 0.00703125 0.00625
0 0.2609375 0.28489583333333335 0.00625 0.005208333333333333
0 0.411328125 0.2864583333333333 0.00703125 0.010416666666666666
0 0.30625 0.28489583333333335 0.0078125 0.007291666666666667
0 0.22421875 0.284375 0.00625 0.00625
0 0.667578125 0.284375 0.00859375 0.008333333333333333
0 0.569921875 0.2869791666666667 0.00859375 0.013541666666666667
0 0.433984375 0.284375 0.00703125 0.010416666666666666
0 0.394921875 0.28541666666666665 0.00703125 0.0125
0 0.176171875 0.28229166666666666 0.00703125 0.008333333333333333
0 0.3328125 0.2796875 0.009375 0.007291666666666667
0 0.377734375 0.2786458333333333 0.00703125 0.009375
0 0.278125 0.27708333333333335 0.00625 0.00625
0 0.5046875 0.27239583333333334 0.0078125 0.013541666666666667
0 0.421875 0.26875 0.0078125 0.008333333333333333
0 0.364453125 0.2682291666666667 0.00859375 0.007291666666666667
0 0.346875 0.2677083333333333 0.009375 0.010416666666666666
0 0.2953125 0.265625 0.0078125 0.00625
0 0.725390625 0.2640625 0.00390625 0.005208333333333333
0 0.31171875 0.2635416666666667 0.00625 0.00625
0 0.2640625 0.2640625 0.0046875 0.007291666666666667
0 0.659375 0.2625 0.0078125 0.008333333333333333
0 0.24921875 0.26145833333333335 0.00625 0.00625
0 0.183984375 0.2604166666666667 0.00703125 0.00625
0 0.641015625 0.259375 0.00546875 0.00625
0 0.475390625 0.25833333333333336 0.00546875 0.004166666666666667
0 0.389453125 0.26197916666666665 0.01015625 0.011458333333333333
0 0.23203125 0.25364583333333335 0.00625 0.005208333333333333
0 0.412890625 0.2526041666666667 0.01015625 0.009375
0 0.594921875 0.25104166666666666 0.00859375 0.008333333333333333
0 0.3578125 0.24895833333333334 0.0046875 0.00625
0 0.7875 0.2484375 0.0078125 0.007291666666666667
0 0.4625 0.24895833333333334 0.009375 0.010416666666666666
0 0.327734375 0.24791666666666667 0.00859375 0.010416666666666666
0 0.75 0.24583333333333332 0.009375 0.008333333333333333
0 0.570703125 0.24635416666666668 0.00859375 0.011458333333333333
0 0.44453125 0.24270833333333333 0.00625 0.00625
0 0.427734375 0.2453125 0.00703125 0.011458333333333333
0 0.3125 0.24166666666666667 0.00625 0.008333333333333333
0 0.382421875 0.2390625 0.00390625 0.005208333333333333
0 0.190625 0.2375 0.009375 0.010416666666666666
0 0.25390625 0.23489583333333333 0.00625 0.007291666666666667
0 0.3453125 0.23333333333333334 0.00625 0.00625
0 0.270703125 0.23385416666666667 0.00703125 0.007291666666666667
0 0.636328125 0.23177083333333334 0.00546875 0.007291666666666667
0 0.28828125 0.23072916666666668 0.0078125 0.007291666666666667
0 0.236328125 0.23020833333333332 0.00546875 0.00625
0 0.41484375 0.23072916666666668 0.0078125 0.009375
0 0.36328125 0.2265625 0.00625 0.005208333333333333
0 0.60546875 0.225 0.009375 0.008333333333333333
0 0.3046875 0.225 0.009375 0.0125
0 0.440625 0.21979166666666666 0.0078125 0.008333333333333333
0 0.333984375 0.21822916666666667 0.00546875 0.009375
0 0.39453125 0.21875 0.009375 0.0125
0 0.261328125 0.215625 0.01015625 0.00625
0 0.376953125 0.2171875 0.00859375 0.011458333333333333
0 0.3515625 0.21145833333333333 0.00625 0.00625
0 0.291015625 0.209375 0.00859375 0.008333333333333333
0 0.42734375 0.20885416666666667 0.0078125 0.013541666666666667
0 0.21875 0.18645833333333334 0.009375 0.008333333333333333
0 0.440234375 0.1828125 0.00859375 0.009375
