0 0.363671875 0.8791666666666667 0.01015625 0.014583333333333334
0 0.46328125 0.7833333333333333 0.009375 0.0125
0 0.710546875 0.7822916666666667 0.01015625 0.0125
0 0.534375 0.7713541666666667 0.009375 0.013541666666666667
0 0.5984375 0.7677083333333333 0.009375 0.0125
0 0.619140625 0.7645833333333333 0.01015625 0.0125
0 0.7296875 0.7625 0.009375 0.0125
0 0.65546875 0.7625 0.009375 0.0125
0 0.551171875 0.7625 0.00859375 0.0125
0 0.36328125 0.7619791666666667 0.009375 0.013541666666666667
0 0.758984375 0.7572916666666667 0.01015625 0.0125
0 0.711328125 0.7546875 0.00859375 0.013541666666666667
0 0.221875 0.7546875 0.009375 0.013541666666666667
0 0.567578125 0.753125 0.00859375 0.0125
0 0.88515625 0.7473958333333334 0.0109375 0.013541666666666667
0 0.694140625 0.7463541666666667 0.01015625 0.013541666666666667
0 0.592578125 0.7427083333333333 0.00859375 0.0125
0 0.66171875 0.7395833333333334 0.009375 0.0125
0 0.644140625 0.7390625 0.01015625 0.013541666666666667
0 0.52265625 0.7322916666666667 0.009375 0.0125
0 0.78671875 0.73125 0.0109375 0.0125
0 0.7078125 0.7296875 0.009375 0.013541666666666667
0 0.5734375 0.728125 0.009375 0.0125
0 0.68203125 0.7276041666666667 0.009375 0.013541666666666667
0 0.612109375 0.7270833333333333 0.01015625 0.0125
0 0.6296875 0.7239583333333334 0.009375 0.0125
0 0.7375 0.7203125 0.009375 0.011458333333333333
0 0.537890625 0.7177083333333333 0.00859375 0.0125
0 0.769921875 0.7166666666666667 0.01015625 0.0125
0 0.46484375 0.7171875 0.009375 0.013541666666666667
0 0.84765625 0.7135416666666666 0.0109375 0.008333333333333333
0 0.429296875 0.7145833333333333 0.00859375 0.0125
0 0.908203125 0.7140625 0.01171875 0.013541666666666667
0 0.662109375 0.7135416666666666 0.01015625 0.0125
0 0.6453125 0.7125 0.009375 0.0125
0 0.696484375 0.7098958333333333 0.01015625 0.013541666666666667
0 0.485546875 0.709375 0.00859375 0.0125
0 0.722265625 0.7072916666666667 0.00859375 0.0125
0 0.751953125 0.7067708333333333 0.01015625 0.013541666666666667
0 0.39453125 0.70625 0.009375 0.0125
0 0.678515625 0.7041666666666667 0.01015625 0.0125
0 0.86875 0.7026041666666667 0.0109375 0.013541666666666667
0 0.58203125 0.7020833333333333 0.009375 0.0125
0 0.736328125 0.6953125 0.01015625 0.011458333333333333
0 0.471484375 0.6947916666666667 0.00859375 0.0125
0 0.617578125 0.6916666666666667 0.00859375 0.0125
0 0.65390625 0.6911458333333333 0.009375 0.013541666666666667
0 0.59765625 0.690625 0.009375 0.0125
0 0.508984375 0.690625 0.00859375 0.0125
0 0.709375 0.6895833333333333 0.009375 0.0125
0 0.560546875 0.6895833333333333 0.00859375 0.0125
0 0.528515625 0.6875 0.00859375 0.0125
0 0.689453125 0.6859375 0.01015625 0.013541666666666667
0 0.40625 0.6854166666666667 0.009375 0.0125
0 0.6703125 0.6786458333333333 0.009375 0.011458333333333333
0 0.8671875 0.6786458333333333 0.0109375 0.013541666666666667
0 0.82890625 0.6770833333333334 0.0109375 0.0125
0 0.389453125 0.6755208333333333 0.00859375 0.011458333333333333
0 0.626171875 0.6723958333333333 0.00859375 0.011458333333333333
0 0.734765625 0.6723958333333333 0.01015625 0.013541666666666667
0 0.371875 0.6703125 0.009375 0.011458333333333333
0 0.605078125 0.6697916666666667 0.00859375 0.0125
0 0.5171875 0.66875 0.009375 0.0125
0 0.587890625 0.6661458333333333 0.01015625 0.011458333333333333
0 0.554296875 0.6625 0.00859375 0.0125
0 0.486328125 0.6567708333333333 0.00859375 0.011458333333333333
0 0.533984375 0.6536458333333334 0.00859375 0.011458333333333333
0 0.687890625 0.6520833333333333 0.00859375 0.0125
0 0.386328125 0.6505208333333333 0.00859375 0.011458333333333333
0 0.574609375 0.6484375 0.00859375 0.011458333333333333
0 0.36484375 0.6484375 0.0078125 0.011458333333333333
0 0.33359375 0.64375 0.009375 0.0125
0 0.557421875 0.6401041666666667 0.00859375 0.011458333333333333
0 0.85859375 0.6390625 0.0109375 0.013541666666666667
0 0.590234375 0.6354166666666666 0.00859375 0.0125
0 0.81484375 0.634375 0.0109375 0.0125
0 0.45703125 0.6328125 0.0078125 0.011458333333333333
0 0.5171875 0.6322916666666667 0.0078125 0.0125
0 0.53515625 0.6307291666666667 0.0078125 0.011458333333333333
0 0.298828125 0.6260416666666667 0.00859375 0.0125
0 0.83046875 0.6234375 0.0109375 0.011458333333333333
0 0.681640625 0.6239583333333333 0.01015625 0.0125
0 0.414453125 0.6234375 0.00859375 0.011458333333333333
0 0.473828125 0.6223958333333334 0.00859375 0.011458333333333333
0 0.334375 0.6203125 0.009375 0.011458333333333333
0 0.548046875 0.6145833333333334 0.00859375 0.0125
0 0.432421875 0.6140625 0.00859375 0.011458333333333333
0 0.59609375 0.6135416666666667 0.0078125 0.0125
0 0.401953125 0.6072916666666667 0.00859375 0.0125
0 0.290625 0.6046875 0.009375 0.011458333333333333
0 0.34765625 0.6036458333333333 0.009375 0.011458333333333333
0 0.308203125 0.6 0.00859375 0.010416666666666666
0 0.840234375 0.5942708333333333 0.00078125 0.0010416666666666667
0 0.83671875 0.5927083333333333 0.0046875 0.0020833333333333333
0 0.8328125 0.5921875 0.0015625 0.0010416666666666667
0 0.58046875 0.5979166666666667 0.009375 0.0125
0 0.365234375 0.5979166666666667 0.00859375 0.0125
0 0.862109375 0.5927083333333333 0.00546875 0.00625
0 0.536328125 0.5942708333333333 0.00859375 0.011458333333333333
0 0.603515625 0.5932291666666667 0.00859375 0.011458333333333333
0 0.56328125 0.5927083333333333 0.009375 0.0125
0 0.665625 0.5802083333333333 0.009375 0.0125
0 0.549609375 0.5786458333333333 0.00859375 0.011458333333333333
0 0.585546875 0.5755208333333334 0.00859375 0.011458333333333333
0 0.372265625 0.5755208333333334 0.00859375 0.011458333333333333
0 0.84609375 0.5739583333333333 0.0109375 0.0125
0 0.351953125 0.5723958333333333 0.00859375 0.011458333333333333
0 0.56875 0.5682291666666667 0.009375 0.011458333333333333
0 0.25078125 0.5640625 0.009375 0.011458333333333333
0 0.3859375 0.5598958333333334 0.009375 0.011458333333333333
0 0.453515625 0.5473958333333333 0.00859375 0.011458333333333333
0 0.55546875 0.5458333333333333 0.0078125 0.010416666666666666
0 0.431640625 0.54375 0.00859375 0.010416666666666666
0 0.53359375 0.5432291666666667 0.0078125 0.011458333333333333
0 0.47578125 0.5411458333333333 0.0078125 0.011458333333333333
0 0.396484375 0.5411458333333333 0.00859375 0.011458333333333333
0 0.82265625 0.5390625 0.0109375 0.009375
0 0.5953125 0.5401041666666667 0.0078125 0.011458333333333333
0 0.58046875 0.5291666666666667 0.0078125 0.010416666666666666
0 0.837109375 0.5286458333333334 0.00859375 0.011458333333333333
0 0.32421875 0.5270833333333333 0.009375 0.010416666666666666
0 0.510546875 0.5265625 0.00859375 0.011458333333333333
0 0.419921875 0.5265625 0.00859375 0.011458333333333333
0 0.29765625 0.5244791666666667 0.009375 0.011458333333333333
0 0.350390625 0.5213541666666667 0.00859375 0.011458333333333333
0 0.480859375 0.5171875 0.00859375 0.011458333333333333
0 0.453515625 0.5151041666666667 0.00859375 0.011458333333333333
0 0.43671875 0.5145833333333333 0.009375 0.0125
0 0.5234375 0.5119791666666667 0.0078125 0.009375
0 0.386328125 0.5130208333333334 0.00859375 0.011458333333333333
0 0.277734375 0.5098958333333333 0.00859375 0.011458333333333333
0 0.880078125 0.5067708333333333 0.01171875 0.009375
0 0.420703125 0.5036458333333333 0.00859375 0.011458333333333333
0 0.405078125 0.4953125 0.00859375 0.011458333333333333
0 0.43828125 0.49166666666666664 0.0078125 0.010416666666666666
0 0.219921875 0.49166666666666664 0.00859375 0.010416666666666666
0 0.64140625 0.4895833333333333 0.0078125 0.010416666666666666
0 0.277734375 0.4875 0.00859375 0.010416666666666666
0 0.472265625 0.4869791666666667 0.00859375 0.011458333333333333
0 0.243359375 0.4864583333333333 0.00859375 0.010416666666666666
0 0.296875 0.4828125 0.009375 0.011458333333333333
0 0.487109375 0.4765625 0.00859375 0.011458333333333333
0 0.450390625 0.47552083333333334 0.00859375 0.011458333333333333
0 0.258984375 0.47291666666666665 0.00859375 0.008333333333333333
0 0.230078125 0.47239583333333335 0.00859375 0.011458333333333333
0 0.58203125 0.46510416666666665 0.0078125 0.011458333333333333
0 0.245703125 0.459375 0.00859375 0.010416666666666666
0 0.546875 0.4588541666666667 0.0078125 0.011458333333333333
0 0.47109375 0.45729166666666665 0.0078125 0.0125
0 0.4984375 0.45625 0.0078125 0.0125
0 0.26328125 0.45208333333333334 0.009375 0.010416666666666666
0 0.440625 0.4510416666666667 0.0078125 0.010416666666666666
0 0.738671875 0.44427083333333334 0.01015625 0.011458333333333333
0 0.234765625 0.4421875 0.00859375 0.011458333333333333
0 0.698046875 0.4401041666666667 0.01015625 0.011458333333333333
0 0.387109375 0.43802083333333336 0.00859375 0.011458333333333333
0 0.46796875 0.43645833333333334 0.0078125 0.0125
0 0.428515625 0.4354166666666667 0.00859375 0.010416666666666666
0 0.712890625 0.43385416666666665 0.01015625 0.011458333333333333
0 0.59296875 0.4296875 0.0078125 0.011458333333333333
0 0.21328125 0.4296875 0.009375 0.011458333333333333
0 0.434375 0.41354166666666664 0.0078125 0.010416666666666666
0 0.37734375 0.4119791666666667 0.0078125 0.011458333333333333
0 0.5625 0.4088541666666667 0.0078125 0.011458333333333333
0 0.8796875 0.40677083333333336 0.00625 0.011458333333333333
0 0.862890625 0.40625 0.01015625 0.010416666666666666
0 0.455859375 0.40625 0.00859375 0.010416666666666666
0 0.4765625 0.40572916666666664 0.0078125 0.011458333333333333
0 0.260546875 0.40572916666666664 0.00859375 0.011458333333333333
0 0.331640625 0.403125 0.00859375 0.010416666666666666
0 0.41875 0.4005208333333333 0.0078125 0.009375
0 0.301953125 0.4015625 0.00859375 0.011458333333333333
0 0.493359375 0.3958333333333333 0.00859375 0.0125
0 0.802734375 0.39427083333333335 0.01015625 0.011458333333333333
0 0.44140625 0.39427083333333335 0.0078125 0.011458333333333333
0 0.5515625 0.39166666666666666 0.0078125 0.010416666666666666
0 0.696875 0.3859375 0.009375 0.011458333333333333
0 0.647265625 0.3828125 0.00859375 0.011458333333333333
0 0.56875 0.3828125 0.0078125 0.011458333333333333
0 0.4546875 0.3807291666666667 0.0078125 0.009375
0 0.361328125 0.37864583333333335 0.00859375 0.011458333333333333
0 0.40234375 0.3770833333333333 0.0078125 0.010416666666666666
0 0.828125 0.3765625 0.0109375 0.011458333333333333
0 0.613671875 0.3729166666666667 0.00859375 0.010416666666666666
0 0.493359375 0.37395833333333334 0.00859375 0.0125
0 0.64296875 0.36041666666666666 0.0078125 0.010416666666666666
0 0.215234375 0.359375 0.00859375 0.010416666666666666
0 0.9125 0.3578125 0.0078125 0.009375
0 0.8453125 0.35260416666666666 0.0015625 0.0010416666666666667
0 0.49375 0.3515625 0.0078125 0.009375
0 0.544140625 0.3515625 0.00859375 0.011458333333333333
0 0.8296875 0.35052083333333334 0.0078125 0.011458333333333333
0 0.241015625 0.35052083333333334 0.00859375 0.011458333333333333
0 0.629296875 0.3484375 0.00859375 0.011458333333333333
0 0.894140625 0.3390625 0.02109375 0.013541666666666667
0 0.904296875 0.33177083333333335 0.00078125 0.0010416666666666667
0 0.294140625 0.3359375 0.00859375 0.011458333333333333
0 0.5140625 0.33489583333333334 0.0078125 0.011458333333333333
0 0.55078125 0.33125 0.0078125 0.010416666666666666
0 0.57578125 0.3302083333333333 0.0078125 0.0125
0 0.79296875 0.334375 0.01875 0.027083333333333334
0 0.5828125 0.3125 0.0078125 0.0125
0 0.51328125 0.309375 0.0078125 0.010416666666666666
0 0.72578125 0.30833333333333335 0.025 0.014583333333333334
0 0.3828125 0.3067708333333333 0.0078125 0.011458333333333333
0 0.854296875 0.30572916666666666 0.01015625 0.011458333333333333
0 0.305078125 0.30625 0.00859375 0.0125
0 0.47734375 0.3020833333333333 0.0078125 0.010416666666666666
0 0.820703125 0.3015625 0.00859375 0.011458333333333333
0 0.59609375 0.28177083333333336 0.0078125 0.011458333333333333
0 0.36796875 0.2734375 0.0078125 0.011458333333333333
0 0.4140625 0.26875 0.0078125 0.010416666666666666
0 0.5390625 0.26614583333333336 0.0078125 0.011458333333333333
0 0.819921875 0.2578125 0.01015625 0.011458333333333333
0 0.525 0.2552083333333333 0.0078125 0.010416666666666666
0 0.776171875 0.2520833333333333 0.01015625 0.0125
0 0.73828125 0.24739583333333334 0.009375 0.011458333333333333
0 0.71640625 0.24479166666666666 0.009375 0.0125
0 0.268359375 0.23802083333333332 0.00859375 0.013541666666666667
0 0.79296875 0.23229166666666667 0.009375 0.0125
0 0.309765625 0.2296875 0.00859375 0.011458333333333333
0 0.27265625 0.21822916666666667 0.0078125 0.013541666666666667
0 0.54375 0.2125 0.0078125 0.010416666666666666
0 0.384765625 0.21302083333333333 0.00859375 0.011458333333333333
0 0.53046875 0.20052083333333334 0.0078125 0.011458333333333333
0 0.273828125 0.1875 0.00859375 0.0125
