0 0.1171875 0.7796875 0.0109375 0.011458333333333333
0 0.405859375 0.7744791666666667 0.01015625 0.013541666666666667
0 0.439453125 0.7729166666666667 0.01015625 0.0125
0 0.284765625 0.7588541666666667 0.01015625 0.011458333333333333
0 0.611328125 0.7552083333333334 0.00859375 0.0125
0 0.4875 0.7463541666666667 0.009375 0.013541666666666667
0 0.598828125 0.7375 0.00859375 0.0125
0 0.4703125 0.7375 0.009375 0.0125
0 0.63828125 0.7171875 0.009375 0.013541666666666667
0 0.785546875 0.7161458333333334 0.01015625 0.013541666666666667
0 0.311328125 0.7083333333333334 0.01015625 0.0125
0 0.626171875 0.7005208333333334 0.00859375 0.011458333333333333
0 0.59453125 0.6979166666666666 0.009375 0.0125
0 0.790234375 0.6947916666666667 0.01015625 0.0125
0 0.2765625 0.6885416666666667 0.009375 0.0125
0 0.425 0.6875 0.009375 0.0125
0 0.580859375 0.6833333333333333 0.00859375 0.0125
0 0.303125 0.678125 0.0015625 0.0020833333333333333
0 0.29765625 0.6817708333333333 0.0078125 0.011458333333333333
0 0.40859375 0.68125 0.009375 0.0125
0 0.5984375 0.6765625 0.0078125 0.011458333333333333
0 0.5140625 0.6734375 0.0078125 0.011458333333333333
0 0.467578125 0.6692708333333334 0.00859375 0.011458333333333333
0 0.451171875 0.6697916666666667 0.01015625 0.0125
0 0.3140625 0.6692708333333334 0.009375 0.013541666666666667
0 0.261328125 0.6609375 0.00859375 0.013541666666666667
0 0.242578125 0.6604166666666667 0.00859375 0.0125
0 0.3484375 0.6416666666666667 0.009375 0.0125
0 0.212109375 0.6322916666666667 0.01015625 0.0125
0 0.56796875 0.6276041666666666 0.0078125 0.011458333333333333
0 0.487890625 0.6229166666666667 0.00859375 0.0125
0 0.667578125 0.6197916666666666 0.00859375 0.010416666666666666
0 0.399609375 0.6125 0.00859375 0.0125
0 0.323828125 0.6104166666666667 0.00859375 0.0125
0 0.224609375 0.6104166666666667 0.01015625 0.0125
0 0.148828125 0.6083333333333333 0.01015625 0.0125
0 0.466015625 0.6046875 0.00703125 0.011458333333333333
0 0.493359375 0.6010416666666667 0.00703125 0.010416666666666666
0 0.3484375 0.5911458333333334 0.009375 0.011458333333333333
0 0.28984375 0.5869791666666667 0.009375 0.011458333333333333
0 0.67734375 0.5708333333333333 0.0078125 0.010416666666666666
0 0.253125 0.55625 0.009375 0.0125
0 0.5921875 0.5458333333333333 0.0078125 0.010416666666666666
0 0.315234375 0.54375 0.00859375 0.010416666666666666
0 0.874609375 0.5401041666666667 0.00859375 0.011458333333333333
0 0.855078125 0.5333333333333333 0.00859375 0.008333333333333333
0 0.7484375 0.5296875 0.009375 0.009375
0 0.306640625 0.5234375 0.00859375 0.011458333333333333
0 0.5515625 0.5197916666666667 0.0078125 0.010416666666666666
0 0.346484375 0.5166666666666667 0.00859375 0.010416666666666666
0 0.505859375 0.5130208333333334 0.00859375 0.011458333333333333
0 0.44296875 0.5114583333333333 0.0078125 0.010416666666666666
0 0.489453125 0.5098958333333333 0.00859375 0.011458333333333333
0 0.5640625 0.50625 0.0078125 0.010416666666666666
0 0.52109375 0.5041666666666667 0.0078125 0.010416666666666666
0 0.13828125 0.5036458333333333 0.009375 0.011458333333333333
0 0.376953125 0.5010416666666667 0.00703125 0.010416666666666666
0 0.50234375 0.49114583333333334 0.0078125 0.011458333333333333
0 0.119140625 0.4828125 0.00703125 0.011458333333333333
0 0.194140625 0.4786458333333333 0.00859375 0.011458333333333333
0 0.13984375 0.4765625 0.009375 0.011458333333333333
0 0.48515625 0.47552083333333334 0.0078125 0.011458333333333333
0 0.58828125 0.4708333333333333 0.0078125 0.010416666666666666
0 0.507421875 0.45 0.00703125 0.010416666666666666
0 0.13125 0.4453125 0.009375 0.011458333333333333
0 0.520703125 0.43645833333333334 0.00703125 0.010416666666666666
0 0.59296875 0.42864583333333334 0.0078125 0.009375
0 0.56328125 0.4114583333333333 0.0078125 0.010416666666666666
0 0.328125 0.4114583333333333 0.0078125 0.010416666666666666
0 0.3453125 0.40208333333333335 0.0078125 0.010416666666666666
0 0.674609375 0.3958333333333333 0.00859375 0.010416666666666666
0 0.359375 0.390625 0.0078125 0.010416666666666666
0 0.551171875 0.38958333333333334 0.00703125 0.010416666666666666
0 0.528125 0.3875 0.0078125 0.010416666666666666
0 0.7484375 0.3854166666666667 0.009375 0.010416666666666666
0 0.56484375 0.37864583333333335 0.0078125 0.011458333333333333
0 0.709375 0.3703125 0.009375 0.011458333333333333
0 0.15078125 0.3703125 0.009375 0.011458333333333333
0 0.595703125 0.3625 0.00703125 0.010416666666666666
0 0.55625 0.35989583333333336 0.0078125 0.011458333333333333
0 0.537890625 0.35833333333333334 0.00859375 0.010416666666666666
0 0.36875 0.3578125 0.0078125 0.011458333333333333
0 0.6984375 0.3536458333333333 0.009375 0.011458333333333333
0 0.669140625 0.340625 0.00859375 0.010416666666666666
0 0.540625 0.3328125 0.0078125 0.011458333333333333
0 0.45859375 0.33125 0.0078125 0.010416666666666666
0 0.55546875 0.3265625 0.0078125 0.011458333333333333
0 0.792578125 0.3203125 0.01015625 0.011458333333333333
0 0.50625 0.31197916666666664 0.0078125 0.011458333333333333
0 0.69453125 0.2989583333333333 0.0078125 0.010416666666666666
0 0.6890625 0.265625 0.009375 0.0125
0 0.556640625 0.26145833333333335 0.00859375 0.010416666666666666
0 0.59296875 0.2552083333333333 0.0078125 0.010416666666666666
0 0.696875 0.24791666666666667 0.009375 0.014583333333333334
0 0.569140625 0.23489583333333333 0.00703125 0.011458333333333333
0 0.63125 0.21927083333333333 0.0078125 0.011458333333333333
0 0.815625 0.20729166666666668 0.009375 0.0125
