0 0.300390625 0.8114583333333333 0.00078125 0.004166666666666667
0 0.34140625 0.8052083333333333 0.003125 0.00625
0 0.390234375 0.7848958333333333 0.00078125 0.0010416666666666667
0 0.3671875 0.7708333333333334 0.0015625 0.0020833333333333333
0 0.353125 0.7567708333333333 0.003125 0.003125
0 0.3703125 0.7484375 0.0015625 0.0010416666666666667
0 0.516796875 0.74375 0.00390625 0.0020833333333333333
0 0.32890625 0.7338541666666667 0.0015625 0.0010416666666666667
0 0.508203125 0.7223958333333333 0.00390625 0.0010416666666666667
0 0.41015625 0.7182291666666667 0.0015625 0.0010416666666666667
0 0.46796875 0.7130208333333333 0.0015625 0.0010416666666666667
0 0.519921875 0.7057291666666666 0.00078125 0.0010416666666666667
0 0.38359375 0.6895833333333333 0.0015625 0.0020833333333333333
0 0.441015625 0.6864583333333333 0.00390625 0.0020833333333333333
0 0.584765625 0.6848958333333334 0.00234375 0.0010416666666666667
0 0.60859375 0.6796875 0.0015625 0.0010416666666666667
0 0.624609375 0.6765625 0.00390625 0.0010416666666666667
0 0.498828125 0.6734375 0.00234375 0.0010416666666666667
0 0.645703125 0.6734375 0.00546875 0.003125
0 0.434375 0.6661458333333333 0.0015625 0.0010416666666666667
0 0.483984375 0.6651041666666667 0.00390625 0.0010416666666666667
0 0.55390625 0.6630208333333333 0.0015625 0.0010416666666666667
0 0.528125 0.6625 0.003125 0.0020833333333333333
0 0.569140625 0.659375 0.00234375 0.0020833333333333333
0 0.4671875 0.65625 0.003125 0.0020833333333333333
0 0.407421875 0.6520833333333333 0.00234375 0.0020833333333333333
0 0.496484375 0.6510416666666666 0.00234375 0.0020833333333333333
0 0.444140625 0.6473958333333333 0.00234375 0.0010416666666666667
0 0.541796875 0.6421875 0.00234375 0.0010416666666666667
0 0.48046875 0.6421875 0.0046875 0.003125
0 0.494140625 0.628125 0.00390625 0.0020833333333333333
0 0.437890625 0.6276041666666666 0.00234375 0.0010416666666666667
0 0.5359375 0.6197916666666666 0.003125 0.004166666666666667
0 0.37578125 0.6135416666666667 0.0015625 0.0020833333333333333
0 0.348828125 0.6109375 0.00078125 0.0010416666666666667
0 0.491796875 0.6083333333333333 0.00546875 0.00625
0 0.28828125 0.6057291666666667 0.0015625 0.0010416666666666667
0 0.405859375 0.596875 0.00078125 0.0020833333333333333
0 0.383984375 0.5942708333333333 0.00234375 0.0010416666666666667
0 0.33203125 0.5859375 0.0015625 0.0010416666666666667
0 0.482421875 0.5802083333333333 0.00546875 0.00625
0 0.366796875 0.5770833333333333 0.00234375 0.0020833333333333333
0 0.423046875 0.56875 0.00390625 0.00625
0 0.37890625 0.5625 0.0015625 0.0020833333333333333
0 0.56328125 0.5619791666666667 0.00625 0.005208333333333333
0 0.3890625 0.5390625 0.0015625 0.003125
0 0.553515625 0.5307291666666667 0.00390625 0.005208333333333333
0 0.241015625 0.5234375 0.00078125 0.0010416666666666667
0 0.551953125 0.509375 0.00390625 0.0020833333333333333
0 0.355078125 0.5057291666666667 0.00078125 0.0010416666666666667
0 0.3875 0.49322916666666666 0.0015625 0.003125
0 0.324609375 0.47760416666666666 0.00078125 0.0010416666666666667
0 0.45234375 0.4765625 0.00625 0.0010416666666666667
0 0.436328125 0.4791666666666667 0.00546875 0.00625
0 0.33984375 0.47239583333333335 0.0015625 0.0010416666666666667
0 0.35625 0.46510416666666665 0.0015625 0.003125
0 0.4203125 0.4583333333333333 0.00625 0.00625
0 0.376953125 0.45208333333333334 0.00546875 0.00625
0 0.540625 0.446875 0.00625 0.004166666666666667
0 0.30703125 0.43854166666666666 0.0015625 0.0020833333333333333
0 0.289453125 0.43854166666666666 0.00234375 0.004166666666666667
0 0.557421875 0.4375 0.00390625 0.004166666666666667
0 0.417578125 0.43645833333333334 0.00546875 0.008333333333333333
0 0.678515625 0.43072916666666666 0.00234375 0.0010416666666666667
0 0.29921875 0.42239583333333336 0.0015625 0.0010416666666666667
0 0.36015625 0.40625 0.003125 0.00625
0 0.33046875 0.38645833333333335 0.0015625 0.0020833333333333333
0 0.744921875 0.37552083333333336 0.00078125 0.0010416666666666667
0 0.4859375 0.37447916666666664 0.00625 0.009375
0 0.38828125 0.3697916666666667 0.003125 0.0020833333333333333
0 0.621484375 0.3651041666666667 0.00234375 0.0010416666666666667
0 0.56484375 0.3651041666666667 0.003125 0.005208333333333333
0 0.3515625 0.35885416666666664 0.0015625 0.0010416666666666667
0 0.448828125 0.3541666666666667 0.00546875 0.004166666666666667
0 0.57109375 0.34739583333333335 0.003125 0.0010416666666666667
0 0.37421875 0.346875 0.003125 0.004166666666666667
0 0.440625 0.3380208333333333 0.003125 0.003125
0 0.55703125 0.32447916666666665 0.0015625 0.0010416666666666667
0 0.554296875 0.32447916666666665 0.00234375 0.0010416666666666667
0 0.523046875 0.31302083333333336 0.00546875 0.003125
0 0.341796875 0.30833333333333335 0.00234375 0.004166666666666667
0 0.42265625 0.30520833333333336 0.0046875 0.004166666666666667
0 0.44921875 0.30104166666666665 0.0046875 0.004166666666666667
0 0.3296875 0.29635416666666664 0.0015625 0.0010416666666666667
0 0.4359375 0.29583333333333334 0.003125 0.0020833333333333333
0 0.369921875 0.2947916666666667 0.00234375 0.0020833333333333333
0 0.60546875 0.28958333333333336 0.0046875 0.0020833333333333333
0 0.41640625 0.2869791666666667 0.0015625 0.0010416666666666667
0 0.52421875 0.28177083333333336 0.003125 0.005208333333333333
0 0.38046875 0.28020833333333334 0.003125 0.0020833333333333333
0 0.394921875 0.2734375 0.00234375 0.0010416666666666667
0 0.3640625 0.275 0.0015625 0.004166666666666667
0 0.44296875 0.2734375 0.003125 0.003125
0 0.553515625 0.2677083333333333 0.00234375 0.0020833333333333333
0 0.577734375 0.26145833333333335 0.00546875 0.004166666666666667
0 0.430859375 0.2598958333333333 0.00234375 0.0010416666666666667
0 0.37421875 0.2604166666666667 0.0015625 0.0020833333333333333
0 0.451953125 0.2578125 0.00234375 0.0010416666666666667
0 0.358203125 0.25364583333333335 0.00234375 0.0010416666666666667
0 0.305859375 0.25 0.00078125 0.0020833333333333333
0 0.662109375 0.2453125 0.00234375 0.0010416666666666667
0 0.440625 0.24427083333333333 0.003125 0.0010416666666666667
0 0.517578125 0.24583333333333332 0.00390625 0.00625
0 0.38671875 0.24322916666666666 0.0015625 0.0010416666666666667
0 0.371484375 0.23854166666666668 0.00234375 0.004166666666666667
0 0.60234375 0.23177083333333334 0.003125 0.003125
0 0.477734375 0.2265625 0.00234375 0.0010416666666666667
0 0.577734375 0.225 0.00546875 0.00625
0 0.353515625 0.22291666666666668 0.00078125 0.0020833333333333333
0 0.609375 0.20833333333333334 0.0015625 0.0020833333333333333
0 0.434375 0.20677083333333332 0.003125 0.005208333333333333
0 0.444921875 0.18489583333333334 0.00546875 0.005208333333333333
0 0.31796875 0.18385416666666668 0.0015625 0.005208333333333333
0 0.457421875 0.16354166666666667 0.00390625 0.00625
