0 0.78828125 0.895369284876905 0.0140625 0.011137162954279016
0 0.482421875 0.8903868698710434 0.01171875 0.007033997655334115
0 0.427734375 0.8774912075029309 0.01171875 0.009378663540445486
0 0.465625 0.8707502930832356 0.0125 0.00996483001172333
0 0.491015625 0.8701641266119577 0.01171875 0.00996483001172333
0 0.60546875 0.8596131301289566 0.0125 0.00996483001172333
0 0.437109375 0.8569753810082064 0.01171875 0.009378663540445486
0 0.348828125 0.8528722157092614 0.01171875 0.009378663540445486
0 0.466796875 0.8086166471277842 0.01171875 0.008792497069167644
0 0.637890625 0.7924970691676436 0.01328125 0.009378663540445486
0 0.592578125 0.7813599062133646 0.01328125 0.009378663540445486
0 0.6171875 0.7810668229777257 0.0140625 0.00996483001172333
0 0.6640625 0.7584994138335287 0.0125 0.009378663540445486
0 0.572265625 0.7511723329425557 0.01171875 0.008792497069167644
0 0.665625 0.738569753810082 0.0125 0.008206330597889801
0 0.695703125 0.7221570926143025 0.01328125 0.009378663540445486
0 0.770703125 0.7145369284876905 0.01328125 0.009378663540445486
0 0.586328125 0.7069167643610785 0.01171875 0.009378663540445486
0 0.689453125 0.697831184056272 0.01328125 0.00996483001172333
0 0.51875 0.6875732708089097 0.0109375 0.008206330597889801
0 0.71796875 0.6852286049237983 0.0125 0.009378663540445486
0 0.6765625 0.6817116060961314 0.0125 0.009378663540445486
0 0.541015625 0.679073856975381 0.01171875 0.008792497069167644
0 0.612890625 0.6702813599062134 0.01171875 0.008792497069167644
0 0.39921875 0.6632473622508792 0.0109375 0.0076201641266119575
0 0.64609375 0.6465416178194607 0.0109375 0.005861664712778429
0 0.641796875 0.6427315357561547 0.00078125 0.0005861664712778429
0 0.513671875 0.6447831184056272 0.01171875 0.008206330597889801
0 0.38984375 0.6444900351699883 0.0109375 0.0076201641266119575
0 0.593359375 0.6436107854630715 0.01171875 0.009378663540445486
0 0.37734375 0.6292497069167644 0.0109375 0.0076201641266119575
0 0.34375 0.6186987104337632 0.009375 0.0076201641266119575
0 0.498046875 0.6122508792497069 0.01015625 0.0076201641266119575
0 0.254296875 0.6066822977725674 0.01015625 0.007033997655334115
0 0.333984375 0.6011137162954279 0.01015625 0.0076201641266119575
0 0.617578125 0.5902696365767878 0.01171875 0.008206330597889801
0 0.790234375 0.5852872215709262 0.01015625 0.008792497069167644
0 0.32734375 0.5823563892145369 0.0109375 0.0076201641266119575
0 0.6921875 0.5811840562719812 0.0125 0.008792497069167644
0 0.22578125 0.5662368112543963 0.0109375 0.007033997655334115
0 0.698828125 0.5638921453692849 0.01171875 0.008206330597889801
0 0.790234375 0.5498241500586166 0.01171875 0.009378663540445486
0 0.512109375 0.5424970691676436 0.01015625 0.0076201641266119575
0 0.680859375 0.5360492379835874 0.01171875 0.008792497069167644
0 0.31796875 0.5228604923798359 0.009375 0.007033997655334115
0 0.68046875 0.518757327080891 0.0109375 0.008206330597889801
0 0.6125 0.518464243845252 0.0109375 0.0076201641266119575
0 0.753515625 0.5167057444314185 0.01171875 0.008792497069167644
0 0.466796875 0.5164126611957796 0.01015625 0.008206330597889801
0 0.7640625 0.49941383352872215 0.0125 0.008206330597889801
0 0.475 0.49736225087924973 0.0109375 0.0076201641266119575
0 0.63203125 0.4967760844079719 0.0109375 0.0076201641266119575
0 0.60859375 0.4935521688159437 0.0109375 0.008206330597889801
0 0.51171875 0.49296600234466587 0.009375 0.008206330597889801
0 0.492578125 0.47889800703399765 0.01171875 0.007033997655334115
0 0.5140625 0.47567409144196954 0.0109375 0.008792497069167644
0 0.60546875 0.473915592028136 0.0109375 0.0076201641266119575
0 0.447265625 0.47362250879249707 0.01015625 0.007033997655334115
0 0.3 0.47215709261430244 0.0109375 0.0076201641266119575
0 0.68671875 0.4698124267291911 0.0109375 0.0076201641266119575
0 0.384765625 0.46776084407971863 0.01015625 0.007033997655334115
0 0.50625 0.45955451348182885 0.0109375 0.008206330597889801
0 0.382421875 0.44988276670574445 0.01015625 0.0076201641266119575
0 0.459375 0.44753810082063306 0.0109375 0.0076201641266119575
0 0.3515625 0.4454865181711606 0.009375 0.008206330597889801
0 0.52109375 0.444021101992966 0.0109375 0.0076201641266119575
0 0.498046875 0.4396248534583822 0.01015625 0.008206330597889801
0 0.325390625 0.43874560375146543 0.01015625 0.0076201641266119575
0 0.4515625 0.43141852286049237 0.0109375 0.008206330597889801
0 0.6046875 0.4308323563892145 0.0109375 0.009378663540445486
0 0.28125 0.4276084407971864 0.0109375 0.0076201641266119575
0 0.381640625 0.42702227432590856 0.01171875 0.0076201641266119575
0 0.34453125 0.4249706916764361 0.0109375 0.008206330597889801
0 0.402734375 0.4223329425556858 0.01171875 0.0076201641266119575
0 0.434375 0.4208675263774912 0.009375 0.007033997655334115
0 0.318359375 0.42028135990621335 0.01015625 0.007033997655334115
0 0.246484375 0.41852286049237986 0.01015625 0.007033997655334115
0 0.500390625 0.4152989449003517 0.01015625 0.0076201641266119575
0 0.45859375 0.4144196951934349 0.0109375 0.007033997655334115
0 0.6078125 0.414126611957796 0.0109375 0.0076201641266119575
0 0.63984375 0.41207502930832357 0.0109375 0.008206330597889801
0 0.362109375 0.41178194607268465 0.01171875 0.0076201641266119575
0 0.341796875 0.4059202813599062 0.01171875 0.0076201641266119575
0 0.220703125 0.40416178194607266 0.01015625 0.006447831184056272
0 0.476171875 0.402989449003517 0.01015625 0.0076201641266119575
0 0.69921875 0.3988862837045721 0.0109375 0.008792497069167644
0 0.328515625 0.3921453692848769 0.01015625 0.007033997655334115
0 0.553515625 0.3854044548651817 0.01015625 0.0076201641266119575
0 0.715234375 0.3854044548651817 0.01171875 0.008792497069167644
0 0.75703125 0.38188745603751467 0.0125 0.008792497069167644
0 0.691796875 0.3810082063305979 0.01171875 0.008206330597889801
0 0.24375 0.37924970691676435 0.0109375 0.008206330597889801
0 0.7765625 0.3686987104337632 0.0125 0.008206330597889801
0 0.415234375 0.3625439624853458 0.01015625 0.0076201641266119575
0 0.476171875 0.3569753810082063 0.01015625 0.007033997655334115
0 0.71796875 0.35228604923798357 0.0109375 0.008206330597889801
0 0.392578125 0.34583821805392734 0.01015625 0.008206330597889801
0 0.73671875 0.3399765533411489 0.0125 0.008206330597889801
0 0.20703125 0.33909730363423213 0.0109375 0.0076201641266119575
0 0.633984375 0.3074443141852286 0.01171875 0.008792497069167644
0 0.33828125 0.30128956623681125 0.009375 0.008206330597889801
0 0.583203125 0.2966002344665885 0.01015625 0.009378663540445486
0 0.258984375 0.2793083235638921 0.01328125 0.008792497069167644
0 0.369140625 0.27637749120750293 0.01015625 0.008792497069167644
0 0.2953125 0.2737397420867526 0.0109375 0.009378663540445486
0 0.241796875 0.27139507620164127 0.01484375 0.008206330597889801
0 0.527734375 0.26348182883939036 0.00859375 0.008792497069167644
0 0.378515625 0.2582063305978898 0.01015625 0.00996483001172333
0 0.21875 0.25615474794841736 0.0109375 0.005861664712778429
0 0.5421875 0.22332942555685814 0.0109375 0.009378663540445486
0 0.38984375 0.21951934349355218 0.0109375 0.00996483001172333
0 0.7375 0.18933177022274325 0.0140625 0.009378663540445486
0 0.717578125 0.18347010550996484 0.01484375 0.010550996483001172
0 0.323046875 0.1746776084407972 0.01171875 0.007033997655334115
0 0.20390625 0.14742086752637748 0.0109375 0.008792497069167644
0 0.548046875 0.11518171160609614 0.00390625 0.005275498241500586
0 0.55703125 0.09407971864009379 0.0109375 0.008792497069167644
