0 0.407421875 0.8429073856975381 0.01015625 0.008206330597889801
0 0.34453125 0.8370457209847597 0.0109375 0.009378663540445486
0 0.471875 0.8338218053927315 0.009375 0.005275498241500586
0 0.45078125 0.8232708089097304 0.009375 0.006447831184056272
0 0.753515625 0.8177022274325909 0.00234375 0.0011723329425556857
0 0.41875 0.8200468933177022 0.009375 0.005861664712778429
0 0.750390625 0.8165298944900352 0.00234375 0.0011723329425556857
0 0.183203125 0.8162368112543963 0.01171875 0.008792497069167644
0 0.716796875 0.8092028135990621 0.00703125 0.0076201641266119575
0 0.465234375 0.8071512309495897 0.01015625 0.009378663540445486
0 0.434375 0.806271981242673 0.00625 0.0076201641266119575
0 0.545703125 0.7957209847596718 0.00859375 0.008792497069167644
0 0.19765625 0.7933763188745604 0.0140625 0.008792497069167644
0 0.448828125 0.7907385697538101 0.00546875 0.005861664712778429
0 0.177734375 0.7898593200468933 0.01484375 0.008792497069167644
0 0.144140625 0.7898593200468933 0.01171875 0.008792497069167644
0 0.424609375 0.7878077373974208 0.00546875 0.009378663540445486
0 0.380078125 0.7845838218053928 0.01015625 0.008792497069167644
0 0.462890625 0.7708089097303634 0.01015625 0.008206330597889801
0 0.4875 0.7699296600234466 0.0109375 0.0076201641266119575
0 0.300390625 0.7605509964830012 0.01171875 0.008792497069167644
0 0.45703125 0.7508792497069168 0.0109375 0.008206330597889801
0 0.36953125 0.7491207502930832 0.0109375 0.008206330597889801
0 0.18671875 0.7491207502930832 0.0125 0.008206330597889801
0 0.519921875 0.7488276670574443 0.01015625 0.008792497069167644
0 0.6078125 0.7415005861664713 0.0109375 0.008206330597889801
0 0.266796875 0.738862837045721 0.01171875 0.008792497069167644
0 0.49765625 0.7379835873388042 0.0109375 0.008206330597889801
0 0.580078125 0.7318288393903869 0.01015625 0.008792497069167644
0 0.5015625 0.7189331770222743 0.0109375 0.008792497069167644
0 0.36796875 0.7177608440797186 0.009375 0.008792497069167644
0 0.21640625 0.7110199296600235 0.0125 0.008206330597889801
0 0.59921875 0.7054513481828839 0.0109375 0.008792497069167644
0 0.492578125 0.6913833528722158 0.01015625 0.008792497069167644
0 0.57890625 0.69021101992966 0.009375 0.008792497069167644
0 0.326953125 0.69021101992966 0.01171875 0.008792497069167644
0 0.54609375 0.686400937866354 0.0109375 0.009378663540445486
0 0.25625 0.6846424384525205 0.0109375 0.009378663540445486
0 0.22734375 0.6828839390386869 0.0125 0.008206330597889801
0 0.340625 0.6755568581477139 0.0109375 0.0076201641266119575
0 0.571484375 0.6688159437280188 0.01171875 0.009378663540445486
0 0.374609375 0.6676436107854631 0.01171875 0.008206330597889801
0 0.262109375 0.6682297772567409 0.01171875 0.009378663540445486
0 0.546484375 0.6667643610785463 0.01015625 0.008792497069167644
0 0.741796875 0.6629542790152403 0.01171875 0.008206330597889801
0 0.398828125 0.6585580304806565 0.01171875 0.0076201641266119575
0 0.134765625 0.6579718640093787 0.01171875 0.0076201641266119575
0 0.86796875 0.6585580304806565 0.0140625 0.00996483001172333
0 0.48046875 0.6535756154747948 0.0109375 0.008206330597889801
0 0.42265625 0.6515240328253223 0.009375 0.006447831184056272
0 0.53203125 0.6518171160609613 0.0109375 0.008206330597889801
0 0.323828125 0.6518171160609613 0.01171875 0.008206330597889801
0 0.723046875 0.64947245017585 0.01171875 0.007033997655334115
0 0.20390625 0.64947245017585 0.0125 0.008206330597889801
0 0.511328125 0.6412661195779601 0.01171875 0.008206330597889801
0 0.687109375 0.6368698710433763 0.01171875 0.008792497069167644
0 0.2203125 0.6365767878077374 0.0109375 0.008206330597889801
0 0.382421875 0.6274912075029309 0.01015625 0.0076201641266119575
0 0.66640625 0.6263188745603752 0.0109375 0.006447831184056272
0 0.571484375 0.6274912075029309 0.01171875 0.008792497069167644
0 0.32890625 0.626905041031653 0.0109375 0.0076201641266119575
0 0.4640625 0.6266119577960141 0.0109375 0.009378663540445486
0 0.501953125 0.623094958968347 0.01171875 0.009378663540445486
0 0.548828125 0.6207502930832356 0.01015625 0.008206330597889801
0 0.6046875 0.6104923798358733 0.0109375 0.008792497069167644
0 0.39921875 0.6101992966002344 0.0109375 0.008206330597889801
0 0.47265625 0.6099062133645955 0.0109375 0.008792497069167644
0 0.3765625 0.6090269636576788 0.0109375 0.008206330597889801
0 0.508203125 0.6052168815943728 0.01171875 0.008792497069167644
0 0.451953125 0.6008206330597889 0.01015625 0.007033997655334115
0 0.574609375 0.5996483001172332 0.01015625 0.008206330597889801
0 0.672265625 0.5958382180539273 0.01171875 0.008792497069167644
0 0.343359375 0.5955451348182884 0.01015625 0.008206330597889801
0 0.647265625 0.5920281359906213 0.01171875 0.008206330597889801
0 0.696875 0.5917350527549824 0.0125 0.008792497069167644
0 0.3953125 0.5888042203985931 0.0109375 0.0076201641266119575
0 0.487109375 0.5873388042203986 0.01171875 0.008206330597889801
0 0.510546875 0.5864595545134819 0.01171875 0.008792497069167644
0 0.323828125 0.5861664712778429 0.01015625 0.008206330597889801
0 0.362109375 0.5847010550996483 0.01015625 0.0076201641266119575
0 0.4265625 0.5838218053927315 0.0109375 0.008206330597889801
0 0.455859375 0.5811840562719812 0.01171875 0.008792497069167644
0 0.602734375 0.5715123094958968 0.01171875 0.008206330597889801
0 0.571875 0.5697538100820633 0.0109375 0.008206330597889801
0 0.249609375 0.5665298944900352 0.01171875 0.0076201641266119575
0 0.49453125 0.5656506447831184 0.0109375 0.008206330597889801
0 0.19609375 0.5627198124267292 0.0125 0.008206330597889801
0 0.2765625 0.5592028135990621 0.0140625 0.008206330597889801
0 0.631640625 0.5586166471277842 0.01171875 0.008206330597889801
0 0.29765625 0.5583235638921453 0.0125 0.0076201641266119575
0 0.708203125 0.5577373974208675 0.01171875 0.008792497069167644
0 0.36328125 0.555978898007034 0.0109375 0.0076201641266119575
0 0.591015625 0.5545134818288394 0.01171875 0.008206330597889801
0 0.664453125 0.5533411488862837 0.01171875 0.008206330597889801
0 0.559375 0.5504103165298945 0.0109375 0.008206330597889801
0 0.43671875 0.5486518171160609 0.0109375 0.008206330597889801
0 0.509375 0.5451348182883939 0.0109375 0.008206330597889801
0 0.4671875 0.5375146541617819 0.0125 0.008206330597889801
0 0.6765625 0.536928487690504 0.0125 0.008206330597889801
0 0.3828125 0.5360492379835874 0.0109375 0.0076201641266119575
0 0.58984375 0.5331184056271981 0.0109375 0.008792497069167644
0 0.444921875 0.5319460726846424 0.01171875 0.0076201641266119575
0 0.651171875 0.5307737397420867 0.01171875 0.008792497069167644
0 0.55546875 0.5307737397420867 0.0109375 0.008792497069167644
0 0.2546875 0.5278429073856975 0.0125 0.0076201641266119575
0 0.70859375 0.5272567409144197 0.0125 0.008792497069167644
0 0.40078125 0.5234466588511137 0.0109375 0.008206330597889801
0 0.616796875 0.5211019929660023 0.01171875 0.008206330597889801
0 0.3671875 0.5202227432590856 0.0109375 0.0076201641266119575
0 0.27421875 0.5199296600234466 0.0125 0.007033997655334115
0 0.428515625 0.5190504103165299 0.01015625 0.0076201641266119575
0 0.65703125 0.5131887456037515 0.0109375 0.0076201641266119575
0 0.55546875 0.5126025791324736 0.0109375 0.0076201641266119575
0 0.221484375 0.5096717467760844 0.01171875 0.0076201641266119575
0 0.51953125 0.5087924970691676 0.0109375 0.008206330597889801
0 0.295703125 0.5082063305978898 0.01015625 0.007033997655334115
0 0.595703125 0.5082063305978898 0.01171875 0.008206330597889801
0 0.380859375 0.5052754982415005 0.01171875 0.007033997655334115
0 0.12734375 0.503810082063306 0.0125 0.0076201641266119575
0 0.640234375 0.4988276670574443 0.01171875 0.008206330597889801
0 0.699609375 0.4976553341148886 0.01171875 0.008206330597889801
0 0.358203125 0.49618991793669404 0.01015625 0.008792497069167644
0 0.172265625 0.49384525205158264 0.01171875 0.0076201641266119575
0 0.553515625 0.4906213364595545 0.01171875 0.008206330597889801
0 0.616796875 0.4894490035169988 0.01171875 0.008206330597889801
0 0.591796875 0.4891559202813599 0.01171875 0.0076201641266119575
0 0.7734375 0.488862837045721 0.0125 0.008206330597889801
0 0.738671875 0.4835873388042204 0.01328125 0.008206330597889801
0 0.683203125 0.4824150058616647 0.01171875 0.008206330597889801
0 0.64296875 0.4791910902696366 0.0125 0.008792497069167644
0 0.490625 0.47860492379835873 0.0109375 0.0076201641266119575
0 0.3359375 0.47860492379835873 0.0109375 0.0076201641266119575
0 0.3578125 0.4783118405627198 0.0109375 0.008206330597889801
0 0.573828125 0.4771395076201641 0.01015625 0.008206330597889801
0 0.537109375 0.4771395076201641 0.01171875 0.008206330597889801
0 0.169140625 0.4765533411488863 0.01171875 0.008206330597889801
0 0.51328125 0.47567409144196954 0.0125 0.0076201641266119575
0 0.143359375 0.47567409144196954 0.01328125 0.0076201641266119575
0 0.207421875 0.46805392731535755 0.01171875 0.0076201641266119575
0 0.623046875 0.46805392731535755 0.01328125 0.008792497069167644
0 0.727734375 0.46658851113716293 0.01171875 0.008206330597889801
0 0.4015625 0.466295427901524 0.0109375 0.0076201641266119575
0 0.59921875 0.4654161781946073 0.0125 0.008206330597889801
0 0.254296875 0.4645369284876905 0.01328125 0.0076201641266119575
0 0.55078125 0.46160609613130127 0.0109375 0.008792497069167644
0 0.296484375 0.46072684642438455 0.01171875 0.008206330597889801
0 0.275390625 0.4604337631887456 0.01484375 0.0076201641266119575
0 0.651171875 0.4601406799531067 0.01171875 0.008206330597889801
0 0.356640625 0.4586752637749121 0.01015625 0.0076201641266119575
0 0.524609375 0.4575029308323564 0.01171875 0.008792497069167644
0 0.32890625 0.4501758499413834 0.0109375 0.008206330597889801
0 0.715625 0.44988276670574445 0.0125 0.008792497069167644
0 0.151171875 0.44958968347010553 0.01171875 0.008206330597889801
0 0.607421875 0.44841735052754983 0.01171875 0.008206330597889801
0 0.505859375 0.44636576787807736 0.01171875 0.0076201641266119575
0 0.181640625 0.4451934349355217 0.01171875 0.0076201641266119575
0 0.483203125 0.44460726846424387 0.01171875 0.008792497069167644
0 0.29375 0.444021101992966 0.0109375 0.0076201641266119575
0 0.69140625 0.44314185228604924 0.0125 0.008206330597889801
0 0.553515625 0.44314185228604924 0.01171875 0.008206330597889801
0 0.3484375 0.44196951934349354 0.0109375 0.008206330597889801
0 0.630859375 0.4396248534583822 0.01171875 0.009378663540445486
0 0.52890625 0.43903868698710435 0.0109375 0.008206330597889801
0 0.667578125 0.4372801875732708 0.01171875 0.008206330597889801
0 0.87109375 0.4361078546307151 0.0140625 0.009378663540445486
0 0.465234375 0.43376318874560377 0.01015625 0.005861664712778429
0 0.436328125 0.4349355216881594 0.01015625 0.008206330597889801
0 0.569921875 0.4296600234466589 0.01171875 0.008206330597889801
0 0.49453125 0.4287807737397421 0.0109375 0.0076201641266119575
0 0.71015625 0.42907385697538103 0.0125 0.009378663540445486
0 0.613671875 0.42702227432590856 0.01171875 0.008792497069167644
0 0.74296875 0.4264361078546307 0.0125 0.008792497069167644
0 0.646484375 0.425263774912075 0.01171875 0.008792497069167644
0 0.85078125 0.4243845252051583 0.0140625 0.009378663540445486
0 0.26640625 0.42379835873388044 0.0109375 0.008206330597889801
0 0.355078125 0.4144196951934349 0.01015625 0.007033997655334115
0 0.545703125 0.4138335287221571 0.01171875 0.008206330597889801
0 0.871875 0.4126611957796014 0.0140625 0.009378663540445486
0 0.68046875 0.41207502930832357 0.0125 0.008206330597889801
0 0.63046875 0.41178194607268465 0.0109375 0.008792497069167644
0 0.569140625 0.41178194607268465 0.01171875 0.008792497069167644
0 0.517578125 0.4114888628370457 0.01015625 0.008206330597889801
0 0.70546875 0.41060961313012895 0.0125 0.008792497069167644
0 0.453125 0.4059202813599062 0.0109375 0.0076201641266119575
0 0.6 0.40416178194607266 0.0125 0.0076201641266119575
0 0.7234375 0.39536928487690504 0.0125 0.008792497069167644
0 0.66328125 0.39566236811254396 0.0125 0.009378663540445486
0 0.579296875 0.3947831184056272 0.01171875 0.008792497069167644
0 0.396875 0.39155920281359907 0.0109375 0.008206330597889801
0 0.6859375 0.3898007033997655 0.0125 0.008206330597889801
0 0.166796875 0.39009378663540445 0.01015625 0.008792497069167644
0 0.641796875 0.38364595545134816 0.01171875 0.00996483001172333
0 0.8140625 0.38159437280187575 0.0140625 0.009378663540445486
0 0.541015625 0.37924970691676435 0.01015625 0.008206330597889801
0 0.78984375 0.3754396248534584 0.0125 0.008792497069167644
0 0.243359375 0.37221570926143027 0.01171875 0.008206330597889801
0 0.587109375 0.37192262602579135 0.01171875 0.008792497069167644
0 0.673046875 0.3710433763188746 0.01328125 0.009378663540445486
0 0.69765625 0.369284876905041 0.0125 0.009378663540445486
0 0.5640625 0.369284876905041 0.0125 0.009378663540445486
0 0.6484375 0.36664712778429076 0.0125 0.00996483001172333
0 0.625 0.36400937866354044 0.0125 0.009378663540445486
0 0.32421875 0.3634232121922626 0.0109375 0.008206330597889801
0 0.54609375 0.35756154747948415 0.0109375 0.008206330597889801
0 0.733984375 0.35756154747948415 0.01328125 0.009378663540445486
0 0.709375 0.3528722157092614 0.0125 0.009378663540445486
0 0.66953125 0.3516998827667057 0.0109375 0.009378663540445486
0 0.640625 0.343200468933177 0.0125 0.008792497069167644
0 0.690625 0.34056271981242675 0.0125 0.009378663540445486
0 0.577734375 0.33968347010551 0.01171875 0.008792497069167644
0 0.6203125 0.3311840562719812 0.0109375 0.009378663540445486
0 0.23828125 0.32737397420867526 0.0125 0.0123094958968347
0 0.658203125 0.32415005861664714 0.01328125 0.009378663540445486
0 0.7421875 0.32297772567409144 0.0125 0.009378663540445486
0 0.711328125 0.3223915592028136 0.01328125 0.009378663540445486
0 0.336328125 0.32004689331770225 0.01171875 0.008206330597889801
0 0.680859375 0.3179953106682298 0.01328125 0.008792497069167644
0 0.4375 0.317116060961313 0.0109375 0.008206330597889801
0 0.11953125 0.3156506447831184 0.0109375 0.008792497069167644
0 0.5671875 0.31359906213364597 0.0109375 0.009378663540445486
0 0.2375 0.3130128956623681 0.0125 0.012895662368112544
0 0.662109375 0.30656506447831183 0.01171875 0.009378663540445486
0 0.70390625 0.3018757327080891 0.0125 0.009378663540445486
0 0.689453125 0.28751465416178196 0.01171875 0.00996483001172333
0 0.71796875 0.2842907385697538 0.0125 0.009378663540445486
0 0.874609375 0.28341148886283707 0.01328125 0.00996483001172333
0 0.248046875 0.2898593200468933 0.02265625 0.02403282532239156
0 0.3734375 0.2787221570926143 0.0125 0.00996483001172333
0 0.601953125 0.2749120750293083 0.01171875 0.009378663540445486
0 0.812109375 0.2746189917936694 0.01328125 0.00996483001172333
0 0.902734375 0.2690504103165299 0.01328125 0.009378663540445486
0 0.630078125 0.268464243845252 0.01171875 0.009378663540445486
0 0.17265625 0.2584994138335287 0.0109375 0.009378663540445486
0 0.130078125 0.25586166471277844 0.01171875 0.008792497069167644
0 0.247265625 0.25703399765533413 0.03359375 0.013481828839390387
0 0.64921875 0.25175849941383355 0.0125 0.00996483001172333
0 0.634765625 0.23798358733880423 0.01328125 0.010550996483001172
0 0.200390625 0.2335873388042204 0.01328125 0.0076201641266119575
0 0.573046875 0.23182883939038687 0.01171875 0.011137162954279016
0 0.65390625 0.2268464243845252 0.0140625 0.010550996483001172
0 0.89609375 0.21951934349355218 0.0125 0.00996483001172333
0 0.531640625 0.21453692848769051 0.01171875 0.011723329425556858
0 0.558984375 0.21189917936694022 0.01171875 0.011137162954279016
0 0.670703125 0.21365767878077374 0.02734375 0.021688159437280186
0 0.453125 0.20603751465416179 0.0109375 0.011137162954279016
0 0.515625 0.20193434935521687 0.0078125 0.008792497069167644
0 0.4109375 0.20281359906213364 0.0109375 0.010550996483001172
0 0.69453125 0.19577960140679954 0.0125 0.010550996483001172
0 0.598828125 0.18903868698710433 0.01171875 0.004103165298944901
0 0.29375 0.18874560375146543 0.0125 0.010550996483001172
0 0.559375 0.18786635404454866 0.0125 0.011137162954279016
0 0.775 0.18669402110199296 0.0125 0.00996483001172333
0 0.66796875 0.18200468933177022 0.009375 0.006447831184056272
0 0.3125 0.17936694021101993 0.0125 0.010550996483001172
0 0.531640625 0.1735052754982415 0.01171875 0.005861664712778429
0 0.269921875 0.17233294255568582 0.01171875 0.009378663540445486
0 0.508984375 0.16617819460726846 0.00859375 0.008792497069167644
0 0.610546875 0.16324736225087924 0.01171875 0.011137162954279016
0 0.244140625 0.16002344665885113 0.01328125 0.009378663540445486
0 0.29765625 0.15797186400937865 0.0109375 0.006447831184056272
0 0.266015625 0.15386869871043377 0.00859375 0.005275498241500586
0 0.54453125 0.14947245017584995 0.00625 0.0035169988276670576
0 0.837890625 0.1515240328253224 0.01328125 0.00996483001172333
0 0.7671875 0.14536928487690504 0.0125 0.010550996483001172
0 0.664453125 0.14009378663540445 0.01171875 0.010550996483001172
0 0.326171875 0.13980070339976552 0.01171875 0.00996483001172333
0 0.869140625 0.13833528722157093 0.01328125 0.010550996483001172
0 0.619140625 0.13862837045720985 0.01171875 0.011137162954279016
0 0.559375 0.13012895662368112 0.009375 0.005861664712778429
0 0.367578125 0.1324736225087925 0.01171875 0.010550996483001172
0 0.301171875 0.11371629542790153 0.00703125 0.005861664712778429
0 0.247265625 0.11899179366940212 0.04453125 0.02813599062133646
0 0.269140625 0.10492379835873387 0.00390625 0.0035169988276670576
