0 0.244921875 0.9563305978898007 0.01171875 0.005275498241500586
0 0.26796875 0.9481242672919109 0.0125 0.005275498241500586
0 0.21484375 0.9469519343493552 0.003125 0.0029308323563892145
0 0.212109375 0.9451934349355217 0.00078125 0.0005861664712778429
0 0.2078125 0.943728018757327 0.00625 0.0035169988276670576
0 0.234375 0.9390386869871044 0.0125 0.009378663540445486
0 0.3546875 0.932590855803048 0.0125 0.007033997655334115
0 0.534375 0.9199882766705745 0.0125 0.011137162954279016
0 0.1984375 0.9155920281359906 0.0125 0.010550996483001172
0 0.355859375 0.9050410316529894 0.01171875 0.004689331770222743
0 0.684375 0.906799531066823 0.0125 0.010550996483001172
0 0.583203125 0.9006447831184057 0.01171875 0.00996483001172333
0 0.38671875 0.8959554513481829 0.0109375 0.005275498241500586
0 0.545703125 0.8974208675263775 0.01171875 0.010550996483001172
0 0.616796875 0.8959554513481829 0.01171875 0.00996483001172333
0 0.2921875 0.8889214536928488 0.0015625 0.0017584994138335288
0 0.648046875 0.8921453692848769 0.01171875 0.010550996483001172
0 0.2046875 0.8874560375146542 0.0046875 0.0023446658851113715
0 0.434765625 0.8868698710433763 0.00390625 0.004689331770222743
0 0.3234375 0.8868698710433763 0.0125 0.010550996483001172
0 0.253125 0.8851113716295428 0.0109375 0.007033997655334115
0 0.35390625 0.8859906213364596 0.0125 0.00996483001172333
0 0.594921875 0.8833528722157092 0.00703125 0.009378663540445486
0 0.632421875 0.8813012895662368 0.00546875 0.006447831184056272
0 0.230078125 0.8795427901524033 0.01171875 0.0076201641266119575
0 0.3921875 0.8777842907385698 0.0125 0.00996483001172333
0 0.4640625 0.8692848769050411 0.009375 0.009378663540445486
0 0.49296875 0.8686987104337632 0.0125 0.010550996483001172
0 0.64375 0.8663540445486518 0.0125 0.010550996483001172
0 0.598046875 0.8640093786635404 0.01171875 0.009378663540445486
0 0.3140625 0.8610785463071512 0.0125 0.005861664712778429
0 0.2703125 0.8599062133645955 0.0125 0.009378663540445486
0 0.36328125 0.8578546307151231 0.009375 0.008792497069167644
0 0.444921875 0.8581477139507621 0.01171875 0.010550996483001172
0 0.478125 0.8540445486518171 0.0125 0.010550996483001172
0 0.28828125 0.847010550996483 0.00625 0.008206330597889801
0 0.608203125 0.8475967174677609 0.01171875 0.010550996483001172
0 0.683203125 0.8461313012895663 0.01171875 0.008792497069167644
0 0.316015625 0.8426143024618992 0.01328125 0.00996483001172333
0 0.225 0.8417350527549824 0.0125 0.009378663540445486
0 0.205078125 0.8376318874560376 0.00078125 0.0011723329425556857
0 0.197265625 0.8338218053927315 0.00546875 0.0017584994138335288
0 0.657421875 0.8347010550996483 0.01171875 0.010550996483001172
0 0.698828125 0.8305978898007034 0.01015625 0.009378663540445486
0 0.54375 0.8308909730363423 0.0125 0.011137162954279016
0 0.34140625 0.8264947245017585 0.0078125 0.005861664712778429
0 0.62734375 0.8276670574443142 0.0125 0.010550996483001172
0 0.30078125 0.8276670574443142 0.0125 0.010550996483001172
0 0.67890625 0.8259085580304807 0.0078125 0.009378663540445486
0 0.600390625 0.8238569753810082 0.01171875 0.006447831184056272
0 0.216796875 0.8238569753810082 0.00859375 0.0076201641266119575
0 0.24453125 0.8168229777256741 0.0125 0.00996483001172333
0 0.470703125 0.8162368112543963 0.01171875 0.011137162954279016
0 0.694921875 0.8127198124267292 0.01015625 0.0076201641266119575
0 0.51328125 0.8144783118405627 0.0125 0.011137162954279016
0 0.26875 0.8121336459554513 0.0125 0.008792497069167644
0 0.335546875 0.8106682297772567 0.01171875 0.010550996483001172
0 0.55546875 0.809495896834701 0.0109375 0.010550996483001172
0 0.64140625 0.8083235638921453 0.0125 0.010550996483001172
0 0.21015625 0.805978898007034 0.0109375 0.008206330597889801
0 0.3609375 0.8042203985932005 0.009375 0.008206330597889801
0 0.17109375 0.8033411488862837 0.009375 0.006447831184056272
0 0.620703125 0.802168815943728 0.01171875 0.011137162954279016
0 0.41171875 0.8018757327080891 0.0125 0.010550996483001172
0 0.234765625 0.8009964830011723 0.01328125 0.008792497069167644
0 0.496484375 0.8004103165298945 0.00859375 0.008792497069167644
0 0.384765625 0.8009964830011723 0.01171875 0.00996483001172333
0 0.71640625 0.798358733880422 0.0125 0.010550996483001172
0 0.69140625 0.794841735052755 0.0125 0.009378663540445486
0 0.26484375 0.7939624853458382 0.0125 0.008792497069167644
0 0.8140625 0.7904454865181711 0.0125 0.00996483001172333
0 0.760546875 0.7904454865181711 0.01171875 0.00996483001172333
0 0.6375 0.7875146541617819 0.0125 0.0076201641266119575
0 0.3125 0.7875146541617819 0.0125 0.00996483001172333
0 0.287890625 0.7875146541617819 0.01171875 0.00996483001172333
0 0.221484375 0.7863423212192263 0.01171875 0.008792497069167644
0 0.353515625 0.7857561547479485 0.01171875 0.00996483001172333
0 0.484765625 0.7839976553341149 0.01171875 0.00996483001172333
0 0.248046875 0.7804806565064478 0.00546875 0.006447831184056272
0 0.734375 0.7807737397420867 0.0125 0.009378663540445486
0 0.378515625 0.77989449003517 0.00859375 0.008792497069167644
0 0.608984375 0.7778429073856975 0.01171875 0.010550996483001172
0 0.70078125 0.7757913247362251 0.0125 0.00996483001172333
0 0.33359375 0.7752051582649473 0.0125 0.008792497069167644
0 0.4015625 0.7734466588511137 0.0109375 0.006447831184056272
0 0.2703125 0.7752051582649473 0.0125 0.00996483001172333
0 0.300390625 0.7708089097303634 0.01171875 0.008206330597889801
0 0.633984375 0.7696365767878077 0.01015625 0.009378663540445486
0 0.669140625 0.7667057444314185 0.01171875 0.004689331770222743
0 0.2296875 0.7678780773739742 0.0125 0.008206330597889801
0 0.199609375 0.768757327080891 0.01015625 0.00996483001172333
0 0.734375 0.7628956623681126 0.0125 0.008792497069167644
0 0.610546875 0.7587924970691676 0.00078125 0.0005861664712778429
0 0.61640625 0.7564478311840562 0.0109375 0.005275498241500586
0 0.405078125 0.7558616647127784 0.01171875 0.008792497069167644
0 0.317578125 0.7546893317702228 0.01171875 0.0076201641266119575
0 0.215625 0.7541031652989449 0.0125 0.008792497069167644
0 0.657421875 0.7541031652989449 0.01328125 0.00996483001172333
0 0.26171875 0.7541031652989449 0.0125 0.00996483001172333
0 0.81640625 0.7520515826494725 0.0125 0.009378663540445486
0 0.18671875 0.7520515826494725 0.0109375 0.009378663540445486
0 0.29296875 0.7476553341148886 0.0125 0.00996483001172333
0 0.63828125 0.7470691676436108 0.0125 0.00996483001172333
0 0.526953125 0.746189917936694 0.01171875 0.010550996483001172
0 0.767578125 0.7438452520515827 0.01328125 0.009378663540445486
0 0.370703125 0.7406213364595545 0.01171875 0.00996483001172333
0 0.2296875 0.738862837045721 0.0125 0.0076201641266119575
0 0.20546875 0.7368112543962485 0.0125 0.009378663540445486
0 0.7484375 0.731242672919109 0.0125 0.005275498241500586
0 0.25390625 0.731535756154748 0.0109375 0.007033997655334115
0 0.16796875 0.7297772567409144 0.0109375 0.009378663540445486
0 0.796484375 0.727432590855803 0.01328125 0.009378663540445486
0 0.315625 0.7250879249706916 0.0125 0.009378663540445486
0 0.625390625 0.7236225087924971 0.01171875 0.00996483001172333
0 0.191015625 0.7227432590855803 0.01171875 0.009378663540445486
0 0.339453125 0.7218640093786636 0.01328125 0.00996483001172333
0 0.23515625 0.720398593200469 0.0125 0.008206330597889801
0 0.77265625 0.7192262602579133 0.0125 0.009378663540445486
0 0.494140625 0.716295427901524 0.01171875 0.009378663540445486
0 0.748828125 0.7151230949589683 0.01171875 0.008206330597889801
0 0.71484375 0.7157092614302462 0.0125 0.009378663540445486
0 0.212890625 0.713071512309496 0.01328125 0.00996483001172333
0 0.365625 0.7095545134818289 0.0125 0.00996483001172333
0 0.791015625 0.7072098475967175 0.01328125 0.008792497069167644
0 0.321875 0.7060375146541618 0.0125 0.00996483001172333
0 0.281640625 0.7042790152403282 0.01328125 0.008792497069167644
0 0.19140625 0.7028135990621337 0.0125 0.009378663540445486
0 0.733984375 0.7013481828839391 0.01171875 0.008792497069167644
0 0.704296875 0.7004689331770223 0.01171875 0.009378663540445486
0 0.23515625 0.6987104337631888 0.0125 0.009378663540445486
0 0.65703125 0.6969519343493552 0.0125 0.009378663540445486
0 0.303125 0.6957796014067995 0.0125 0.009378663540445486
0 0.76875 0.6951934349355217 0.0125 0.009378663540445486
0 0.259765625 0.6949003516998827 0.01328125 0.008792497069167644
0 0.746484375 0.6872801875732708 0.01171875 0.008792497069167644
0 0.723046875 0.686694021101993 0.01171875 0.008792497069167644
0 0.213671875 0.686400937866354 0.01171875 0.009378663540445486
0 0.176953125 0.686400937866354 0.01328125 0.009378663540445486
0 0.31171875 0.6796600234466589 0.0125 0.006447831184056272
0 0.2875 0.6811254396248535 0.0125 0.009378663540445486
0 0.3421875 0.67936694021102 0.0125 0.009378663540445486
0 0.2375 0.67936694021102 0.0125 0.009378663540445486
0 0.597265625 0.6773153575615475 0.01171875 0.008792497069167644
0 0.791796875 0.6770222743259086 0.01328125 0.009378663540445486
0 0.262890625 0.6758499413833529 0.01328125 0.009378663540445486
0 0.70625 0.6746776084407972 0.0109375 0.008206330597889801
0 0.197265625 0.6735052754982415 0.01328125 0.009378663540445486
0 0.166015625 0.6699882766705745 0.01328125 0.009378663540445486
0 0.769921875 0.6691090269636577 0.01171875 0.008792497069167644
0 0.73046875 0.6650058616647128 0.0109375 0.008792497069167644
0 0.220703125 0.6655920281359906 0.01328125 0.00996483001172333
0 0.281640625 0.6629542790152403 0.01328125 0.009378663540445486
0 0.329296875 0.6626611957796014 0.01171875 0.00996483001172333
0 0.246875 0.6617819460726846 0.0125 0.008206330597889801
0 0.8171875 0.6623681125439624 0.03125 0.016412661195779603
0 0.69765625 0.6585580304806565 0.0109375 0.008792497069167644
0 0.30625 0.6565064478311841 0.0125 0.005861664712778429
0 0.200390625 0.6538686987104337 0.01328125 0.0076201641266119575
0 0.171484375 0.6512309495896834 0.01171875 0.009378663540445486
0 0.230859375 0.6485932004689332 0.01328125 0.008792497069167644
0 0.726171875 0.6468347010550997 0.01171875 0.0076201641266119575
0 0.75078125 0.6468347010550997 0.0125 0.008792497069167644
0 0.255078125 0.6436107854630715 0.01328125 0.008206330597889801
0 0.801953125 0.6421453692848769 0.01171875 0.0076201641266119575
0 0.59609375 0.6377491207502931 0.0109375 0.008206330597889801
0 0.190234375 0.638042203985932 0.01328125 0.008792497069167644
0 0.3015625 0.6362837045720985 0.0125 0.00996483001172333
0 0.27734375 0.6354044548651817 0.0125 0.009378663540445486
0 0.214453125 0.6336459554513482 0.01171875 0.005861664712778429
0 0.726953125 0.6295427901524033 0.01171875 0.008206330597889801
0 0.240234375 0.6298358733880423 0.01328125 0.008792497069167644
0 0.158203125 0.6286635404454866 0.01328125 0.0076201641266119575
0 0.79375 0.6260257913247362 0.0125 0.008206330597889801
0 0.568359375 0.6263188745603752 0.01171875 0.008792497069167644
0 0.33359375 0.6260257913247362 0.0125 0.009378663540445486
0 0.758984375 0.6242672919109027 0.01015625 0.008206330597889801
0 0.2703125 0.6175263774912075 0.0125 0.008792497069167644
0 0.196875 0.6181125439624854 0.0109375 0.00996483001172333
0 0.242578125 0.6128370457209847 0.00078125 0.0005861664712778429
0 0.222265625 0.6169402110199297 0.01171875 0.008792497069167644
0 0.73984375 0.6151817116060961 0.0109375 0.008792497069167644
0 0.2484375 0.6128370457209847 0.009375 0.006447831184056272
0 0.31171875 0.6125439624853458 0.0125 0.009378663540445486
0 0.17421875 0.6099062133645955 0.0140625 0.0076201641266119575
0 0.559765625 0.6081477139507621 0.01171875 0.008792497069167644
0 0.69765625 0.6066822977725674 0.0109375 0.008206330597889801
0 0.292578125 0.6014067995310668 0.01328125 0.009378663540445486
0 0.226953125 0.5981828839390387 0.01328125 0.008792497069167644
0 0.26328125 0.5975967174677609 0.0125 0.00996483001172333
0 0.807421875 0.5955451348182884 0.01171875 0.008206330597889801
0 0.15859375 0.5952520515826495 0.0125 0.0076201641266119575
0 0.71328125 0.5940797186400938 0.0125 0.008792497069167644
0 0.18359375 0.5937866354044549 0.0125 0.009378663540445486
0 0.69296875 0.5890973036342321 0.0125 0.008206330597889801
0 0.28203125 0.5838218053927315 0.0125 0.007033997655334115
0 0.20390625 0.5814771395076201 0.0109375 0.005861664712778429
0 0.32734375 0.5814771395076201 0.0125 0.008206330597889801
0 0.239453125 0.5814771395076201 0.01328125 0.008206330597889801
0 0.1734375 0.578253223915592 0.0078125 0.0029308323563892145
0 0.751171875 0.5764947245017585 0.01171875 0.006447831184056272
0 0.301953125 0.5750293083235639 0.01328125 0.005861664712778429
0 0.262890625 0.5741500586166471 0.01328125 0.00996483001172333
0 0.64375 0.570926143024619 0.0109375 0.008206330597889801
0 0.222265625 0.5682883939038686 0.01328125 0.0076201641266119575
0 0.676953125 0.5679953106682297 0.01171875 0.008206330597889801
0 0.412890625 0.5662368112543963 0.01171875 0.005861664712778429
0 0.56484375 0.5644783118405627 0.0109375 0.004689331770222743
0 0.5875 0.5656506447831184 0.0109375 0.008206330597889801
0 0.197265625 0.5650644783118406 0.01328125 0.008206330597889801
0 0.247265625 0.5571512309495897 0.01328125 0.008792497069167644
0 0.31015625 0.555978898007034 0.0125 0.008792497069167644
0 0.8 0.5545134818288394 0.0109375 0.008206330597889801
0 0.28515625 0.5545134818288394 0.0125 0.009378663540445486
0 0.404296875 0.5474794841735052 0.01171875 0.008206330597889801
0 0.780078125 0.5468933177022274 0.01171875 0.008206330597889801
0 0.56875 0.5460140679953107 0.0109375 0.008792497069167644
0 0.266796875 0.5445486518171161 0.01328125 0.007033997655334115
0 0.175390625 0.544841735052755 0.01328125 0.008792497069167644
0 0.366015625 0.5430832356389215 0.01171875 0.008792497069167644
0 0.201171875 0.5430832356389215 0.01328125 0.00996483001172333
0 0.3 0.5398593200468933 0.0125 0.009378663540445486
0 0.241796875 0.5392731535756154 0.01328125 0.009378663540445486
0 0.325 0.5383939038686987 0.0125 0.008792497069167644
0 0.34765625 0.5331184056271981 0.0125 0.006447831184056272
0 0.792578125 0.5293083235638921 0.01171875 0.008206330597889801
0 0.28125 0.5278429073856975 0.0125 0.008792497069167644
0 0.166015625 0.5275498241500586 0.01328125 0.009378663540445486
0 0.373046875 0.5252051582649473 0.01171875 0.009378663540445486
0 0.256640625 0.5240328253223916 0.01328125 0.008206330597889801
0 0.231640625 0.522567409144197 0.01328125 0.008792497069167644
0 0.736328125 0.5213950762016413 0.01171875 0.0076201641266119575
0 0.304296875 0.5213950762016413 0.01328125 0.008792497069167644
0 0.32890625 0.5202227432590856 0.0125 0.008792497069167644
0 0.19765625 0.5199296600234466 0.0140625 0.008206330597889801
0 0.690234375 0.5131887456037515 0.01171875 0.008792497069167644
0 0.416796875 0.5131887456037515 0.01171875 0.008792497069167644
0 0.3546875 0.5128956623681126 0.0125 0.009378663540445486
0 0.81796875 0.511137162954279 0.0125 0.008206330597889801
0 0.546875 0.511137162954279 0.0109375 0.008206330597889801
0 0.39296875 0.5105509964830012 0.0125 0.009378663540445486
0 0.281640625 0.5096717467760844 0.01328125 0.008792497069167644
0 0.2140625 0.5061547479484173 0.0125 0.008792497069167644
0 0.744140625 0.5052754982415005 0.01171875 0.008206330597889801
0 0.240234375 0.5049824150058617 0.01328125 0.008792497069167644
0 0.30625 0.5029308323563892 0.0109375 0.008206330597889801
0 0.33125 0.4997069167643611 0.0109375 0.005275498241500586
0 0.776953125 0.49648300117233296 0.01171875 0.008206330597889801
0 0.49375 0.49501758499413834 0.0109375 0.008792497069167644
0 0.35390625 0.4947245017584994 0.0125 0.009378663540445486
0 0.287109375 0.4932590855803048 0.01328125 0.006447831184056272
0 0.262109375 0.4947245017584994 0.01328125 0.009378663540445486
0 0.462890625 0.49384525205158264 0.01171875 0.008792497069167644
0 0.403125 0.49267291910902694 0.0109375 0.006447831184056272
0 0.81484375 0.4915005861664713 0.0125 0.0076201641266119575
0 0.439453125 0.4906213364595545 0.01171875 0.007033997655334115
0 0.205859375 0.48856975381008205 0.01328125 0.008792497069167644
0 0.3765625 0.4879835873388042 0.0125 0.008792497069167644
0 0.231640625 0.4876905041031653 0.01328125 0.009378663540445486
0 0.31640625 0.48651817116060964 0.0125 0.008206330597889801
0 0.794921875 0.4827080890973036 0.01171875 0.006447831184056272
0 0.18125 0.48329425556858147 0.0140625 0.0076201641266119575
0 0.836328125 0.4806565064478312 0.01171875 0.008206330597889801
0 0.3390625 0.48007033997655335 0.0125 0.008206330597889801
0 0.47421875 0.47860492379835873 0.0109375 0.006447831184056272
0 0.70703125 0.4780187573270809 0.0109375 0.008792497069167644
0 0.2984375 0.4765533411488863 0.009375 0.005861664712778429
0 0.291015625 0.473915592028136 0.00078125 0.0005861664712778429
0 0.2703125 0.47567409144196954 0.0125 0.006447831184056272
0 0.3625 0.47479484173505276 0.0125 0.005861664712778429
0 0.396875 0.4750879249706917 0.0125 0.008792497069167644
0 0.816796875 0.4742086752637749 0.01015625 0.008206330597889801
0 0.157421875 0.46922626025791325 0.00078125 0.0005861664712778429
0 0.769921875 0.4709847596717468 0.01328125 0.008792497069167644
0 0.433203125 0.4698124267291911 0.01171875 0.008792497069167644
0 0.164453125 0.4698124267291911 0.01328125 0.008792497069167644
0 0.319921875 0.46893317702227433 0.01328125 0.009378663540445486
0 0.690234375 0.46658851113716293 0.01171875 0.008206330597889801
0 0.219140625 0.4671746776084408 0.01328125 0.009378663540445486
0 0.719921875 0.4642438452520516 0.01171875 0.008206330597889801
0 0.244921875 0.4621922626025791 0.01328125 0.006447831184056272
0 0.80078125 0.4618991793669402 0.0125 0.008206330597889801
0 0.342578125 0.4621922626025791 0.01328125 0.008792497069167644
0 0.486328125 0.46160609613130127 0.01171875 0.008792497069167644
0 0.827734375 0.4586752637749121 0.01328125 0.0076201641266119575
0 0.391015625 0.45574443141852283 0.00390625 0.0017584994138335288
0 0.18515625 0.45955451348182885 0.0140625 0.009378663540445486
0 0.66875 0.45838218053927315 0.0125 0.008206330597889801
0 0.36484375 0.4566236811254396 0.0125 0.005861664712778429
0 0.394140625 0.4533997655334115 0.00078125 0.0005861664712778429
0 0.741796875 0.4566236811254396 0.01171875 0.008206330597889801
0 0.638671875 0.45603751465416176 0.01171875 0.008206330597889801
0 0.41796875 0.4563305978898007 0.0125 0.008792497069167644
0 0.296875 0.45603751465416176 0.0125 0.008206330597889801
0 0.272265625 0.4533997655334115 0.01328125 0.0076201641266119575
0 0.32265625 0.45076201641266117 0.0125 0.008206330597889801
0 0.22578125 0.44841735052754983 0.0140625 0.010550996483001172
0 0.72265625 0.4466588511137163 0.0125 0.008206330597889801
0 0.476171875 0.4457796014067995 0.01171875 0.008792497069167644
0 0.34609375 0.444021101992966 0.0125 0.008792497069167644
0 0.650390625 0.44109026963657677 0.01171875 0.008792497069167644
0 0.57265625 0.44109026963657677 0.0109375 0.008792497069167644
0 0.25234375 0.44079718640093785 0.0140625 0.009378663540445486
0 0.183203125 0.44079718640093785 0.01484375 0.009378663540445486
0 0.744140625 0.4393317702227433 0.01171875 0.008792497069167644
0 0.303125 0.4393317702227433 0.0125 0.008792497069167644
0 0.411328125 0.43903868698710435 0.01171875 0.009378663540445486
0 0.497265625 0.43757327080890973 0.01171875 0.0076201641266119575
0 0.38671875 0.4361078546307151 0.0125 0.009378663540445486
0 0.838671875 0.4331770222743259 0.01328125 0.008206330597889801
0 0.78125 0.43259085580304807 0.0125 0.008206330597889801
0 0.3265625 0.432883939038687 0.0125 0.008792497069167644
0 0.279296875 0.432883939038687 0.01328125 0.00996483001172333
0 0.362890625 0.43141852286049237 0.01171875 0.009378663540445486
0 0.155859375 0.4273153575615475 0.00078125 0.0011723329425556857
0 0.1640625 0.42819460726846426 0.0125 0.008792497069167644
0 0.241796875 0.4235052754982415 0.01328125 0.00996483001172333
0 0.191015625 0.42291910902696367 0.01328125 0.00996483001172333
0 0.298046875 0.42145369284876905 0.01328125 0.009378663540445486
0 0.410546875 0.42057444314185227 0.01171875 0.00996483001172333
0 0.216796875 0.42057444314185227 0.01328125 0.00996483001172333
0 0.821875 0.41822977725674093 0.0125 0.008792497069167644
0 0.778515625 0.4167643610785463 0.01328125 0.005861664712778429
0 0.734765625 0.417936694021102 0.01171875 0.008206330597889801
0 0.434765625 0.41822977725674093 0.01171875 0.008792497069167644
0 0.75625 0.4167643610785463 0.0125 0.008206330597889801
0 0.712109375 0.41705744431418523 0.01171875 0.008792497069167644
0 0.265234375 0.41735052754982416 0.01328125 0.009378663540445486
0 0.34609375 0.41588511137162953 0.0125 0.008792497069167644
0 0.32109375 0.4144196951934349 0.0125 0.009378663540445486
0 0.37109375 0.41324736225087927 0.0125 0.009378663540445486
0 0.462109375 0.41060961313012895 0.01171875 0.0076201641266119575
0 0.4859375 0.41031652989449 0.0109375 0.009378663540445486
0 0.168359375 0.40885111371629546 0.01328125 0.00996483001172333
0 0.39296875 0.40621336459554513 0.0125 0.009378663540445486
0 0.194140625 0.4044548651817116 0.01328125 0.009378663540445486
0 0.83203125 0.4026963657678781 0.0125 0.008206330597889801
0 0.301953125 0.402989449003517 0.01328125 0.008792497069167644
0 0.244921875 0.40357561547479487 0.01328125 0.00996483001172333
0 0.72578125 0.40211019929660025 0.0109375 0.008206330597889801
0 0.423828125 0.40211019929660025 0.01171875 0.009378663540445486
0 0.805078125 0.40123094958968347 0.01328125 0.008792497069167644
0 0.2765625 0.40093786635404455 0.0125 0.009378663540445486
0 0.219140625 0.40123094958968347 0.01328125 0.00996483001172333
0 0.75625 0.3994724501758499 0.0125 0.008792497069167644
0 0.703515625 0.3994724501758499 0.01171875 0.008792497069167644
0 0.504296875 0.3983001172332943 0.01171875 0.0076201641266119575
0 0.78046875 0.39800703399765536 0.0125 0.008206330597889801
0 0.568359375 0.39683470105509966 0.01171875 0.005861664712778429
0 0.35625 0.39859320046893315 0.0125 0.009378663540445486
0 0.33125 0.39800703399765536 0.0125 0.009378663540445486
0 0.545703125 0.3930246189917937 0.01171875 0.008792497069167644
0 0.815234375 0.3886283704572098 0.00078125 0.0011723329425556857
0 0.465234375 0.39273153575615477 0.01171875 0.009378663540445486
0 0.378515625 0.39155920281359907 0.01171875 0.009378663540445486
0 0.816015625 0.3865767878077374 0.00078125 0.0005861664712778429
0 0.621875 0.3895076201641266 0.0109375 0.0076201641266119575
0 0.816796875 0.3854044548651817 0.00078125 0.0005861664712778429
0 0.178125 0.3898007033997655 0.0140625 0.010550996483001172
0 0.82265625 0.3851113716295428 0.009375 0.0035169988276670576
0 0.25859375 0.388042203985932 0.0125 0.009378663540445486
0 0.31171875 0.3865767878077374 0.0125 0.008792497069167644
0 0.673828125 0.38569753810082064 0.01171875 0.008206330597889801
0 0.412109375 0.3862837045720985 0.01171875 0.009378663540445486
0 0.233203125 0.38599062133645956 0.01328125 0.00996483001172333
0 0.727734375 0.38452520515826494 0.01171875 0.008206330597889801
0 0.766796875 0.384232121922626 0.01171875 0.008792497069167644
0 0.790234375 0.3821805392731536 0.01171875 0.008206330597889801
0 0.43828125 0.3821805392731536 0.0109375 0.009378663540445486
0 0.5046875 0.38042203985932005 0.0109375 0.007033997655334115
0 0.208203125 0.3813012895662368 0.01484375 0.00996483001172333
0 0.35625 0.3795427901524033 0.0125 0.008792497069167644
0 0.2890625 0.37778429073856973 0.0125 0.008792497069167644
0 0.33203125 0.3766119577960141 0.0125 0.008792497069167644
0 0.60703125 0.3754396248534584 0.0109375 0.008792497069167644
0 0.547265625 0.37485345838218054 0.01171875 0.008792497069167644
0 0.460546875 0.3745603751465416 0.01171875 0.009378663540445486
0 0.378515625 0.37280187573270807 0.01171875 0.008206330597889801
0 0.484375 0.37280187573270807 0.0109375 0.009378663540445486
0 0.829296875 0.36811254396248533 0.00078125 0.0011723329425556857
0 0.808203125 0.37192262602579135 0.01328125 0.008792497069167644
0 0.24765625 0.3710433763188746 0.0125 0.009378663540445486
0 0.1703125 0.3713364595545135 0.0125 0.00996483001172333
0 0.841015625 0.3660609613130129 0.00078125 0.0005861664712778429
0 0.401953125 0.369284876905041 0.01171875 0.009378663540445486
0 0.6703125 0.36811254396248533 0.0109375 0.008206330597889801
0 0.734375 0.3678194607268464 0.0125 0.008792497069167644
0 0.520703125 0.3678194607268464 0.01171875 0.008792497069167644
0 0.309765625 0.36723329425556855 0.01171875 0.0076201641266119575
0 0.836328125 0.36400937866354044 0.00859375 0.0023446658851113715
0 0.7828125 0.3637162954279015 0.0015625 0.0017584994138335288
0 0.7640625 0.3669402110199297 0.0125 0.008206330597889801
0 0.64375 0.3660609613130129 0.0109375 0.008792497069167644
0 0.788671875 0.3613716295427902 0.00703125 0.0017584994138335288
0 0.27109375 0.3645955451348183 0.0125 0.009378663540445486
0 0.225 0.36430246189917936 0.0109375 0.008792497069167644
0 0.187890625 0.3596131301289566 0.00078125 0.0005861664712778429
0 0.194140625 0.36283704572098474 0.01015625 0.009378663540445486
0 0.620703125 0.3613716295427902 0.01171875 0.008792497069167644
0 0.423046875 0.3607854630715123 0.01171875 0.008792497069167644
0 0.701171875 0.3590269636576788 0.01015625 0.0076201641266119575
0 0.591015625 0.3596131301289566 0.01171875 0.008792497069167644
0 0.33203125 0.35756154747948415 0.009375 0.007033997655334115
0 0.56796875 0.35756154747948415 0.0109375 0.008206330597889801
0 0.499609375 0.3578546307151231 0.01171875 0.008792497069167644
0 0.81796875 0.35668229777256744 0.0125 0.008792497069167644
0 0.4578125 0.35580304806565066 0.0109375 0.009378663540445486
0 0.381640625 0.35463071512309496 0.01171875 0.008206330597889801
0 0.356640625 0.35316529894490034 0.00859375 0.0076201641266119575
0 0.74765625 0.35316529894490034 0.0125 0.008792497069167644
0 0.294140625 0.35316529894490034 0.01171875 0.008792497069167644
0 0.68046875 0.35199296600234464 0.0109375 0.0076201641266119575
0 0.542578125 0.3528722157092614 0.01171875 0.009378663540445486
0 0.249609375 0.3525791324736225 0.01328125 0.00996483001172333
0 0.77421875 0.35140679953106685 0.0125 0.008792497069167644
0 0.1625 0.35199296600234464 0.0125 0.00996483001172333
0 0.8375 0.3499413833528722 0.0140625 0.008206330597889801
0 0.65234375 0.34642438452520513 0.009375 0.005861664712778429
0 0.178515625 0.34378663540445487 0.00078125 0.0005861664712778429
0 0.402734375 0.34671746776084406 0.01015625 0.008792497069167644
0 0.51796875 0.34613130128956626 0.0109375 0.008792497069167644
0 0.47890625 0.34613130128956626 0.0109375 0.008792497069167644
0 0.61015625 0.3455451348182884 0.0109375 0.008792497069167644
0 0.208203125 0.34144196951934347 0.00078125 0.0005861664712778429
0 0.271875 0.3443728018757327 0.0125 0.008792497069167644
0 0.186328125 0.3440797186400938 0.01171875 0.008206330597889801
0 0.426171875 0.34261430246189917 0.01015625 0.008792497069167644
0 0.583984375 0.3420281359906213 0.01171875 0.008792497069167644
0 0.238671875 0.3388042203985932 0.00078125 0.0023446658851113715
0 0.80625 0.3408558030480657 0.0140625 0.008792497069167644
0 0.71875 0.34056271981242675 0.009375 0.008206330597889801
0 0.321875 0.34056271981242675 0.0109375 0.008206330597889801
0 0.559375 0.33909730363423213 0.0109375 0.0076201641266119575
0 0.695703125 0.3388042203985932 0.01015625 0.008206330597889801
0 0.45 0.3385111371629543 0.009375 0.008792497069167644
0 0.37109375 0.33792497069167643 0.009375 0.0076201641266119575
0 0.347265625 0.3364595545134818 0.00703125 0.004689331770222743
0 0.235546875 0.3344079718640094 0.00078125 0.0005861664712778429
0 0.23046875 0.3347010550996483 0.0078125 0.0023446658851113715
0 0.73984375 0.33675263774912073 0.0125 0.008792497069167644
0 0.670703125 0.3364595545134818 0.00859375 0.008206330597889801
0 0.784765625 0.3361664712778429 0.01171875 0.008792497069167644
0 0.76171875 0.3364595545134818 0.0125 0.009378663540445486
0 0.209375 0.3364595545134818 0.009375 0.009378663540445486
0 0.822265625 0.3347010550996483 0.00859375 0.007033997655334115
0 0.536328125 0.33528722157092616 0.01015625 0.008206330597889801
0 0.500390625 0.33528722157092616 0.00703125 0.008206330597889801
0 0.298046875 0.3344079718640094 0.01171875 0.008792497069167644
0 0.165625 0.33177022274325907 0.0140625 0.010550996483001172
0 0.6484375 0.32971864009378665 0.0109375 0.0076201641266119575
0 0.621484375 0.3288393903868699 0.01015625 0.008206330597889801
0 0.469921875 0.3291324736225088 0.01015625 0.008792497069167644
0 0.393359375 0.3291324736225088 0.01015625 0.008792497069167644
0 0.275390625 0.32708089097303633 0.01171875 0.005861664712778429
0 0.5984375 0.3276670574443142 0.0109375 0.008206330597889801
0 0.574609375 0.3250293083235639 0.01015625 0.0076201641266119575
0 0.416796875 0.3250293083235639 0.01015625 0.0076201641266119575
0 0.25 0.32532239155920284 0.0125 0.009378663540445486
0 0.8 0.3235638921453693 0.0125 0.008206330597889801
0 0.7078125 0.3238569753810082 0.0109375 0.008792497069167644
0 0.5171875 0.3238569753810082 0.0109375 0.008792497069167644
0 0.684375 0.32180539273153574 0.009375 0.008206330597889801
0 0.5515625 0.32209847596717467 0.0109375 0.008792497069167644
0 0.315625 0.32180539273153574 0.0109375 0.008206330597889801
0 0.75078125 0.3215123094958968 0.0109375 0.008792497069167644
0 0.773046875 0.32092614302461897 0.01171875 0.008792497069167644
0 0.441796875 0.32063305978898005 0.00703125 0.008206330597889801
0 0.221875 0.32063305978898005 0.009375 0.009378663540445486
0 0.170703125 0.3150644783118406 0.00078125 0.0005861664712778429
0 0.82890625 0.3179953106682298 0.0125 0.0076201641266119575
0 0.48828125 0.3179953106682298 0.0109375 0.0076201641266119575
0 0.341015625 0.3179953106682298 0.00859375 0.0076201641266119575
0 0.728125 0.3138921453692849 0.003125 0.0005861664712778429
0 0.368359375 0.3168229777256741 0.01015625 0.008792497069167644
0 0.6359375 0.3150644783118406 0.009375 0.008792497069167644
0 0.6125 0.3130128956623681 0.009375 0.008206330597889801
0 0.292578125 0.31330597889800704 0.01171875 0.008792497069167644
0 0.463671875 0.31125439624853457 0.01015625 0.008206330597889801
0 0.816015625 0.3071512309495897 0.00078125 0.0011723329425556857
0 0.533203125 0.31096131301289565 0.01015625 0.008792497069167644
0 0.391796875 0.3106682297772567 0.01015625 0.008206330597889801
0 0.590234375 0.3086166471277843 0.00859375 0.005275498241500586
0 0.807421875 0.30568581477139506 0.00078125 0.0005861664712778429
0 0.169140625 0.31008206330597887 0.01171875 0.009378663540445486
0 0.78828125 0.30920281359906215 0.0125 0.008792497069167644
0 0.26328125 0.3086166471277843 0.0125 0.0076201641266119575
0 0.811328125 0.3050996483001172 0.00546875 0.0017584994138335288
0 0.566015625 0.3083235638921454 0.01015625 0.008206330597889801
0 0.507421875 0.3071512309495897 0.00859375 0.005861664712778429
0 0.7 0.3074443141852286 0.0078125 0.0076201641266119575
0 0.41484375 0.3071512309495897 0.0109375 0.008206330597889801
0 0.76171875 0.3062719812426729 0.0109375 0.008792497069167644
0 0.67734375 0.3045134818288394 0.009375 0.0076201641266119575
0 0.3234375 0.3042203985932005 0.0109375 0.008206330597889801
0 0.437890625 0.30246189917936694 0.01015625 0.005861664712778429
0 0.740625 0.302168815943728 0.009375 0.008792497069167644
0 0.484765625 0.30041031652989447 0.00546875 0.0076201641266119575
0 0.354296875 0.3009964830011723 0.01015625 0.008792497069167644
0 0.251171875 0.2951348182883939 0.00078125 0.0005861664712778429
0 0.651953125 0.29806565064478313 0.01015625 0.0076201641266119575
0 0.626171875 0.29806565064478313 0.01015625 0.0076201641266119575
0 0.717578125 0.29806565064478313 0.01171875 0.008792497069167644
0 0.548828125 0.29601406799531066 0.00859375 0.008206330597889801
0 0.376953125 0.29572098475967173 0.01015625 0.008792497069167644
0 0.281640625 0.2951348182883939 0.01171875 0.008792497069167644
0 0.251953125 0.2924970691676436 0.00078125 0.0035169988276670576
0 0.8265625 0.29425556858147717 0.0125 0.008206330597889801
0 0.525 0.29396248534583824 0.009375 0.0076201641266119575
0 0.79921875 0.2936694021101993 0.0109375 0.008206330597889801
0 0.77734375 0.29396248534583824 0.0109375 0.008792497069167644
0 0.459765625 0.2924970691676436 0.00703125 0.005861664712778429
0 0.251171875 0.2898593200468933 0.00078125 0.0005861664712778429
0 0.591796875 0.29161781946072685 0.01015625 0.0076201641266119575
0 0.248828125 0.2881008206330598 0.00078125 0.0005861664712778429
0 0.40078125 0.2913247362250879 0.0109375 0.008206330597889801
0 0.2453125 0.28751465416178196 0.0015625 0.0005861664712778429
0 0.694921875 0.2901524032825322 0.00546875 0.007033997655334115
0 0.30546875 0.2898593200468933 0.0109375 0.0076201641266119575
0 0.7546875 0.28927315357561545 0.0109375 0.008792497069167644
0 0.501953125 0.2881008206330598 0.00703125 0.006447831184056272
0 0.669921875 0.2878077373974209 0.00859375 0.008206330597889801
0 0.33828125 0.28634232121922626 0.00625 0.0076201641266119575
0 0.571484375 0.28516998827667056 0.00703125 0.0076201641266119575
0 0.733203125 0.2854630715123095 0.01015625 0.009378663540445486
0 0.427734375 0.28487690504103164 0.01015625 0.008206330597889801
0 0.613671875 0.28341148886283707 0.00703125 0.006447831184056272
0 0.64140625 0.2825322391559203 0.009375 0.008206330597889801
0 0.47734375 0.28194607268464245 0.009375 0.008206330597889801
0 0.71171875 0.28077373974208675 0.009375 0.008206330597889801
0 0.266015625 0.2813599062133646 0.01171875 0.009378663540445486
0 0.846875 0.2804806565064478 0.0125 0.008792497069167644
0 0.359765625 0.2804806565064478 0.01015625 0.008792497069167644
0 0.812109375 0.2801875732708089 0.01171875 0.009378663540445486
0 0.7890625 0.2784290738569754 0.0109375 0.009378663540445486
0 0.384375 0.2772567409144197 0.0078125 0.007033997655334115
0 0.28984375 0.2749120750293083 0.0109375 0.008206330597889801
0 0.764453125 0.2705158264947245 0.00078125 0.0005861664712778429
0 0.592578125 0.2731535756154748 0.00390625 0.005861664712778429
0 0.451953125 0.2746189917936694 0.01015625 0.008792497069167644
0 0.769140625 0.2702227432590856 0.00546875 0.0011723329425556857
0 0.683984375 0.2737397420867526 0.01015625 0.008206330597889801
0 0.5484375 0.2737397420867526 0.009375 0.008206330597889801
0 0.4078125 0.2737397420867526 0.009375 0.008206330597889801
0 0.317578125 0.27403282532239154 0.01015625 0.008792497069167644
0 0.163671875 0.26875732708089095 0.00078125 0.0005861664712778429
0 0.662109375 0.2708089097303634 0.00859375 0.008206330597889801
0 0.495703125 0.2705158264947245 0.01015625 0.0076201641266119575
0 0.745703125 0.2705158264947245 0.00859375 0.008792497069167644
0 0.830078125 0.2690504103165299 0.01328125 0.009378663540445486
0 0.616796875 0.2661195779601407 0.00859375 0.008206330597889801
0 0.343359375 0.2661195779601407 0.01015625 0.008206330597889801
0 0.7234375 0.26582649472450176 0.009375 0.008792497069167644
0 0.57109375 0.2652403282532239 0.00625 0.0076201641266119575
0 0.640625 0.2640679953106682 0.0078125 0.006447831184056272
0 0.43125 0.2652403282532239 0.009375 0.008792497069167644
0 0.526953125 0.26348182883939036 0.00859375 0.0076201641266119575
0 0.473828125 0.2637749120750293 0.00859375 0.008206330597889801
0 0.803515625 0.26348182883939036 0.01171875 0.008792497069167644
0 0.367578125 0.26318874560375144 0.01015625 0.008206330597889801
0 0.701171875 0.26289566236811257 0.01015625 0.008792497069167644
0 0.16328125 0.26348182883939036 0.0109375 0.00996483001172333
0 0.782421875 0.261137162954279 0.01171875 0.008792497069167644
0 0.7609375 0.25703399765533413 0.0109375 0.008792497069167644
0 0.31484375 0.25586166471277844 0.0078125 0.006447831184056272
0 0.679296875 0.25586166471277844 0.01015625 0.0076201641266119575
0 0.451171875 0.25615474794841736 0.01015625 0.008206330597889801
0 0.546484375 0.2555685814771395 0.01015625 0.008206330597889801
0 0.40859375 0.25498241500586166 0.0109375 0.008206330597889801
0 0.589453125 0.2532239155920281 0.01015625 0.007033997655334115
0 0.65859375 0.2529308323563892 0.0078125 0.0076201641266119575
0 0.499609375 0.2529308323563892 0.01015625 0.0076201641266119575
0 0.8234375 0.2529308323563892 0.0140625 0.008792497069167644
0 0.166015625 0.2488276670574443 0.00078125 0.0005861664712778429
0 0.739453125 0.25205158264947247 0.00859375 0.008206330597889801
0 0.612890625 0.24824150058616648 0.00703125 0.005275498241500586
0 0.716015625 0.2485345838218054 0.01015625 0.008206330597889801
0 0.336328125 0.24824150058616648 0.01015625 0.008792497069167644
0 0.384765625 0.24706916764361078 0.01015625 0.0076201641266119575
0 0.634765625 0.24648300117233293 0.00859375 0.0076201641266119575
0 0.429296875 0.2458968347010551 0.01015625 0.008792497069167644
0 0.567578125 0.24501758499413834 0.00859375 0.008206330597889801
0 0.472265625 0.24531066822977726 0.00859375 0.008792497069167644
0 0.360546875 0.2444314185228605 0.01015625 0.008206330597889801
0 0.8421875 0.2444314185228605 0.0125 0.009378663540445486
0 0.779296875 0.24325908558030482 0.01171875 0.008206330597889801
0 0.525 0.24267291910902697 0.0046875 0.007033997655334115
0 0.80546875 0.2429660023446659 0.0140625 0.008792497069167644
0 0.69375 0.24267291910902697 0.0109375 0.008206330597889801
0 0.165234375 0.24355216881594371 0.01171875 0.00996483001172333
0 0.8171875 0.23681125439624853 0.003125 0.0035169988276670576
0 0.755078125 0.2391559202813599 0.01015625 0.008206330597889801
0 0.2765625 0.23886283704572098 0.0109375 0.008792497069167644
0 0.310546875 0.2365181711606096 0.00546875 0.005275498241500586
0 0.449609375 0.23739742086752638 0.01015625 0.008206330597889801
0 0.54609375 0.23681125439624853 0.009375 0.008206330597889801
0 0.49375 0.2347596717467761 0.0046875 0.005275498241500586
0 0.820703125 0.23182883939038687 0.00078125 0.0005861664712778429
0 0.653125 0.23534583821805394 0.009375 0.0076201641266119575
0 0.826171875 0.23270808909730364 0.00859375 0.0035169988276670576
0 0.734375 0.23417350527549824 0.009375 0.0076201641266119575
0 0.403515625 0.2335873388042204 0.01015625 0.008792497069167644
0 0.62265625 0.23153575615474795 0.0046875 0.005861664712778429
0 0.674609375 0.2309495896834701 0.01015625 0.008206330597889801
0 0.34140625 0.23007033997655335 0.009375 0.0076201641266119575
0 0.712890625 0.22919109026963658 0.00703125 0.007033997655334115
0 0.85 0.22801875732708088 0.0125 0.009378663540445486
0 0.5125 0.22713950762016413 0.0078125 0.0076201641266119575
0 0.426171875 0.2268464243845252 0.01015625 0.007033997655334115
0 0.57109375 0.2268464243845252 0.0078125 0.008206330597889801
0 0.469921875 0.22655334114888628 0.01015625 0.0076201641266119575
0 0.36484375 0.22626025791324736 0.009375 0.008206330597889801
0 0.790234375 0.22626025791324736 0.01171875 0.009378663540445486
0 0.767578125 0.22626025791324736 0.01171875 0.009378663540445486
0 0.533984375 0.22098475967174677 0.01015625 0.008206330597889801
0 0.745703125 0.22098475967174677 0.01171875 0.009378663540445486
0 0.4484375 0.2186400937866354 0.0046875 0.004689331770222743
0 0.59140625 0.2186400937866354 0.009375 0.005861664712778429
0 0.69140625 0.21834701055099648 0.009375 0.0076201641266119575
0 0.83203125 0.21805392731535755 0.0125 0.008206330597889801
0 0.655078125 0.21776084407971863 0.00859375 0.0076201641266119575
0 0.490234375 0.21658851113716296 0.00859375 0.0076201641266119575
0 0.401171875 0.21483001172332944 0.01015625 0.006447831184056272
0 0.55546875 0.21277842907385697 0.0078125 0.007033997655334115
0 0.712890625 0.21131301289566237 0.00703125 0.0076201641266119575
0 0.378125 0.21014067995310667 0.0078125 0.006447831184056272
0 0.46796875 0.2077960140679953 0.00625 0.005275498241500586
0 0.423828125 0.20867526377491208 0.01015625 0.008206330597889801
0 0.509765625 0.2077960140679953 0.01015625 0.0076201641266119575
0 0.675 0.20691676436107856 0.00625 0.007033997655334115
0 0.732421875 0.20662368112543963 0.01015625 0.008792497069167644
0 0.57578125 0.205158264947245 0.009375 0.008206330597889801
0 0.355859375 0.2022274325908558 0.00703125 0.005861664712778429
0 0.534765625 0.20193434935521687 0.00703125 0.0076201641266119575
0 0.44609375 0.19900351699882768 0.0046875 0.004103165298944901
0 0.7546875 0.2007620164126612 0.0125 0.00996483001172333
0 0.696484375 0.19841735052754983 0.00390625 0.006447831184056272
0 0.490234375 0.1981242672919109 0.00703125 0.007033997655334115
0 0.80234375 0.1969519343493552 0.0125 0.009378663540445486
0 0.5546875 0.19343493552168817 0.009375 0.007033997655334115
0 0.716015625 0.19314185228604924 0.00859375 0.0076201641266119575
0 0.615625 0.19138335287221572 0.0078125 0.008792497069167644
0 0.51953125 0.18903868698710433 0.0046875 0.004103165298944901
0 0.309765625 0.1899179366940211 0.00546875 0.005861664712778429
0 0.666015625 0.1899179366940211 0.00859375 0.007033997655334115
0 0.58984375 0.18903868698710433 0.0046875 0.006447831184056272
0 0.73671875 0.18933177022274325 0.0109375 0.009378663540445486
0 0.42578125 0.18786635404454866 0.0046875 0.006447831184056272
0 0.76796875 0.18669402110199296 0.0125 0.008792497069167644
0 0.685546875 0.18200468933177022 0.01015625 0.0076201641266119575
0 0.49609375 0.1802461899179367 0.0078125 0.006447831184056272
0 0.472265625 0.179073856975381 0.00703125 0.006447831184056272
0 0.567578125 0.17878077373974208 0.00859375 0.007033997655334115
0 0.369921875 0.17672919109026963 0.00390625 0.0029308323563892145
0 0.798046875 0.179073856975381 0.01171875 0.00996483001172333
0 0.71640625 0.17584994138335286 0.009375 0.007033997655334115
0 0.534375 0.17555685814771396 0.0078125 0.0076201641266119575
0 0.399609375 0.17233294255568582 0.00703125 0.005861664712778429
0 0.7375 0.17145369284876905 0.0109375 0.008792497069167644
0 0.794921875 0.16441969519343494 0.00078125 0.0005861664712778429
0 0.585546875 0.16588511137162953 0.00546875 0.004689331770222743
0 0.794140625 0.16324736225087924 0.00078125 0.0005861664712778429
0 0.8265625 0.16735052754982416 0.0125 0.00996483001172333
0 0.693359375 0.16588511137162953 0.00859375 0.008206330597889801
0 0.617578125 0.16441969519343494 0.00859375 0.0076201641266119575
0 0.303515625 0.1611957796014068 0.00859375 0.007033997655334115
0 0.801171875 0.15738569753810083 0.00390625 0.0005861664712778429
0 0.51953125 0.16031652989449002 0.009375 0.006447831184056272
0 0.63984375 0.16060961313012895 0.0078125 0.008206330597889801
0 0.496484375 0.15885111371629543 0.00703125 0.005861664712778429
0 0.75703125 0.16002344665885113 0.0125 0.009378663540445486
0 0.778515625 0.15533411488862836 0.01328125 0.009378663540445486
0 0.553125 0.15445486518171161 0.0078125 0.0076201641266119575
0 0.277734375 0.15064478311840562 0.01171875 0.008206330597889801
0 0.255078125 0.1462485345838218 0.00078125 0.0005861664712778429
0 0.255859375 0.1444900351699883 0.00078125 0.0017584994138335288
0 0.732421875 0.14566236811254396 0.00703125 0.006447831184056272
0 0.66328125 0.14361078546307152 0.0078125 0.008206330597889801
0 0.337890625 0.14273153575615474 0.00703125 0.006447831184056272
0 0.3015625 0.141852286049238 0.0078125 0.005861664712778429
0 0.602734375 0.14155920281359907 0.00703125 0.0076201641266119575
0 0.501953125 0.13774912075029308 0.00859375 0.005861664712778429
0 0.639453125 0.1368698710433763 0.00859375 0.006447831184056272
0 0.558984375 0.13569753810082064 0.00546875 0.004103165298944901
0 0.478125 0.1324736225087925 0.00625 0.005861664712778429
0 0.198828125 0.1283704572098476 0.00546875 0.005861664712778429
0 0.19375 0.12045720984759671 0.0046875 0.0005861664712778429
