0 0.2828125 0.8734375 0.009375 0.013541666666666667
0 0.398828125 0.871875 0.00859375 0.0125
0 0.381640625 0.8692708333333333 0.00859375 0.013541666666666667
0 0.704296875 0.865625 0.00859375 0.0125
0 0.299609375 0.8651041666666667 0.00859375 0.013541666666666667
0 0.626171875 0.8625 0.00859375 0.0125
0 0.775390625 0.8598958333333333 0.00859375 0.011458333333333333
0 0.672265625 0.8598958333333333 0.00859375 0.013541666666666667
0 0.721484375 0.8557291666666667 0.00859375 0.011458333333333333
0 0.6890625 0.85625 0.0078125 0.0125
0 0.366796875 0.85625 0.00859375 0.0125
0 0.738671875 0.8552083333333333 0.00703125 0.0125
0 0.644921875 0.8552083333333333 0.00703125 0.0125
0 0.497265625 0.8515625 0.00859375 0.011458333333333333
0 0.59375 0.8494791666666667 0.0046875 0.011458333333333333
0 0.346484375 0.8479166666666667 0.00859375 0.0125
0 0.8234375 0.846875 0.009375 0.0125
0 0.897265625 0.8427083333333333 0.01015625 0.0125
0 0.752734375 0.8416666666666667 0.00859375 0.010416666666666666
0 0.55546875 0.8401041666666667 0.0078125 0.011458333333333333
0 0.440625 0.8401041666666667 0.0078125 0.011458333333333333
0 0.76953125 0.8385416666666666 0.0078125 0.0125
0 0.527734375 0.8380208333333333 0.00703125 0.011458333333333333
0 0.710546875 0.8369791666666667 0.00859375 0.011458333333333333
0 0.417578125 0.8369791666666667 0.00859375 0.011458333333333333
0 0.6546875 0.8359375 0.0078125 0.011458333333333333
0 0.679296875 0.8348958333333333 0.00859375 0.011458333333333333
0 0.729296875 0.834375 0.00859375 0.0125
0 0.636328125 0.8338541666666667 0.00546875 0.011458333333333333
0 0.61875 0.8338541666666667 0.0046875 0.011458333333333333
0 0.510546875 0.8328125 0.00859375 0.011458333333333333
0 0.45546875 0.83125 0.0046875 0.010416666666666666
0 0.923046875 0.8291666666666667 0.00859375 0.0125
0 0.601171875 0.8276041666666667 0.00703125 0.011458333333333333
0 0.393359375 0.8276041666666667 0.00859375 0.011458333333333333
0 0.938671875 0.8255208333333334 0.00859375 0.011458333333333333
0 0.90546875 0.825 0.009375 0.0125
0 0.69453125 0.825 0.0078125 0.0125
0 0.373046875 0.8244791666666667 0.00859375 0.013541666666666667
0 0.8203125 0.8229166666666666 0.009375 0.0125
0 0.175390625 0.8223958333333333 0.01015625 0.013541666666666667
0 0.744140625 0.8208333333333333 0.00859375 0.0125
0 0.66640625 0.8197916666666667 0.009375 0.0125
0 0.7609375 0.8171875 0.0078125 0.011458333333333333
0 0.43671875 0.815625 0.0078125 0.0125
0 0.7125 0.8151041666666666 0.009375 0.013541666666666667
0 0.53359375 0.8135416666666667 0.0078125 0.0125
0 0.46953125 0.8130208333333333 0.00625 0.011458333333333333
0 0.503515625 0.8114583333333333 0.00859375 0.0125
0 0.65078125 0.8078125 0.00625 0.011458333333333333
0 0.60625 0.8057291666666667 0.0078125 0.011458333333333333
0 0.41875 0.803125 0.0078125 0.010416666666666666
0 0.450390625 0.8026041666666667 0.00703125 0.011458333333333333
0 0.8265625 0.8 0.009375 0.0125
0 0.671484375 0.7984375 0.00859375 0.011458333333333333
0 0.519140625 0.7989583333333333 0.00859375 0.0125
0 0.356640625 0.7989583333333333 0.00859375 0.0125
0 0.48984375 0.7973958333333333 0.0078125 0.011458333333333333
0 0.863671875 0.796875 0.01015625 0.0125
0 0.621484375 0.7963541666666667 0.00859375 0.011458333333333333
0 0.745703125 0.7958333333333333 0.00859375 0.0125
0 0.573046875 0.7942708333333334 0.00859375 0.011458333333333333
0 0.534765625 0.7901041666666667 0.00859375 0.011458333333333333
0 0.761328125 0.7895833333333333 0.00859375 0.0125
0 0.555859375 0.7880208333333333 0.00859375 0.011458333333333333
0 0.39453125 0.7869791666666667 0.0078125 0.011458333333333333
0 0.5953125 0.7864583333333334 0.0078125 0.0125
0 0.50546875 0.7864583333333334 0.0078125 0.0125
0 0.371484375 0.7864583333333334 0.00859375 0.0125
0 0.712109375 0.7854166666666667 0.00859375 0.0125
0 0.657421875 0.7838541666666666 0.00859375 0.011458333333333333
0 0.8 0.7833333333333333 0.009375 0.0125
0 0.417578125 0.7796875 0.00859375 0.011458333333333333
0 0.611328125 0.778125 0.00859375 0.010416666666666666
0 0.48203125 0.7776041666666667 0.0078125 0.011458333333333333
0 0.434375 0.778125 0.0078125 0.0125
0 0.865625 0.7744791666666667 0.009375 0.011458333333333333
0 0.330078125 0.7744791666666667 0.00859375 0.011458333333333333
0 0.676953125 0.7739583333333333 0.00859375 0.0125
0 0.5203125 0.7734375 0.0078125 0.011458333333333333
0 0.575390625 0.7713541666666667 0.00859375 0.011458333333333333
0 0.544140625 0.7713541666666667 0.00859375 0.011458333333333333
0 0.358984375 0.771875 0.00859375 0.0125
0 0.19140625 0.771875 0.009375 0.0125
0 0.38359375 0.7692708333333333 0.0078125 0.011458333333333333
0 0.77265625 0.7651041666666667 0.009375 0.011458333333333333
0 0.704296875 0.7645833333333333 0.00859375 0.010416666666666666
0 0.304296875 0.765625 0.00859375 0.0125
0 0.623828125 0.7640625 0.00859375 0.011458333333333333
0 0.798828125 0.7609375 0.00546875 0.011458333333333333
0 0.658984375 0.7609375 0.00859375 0.011458333333333333
0 0.590234375 0.7609375 0.00859375 0.011458333333333333
0 0.499609375 0.7609375 0.00859375 0.011458333333333333
0 0.531640625 0.7557291666666667 0.00859375 0.011458333333333333
0 0.466015625 0.7552083333333334 0.00859375 0.010416666666666666
0 0.340234375 0.7552083333333334 0.00859375 0.0125
0 0.321875 0.7546875 0.009375 0.011458333333333333
0 0.482421875 0.7541666666666667 0.00703125 0.0125
0 0.605078125 0.7520833333333333 0.00859375 0.010416666666666666
0 0.553125 0.7520833333333333 0.0078125 0.0125
0 0.575390625 0.7473958333333334 0.00859375 0.011458333333333333
0 0.51328125 0.7473958333333334 0.0078125 0.011458333333333333
0 0.383984375 0.7463541666666667 0.00703125 0.011458333333333333
0 0.19921875 0.7447916666666666 0.009375 0.0125
0 0.668359375 0.7432291666666667 0.00859375 0.011458333333333333
0 0.8578125 0.7427083333333333 0.009375 0.0125
0 0.4421875 0.7416666666666667 0.0078125 0.010416666666666666
0 0.3546875 0.7421875 0.0078125 0.011458333333333333
0 0.621484375 0.7401041666666667 0.00859375 0.011458333333333333
0 0.4953125 0.7390625 0.0078125 0.011458333333333333
0 0.59140625 0.7380208333333333 0.0078125 0.011458333333333333
0 0.540625 0.7369791666666666 0.0078125 0.011458333333333333
0 0.771875 0.7348958333333333 0.00625 0.011458333333333333
0 0.332421875 0.7348958333333333 0.00859375 0.011458333333333333
0 0.40859375 0.7333333333333333 0.0078125 0.010416666666666666
0 0.309765625 0.7328125 0.00859375 0.011458333333333333
0 0.83125 0.7322916666666667 0.0078125 0.0125
0 0.561328125 0.7317708333333334 0.00859375 0.011458333333333333
0 0.45625 0.7296875 0.0078125 0.011458333333333333
0 0.728515625 0.7286458333333333 0.00859375 0.011458333333333333
0 0.52265625 0.7286458333333333 0.0078125 0.011458333333333333
0 0.651171875 0.7276041666666667 0.00703125 0.011458333333333333
0 0.43046875 0.7260416666666667 0.0078125 0.010416666666666666
0 0.607421875 0.7260416666666667 0.00859375 0.0125
0 0.674609375 0.7229166666666667 0.00859375 0.010416666666666666
0 0.874609375 0.7223958333333333 0.00859375 0.011458333333333333
0 0.3921875 0.721875 0.0078125 0.010416666666666666
0 0.2078125 0.7229166666666667 0.009375 0.0125
0 0.50625 0.7213541666666666 0.0078125 0.011458333333333333
0 0.4859375 0.7203125 0.0078125 0.011458333333333333
0 0.278125 0.7192708333333333 0.009375 0.011458333333333333
0 0.190625 0.7192708333333333 0.009375 0.011458333333333333
0 0.36953125 0.7182291666666667 0.0078125 0.011458333333333333
0 0.58359375 0.7171875 0.0078125 0.011458333333333333
0 0.548046875 0.7166666666666667 0.00859375 0.010416666666666666
0 0.2609375 0.7171875 0.009375 0.011458333333333333
0 0.621875 0.7161458333333334 0.0078125 0.011458333333333333
0 0.294921875 0.7145833333333333 0.00859375 0.0125
0 0.74140625 0.7130208333333333 0.009375 0.011458333333333333
0 0.46875 0.7130208333333333 0.0078125 0.011458333333333333
0 0.350390625 0.7130208333333333 0.00859375 0.011458333333333333
0 0.770703125 0.7119791666666667 0.00859375 0.011458333333333333
0 0.41484375 0.7119791666666667 0.0078125 0.011458333333333333
0 0.333203125 0.7119791666666667 0.00859375 0.011458333333333333
0 0.56484375 0.7104166666666667 0.0078125 0.010416666666666666
0 0.53203125 0.7098958333333333 0.0078125 0.011458333333333333
0 0.31171875 0.7088541666666667 0.009375 0.011458333333333333
0 0.4515625 0.7057291666666666 0.0078125 0.011458333333333333
0 0.864453125 0.703125 0.01015625 0.010416666666666666
0 0.59921875 0.7036458333333333 0.0078125 0.011458333333333333
0 0.648828125 0.7020833333333333 0.00859375 0.010416666666666666
0 0.515625 0.7026041666666667 0.00625 0.011458333333333333
0 0.38671875 0.7010416666666667 0.0078125 0.010416666666666666
0 0.75546875 0.6984375 0.0046875 0.011458333333333333
0 0.4859375 0.6973958333333333 0.0078125 0.011458333333333333
0 0.5453125 0.6947916666666667 0.0046875 0.010416666666666666
0 0.58359375 0.69375 0.0078125 0.010416666666666666
0 0.4703125 0.6911458333333333 0.0078125 0.011458333333333333
0 0.420703125 0.690625 0.00859375 0.010416666666666666
0 0.401953125 0.6911458333333333 0.00703125 0.011458333333333333
0 0.288671875 0.6911458333333333 0.00859375 0.011458333333333333
0 0.340234375 0.6895833333333333 0.00859375 0.010416666666666666
0 0.50078125 0.6890625 0.0078125 0.011458333333333333
0 0.37265625 0.6885416666666667 0.0078125 0.010416666666666666
0 0.322265625 0.6890625 0.00859375 0.011458333333333333
0 0.771875 0.6885416666666667 0.009375 0.0125
0 0.4375 0.6875 0.00625 0.010416666666666666
0 0.559375 0.6864583333333333 0.0078125 0.010416666666666666
0 0.4546875 0.6838541666666667 0.0078125 0.011458333333333333
0 0.356640625 0.6838541666666667 0.00859375 0.011458333333333333
0 0.79921875 0.6817708333333333 0.009375 0.011458333333333333
0 0.304296875 0.6817708333333333 0.00859375 0.011458333333333333
0 0.48671875 0.6755208333333333 0.0078125 0.011458333333333333
0 0.53671875 0.6744791666666666 0.0078125 0.011458333333333333
0 0.51953125 0.6744791666666666 0.0078125 0.011458333333333333
0 0.759375 0.6734375 0.009375 0.011458333333333333
0 0.78359375 0.6713541666666667 0.009375 0.009375
0 0.409375 0.671875 0.0078125 0.010416666666666666
0 0.383203125 0.6708333333333333 0.00703125 0.010416666666666666
0 0.34453125 0.6677083333333333 0.0078125 0.010416666666666666
0 0.862890625 0.6671875 0.01015625 0.011458333333333333
0 0.5515625 0.6666666666666666 0.0078125 0.010416666666666666
0 0.318359375 0.6671875 0.00859375 0.011458333333333333
0 0.6109375 0.665625 0.0078125 0.010416666666666666
0 0.269921875 0.6661458333333333 0.00859375 0.011458333333333333
0 0.74375 0.6651041666666667 0.009375 0.011458333333333333
0 0.578125 0.6651041666666667 0.0078125 0.011458333333333333
0 0.43046875 0.6645833333333333 0.0078125 0.010416666666666666
0 0.29375 0.6645833333333333 0.0078125 0.010416666666666666
0 0.837890625 0.6619791666666667 0.01015625 0.011458333333333333
0 0.47421875 0.6598958333333333 0.0078125 0.011458333333333333
0 0.369921875 0.6567708333333333 0.00703125 0.009375
0 0.39609375 0.6552083333333333 0.0078125 0.010416666666666666
0 0.25234375 0.6552083333333333 0.0078125 0.010416666666666666
0 0.218359375 0.6541666666666667 0.00859375 0.010416666666666666
0 0.73203125 0.6489583333333333 0.009375 0.010416666666666666
0 0.528125 0.6473958333333333 0.0078125 0.011458333333333333
0 0.41171875 0.646875 0.0078125 0.010416666666666666
0 0.324609375 0.6458333333333334 0.00703125 0.010416666666666666
0 0.3421875 0.6447916666666667 0.0078125 0.010416666666666666
0 0.305859375 0.6453125 0.00859375 0.011458333333333333
0 0.57734375 0.64375 0.0078125 0.010416666666666666
0 0.288671875 0.64375 0.00859375 0.010416666666666666
0 0.42890625 0.6421875 0.0078125 0.011458333333333333
0 0.35859375 0.640625 0.0078125 0.010416666666666666
0 0.6 0.634375 0.0078125 0.010416666666666666
0 0.257421875 0.6338541666666667 0.00859375 0.009375
0 0.719921875 0.6338541666666667 0.00859375 0.011458333333333333
0 0.4609375 0.6333333333333333 0.0078125 0.010416666666666666
0 0.53984375 0.63125 0.0078125 0.010416666666666666
0 0.27421875 0.63125 0.0078125 0.010416666666666666
0 0.3890625 0.6296875 0.0078125 0.009375
0 0.804296875 0.6291666666666667 0.01015625 0.010416666666666666
0 0.48671875 0.6291666666666667 0.0078125 0.010416666666666666
0 0.73515625 0.628125 0.0078125 0.010416666666666666
0 0.315625 0.6270833333333333 0.0078125 0.010416666666666666
0 0.840625 0.6265625 0.0078125 0.011458333333333333
0 0.44140625 0.6244791666666667 0.0078125 0.009375
0 0.334375 0.625 0.0078125 0.010416666666666666
0 0.29921875 0.6255208333333333 0.0078125 0.011458333333333333
0 0.75078125 0.621875 0.009375 0.010416666666666666
0 0.70703125 0.6203125 0.009375 0.009375
0 0.40625 0.6151041666666667 0.0078125 0.009375
0 0.610546875 0.6130208333333333 0.00859375 0.009375
0 0.577734375 0.6135416666666667 0.00703125 0.010416666666666666
0 0.8546875 0.6109375 0.0109375 0.011458333333333333
0 0.3578125 0.609375 0.0078125 0.010416666666666666
0 0.2703125 0.609375 0.0078125 0.010416666666666666
0 0.253125 0.6088541666666667 0.0078125 0.009375
0 0.32421875 0.6072916666666667 0.0078125 0.010416666666666666
0 0.2890625 0.6072916666666667 0.0078125 0.010416666666666666
0 0.30625 0.6046875 0.0078125 0.011458333333333333
0 0.340625 0.6005208333333333 0.0078125 0.007291666666666667
0 0.4734375 0.6 0.0078125 0.010416666666666666
0 0.175 0.5989583333333334 0.0078125 0.008333333333333333
0 0.3890625 0.5958333333333333 0.0078125 0.010416666666666666
0 0.458203125 0.59375 0.00703125 0.010416666666666666
0 0.262109375 0.590625 0.00703125 0.008333333333333333
0 0.21796875 0.5901041666666667 0.0078125 0.009375
0 0.36015625 0.5875 0.0078125 0.010416666666666666
0 0.8609375 0.5869791666666667 0.009375 0.011458333333333333
0 0.296875 0.5869791666666667 0.0078125 0.011458333333333333
0 0.321875 0.5859375 0.0078125 0.011458333333333333
0 0.548828125 0.5838541666666667 0.00703125 0.009375
0 0.27890625 0.584375 0.0078125 0.010416666666666666
0 0.2390625 0.5833333333333334 0.00625 0.010416666666666666
0 0.475390625 0.5791666666666667 0.00703125 0.010416666666666666
0 0.395703125 0.5760416666666667 0.00703125 0.010416666666666666
0 0.348046875 0.5713541666666667 0.00703125 0.007291666666666667
0 0.20703125 0.5713541666666667 0.0078125 0.009375
0 0.255859375 0.5697916666666667 0.00703125 0.010416666666666666
0 0.36875 0.56875 0.0078125 0.010416666666666666
0 0.311328125 0.56875 0.00859375 0.010416666666666666
0 0.177734375 0.5671875 0.00703125 0.009375
0 0.28984375 0.5671875 0.0078125 0.011458333333333333
0 0.328125 0.565625 0.0078125 0.010416666666666666
0 0.272265625 0.5651041666666666 0.00859375 0.011458333333333333
0 0.2390625 0.5614583333333333 0.00625 0.010416666666666666
0 0.221875 0.5588541666666667 0.00625 0.007291666666666667
0 0.20703125 0.5494791666666666 0.0078125 0.009375
0 0.30078125 0.5489583333333333 0.0078125 0.010416666666666666
0 0.256640625 0.5479166666666667 0.00703125 0.010416666666666666
0 0.28359375 0.546875 0.0078125 0.010416666666666666
0 0.31640625 0.5401041666666667 0.0078125 0.011458333333333333
0 0.23671875 0.5385416666666667 0.0078125 0.010416666666666666
0 0.219921875 0.5338541666666666 0.00703125 0.009375
0 0.365234375 0.5328125 0.00703125 0.009375
0 0.26875 0.5328125 0.0078125 0.009375
0 0.882421875 0.5302083333333333 0.00859375 0.010416666666666666
0 0.865625 0.5302083333333333 0.009375 0.010416666666666666
0 0.38203125 0.5276041666666667 0.0078125 0.009375
0 0.188671875 0.5276041666666667 0.00546875 0.009375
0 0.30078125 0.5270833333333333 0.0078125 0.010416666666666666
0 0.251171875 0.5265625 0.00859375 0.009375
0 0.28359375 0.5229166666666667 0.0078125 0.010416666666666666
0 0.23203125 0.5182291666666666 0.00625 0.007291666666666667
0 0.20546875 0.5197916666666667 0.0078125 0.010416666666666666
0 0.798828125 0.5192708333333333 0.01015625 0.011458333333333333
0 0.823046875 0.5166666666666667 0.01015625 0.010416666666666666
0 0.26328125 0.5114583333333333 0.0078125 0.010416666666666666
0 0.884765625 0.5098958333333333 0.01015625 0.009375
0 0.681640625 0.5098958333333333 0.00859375 0.009375
0 0.175390625 0.5088541666666667 0.00859375 0.009375
0 0.246484375 0.5057291666666667 0.00703125 0.009375
0 0.19296875 0.50625 0.0078125 0.010416666666666666
0 0.15859375 0.5046875 0.0078125 0.009375
0 0.835546875 0.5036458333333333 0.01015625 0.009375
0 0.216796875 0.5036458333333333 0.00703125 0.009375
0 0.751953125 0.5026041666666666 0.00859375 0.011458333333333333
0 0.298046875 0.5020833333333333 0.00859375 0.010416666666666666
0 0.279296875 0.5020833333333333 0.00859375 0.010416666666666666
0 0.77578125 0.49166666666666664 0.009375 0.010416666666666666
0 0.26015625 0.4901041666666667 0.0078125 0.009375
0 0.1828125 0.4901041666666667 0.0078125 0.009375
0 0.409765625 0.4890625 0.00703125 0.009375
0 0.616015625 0.4869791666666667 0.00703125 0.009375
0 0.226953125 0.4859375 0.00703125 0.009375
0 0.24375 0.484375 0.0078125 0.010416666666666666
0 0.2875 0.4822916666666667 0.0078125 0.010416666666666666
0 0.748828125 0.48020833333333335 0.00859375 0.010416666666666666
0 0.391015625 0.4786458333333333 0.00703125 0.009375
0 0.212109375 0.475 0.00390625 0.00625
0 0.765234375 0.47604166666666664 0.00859375 0.010416666666666666
0 0.255859375 0.46927083333333336 0.00703125 0.009375
0 0.865234375 0.4671875 0.01015625 0.007291666666666667
0 0.275 0.4671875 0.0078125 0.009375
0 0.403125 0.465625 0.0078125 0.010416666666666666
0 0.6375 0.4625 0.0078125 0.010416666666666666
0 0.84765625 0.459375 0.009375 0.010416666666666666
0 0.222265625 0.4578125 0.00703125 0.009375
0 0.205078125 0.4552083333333333 0.00703125 0.008333333333333333
0 0.28828125 0.45364583333333336 0.0078125 0.009375
0 0.798828125 0.453125 0.00859375 0.010416666666666666
0 0.305078125 0.4505208333333333 0.00703125 0.009375
0 0.247265625 0.4484375 0.00546875 0.005208333333333333
0 0.833203125 0.44947916666666665 0.00859375 0.009375
0 0.872265625 0.4479166666666667 0.01015625 0.010416666666666666
0 0.4953125 0.4453125 0.0078125 0.009375
0 0.2640625 0.44427083333333334 0.00625 0.007291666666666667
0 0.230078125 0.43802083333333336 0.00703125 0.009375
0 0.369921875 0.43645833333333334 0.00703125 0.010416666666666666
0 0.339453125 0.4359375 0.00703125 0.009375
0 0.476171875 0.4348958333333333 0.00703125 0.009375
0 0.769921875 0.434375 0.00859375 0.010416666666666666
0 0.2828125 0.4322916666666667 0.0046875 0.00625
0 0.213671875 0.4328125 0.00703125 0.009375
0 0.313671875 0.43125 0.00703125 0.008333333333333333
0 0.245703125 0.428125 0.00859375 0.008333333333333333
0 0.864453125 0.4276041666666667 0.01015625 0.009375
0 0.81171875 0.41875 0.009375 0.010416666666666666
0 0.794140625 0.4166666666666667 0.00859375 0.010416666666666666
0 0.359375 0.4166666666666667 0.0078125 0.010416666666666666
0 0.232421875 0.41510416666666666 0.00703125 0.009375
0 0.773046875 0.41354166666666664 0.01015625 0.010416666666666666
0 0.321484375 0.4125 0.00703125 0.008333333333333333
0 0.2671875 0.4125 0.0078125 0.008333333333333333
0 0.6421875 0.4125 0.0078125 0.010416666666666666
0 0.30546875 0.4119791666666667 0.0078125 0.009375
0 0.733203125 0.40989583333333335 0.00390625 0.009375
0 0.251171875 0.4015625 0.00546875 0.005208333333333333
0 0.834375 0.40208333333333335 0.009375 0.010416666666666666
0 0.28515625 0.39947916666666666 0.0078125 0.009375
0 0.329296875 0.39479166666666665 0.00703125 0.010416666666666666
0 0.787109375 0.3927083333333333 0.00703125 0.008333333333333333
0 0.76953125 0.3927083333333333 0.0078125 0.010416666666666666
0 0.266796875 0.39010416666666664 0.00546875 0.005208333333333333
0 0.301953125 0.3875 0.00703125 0.010416666666666666
0 0.811328125 0.38697916666666665 0.01015625 0.011458333333333333
0 0.746484375 0.3802083333333333 0.00859375 0.010416666666666666
0 0.287109375 0.37864583333333335 0.00703125 0.009375
0 0.238671875 0.37864583333333335 0.00703125 0.009375
0 0.25546875 0.37552083333333336 0.0078125 0.007291666666666667
0 0.7765625 0.37395833333333334 0.009375 0.010416666666666666
0 0.79921875 0.37083333333333335 0.009375 0.008333333333333333
0 0.271484375 0.371875 0.00703125 0.010416666666666666
0 0.330859375 0.3692708333333333 0.00703125 0.009375
0 0.59140625 0.36614583333333334 0.0078125 0.009375
0 0.37578125 0.3625 0.0078125 0.010416666666666666
0 0.228125 0.3619791666666667 0.0078125 0.009375
0 0.194140625 0.36041666666666666 0.00546875 0.00625
0 0.703125 0.359375 0.009375 0.010416666666666666
0 0.283984375 0.35833333333333334 0.00703125 0.008333333333333333
0 0.829296875 0.35833333333333334 0.00546875 0.010416666666666666
0 0.83359375 0.35208333333333336 0.0015625 0.0020833333333333333
0 0.78828125 0.35572916666666665 0.009375 0.011458333333333333
0 0.76640625 0.3541666666666667 0.009375 0.010416666666666666
0 0.347265625 0.3541666666666667 0.00703125 0.010416666666666666
0 0.3 0.35260416666666666 0.0078125 0.009375
0 0.320703125 0.3489583333333333 0.00703125 0.010416666666666666
0 0.20859375 0.3453125 0.00625 0.005208333333333333
0 0.450390625 0.3458333333333333 0.00703125 0.010416666666666666
0 0.678515625 0.34479166666666666 0.00703125 0.010416666666666666
0 0.713671875 0.34427083333333336 0.00859375 0.011458333333333333
0 0.360546875 0.3421875 0.00703125 0.009375
0 0.8390625 0.34270833333333334 0.009375 0.0125
0 0.694140625 0.3416666666666667 0.00703125 0.010416666666666666
0 0.58828125 0.3411458333333333 0.0078125 0.009375
0 0.280078125 0.3375 0.00703125 0.008333333333333333
0 0.306640625 0.3328125 0.00703125 0.009375
0 0.233984375 0.3296875 0.00703125 0.009375
0 0.199609375 0.3296875 0.00703125 0.009375
0 0.250390625 0.32708333333333334 0.00703125 0.00625
0 0.34453125 0.32760416666666664 0.00625 0.009375
0 0.672265625 0.3260416666666667 0.00859375 0.010416666666666666
0 0.26640625 0.32447916666666665 0.00625 0.007291666666666667
0 0.366796875 0.3229166666666667 0.00703125 0.010416666666666666
0 0.728515625 0.31979166666666664 0.00859375 0.010416666666666666
0 0.525 0.31927083333333334 0.0078125 0.009375
0 0.329296875 0.31979166666666664 0.00703125 0.010416666666666666
0 0.71171875 0.31927083333333334 0.0078125 0.011458333333333333
0 0.3859375 0.3140625 0.0078125 0.009375
0 0.61640625 0.3140625 0.0078125 0.011458333333333333
0 0.313671875 0.31354166666666666 0.00703125 0.010416666666666666
0 0.43984375 0.3125 0.0078125 0.010416666666666666
0 0.281640625 0.3098958333333333 0.00703125 0.009375
0 0.78203125 0.309375 0.009375 0.010416666666666666
0 0.5109375 0.309375 0.0078125 0.010416666666666666
0 0.345703125 0.3067708333333333 0.00703125 0.009375
0 0.251953125 0.3067708333333333 0.00703125 0.009375
0 0.21171875 0.3046875 0.00625 0.007291666666666667
0 0.55625 0.30520833333333336 0.0078125 0.010416666666666666
0 0.29765625 0.3046875 0.0078125 0.009375
0 0.37109375 0.303125 0.0078125 0.008333333333333333
0 0.22890625 0.3015625 0.0078125 0.009375
0 0.741015625 0.3015625 0.00859375 0.011458333333333333
0 0.2671875 0.3 0.0078125 0.010416666666666666
0 0.524609375 0.2984375 0.00703125 0.009375
0 0.716796875 0.296875 0.00859375 0.010416666666666666
0 0.569921875 0.29635416666666664 0.00703125 0.009375
0 0.33359375 0.29375 0.0078125 0.010416666666666666
0 0.3171875 0.29270833333333335 0.0078125 0.008333333333333333
0 0.356640625 0.2916666666666667 0.00703125 0.010416666666666666
0 0.198828125 0.29010416666666666 0.00703125 0.009375
0 0.291015625 0.2859375 0.00703125 0.009375
0 0.218359375 0.28541666666666665 0.00703125 0.008333333333333333
0 0.702734375 0.2859375 0.00859375 0.011458333333333333
0 0.534765625 0.28177083333333336 0.00703125 0.009375
0 0.439453125 0.28125 0.00703125 0.008333333333333333
0 0.2609375 0.28177083333333336 0.0078125 0.009375
0 0.381640625 0.28020833333333334 0.00703125 0.010416666666666666
0 0.403515625 0.2786458333333333 0.00703125 0.009375
0 0.306640625 0.278125 0.00703125 0.010416666666666666
0 0.628125 0.27760416666666665 0.0078125 0.011458333333333333
0 0.36640625 0.2760416666666667 0.0078125 0.010416666666666666
0 0.669140625 0.2755208333333333 0.00859375 0.011458333333333333
0 0.558203125 0.27447916666666666 0.00703125 0.009375
0 0.33984375 0.27447916666666666 0.0078125 0.009375
0 0.3234375 0.2734375 0.0078125 0.009375
0 0.28203125 0.26875 0.0078125 0.010416666666666666
0 0.705078125 0.26666666666666666 0.00859375 0.0125
0 0.723828125 0.26458333333333334 0.00859375 0.010416666666666666
0 0.353515625 0.2635416666666667 0.00703125 0.010416666666666666
0 0.24453125 0.2635416666666667 0.0078125 0.010416666666666666
0 0.208203125 0.2635416666666667 0.00859375 0.010416666666666666
0 0.394140625 0.2625 0.00703125 0.010416666666666666
0 0.533203125 0.26145833333333335 0.00703125 0.010416666666666666
0 0.448046875 0.2578125 0.00703125 0.009375
0 0.374609375 0.25833333333333336 0.00703125 0.010416666666666666
0 0.553515625 0.2546875 0.00703125 0.009375
0 0.316796875 0.2557291666666667 0.00703125 0.011458333333333333
0 0.6171875 0.25364583333333335 0.0078125 0.011458333333333333
0 0.3359375 0.253125 0.0078125 0.010416666666666666
0 0.66015625 0.25 0.0078125 0.010416666666666666
0 0.603125 0.24583333333333332 0.0078125 0.010416666666666666
0 0.302734375 0.24583333333333332 0.00703125 0.010416666666666666
0 0.727734375 0.24583333333333332 0.00859375 0.0125
0 0.437890625 0.240625 0.00703125 0.010416666666666666
0 0.365234375 0.24010416666666667 0.00703125 0.009375
0 0.5359375 0.23958333333333334 0.0078125 0.010416666666666666
0 0.212890625 0.23854166666666668 0.00859375 0.010416666666666666
0 0.27578125 0.23802083333333332 0.0078125 0.011458333333333333
0 0.45703125 0.23645833333333333 0.00625 0.010416666666666666
0 0.380859375 0.2359375 0.00703125 0.009375
0 0.25859375 0.23645833333333333 0.0078125 0.010416666666666666
0 0.5890625 0.23385416666666667 0.0078125 0.009375
0 0.342578125 0.234375 0.00703125 0.010416666666666666
0 0.32578125 0.23020833333333332 0.0078125 0.010416666666666666
0 0.3953125 0.22708333333333333 0.0078125 0.010416666666666666
0 0.467578125 0.22135416666666666 0.00703125 0.011458333333333333
0 0.370703125 0.2203125 0.00703125 0.009375
0 0.284375 0.21979166666666666 0.0078125 0.010416666666666666
0 0.45234375 0.21770833333333334 0.0078125 0.010416666666666666
0 0.312109375 0.21666666666666667 0.00703125 0.010416666666666666
