0 0.333203125 0.9239583333333333 0.01015625 0.014583333333333334
0 0.434375 0.8260416666666667 0.009375 0.0125
0 0.683203125 0.8213541666666667 0.01015625 0.013541666666666667
0 0.50625 0.8130208333333333 0.009375 0.013541666666666667
0 0.570703125 0.8088541666666667 0.00859375 0.013541666666666667
0 0.59140625 0.8046875 0.009375 0.013541666666666667
0 0.33359375 0.8046875 0.009375 0.013541666666666667
0 0.523046875 0.8036458333333333 0.00859375 0.013541666666666667
0 0.628125 0.8026041666666667 0.009375 0.013541666666666667
0 0.703125 0.8015625 0.009375 0.013541666666666667
0 0.18984375 0.7994791666666666 0.009375 0.013541666666666667
0 0.732421875 0.7953125 0.01015625 0.013541666666666667
0 0.68515625 0.7942708333333334 0.009375 0.013541666666666667
0 0.539453125 0.7932291666666667 0.00859375 0.013541666666666667
0 0.858984375 0.7854166666666667 0.01015625 0.0125
0 0.666796875 0.7859375 0.01015625 0.013541666666666667
0 0.564453125 0.7828125 0.00859375 0.013541666666666667
0 0.633984375 0.7796875 0.01015625 0.011458333333333333
0 0.616015625 0.7791666666666667 0.00859375 0.0125
0 0.494140625 0.7739583333333333 0.00859375 0.0125
0 0.76015625 0.7692708333333333 0.009375 0.013541666666666667
0 0.680859375 0.7692708333333333 0.01015625 0.013541666666666667
0 0.545703125 0.76875 0.00859375 0.0125
0 0.6546875 0.7671875 0.009375 0.013541666666666667
0 0.584765625 0.7666666666666667 0.01015625 0.0125
0 0.6015625 0.7635416666666667 0.009375 0.0125
0 0.509375 0.7588541666666667 0.009375 0.013541666666666667
0 0.4359375 0.7583333333333333 0.009375 0.0125
0 0.7109375 0.7578125 0.009375 0.013541666666666667
0 0.4 0.7557291666666667 0.009375 0.013541666666666667
0 0.742578125 0.7536458333333333 0.01015625 0.013541666666666667
0 0.63515625 0.7526041666666666 0.009375 0.013541666666666667
0 0.820703125 0.7520833333333333 0.01015625 0.014583333333333334
0 0.617578125 0.7515625 0.00859375 0.013541666666666667
0 0.88203125 0.7505208333333333 0.0109375 0.013541666666666667
0 0.45703125 0.7505208333333333 0.009375 0.013541666666666667
0 0.669140625 0.7489583333333333 0.01015625 0.0125
0 0.36484375 0.7484375 0.009375 0.013541666666666667
0 0.694921875 0.7463541666666667 0.00859375 0.011458333333333333
0 0.724609375 0.7453125 0.01015625 0.013541666666666667
0 0.6515625 0.74375 0.009375 0.0125
0 0.553515625 0.7427083333333333 0.00859375 0.0125
0 0.8421875 0.7401041666666667 0.0109375 0.013541666666666667
0 0.44296875 0.7354166666666667 0.009375 0.0125
0 0.708984375 0.7338541666666667 0.01015625 0.013541666666666667
0 0.58984375 0.7317708333333334 0.009375 0.013541666666666667
0 0.480859375 0.73125 0.00859375 0.0125
0 0.6265625 0.7302083333333333 0.009375 0.0125
0 0.569140625 0.7307291666666667 0.00859375 0.013541666666666667
0 0.532421875 0.7291666666666666 0.00859375 0.0125
0 0.681640625 0.728125 0.01015625 0.0125
0 0.500390625 0.728125 0.00859375 0.0125
0 0.376171875 0.7276041666666667 0.00859375 0.013541666666666667
0 0.662109375 0.725 0.01015625 0.0125
0 0.64296875 0.7177083333333333 0.009375 0.0125
0 0.36015625 0.7177083333333333 0.009375 0.0125
0 0.840625 0.715625 0.0109375 0.0125
0 0.80234375 0.7140625 0.0109375 0.013541666666666667
0 0.340625 0.7119791666666667 0.0078125 0.011458333333333333
0 0.598046875 0.7114583333333333 0.00859375 0.0125
0 0.70703125 0.7104166666666667 0.009375 0.0125
0 0.576953125 0.709375 0.00859375 0.0125
0 0.488671875 0.709375 0.00859375 0.0125
0 0.56015625 0.7052083333333333 0.009375 0.0125
0 0.5265625 0.7020833333333333 0.009375 0.0125
0 0.457421875 0.6973958333333333 0.00859375 0.011458333333333333
0 0.505859375 0.6942708333333333 0.00859375 0.013541666666666667
0 0.35703125 0.6927083333333334 0.009375 0.0125
0 0.659765625 0.690625 0.00859375 0.0125
0 0.334765625 0.6901041666666666 0.00859375 0.011458333333333333
0 0.546484375 0.6875 0.00859375 0.0125
0 0.303125 0.6854166666666667 0.009375 0.0125
0 0.5296875 0.6796875 0.009375 0.011458333333333333
0 0.83125 0.6760416666666667 0.0109375 0.0125
0 0.5625 0.675 0.009375 0.0125
0 0.427734375 0.6744791666666666 0.00859375 0.011458333333333333
0 0.78828125 0.671875 0.0109375 0.0125
0 0.488671875 0.671875 0.00859375 0.0125
0 0.50703125 0.6708333333333333 0.0078125 0.0125
0 0.26796875 0.6677083333333333 0.009375 0.0125
0 0.38515625 0.6645833333333333 0.009375 0.0125
0 0.4453125 0.6630208333333333 0.009375 0.011458333333333333
0 0.653515625 0.6625 0.00859375 0.0125
0 0.30390625 0.6619791666666667 0.009375 0.013541666666666667
0 0.803125 0.6604166666666667 0.0109375 0.0125
0 0.403515625 0.6552083333333333 0.00859375 0.0125
0 0.51953125 0.6541666666666667 0.009375 0.0125
0 0.568359375 0.6520833333333333 0.00859375 0.0125
0 0.37265625 0.6484375 0.009375 0.011458333333333333
0 0.259765625 0.646875 0.00859375 0.0125
0 0.3171875 0.6447916666666667 0.009375 0.0125
0 0.278125 0.6416666666666667 0.009375 0.0125
0 0.33515625 0.6395833333333333 0.009375 0.0125
0 0.551953125 0.6364583333333333 0.00859375 0.0125
0 0.507421875 0.6338541666666667 0.00859375 0.011458333333333333
0 0.53515625 0.6328125 0.009375 0.011458333333333333
0 0.57578125 0.6322916666666667 0.009375 0.0125
0 0.809375 0.6302083333333334 0.0109375 0.0125
0 0.834765625 0.6260416666666667 0.00546875 0.010416666666666666
0 0.637109375 0.6177083333333333 0.00859375 0.010416666666666666
0 0.521484375 0.6171875 0.00859375 0.011458333333333333
0 0.342578125 0.6161458333333333 0.00859375 0.011458333333333333
0 0.557421875 0.6140625 0.00859375 0.011458333333333333
0 0.322265625 0.6130208333333333 0.00859375 0.011458333333333333
0 0.818359375 0.6119791666666666 0.01171875 0.013541666666666667
0 0.540625 0.6072916666666667 0.009375 0.0125
0 0.2203125 0.6057291666666667 0.009375 0.011458333333333333
0 0.35625 0.6 0.009375 0.0125
0 0.424609375 0.5875 0.00859375 0.010416666666666666
0 0.527734375 0.5848958333333333 0.00859375 0.011458333333333333
0 0.40234375 0.5838541666666667 0.0078125 0.011458333333333333
0 0.505078125 0.5822916666666667 0.00859375 0.010416666666666666
0 0.366796875 0.5817708333333333 0.00859375 0.011458333333333333
0 0.447265625 0.5807291666666666 0.00859375 0.011458333333333333
0 0.566796875 0.5791666666666667 0.00859375 0.010416666666666666
0 0.79453125 0.578125 0.0109375 0.0125
0 0.5515625 0.5677083333333334 0.0078125 0.010416666666666666
0 0.294140625 0.5682291666666667 0.00859375 0.011458333333333333
0 0.80859375 0.5661458333333333 0.0109375 0.011458333333333333
0 0.48203125 0.565625 0.0078125 0.010416666666666666
0 0.391015625 0.5666666666666667 0.00859375 0.0125
0 0.26796875 0.5661458333333333 0.009375 0.011458333333333333
0 0.320703125 0.5614583333333333 0.00859375 0.0125
0 0.451953125 0.5567708333333333 0.00859375 0.011458333333333333
0 0.424609375 0.5546875 0.00859375 0.011458333333333333
0 0.4078125 0.5536458333333333 0.009375 0.011458333333333333
0 0.356640625 0.553125 0.00859375 0.010416666666666666
0 0.4953125 0.5515625 0.0078125 0.011458333333333333
0 0.247265625 0.5515625 0.00859375 0.011458333333333333
0 0.851953125 0.5442708333333334 0.01171875 0.011458333333333333
0 0.391796875 0.5442708333333334 0.00859375 0.011458333333333333
0 0.37578125 0.5354166666666667 0.009375 0.0125
0 0.188671875 0.5322916666666667 0.00703125 0.008333333333333333
0 0.409765625 0.53125 0.00859375 0.010416666666666666
0 0.24765625 0.5286458333333334 0.009375 0.011458333333333333
0 0.21328125 0.5286458333333334 0.009375 0.011458333333333333
0 0.612890625 0.5276041666666667 0.00859375 0.011458333333333333
0 0.443359375 0.5265625 0.00859375 0.011458333333333333
0 0.266796875 0.5239583333333333 0.00859375 0.010416666666666666
0 0.45859375 0.5161458333333333 0.0078125 0.011458333333333333
0 0.22890625 0.5140625 0.009375 0.007291666666666667
0 0.421484375 0.5151041666666667 0.00859375 0.011458333333333333
0 0.200390625 0.5140625 0.00859375 0.011458333333333333
0 0.553515625 0.503125 0.00859375 0.010416666666666666
0 0.216015625 0.5015625 0.00859375 0.011458333333333333
0 0.51875 0.4973958333333333 0.0078125 0.011458333333333333
0 0.4421875 0.4973958333333333 0.0078125 0.011458333333333333
0 0.46953125 0.4953125 0.0078125 0.011458333333333333
0 0.23359375 0.4942708333333333 0.009375 0.011458333333333333
0 0.41171875 0.49166666666666664 0.0078125 0.010416666666666666
0 0.205078125 0.484375 0.00859375 0.010416666666666666
0 0.709375 0.4828125 0.009375 0.011458333333333333
0 0.3578125 0.4791666666666667 0.009375 0.010416666666666666
0 0.669140625 0.47760416666666666 0.01015625 0.011458333333333333
0 0.4390625 0.4765625 0.0078125 0.011458333333333333
0 0.399609375 0.47552083333333334 0.00859375 0.011458333333333333
0 0.183203125 0.471875 0.00859375 0.010416666666666666
0 0.683984375 0.4713541666666667 0.01015625 0.011458333333333333
0 0.5640625 0.46822916666666664 0.0078125 0.011458333333333333
0 0.40546875 0.45364583333333336 0.0078125 0.011458333333333333
0 0.3484375 0.453125 0.0078125 0.010416666666666666
0 0.533984375 0.4479166666666667 0.00703125 0.010416666666666666
0 0.230859375 0.4473958333333333 0.00859375 0.011458333333333333
0 0.833984375 0.4453125 0.00859375 0.009375
0 0.426953125 0.44635416666666666 0.00859375 0.011458333333333333
0 0.4484375 0.4453125 0.0078125 0.011458333333333333
0 0.301953125 0.44427083333333334 0.00859375 0.011458333333333333
0 0.85 0.4432291666666667 0.0109375 0.011458333333333333
0 0.27265625 0.4432291666666667 0.009375 0.011458333333333333
0 0.38984375 0.44114583333333335 0.0078125 0.011458333333333333
0 0.464453125 0.4348958333333333 0.00859375 0.011458333333333333
0 0.412890625 0.434375 0.00859375 0.010416666666666666
0 0.773046875 0.4317708333333333 0.01015625 0.011458333333333333
0 0.52265625 0.43072916666666666 0.0078125 0.011458333333333333
0 0.667578125 0.4234375 0.00859375 0.011458333333333333
0 0.53984375 0.421875 0.0078125 0.010416666666666666
0 0.618359375 0.42083333333333334 0.00859375 0.010416666666666666
0 0.426171875 0.42083333333333334 0.00859375 0.010416666666666666
0 0.332421875 0.4192708333333333 0.00859375 0.011458333333333333
0 0.3734375 0.41770833333333335 0.0078125 0.010416666666666666
0 0.7984375 0.4140625 0.0109375 0.011458333333333333
0 0.584765625 0.4125 0.00703125 0.010416666666666666
0 0.4640625 0.41354166666666664 0.0078125 0.0125
0 0.1859375 0.4015625 0.009375 0.011458333333333333
0 0.6140625 0.39947916666666666 0.0078125 0.011458333333333333
0 0.8828125 0.3932291666666667 0.0109375 0.011458333333333333
0 0.21171875 0.3932291666666667 0.009375 0.011458333333333333
0 0.46484375 0.3921875 0.0078125 0.011458333333333333
0 0.51484375 0.39114583333333336 0.0078125 0.011458333333333333
0 0.809375 0.38958333333333334 0.0265625 0.014583333333333334
0 0.599609375 0.3875 0.00859375 0.010416666666666666
0 0.265234375 0.3776041666666667 0.00859375 0.011458333333333333
0 0.48515625 0.375 0.0078125 0.010416666666666666
0 0.8671875 0.37552083333333336 0.0265625 0.013541666666666667
0 0.52265625 0.37135416666666665 0.0078125 0.009375
0 0.546875 0.3697916666666667 0.0078125 0.0125
0 0.764453125 0.3723958333333333 0.02109375 0.028125
0 0.55390625 0.353125 0.0078125 0.0125
0 0.484375 0.35 0.0078125 0.010416666666666666
0 0.688671875 0.3489583333333333 0.01015625 0.0125
0 0.35390625 0.3484375 0.0078125 0.011458333333333333
0 0.276171875 0.3484375 0.00859375 0.011458333333333333
0 0.703125 0.3453125 0.009375 0.011458333333333333
0 0.82421875 0.34375 0.0109375 0.0125
0 0.44921875 0.34322916666666664 0.0078125 0.011458333333333333
0 0.791796875 0.3390625 0.01015625 0.011458333333333333
0 0.56640625 0.321875 0.0078125 0.010416666666666666
0 0.339453125 0.3151041666666667 0.00859375 0.011458333333333333
0 0.38515625 0.3098958333333333 0.0078125 0.011458333333333333
0 0.51015625 0.3067708333333333 0.0078125 0.011458333333333333
0 0.790234375 0.29635416666666664 0.01015625 0.011458333333333333
0 0.49609375 0.29635416666666664 0.0078125 0.011458333333333333
0 0.74609375 0.2911458333333333 0.009375 0.011458333333333333
0 0.7078125 0.2875 0.009375 0.010416666666666666
0 0.686328125 0.2838541666666667 0.00859375 0.011458333333333333
0 0.23984375 0.28020833333333334 0.009375 0.0125
0 0.281640625 0.27239583333333334 0.00859375 0.011458333333333333
0 0.762890625 0.2713541666666667 0.00859375 0.011458333333333333
0 0.244140625 0.2609375 0.00859375 0.013541666666666667
0 0.35625 0.2557291666666667 0.0078125 0.011458333333333333
0 0.51484375 0.25364583333333335 0.0078125 0.011458333333333333
0 0.501171875 0.2421875 0.00859375 0.011458333333333333
0 0.245703125 0.23072916666666668 0.00859375 0.011458333333333333
