0 0.36328125 0.847303634232122 0.0109375 0.008792497069167644
0 0.298828125 0.8420281359906213 0.01171875 0.00996483001172333
0 0.429296875 0.8376318874560376 0.00859375 0.005861664712778429
0 0.407421875 0.8264947245017585 0.00859375 0.008206330597889801
0 0.375390625 0.8238569753810082 0.01015625 0.0076201641266119575
0 0.7125 0.8191676436107854 0.00625 0.0029308323563892145
0 0.132421875 0.8218053927315357 0.01328125 0.009378663540445486
0 0.6828125 0.8124267291910903 0.0125 0.009378663540445486
0 0.423046875 0.8112543962485346 0.01015625 0.009378663540445486
0 0.391796875 0.8106682297772567 0.00703125 0.008206330597889801
0 0.50625 0.798358733880422 0.0109375 0.009378663540445486
0 0.147265625 0.7986518171160609 0.01484375 0.00996483001172333
0 0.40625 0.7936694021101993 0.00625 0.005861664712778429
0 0.091796875 0.7954279015240329 0.01328125 0.009378663540445486
0 0.126171875 0.794841735052755 0.01484375 0.009378663540445486
0 0.38203125 0.7913247362250879 0.0078125 0.009378663540445486
0 0.335546875 0.7883939038686987 0.01171875 0.009378663540445486
0 0.4203125 0.7737397420867527 0.0109375 0.009378663540445486
0 0.445703125 0.772567409144197 0.01171875 0.009378663540445486
0 0.253125 0.7643610785463072 0.0125 0.009378663540445486
0 0.4140625 0.7532239155920282 0.0109375 0.009378663540445486
0 0.136328125 0.7529308323563892 0.01328125 0.008792497069167644
0 0.32421875 0.7523446658851114 0.0109375 0.008792497069167644
0 0.47890625 0.7511723329425557 0.009375 0.008792497069167644
0 0.569140625 0.7429660023446659 0.01015625 0.008792497069167644
0 0.218359375 0.7423798358733881 0.01328125 0.008792497069167644
0 0.45390625 0.7400351699882767 0.0078125 0.008792497069167644
0 0.540625 0.7332942555685815 0.0109375 0.009378663540445486
0 0.46015625 0.720398593200469 0.0109375 0.009378663540445486
0 0.323046875 0.72010550996483 0.01171875 0.008792497069167644
0 0.166796875 0.7136576787807737 0.01328125 0.008792497069167644
0 0.560546875 0.7063305978898007 0.01171875 0.009378663540445486
0 0.450390625 0.6922626025791325 0.01171875 0.009378663540445486
0 0.28046875 0.6916764361078547 0.0125 0.009378663540445486
0 0.53984375 0.6907971864009379 0.0109375 0.008792497069167644
0 0.505859375 0.6869871043376319 0.01171875 0.009378663540445486
0 0.207421875 0.686694021101993 0.01328125 0.00996483001172333
0 0.177734375 0.6843493552168816 0.01328125 0.008792497069167644
0 0.294921875 0.6767291910902696 0.01171875 0.008792497069167644
0 0.213671875 0.6694021101992966 0.01328125 0.009378663540445486
0 0.531640625 0.6688159437280188 0.01171875 0.009378663540445486
0 0.3296875 0.6685228604923799 0.0125 0.008792497069167644
0 0.506640625 0.6667643610785463 0.01171875 0.00996483001172333
0 0.70546875 0.6620750293083235 0.0125 0.008792497069167644
0 0.3546875 0.6591441969519344 0.0125 0.008792497069167644
0 0.08125 0.6591441969519344 0.0125 0.008792497069167644
0 0.833203125 0.6576787807737398 0.01484375 0.010550996483001172
0 0.438671875 0.6535756154747948 0.01171875 0.009378663540445486
0 0.27734375 0.6524032825322391 0.0125 0.008206330597889801
0 0.491015625 0.6518171160609613 0.01171875 0.009378663540445486
0 0.37890625 0.6515240328253223 0.0109375 0.008792497069167644
0 0.152734375 0.6503516998827668 0.01328125 0.008792497069167644
0 0.686328125 0.6477139507620164 0.01171875 0.009378663540445486
0 0.469921875 0.6412661195779601 0.01171875 0.008206330597889801
0 0.1703125 0.6368698710433763 0.0125 0.008792497069167644
0 0.65 0.6356975381008206 0.0125 0.008792497069167644
0 0.337109375 0.626905041031653 0.01171875 0.008792497069167644
0 0.2828125 0.626905041031653 0.0125 0.008792497069167644
0 0.53203125 0.6266119577960141 0.0125 0.009378663540445486
0 0.422265625 0.6266119577960141 0.01171875 0.009378663540445486
0 0.628125 0.6248534583821805 0.0125 0.008206330597889801
0 0.4609375 0.6225087924970691 0.0125 0.009378663540445486
0 0.508203125 0.6198710433763188 0.01171875 0.008792497069167644
0 0.3546875 0.6099062133645955 0.0125 0.008792497069167644
0 0.331640625 0.6093200468933178 0.01328125 0.0076201641266119575
0 0.566796875 0.6096131301289566 0.01171875 0.009378663540445486
0 0.430078125 0.608440797186401 0.01171875 0.009378663540445486
0 0.4671875 0.604337631887456 0.0125 0.009378663540445486
0 0.408984375 0.5993552168815943 0.01015625 0.008792497069167644
0 0.535546875 0.5981828839390387 0.01171875 0.008792497069167644
0 0.296875 0.5949589683470106 0.0125 0.008206330597889801
0 0.634765625 0.5943728018757327 0.01328125 0.009378663540445486
0 0.609765625 0.5902696365767878 0.01171875 0.009378663540445486
0 0.66015625 0.5899765533411488 0.0125 0.00996483001172333
0 0.35078125 0.5873388042203986 0.0125 0.008206330597889801
0 0.4453125 0.585873388042204 0.0125 0.008792497069167644
0 0.469140625 0.5852872215709262 0.01171875 0.008792497069167644
0 0.276953125 0.5847010550996483 0.01171875 0.008792497069167644
0 0.316015625 0.5835287221570926 0.01171875 0.008792497069167644
0 0.3828125 0.5823563892145369 0.0125 0.008792497069167644
0 0.412890625 0.5800117233294255 0.01171875 0.008792497069167644
0 0.564453125 0.5694607268464243 0.01171875 0.008792497069167644
0 0.53203125 0.5677022274325909 0.0109375 0.008792497069167644
0 0.199609375 0.5647713950762017 0.01328125 0.008792497069167644
0 0.452734375 0.563599062133646 0.01171875 0.008792497069167644
0 0.144921875 0.5612543962485346 0.01171875 0.008792497069167644
0 0.227734375 0.5571512309495897 0.01484375 0.008792497069167644
0 0.593359375 0.5565650644783119 0.01328125 0.008792497069167644
0 0.248828125 0.555978898007034 0.01328125 0.008792497069167644
0 0.671484375 0.5550996483001173 0.01171875 0.009378663540445486
0 0.3171875 0.5539273153575616 0.0125 0.008206330597889801
0 0.5515625 0.552168815943728 0.0125 0.009378663540445486
0 0.626953125 0.5507033997655334 0.01171875 0.008792497069167644
0 0.51953125 0.5477725674091442 0.0109375 0.008792497069167644
0 0.39296875 0.5463071512309496 0.0109375 0.009378663540445486
0 0.46796875 0.5427901524032825 0.0109375 0.008206330597889801
0 0.424609375 0.5348769050410317 0.01328125 0.008792497069167644
0 0.337109375 0.5334114888628371 0.01015625 0.008206330597889801
0 0.638671875 0.533704572098476 0.01328125 0.00996483001172333
0 0.55 0.5301875732708089 0.0125 0.008792497069167644
0 0.4015625 0.5293083235638921 0.0125 0.008206330597889801
0 0.612890625 0.5275498241500586 0.01171875 0.009378663540445486
0 0.515234375 0.5275498241500586 0.01171875 0.009378663540445486
0 0.204296875 0.5252051582649473 0.01484375 0.008206330597889801
0 0.671875 0.5237397420867527 0.0125 0.008792497069167644
0 0.35546875 0.5208089097303634 0.0109375 0.008792497069167644
0 0.578515625 0.5178780773739742 0.01171875 0.008792497069167644
0 0.32109375 0.5167057444314185 0.0125 0.008792497069167644
0 0.22421875 0.5164126611957796 0.0125 0.008206330597889801
0 0.384765625 0.5155334114888629 0.01171875 0.008792497069167644
0 0.61953125 0.5096717467760844 0.0125 0.008792497069167644
0 0.515234375 0.5090855803048066 0.01171875 0.008792497069167644
0 0.246875 0.5052754982415005 0.0109375 0.007033997655334115
0 0.1703125 0.5058616647127784 0.0125 0.008206330597889801
0 0.55625 0.5046893317702228 0.0125 0.008206330597889801
0 0.478515625 0.5049824150058617 0.01171875 0.008792497069167644
0 0.33515625 0.5017584994138335 0.0125 0.008206330597889801
0 0.073046875 0.5002930832356389 0.01328125 0.008792497069167644
0 0.601953125 0.49501758499413834 0.01171875 0.008792497069167644
0 0.6625 0.4932590855803048 0.0125 0.008792497069167644
0 0.31171875 0.492379835873388 0.0109375 0.009378663540445486
0 0.119140625 0.4894490035169988 0.01328125 0.009378663540445486
0 0.51328125 0.48681125439624856 0.0125 0.008792497069167644
0 0.578125 0.48563892145369286 0.0125 0.0076201641266119575
0 0.552734375 0.48534583821805394 0.01171875 0.008206330597889801
0 0.737109375 0.48446658851113716 0.01328125 0.008792497069167644
0 0.70234375 0.4791910902696366 0.0125 0.008792497069167644
0 0.644921875 0.4780187573270809 0.01171875 0.008792497069167644
0 0.605078125 0.4750879249706917 0.01171875 0.008792497069167644
0 0.289453125 0.4742086752637749 0.01328125 0.008206330597889801
0 0.4484375 0.473915592028136 0.0125 0.008792497069167644
0 0.311328125 0.473915592028136 0.01328125 0.008792497069167644
0 0.496875 0.4727432590855803 0.0125 0.008792497069167644
0 0.471875 0.4718640093786635 0.0125 0.007033997655334115
0 0.115625 0.47245017584994137 0.0125 0.008206330597889801
0 0.534375 0.47215709261430244 0.0109375 0.008792497069167644
0 0.089453125 0.4712778429073857 0.01484375 0.008206330597889801
0 0.584375 0.46365767878077374 0.0140625 0.009378663540445486
0 0.155078125 0.4633645955451348 0.01328125 0.008792497069167644
0 0.69140625 0.4621922626025791 0.0125 0.008792497069167644
0 0.356640625 0.46131301289566234 0.01171875 0.008206330597889801
0 0.56015625 0.46072684642438455 0.0125 0.009378663540445486
0 0.203515625 0.45955451348182885 0.01484375 0.008206330597889801
0 0.510546875 0.4566236811254396 0.01171875 0.009378663540445486
0 0.22578125 0.45545134818288396 0.0171875 0.008206330597889801
0 0.612890625 0.45515826494724504 0.01171875 0.008792497069167644
0 0.248046875 0.45545134818288396 0.01328125 0.009378663540445486
0 0.310546875 0.4536928487690504 0.01171875 0.008206330597889801
0 0.48359375 0.4525205158264947 0.0125 0.009378663540445486
0 0.28125 0.4451934349355217 0.0125 0.008792497069167644
0 0.679296875 0.4449003516998828 0.01328125 0.009378663540445486
0 0.096875 0.44431418522860494 0.0125 0.008206330597889801
0 0.56875 0.44343493552168817 0.0125 0.008792497069167644
0 0.46484375 0.44079718640093785 0.0125 0.008206330597889801
0 0.128515625 0.4396248534583822 0.01328125 0.008206330597889801
0 0.440625 0.4393317702227433 0.0125 0.008792497069167644
0 0.24453125 0.4384525205158265 0.0109375 0.008206330597889801
0 0.51328125 0.4381594372801876 0.0125 0.008792497069167644
0 0.654296875 0.43786635404454866 0.01328125 0.009378663540445486
0 0.301953125 0.43669402110199296 0.01171875 0.009378663540445486
0 0.5921875 0.43464243845252054 0.0125 0.008792497069167644
0 0.487890625 0.43376318874560377 0.01171875 0.008206330597889801
0 0.630078125 0.4317116060961313 0.01171875 0.008792497069167644
0 0.8375 0.4305392731535756 0.0140625 0.00996483001172333
0 0.392578125 0.4296600234466589 0.01171875 0.008206330597889801
0 0.42265625 0.42702227432590856 0.0109375 0.008792497069167644
0 0.53046875 0.42379835873388044 0.0125 0.009378663540445486
0 0.6734375 0.4235052754982415 0.0125 0.00996483001172333
0 0.452734375 0.42291910902696367 0.01171875 0.008792497069167644
0 0.575 0.42145369284876905 0.0125 0.009378663540445486
0 0.70703125 0.4208675263774912 0.0125 0.009378663540445486
0 0.60859375 0.4199882766705744 0.0125 0.008792497069167644
0 0.81640625 0.4188159437280188 0.0140625 0.00996483001172333
0 0.21640625 0.41735052754982416 0.0125 0.008206330597889801
0 0.30859375 0.40767878077373976 0.0109375 0.008792497069167644
0 0.5046875 0.40738569753810083 0.0125 0.009378663540445486
0 0.8375 0.40650644783118406 0.0140625 0.00996483001172333
0 0.643359375 0.4059202813599062 0.01328125 0.008792497069167644
0 0.591796875 0.4059202813599062 0.01171875 0.008792497069167644
0 0.47578125 0.40533411488862836 0.0109375 0.008792497069167644
0 0.668359375 0.4047479484173505 0.01328125 0.008792497069167644
0 0.52890625 0.40504103165298944 0.0125 0.009378663540445486
0 0.41015625 0.3994724501758499 0.0125 0.008792497069167644
0 0.5609375 0.39771395076201643 0.0125 0.008792497069167644
0 0.625 0.3892145369284877 0.0125 0.009378663540445486
0 0.687109375 0.38892145369284875 0.01328125 0.00996483001172333
0 0.53984375 0.3877491207502931 0.0125 0.00996483001172333
0 0.351953125 0.384232121922626 0.01171875 0.008792497069167644
0 0.64921875 0.3830597889800703 0.0125 0.008792497069167644
0 0.11328125 0.38276670574443145 0.0140625 0.009378663540445486
0 0.603515625 0.37719812426729193 0.01171875 0.00996483001172333
0 0.77890625 0.37485345838218054 0.0140625 0.00996483001172333
0 0.50078125 0.37192262602579135 0.0109375 0.008792497069167644
0 0.754296875 0.3689917936694021 0.01328125 0.008792497069167644
0 0.54765625 0.3645955451348183 0.0125 0.009378663540445486
0 0.635546875 0.36400937866354044 0.01328125 0.009378663540445486
0 0.192578125 0.36400937866354044 0.01328125 0.009378663540445486
0 0.660546875 0.3622508792497069 0.01328125 0.009378663540445486
0 0.523828125 0.3616647127784291 0.01328125 0.009378663540445486
0 0.6109375 0.3590269636576788 0.0125 0.00996483001172333
0 0.5859375 0.3569753810082063 0.0125 0.009378663540445486
0 0.276171875 0.35463071512309496 0.01171875 0.008206330597889801
0 0.69765625 0.35023446658851115 0.0125 0.00996483001172333
0 0.50546875 0.34876905041031653 0.0109375 0.009378663540445486
0 0.673046875 0.34613130128956626 0.01328125 0.0076201641266119575
0 0.63125 0.3443728018757327 0.0125 0.008792497069167644
0 0.602734375 0.33528722157092616 0.01171875 0.009378663540445486
0 0.653125 0.3323563892145369 0.0125 0.009378663540445486
0 0.5375 0.33147713950762014 0.0125 0.008792497069167644
0 0.58125 0.3223915592028136 0.0125 0.009378663540445486
0 0.18671875 0.3182883939038687 0.0125 0.011723329425556858
0 0.6203125 0.3156506447831184 0.0109375 0.00996483001172333
0 0.70625 0.31477139507620167 0.0125 0.009378663540445486
0 0.674609375 0.3138921453692849 0.01328125 0.00996483001172333
0 0.64375 0.3094958968347011 0.0125 0.009378663540445486
0 0.288671875 0.30978898007034 0.01171875 0.00996483001172333
0 0.393359375 0.30803048065650646 0.01171875 0.008792497069167644
0 0.063671875 0.30539273153575613 0.01484375 0.009378663540445486
0 0.526953125 0.3045134818288394 0.01171875 0.00996483001172333
0 0.1859375 0.302168815943728 0.0140625 0.011137162954279016
0 0.62421875 0.2974794841735053 0.0125 0.00996483001172333
0 0.6671875 0.29279015240328254 0.0125 0.00996483001172333
0 0.651953125 0.2784290738569754 0.01171875 0.009378663540445486
0 0.681640625 0.276084407971864 0.01328125 0.008206330597889801
0 0.84140625 0.27432590855803046 0.0140625 0.010550996483001172
0 0.196875 0.2793083235638921 0.0234375 0.025205158264947247
0 0.326953125 0.26787807737397423 0.01328125 0.010550996483001172
0 0.77734375 0.264947245017585 0.0125 0.010550996483001172
0 0.562890625 0.26465416178194606 0.01171875 0.00996483001172333
0 0.86953125 0.2593786635404455 0.0140625 0.00996483001172333
0 0.591796875 0.2584994138335287 0.01171875 0.010550996483001172
0 0.11796875 0.24648300117233293 0.0125 0.00996483001172333
0 0.074609375 0.24413833528722156 0.01328125 0.0076201641266119575
0 0.195703125 0.24501758499413834 0.03515625 0.01406799531066823
0 0.6109375 0.24091441969519342 0.0125 0.010550996483001172
0 0.5953125 0.2268464243845252 0.0109375 0.010550996483001172
0 0.5328125 0.22010550996483 0.0125 0.011137162954279016
0 0.146875 0.21922626025791325 0.0125 0.010550996483001172
0 0.61640625 0.21541617819460726 0.0125 0.011137162954279016
0 0.862890625 0.20955451348182885 0.01328125 0.00996483001172333
0 0.641015625 0.2077960140679953 0.01328125 0.011137162954279016
0 0.48984375 0.2022274325908558 0.0125 0.011723329425556858
0 0.51796875 0.19929660023446658 0.0125 0.011723329425556858
0 0.6234375 0.1943141852286049 0.009375 0.008792497069167644
0 0.409375 0.19314185228604924 0.0125 0.011137162954279016
0 0.365625 0.19050410316529895 0.0109375 0.008206330597889801
0 0.475 0.18874560375146543 0.0109375 0.010550996483001172
0 0.657421875 0.18376318874560374 0.01328125 0.011137162954279016
0 0.558984375 0.1749706916764361 0.01328125 0.006447831184056272
0 0.73984375 0.1746776084407972 0.0125 0.010550996483001172
0 0.518359375 0.17438452520515826 0.01328125 0.011137162954279016
0 0.244140625 0.17438452520515826 0.01328125 0.011137162954279016
0 0.63203125 0.17145369284876905 0.0109375 0.011137162954279016
0 0.26328125 0.16471277842907386 0.0125 0.010550996483001172
0 0.4875 0.15914419695193435 0.00625 0.0029308323563892145
0 0.219140625 0.15679953106682298 0.01328125 0.00996483001172333
0 0.46796875 0.15386869871043377 0.009375 0.0076201641266119575
0 0.571484375 0.14947245017584995 0.01328125 0.011723329425556858
0 0.24609375 0.1421453692848769 0.0078125 0.0076201641266119575
0 0.191796875 0.14361078546307152 0.01328125 0.010550996483001172
0 0.2125 0.1365767878077374 0.0078125 0.005861664712778429
0 0.804296875 0.13862837045720985 0.01328125 0.011137162954279016
0 0.50390625 0.13716295427901523 0.0078125 0.008206330597889801
0 0.732421875 0.13218053927315357 0.01171875 0.011137162954279016
0 0.5796875 0.1257327080890973 0.0125 0.0076201641266119575
0 0.6265625 0.12456037514654161 0.0125 0.008792497069167644
0 0.836328125 0.12514654161781946 0.01328125 0.011137162954279016
0 0.276953125 0.12338804220398593 0.01171875 0.00996483001172333
0 0.519140625 0.11547479484173505 0.01171875 0.008206330597889801
0 0.319921875 0.11635404454865182 0.01328125 0.011137162954279016
0 0.25 0.09759671746776084 0.00625 0.004103165298944901
0 0.1953125 0.10140679953106682 0.046875 0.02813599062133646
0 0.218359375 0.0873388042203986 0.00234375 0.0035169988276670576
