0 0.368359375 0.8487690504103166 0.00859375 0.007033997655334115
0 0.305078125 0.8420281359906213 0.01015625 0.00996483001172333
0 0.4359375 0.8379249706916765 0.009375 0.006447831184056272
0 0.41328125 0.8276670574443142 0.0078125 0.007033997655334115
0 0.38125 0.8241500586166471 0.009375 0.007033997655334115
0 0.719140625 0.8182883939038686 0.00234375 0.0011723329425556857
0 0.139453125 0.8220984759671747 0.01328125 0.008792497069167644
0 0.687109375 0.8124267291910903 0.00703125 0.009378663540445486
0 0.428515625 0.8118405627198124 0.01015625 0.008206330597889801
0 0.396875 0.8103751465416178 0.0046875 0.0076201641266119575
0 0.51171875 0.7986518171160609 0.0109375 0.008792497069167644
0 0.15390625 0.7986518171160609 0.015625 0.00996483001172333
0 0.41171875 0.7939624853458382 0.0046875 0.006447831184056272
0 0.098828125 0.7954279015240329 0.01328125 0.009378663540445486
0 0.13359375 0.794841735052755 0.015625 0.009378663540445486
0 0.387890625 0.7913247362250879 0.00703125 0.009378663540445486
0 0.34140625 0.7886869871043376 0.0109375 0.008792497069167644
0 0.425390625 0.7737397420867527 0.00859375 0.008206330597889801
0 0.4515625 0.7728604923798359 0.0109375 0.008792497069167644
0 0.25859375 0.7643610785463072 0.009375 0.009378663540445486
0 0.4203125 0.7535169988276671 0.0109375 0.008792497069167644
0 0.14296875 0.7532239155920282 0.0125 0.009378663540445486
0 0.48515625 0.7520515826494725 0.0109375 0.008206330597889801
0 0.33125 0.7523446658851114 0.0109375 0.008792497069167644
0 0.575 0.7429660023446659 0.0109375 0.008792497069167644
0 0.225 0.7423798358733881 0.0125 0.008792497069167644
0 0.462109375 0.7400351699882767 0.01171875 0.008792497069167644
0 0.546484375 0.7332942555685815 0.01171875 0.009378663540445486
0 0.466015625 0.7206916764361079 0.01015625 0.008792497069167644
0 0.329296875 0.72010550996483 0.01015625 0.008792497069167644
0 0.1734375 0.7136576787807737 0.0125 0.008792497069167644
0 0.564453125 0.7063305978898007 0.00703125 0.009378663540445486
0 0.456640625 0.6925556858147714 0.01171875 0.008792497069167644
0 0.2875 0.6916764361078547 0.0125 0.009378663540445486
0 0.545703125 0.6910902696365768 0.01015625 0.009378663540445486
0 0.512109375 0.6872801875732708 0.01171875 0.008792497069167644
0 0.2140625 0.686400937866354 0.0125 0.010550996483001172
0 0.184765625 0.6846424384525205 0.01328125 0.009378663540445486
0 0.301171875 0.6770222743259086 0.01171875 0.008206330597889801
0 0.3359375 0.6688159437280188 0.0125 0.008206330597889801
0 0.2203125 0.6699882766705745 0.0125 0.010550996483001172
0 0.537890625 0.6691090269636577 0.01171875 0.00996483001172333
0 0.512109375 0.6676436107854631 0.01171875 0.009378663540445486
0 0.711328125 0.6620750293083235 0.01171875 0.008792497069167644
0 0.08828125 0.6594372801875733 0.0125 0.008206330597889801
0 0.360546875 0.6591441969519344 0.01171875 0.008792497069167644
0 0.838671875 0.6576787807737398 0.01484375 0.010550996483001172
0 0.44453125 0.6538686987104337 0.0125 0.008792497069167644
0 0.28359375 0.652696365767878 0.0125 0.008792497069167644
0 0.496875 0.6521101992966002 0.0125 0.008792497069167644
0 0.38515625 0.6515240328253223 0.0109375 0.008792497069167644
0 0.159765625 0.6506447831184057 0.01328125 0.009378663540445486
0 0.691015625 0.6477139507620164 0.01015625 0.009378663540445486
0 0.4765625 0.641559202813599 0.0109375 0.008792497069167644
0 0.1765625 0.6374560375146542 0.0125 0.008792497069167644
0 0.65546875 0.6359906213364596 0.0125 0.009378663540445486
0 0.34296875 0.6274912075029309 0.0109375 0.008792497069167644
0 0.2890625 0.6271981242672919 0.0125 0.008206330597889801
0 0.537109375 0.626905041031653 0.01171875 0.008792497069167644
0 0.427734375 0.6266119577960141 0.01171875 0.009378663540445486
0 0.633984375 0.6245603751465416 0.01171875 0.008792497069167644
0 0.46640625 0.623094958968347 0.0125 0.009378663540445486
0 0.51328125 0.6204572098475967 0.0109375 0.008792497069167644
0 0.36171875 0.6099062133645955 0.0125 0.008792497069167644
0 0.3359375 0.6093200468933178 0.0078125 0.0076201641266119575
0 0.572265625 0.6096131301289566 0.01171875 0.009378663540445486
0 0.436328125 0.6087338804220399 0.01171875 0.008792497069167644
0 0.473046875 0.6049237983587339 0.01171875 0.008206330597889801
0 0.41484375 0.5999413833528722 0.0109375 0.008792497069167644
0 0.541015625 0.5984759671746777 0.01171875 0.009378663540445486
0 0.302734375 0.5955451348182884 0.01015625 0.008206330597889801
0 0.640234375 0.5943728018757327 0.01328125 0.009378663540445486
0 0.61484375 0.5914419695193435 0.0125 0.007033997655334115
0 0.665625 0.5902696365767878 0.0125 0.009378663540445486
0 0.35703125 0.5876318874560376 0.0109375 0.008792497069167644
0 0.451171875 0.5864595545134819 0.01171875 0.008792497069167644
0 0.28359375 0.5855803048065651 0.0125 0.008206330597889801
0 0.475 0.5852872215709262 0.0125 0.008792497069167644
0 0.32265625 0.5835287221570926 0.0109375 0.008792497069167644
0 0.388671875 0.5823563892145369 0.01171875 0.008792497069167644
0 0.41875 0.5803048065650644 0.0109375 0.008206330597889801
0 0.56953125 0.5694607268464243 0.0109375 0.008792497069167644
0 0.5375 0.5682883939038686 0.0109375 0.008792497069167644
0 0.206640625 0.5653575615474795 0.01328125 0.008792497069167644
0 0.45859375 0.5641852286049238 0.0109375 0.008792497069167644
0 0.1515625 0.5615474794841735 0.0125 0.008206330597889801
0 0.233984375 0.5580304806565064 0.01484375 0.008206330597889801
0 0.598828125 0.5565650644783119 0.01171875 0.008792497069167644
0 0.255859375 0.5565650644783119 0.01328125 0.008792497069167644
0 0.323828125 0.5545134818288394 0.01171875 0.008206330597889801
0 0.6765625 0.5548065650644783 0.0125 0.00996483001172333
0 0.55703125 0.5524618991793669 0.0125 0.008792497069167644
0 0.632421875 0.5512895662368112 0.01171875 0.008792497069167644
0 0.525 0.548358733880422 0.0109375 0.008792497069167644
0 0.398828125 0.5471864009378663 0.01171875 0.0076201641266119575
0 0.47421875 0.5430832356389215 0.0125 0.008792497069167644
0 0.43046875 0.5351699882766706 0.0125 0.008206330597889801
0 0.64375 0.5339976553341149 0.0125 0.009378663540445486
0 0.344140625 0.5334114888628371 0.01171875 0.009378663540445486
0 0.55546875 0.5307737397420867 0.0109375 0.008792497069167644
0 0.408203125 0.5293083235638921 0.01328125 0.008206330597889801
0 0.520703125 0.5284290738569754 0.01171875 0.008792497069167644
0 0.61796875 0.5281359906213364 0.0125 0.009378663540445486
0 0.211328125 0.5257913247362251 0.01484375 0.008206330597889801
0 0.676953125 0.5240328253223916 0.01328125 0.009378663540445486
0 0.362109375 0.5213950762016413 0.01171875 0.008792497069167644
0 0.583203125 0.5178780773739742 0.01171875 0.008792497069167644
0 0.32734375 0.5172919109026963 0.0109375 0.008792497069167644
0 0.23125 0.5172919109026963 0.0125 0.008792497069167644
0 0.391015625 0.5161195779601406 0.01171875 0.008792497069167644
0 0.62421875 0.5099648300117233 0.0125 0.008206330597889801
0 0.520703125 0.5093786635404455 0.01171875 0.008206330597889801
0 0.17734375 0.5070339976553341 0.0125 0.008206330597889801
0 0.25390625 0.5058616647127784 0.0109375 0.007033997655334115
0 0.483984375 0.5058616647127784 0.01171875 0.008206330597889801
0 0.56171875 0.5049824150058617 0.0125 0.008792497069167644
0 0.341015625 0.5023446658851114 0.01171875 0.008206330597889801
0 0.08046875 0.5011723329425557 0.0140625 0.008206330597889801
0 0.60703125 0.4956037514654162 0.0125 0.008792497069167644
0 0.667578125 0.49384525205158264 0.01171875 0.008792497069167644
0 0.31796875 0.49296600234466587 0.0109375 0.009378663540445486
0 0.1265625 0.4906213364595545 0.0125 0.009378663540445486
0 0.51875 0.48739742086752635 0.0125 0.008792497069167644
0 0.583203125 0.4859320046893318 0.01171875 0.008206330597889801
0 0.558203125 0.4859320046893318 0.01171875 0.008206330597889801
0 0.7421875 0.485052754982415 0.0125 0.008792497069167644
0 0.7078125 0.4797772567409144 0.0125 0.008792497069167644
0 0.650390625 0.47860492379835873 0.01171875 0.008792497069167644
0 0.610546875 0.47567409144196954 0.01171875 0.008792497069167644
0 0.454296875 0.47479484173505276 0.01171875 0.008206330597889801
0 0.317578125 0.4750879249706917 0.01328125 0.008792497069167644
0 0.294921875 0.4750879249706917 0.01171875 0.008792497069167644
0 0.50234375 0.47332942555685814 0.0125 0.008792497069167644
0 0.1234375 0.47332942555685814 0.0125 0.008792497069167644
0 0.539453125 0.4727432590855803 0.01171875 0.008792497069167644
0 0.478125 0.47215709261430244 0.0125 0.0076201641266119575
0 0.095703125 0.47245017584994137 0.01171875 0.008206330597889801
0 0.58984375 0.4642438452520516 0.0125 0.008206330597889801
0 0.161328125 0.4642438452520516 0.01015625 0.008206330597889801
0 0.69609375 0.46277842907385697 0.0125 0.008792497069167644
0 0.3625 0.46160609613130127 0.0109375 0.008792497069167644
0 0.565234375 0.46131301289566234 0.01171875 0.009378663540445486
0 0.2109375 0.46072684642438455 0.0140625 0.008206330597889801
0 0.516015625 0.45720984759671746 0.01171875 0.009378663540445486
0 0.255078125 0.4566236811254396 0.01328125 0.009378663540445486
0 0.2328125 0.45603751465416176 0.015625 0.008206330597889801
0 0.61796875 0.45574443141852283 0.0125 0.008792497069167644
0 0.3171875 0.4545720984759672 0.0125 0.008792497069167644
0 0.489453125 0.4533997655334115 0.01171875 0.008792497069167644
0 0.287890625 0.44607268464243843 0.01171875 0.008206330597889801
0 0.1046875 0.4454865181711606 0.0125 0.008206330597889801
0 0.683984375 0.4454865181711606 0.01328125 0.009378663540445486
0 0.57421875 0.444021101992966 0.0125 0.008792497069167644
0 0.4703125 0.44196951934349354 0.0125 0.008206330597889801
0 0.134765625 0.4405041031652989 0.01171875 0.008792497069167644
0 0.446484375 0.44021101992966 0.01171875 0.009378663540445486
0 0.251953125 0.4393317702227433 0.01171875 0.008792497069167644
0 0.51875 0.43874560375146543 0.0125 0.008792497069167644
0 0.658984375 0.4384525205158265 0.01328125 0.009378663540445486
0 0.308984375 0.43757327080890973 0.01171875 0.008792497069167644
0 0.59765625 0.43522860492379833 0.0125 0.008792497069167644
0 0.494140625 0.43464243845252054 0.01171875 0.008792497069167644
0 0.635546875 0.43259085580304807 0.01171875 0.008206330597889801
0 0.84140625 0.43112543962485345 0.0140625 0.00996483001172333
0 0.398828125 0.43024618991793667 0.01171875 0.008206330597889801
0 0.428125 0.42819460726846426 0.0109375 0.008792497069167644
0 0.677734375 0.4243845252051583 0.01328125 0.009378663540445486
0 0.535546875 0.4243845252051583 0.01171875 0.009378663540445486
0 0.458203125 0.42379835873388044 0.01171875 0.008206330597889801
0 0.5796875 0.4223329425556858 0.0125 0.008792497069167644
0 0.71171875 0.42174677608440797 0.0125 0.008792497069167644
0 0.613671875 0.42057444314185227 0.01171875 0.008792497069167644
0 0.8203125 0.4194021101992966 0.0140625 0.00996483001172333
0 0.2234375 0.41852286049237986 0.0109375 0.008206330597889801
0 0.51015625 0.40885111371629546 0.0125 0.008792497069167644
0 0.31484375 0.40855803048065653 0.0109375 0.009378663540445486
0 0.64765625 0.4070926143024619 0.0125 0.008792497069167644
0 0.841796875 0.4070926143024619 0.01484375 0.00996483001172333
0 0.596875 0.40650644783118406 0.0125 0.008792497069167644
0 0.48203125 0.40621336459554513 0.0109375 0.008206330597889801
0 0.534375 0.40621336459554513 0.0125 0.009378663540445486
0 0.6734375 0.40504103165298944 0.0125 0.009378663540445486
0 0.416015625 0.4003516998827667 0.01171875 0.008206330597889801
0 0.566015625 0.39859320046893315 0.01171875 0.009378663540445486
0 0.6296875 0.3909730363423212 0.0125 0.008206330597889801
0 0.69140625 0.3898007033997655 0.0125 0.009378663540445486
0 0.544921875 0.3886283704572098 0.01171875 0.009378663540445486
0 0.3578125 0.3854044548651817 0.0109375 0.008792497069167644
0 0.120703125 0.38452520515826494 0.01328125 0.008206330597889801
0 0.65390625 0.384232121922626 0.0125 0.00996483001172333
0 0.6078125 0.37807737397420865 0.0125 0.009378663540445486
0 0.78359375 0.3757327080890973 0.0140625 0.009378663540445486
0 0.50625 0.3733880422039859 0.0109375 0.009378663540445486
0 0.758984375 0.3698710433763189 0.01328125 0.009378663540445486
0 0.199609375 0.3660609613130129 0.01328125 0.008792497069167644
0 0.55234375 0.365767878077374 0.0125 0.009378663540445486
0 0.63984375 0.3648886283704572 0.0125 0.00996483001172333
0 0.665625 0.3637162954279015 0.0125 0.008792497069167644
0 0.52890625 0.36283704572098474 0.0125 0.009378663540445486
0 0.615625 0.35990621336459555 0.0125 0.009378663540445486
0 0.590625 0.358147713950762 0.0125 0.009378663540445486
0 0.28359375 0.3563892145369285 0.0125 0.008206330597889801
0 0.701953125 0.35140679953106685 0.01328125 0.00996483001172333
0 0.5109375 0.3505275498241501 0.0109375 0.009378663540445486
0 0.67734375 0.34613130128956626 0.0125 0.00996483001172333
0 0.636328125 0.3455451348182884 0.01328125 0.008792497069167644
0 0.60703125 0.3364595545134818 0.0125 0.009378663540445486
0 0.6578125 0.33382180539273154 0.0125 0.00996483001172333
0 0.542578125 0.33294255568581477 0.01171875 0.009378663540445486
0 0.5859375 0.32444314185228607 0.0125 0.008792497069167644
0 0.19375 0.3203399765533411 0.0125 0.011137162954279016
0 0.62421875 0.317116060961313 0.0125 0.010550996483001172
0 0.7109375 0.31623681125439623 0.0125 0.00996483001172333
0 0.679296875 0.3156506447831184 0.01328125 0.00996483001172333
0 0.295703125 0.3115474794841735 0.01171875 0.00996483001172333
0 0.6484375 0.3106682297772567 0.0125 0.009378663540445486
0 0.399609375 0.30978898007034 0.01171875 0.008792497069167644
0 0.072265625 0.30773739742086753 0.01171875 0.009378663540445486
0 0.532421875 0.305978898007034 0.01171875 0.009378663540445486
0 0.193359375 0.3045134818288394 0.01328125 0.011137162954279016
0 0.628515625 0.29923798358733883 0.01171875 0.00996483001172333
0 0.671484375 0.29454865181711604 0.01328125 0.00996483001172333
0 0.6546875 0.27960140679953105 0.009375 0.010550996483001172
0 0.685546875 0.2769636576787808 0.01328125 0.00996483001172333
0 0.84453125 0.2757913247362251 0.0140625 0.00996483001172333
0 0.204296875 0.2813599062133646 0.02421875 0.02579132473622509
0 0.333203125 0.2696365767878077 0.01328125 0.010550996483001172
0 0.78125 0.2664126611957796 0.0125 0.00996483001172333
0 0.56796875 0.2664126611957796 0.0125 0.00996483001172333
0 0.8734375 0.26143024618991795 0.0140625 0.009378663540445486
0 0.59609375 0.2605509964830012 0.0125 0.00996483001172333
0 0.12578125 0.2488276670574443 0.0125 0.00996483001172333
0 0.08203125 0.2458968347010551 0.0125 0.008792497069167644
0 0.203125 0.2473622508792497 0.034375 0.01406799531066823
0 0.615625 0.2429660023446659 0.0125 0.00996483001172333
0 0.599609375 0.22889800703399765 0.01171875 0.011137162954279016
0 0.5375 0.2224501758499414 0.0125 0.011137162954279016
0 0.15390625 0.22215709261430247 0.0125 0.010550996483001172
0 0.620703125 0.21805392731535755 0.01328125 0.010550996483001172
0 0.86640625 0.21131301289566237 0.0125 0.008792497069167644
0 0.6453125 0.21014067995310667 0.0125 0.011137162954279016
0 0.4953125 0.2048651817116061 0.0125 0.011137162954279016
0 0.5234375 0.20193434935521687 0.0125 0.011137162954279016
0 0.628125 0.19753810082063306 0.009375 0.008206330597889801
0 0.41484375 0.19636576787807739 0.0125 0.009378663540445486
0 0.371484375 0.19284876905041032 0.01171875 0.009378663540445486
0 0.47890625 0.19138335287221572 0.0078125 0.008792497069167644
0 0.662890625 0.18610785463071514 0.01015625 0.011137162954279016
0 0.25078125 0.1776084407971864 0.0125 0.010550996483001172
0 0.74375 0.17702227432590856 0.0125 0.010550996483001172
0 0.523046875 0.17702227432590856 0.01171875 0.011723329425556858
0 0.5640625 0.17526377491207504 0.0125 0.011723329425556858
0 0.635546875 0.17174677608440797 0.01171875 0.005861664712778429
0 0.491015625 0.16735052754982416 0.00078125 0.0005861664712778429
0 0.492578125 0.1650058616647128 0.00078125 0.0005861664712778429
0 0.269921875 0.16881594372801875 0.01328125 0.009378663540445486
0 0.493359375 0.16207502930832357 0.00234375 0.0029308323563892145
0 0.22578125 0.16060961313012895 0.0125 0.009378663540445486
0 0.47265625 0.1541617819460727 0.003125 0.0023446658851113715
0 0.573828125 0.15093786635404455 0.00859375 0.0076201641266119575
0 0.198046875 0.14800703399765533 0.01171875 0.008792497069167644
0 0.254296875 0.14390386869871044 0.01015625 0.006447831184056272
0 0.21953125 0.141852286049238 0.0046875 0.004689331770222743
0 0.509765625 0.138042203985932 0.00078125 0.0017584994138335288
0 0.80703125 0.14126611957796015 0.0140625 0.010550996483001172
0 0.735546875 0.13481828839390386 0.01328125 0.010550996483001172
0 0.584765625 0.12895662368112543 0.01328125 0.008206330597889801
0 0.63125 0.12895662368112543 0.0125 0.010550996483001172
0 0.8390625 0.12807737397420868 0.0140625 0.011137162954279016
0 0.283984375 0.12661195779601406 0.01171875 0.010550996483001172
0 0.52265625 0.11957796014067995 0.003125 0.0035169988276670576
0 0.326171875 0.1201641266119578 0.01171875 0.010550996483001172
0 0.257421875 0.10169988276670575 0.00546875 0.0029308323563892145
0 0.203125 0.1052168815943728 0.0453125 0.027549824150058615
0 0.226171875 0.09202813599062133 0.00234375 0.0035169988276670576
