0 0.541796875 0.7859375 0.00703125 0.009375
0 0.676953125 0.7848958333333333 0.00703125 0.009375
0 0.704296875 0.7817708333333333 0.00703125 0.009375
0 0.620703125 0.7817708333333333 0.00703125 0.009375
0 0.526171875 0.7817708333333333 0.00703125 0.009375
0 0.596484375 0.7755208333333333 0.00703125 0.009375
0 0.6640625 0.771875 0.0078125 0.010416666666666666
0 0.408984375 0.7708333333333334 0.00703125 0.008333333333333333
0 0.648046875 0.7677083333333333 0.00703125 0.010416666666666666
0 0.610546875 0.7671875 0.00703125 0.009375
0 0.53671875 0.7671875 0.00625 0.009375
0 0.72890625 0.7651041666666667 0.0078125 0.009375
0 0.460546875 0.7651041666666667 0.00703125 0.009375
0 0.712109375 0.7640625 0.00703125 0.009375
0 0.773046875 0.7630208333333334 0.00703125 0.009375
0 0.625390625 0.7630208333333334 0.00703125 0.009375
0 0.55546875 0.7630208333333334 0.00625 0.009375
0 0.3953125 0.7598958333333333 0.0078125 0.009375
0 0.273828125 0.7609375 0.00859375 0.011458333333333333
0 0.686328125 0.75625 0.00703125 0.010416666666666666
0 0.33984375 0.75625 0.0078125 0.010416666666666666
0 0.381640625 0.7515625 0.00703125 0.009375
0 0.654296875 0.7494791666666667 0.00703125 0.009375
0 0.443359375 0.7494791666666667 0.00703125 0.011458333333333333
0 0.67265625 0.7473958333333334 0.00625 0.009375
0 0.544921875 0.7463541666666667 0.00703125 0.009375
0 0.61640625 0.7453125 0.00625 0.009375
0 0.462890625 0.7427083333333333 0.00703125 0.010416666666666666
0 0.278125 0.7427083333333333 0.0078125 0.010416666666666666
0 0.598046875 0.7411458333333333 0.00703125 0.009375
0 0.637109375 0.7401041666666667 0.00703125 0.009375
0 0.77734375 0.7390625 0.0078125 0.009375
0 0.742578125 0.7390625 0.00703125 0.009375
0 0.295703125 0.7401041666666667 0.00859375 0.011458333333333333
0 0.70625 0.7348958333333333 0.00625 0.009375
0 0.438671875 0.7322916666666667 0.00703125 0.010416666666666666
0 0.330859375 0.73125 0.00859375 0.010416666666666666
0 0.666015625 0.7296875 0.00703125 0.009375
0 0.650390625 0.7291666666666666 0.00703125 0.008333333333333333
0 0.370703125 0.7291666666666666 0.00703125 0.010416666666666666
0 0.624609375 0.728125 0.00703125 0.010416666666666666
0 0.682421875 0.7255208333333333 0.00703125 0.009375
0 0.588671875 0.7255208333333333 0.00703125 0.009375
0 0.609375 0.7239583333333334 0.00625 0.008333333333333333
0 0.553515625 0.7234375 0.00703125 0.009375
0 0.461328125 0.7239583333333334 0.00703125 0.010416666666666666
0 0.726953125 0.721875 0.00703125 0.008333333333333333
0 0.298046875 0.7213541666666666 0.00859375 0.011458333333333333
0 0.7671875 0.7177083333333333 0.0078125 0.008333333333333333
0 0.696875 0.7182291666666667 0.0078125 0.009375
0 0.78671875 0.7130208333333333 0.00625 0.009375
0 0.634375 0.7130208333333333 0.00625 0.009375
0 0.672265625 0.7114583333333333 0.00703125 0.008333333333333333
0 0.65625 0.7109375 0.00625 0.009375
0 0.284765625 0.7109375 0.00859375 0.009375
0 0.426953125 0.7098958333333333 0.00703125 0.009375
0 0.471484375 0.7072916666666667 0.00703125 0.010416666666666666
0 0.2609375 0.70625 0.0078125 0.010416666666666666
0 0.757421875 0.703125 0.00703125 0.00625
0 0.720703125 0.7036458333333333 0.00703125 0.009375
0 0.6203125 0.7020833333333333 0.00625 0.008333333333333333
0 0.440625 0.7015625 0.00625 0.009375
0 0.77421875 0.6984375 0.00625 0.007291666666666667
0 0.691015625 0.6994791666666667 0.00703125 0.009375
0 0.220703125 0.6994791666666667 0.00859375 0.009375
0 0.644921875 0.6979166666666666 0.00703125 0.008333333333333333
0 0.735546875 0.696875 0.00703125 0.008333333333333333
0 0.484375 0.6973958333333333 0.0078125 0.009375
0 0.706640625 0.6947916666666667 0.00703125 0.008333333333333333
0 0.553515625 0.6932291666666667 0.00703125 0.009375
0 0.382421875 0.6932291666666667 0.00703125 0.009375
0 0.675390625 0.6916666666666667 0.00703125 0.008333333333333333
0 0.605859375 0.6911458333333333 0.00703125 0.009375
0 0.470703125 0.6880208333333333 0.00703125 0.009375
0 0.2890625 0.6885416666666667 0.0078125 0.010416666666666666
0 0.271484375 0.6885416666666667 0.00546875 0.010416666666666666
0 0.660546875 0.6854166666666667 0.00703125 0.008333333333333333
0 0.623828125 0.6828125 0.00703125 0.009375
0 0.326171875 0.6817708333333333 0.00546875 0.009375
0 0.72109375 0.6786458333333333 0.00625 0.009375
0 0.6453125 0.6776041666666667 0.00625 0.009375
0 0.73671875 0.6760416666666667 0.00625 0.008333333333333333
0 0.785546875 0.6744791666666666 0.00703125 0.009375
0 0.75234375 0.6744791666666666 0.00625 0.009375
0 0.68203125 0.6723958333333333 0.00625 0.009375
0 0.7078125 0.6677083333333333 0.00625 0.008333333333333333
0 0.409765625 0.6671875 0.00703125 0.009375
0 0.30625 0.6671875 0.0078125 0.009375
0 0.630078125 0.6640625 0.00703125 0.009375
0 0.321484375 0.6640625 0.00703125 0.009375
0 0.2875 0.6640625 0.009375 0.011458333333333333
0 0.77734375 0.659375 0.00625 0.004166666666666667
0 0.542578125 0.6609375 0.00703125 0.009375
0 0.66875 0.6572916666666667 0.00625 0.008333333333333333
0 0.236328125 0.6557291666666667 0.00859375 0.009375
0 0.688671875 0.6536458333333334 0.00703125 0.009375
0 0.21640625 0.6541666666666667 0.0046875 0.010416666666666666
0 0.64296875 0.6526041666666667 0.00625 0.009375
0 0.16875 0.6604166666666667 0.015625 0.027083333333333334
0 0.297265625 0.6510416666666666 0.00859375 0.010416666666666666
0 0.70390625 0.6479166666666667 0.00625 0.008333333333333333
0 0.791015625 0.6447916666666667 0.00546875 0.00625
0 0.615625 0.6442708333333333 0.00625 0.009375
0 0.758203125 0.6432291666666666 0.00703125 0.009375
0 0.405859375 0.6421875 0.00703125 0.009375
0 0.658984375 0.6375 0.00703125 0.008333333333333333
0 0.203515625 0.6385416666666667 0.00859375 0.010416666666666666
0 0.22578125 0.6359375 0.009375 0.009375
0 0.716015625 0.634375 0.00703125 0.008333333333333333
0 0.731640625 0.6291666666666667 0.00703125 0.008333333333333333
0 0.255078125 0.6302083333333334 0.00859375 0.010416666666666666
0 0.747265625 0.6276041666666666 0.00703125 0.009375
0 0.701171875 0.6276041666666666 0.00703125 0.009375
0 0.1921875 0.6244791666666667 0.009375 0.009375
0 0.686328125 0.6192708333333333 0.00703125 0.009375
0 0.2328125 0.6182291666666667 0.0078125 0.009375
0 0.215625 0.6171875 0.00625 0.009375
0 0.720703125 0.6151041666666667 0.00703125 0.007291666666666667
0 0.660546875 0.6130208333333333 0.00703125 0.009375
0 0.16953125 0.609375 0.009375 0.010416666666666666
0 0.703125 0.6078125 0.0078125 0.009375
0 0.736328125 0.6046875 0.00546875 0.007291666666666667
0 0.26796875 0.6015625 0.003125 0.009375
0 0.35703125 0.5984375 0.0078125 0.009375
0 0.229296875 0.5984375 0.00859375 0.009375
0 0.683203125 0.5953125 0.00703125 0.009375
0 0.66796875 0.5947916666666667 0.00625 0.008333333333333333
0 0.208984375 0.5953125 0.00859375 0.009375
0 0.7203125 0.59375 0.0078125 0.008333333333333333
0 0.753515625 0.5921875 0.00703125 0.009375
0 0.63125 0.5921875 0.00625 0.009375
0 0.19140625 0.5927083333333333 0.009375 0.010416666666666666
0 0.13984375 0.5854166666666667 0.009375 0.008333333333333333
0 0.74140625 0.5796875 0.00625 0.009375
0 0.70546875 0.5760416666666667 0.00625 0.00625
0 0.23203125 0.5776041666666667 0.009375 0.009375
0 0.675 0.5765625 0.00625 0.009375
0 0.771875 0.5755208333333334 0.00625 0.009375
0 0.518359375 0.5744791666666667 0.00703125 0.009375
0 0.65 0.5729166666666666 0.00625 0.008333333333333333
0 0.620703125 0.5723958333333333 0.00703125 0.009375
0 0.755859375 0.5697916666666667 0.00703125 0.008333333333333333
0 0.72265625 0.5645833333333333 0.00625 0.00625
0 0.499609375 0.5651041666666666 0.00703125 0.009375
0 0.13203125 0.5651041666666666 0.009375 0.009375
0 0.170703125 0.5635416666666667 0.00859375 0.010416666666666666
0 0.20390625 0.5598958333333334 0.009375 0.009375
0 0.68359375 0.5588541666666667 0.0078125 0.009375
0 0.739453125 0.5578125 0.00703125 0.009375
0 0.699609375 0.5552083333333333 0.00703125 0.008333333333333333
0 0.780078125 0.553125 0.00546875 0.008333333333333333
0 0.15625 0.5541666666666667 0.009375 0.010416666666666666
0 0.763671875 0.5505208333333333 0.00703125 0.009375
0 0.36171875 0.55 0.0078125 0.008333333333333333
0 0.14140625 0.5458333333333333 0.0046875 0.008333333333333333
0 0.588671875 0.5453125 0.00703125 0.009375
0 0.712109375 0.5432291666666667 0.00703125 0.007291666666666667
0 0.730859375 0.5401041666666667 0.00703125 0.009375
0 0.77421875 0.5348958333333333 0.0046875 0.003125
0 0.23671875 0.5369791666666667 0.0078125 0.009375
0 0.252734375 0.5328125 0.00859375 0.009375
0 0.600390625 0.5317708333333333 0.00703125 0.009375
0 0.701171875 0.5276041666666667 0.00703125 0.009375
0 0.742578125 0.5255208333333333 0.00703125 0.009375
0 0.38203125 0.5255208333333333 0.0078125 0.009375
0 0.8015625 0.521875 0.00625 0.00625
0 0.758984375 0.5234375 0.00703125 0.009375
0 0.581640625 0.5208333333333334 0.00703125 0.00625
0 0.226171875 0.521875 0.00859375 0.010416666666666666
0 0.726953125 0.5197916666666667 0.00703125 0.010416666666666666
0 0.2515625 0.5114583333333333 0.0046875 0.010416666666666666
0 0.16796875 0.5104166666666666 0.009375 0.010416666666666666
0 0.76796875 0.5078125 0.00625 0.007291666666666667
0 0.70859375 0.5078125 0.0078125 0.009375
0 0.690234375 0.5078125 0.00703125 0.009375
0 0.825 0.5052083333333334 0.00625 0.008333333333333333
0 0.119921875 0.5057291666666667 0.01015625 0.009375
0 0.791796875 0.5041666666666667 0.00703125 0.008333333333333333
0 0.739453125 0.5046875 0.00703125 0.009375
0 0.31796875 0.503125 0.0078125 0.008333333333333333
0 0.808984375 0.5005208333333333 0.00703125 0.009375
0 0.7234375 0.4984375 0.0078125 0.009375
0 0.1796875 0.4984375 0.009375 0.009375
0 0.753515625 0.49375 0.00546875 0.00625
0 0.20703125 0.4953125 0.003125 0.009375
0 0.7796875 0.49114583333333334 0.0078125 0.007291666666666667
0 0.70390625 0.48802083333333335 0.0078125 0.009375
0 0.797265625 0.48333333333333334 0.00546875 0.00625
0 0.138671875 0.48541666666666666 0.00859375 0.010416666666666666
0 0.121875 0.48489583333333336 0.0078125 0.009375
0 0.7359375 0.48385416666666664 0.00625 0.009375
0 0.6875 0.48385416666666664 0.0078125 0.009375
0 0.60859375 0.48385416666666664 0.0078125 0.009375
0 0.718359375 0.4786458333333333 0.00703125 0.009375
0 0.625390625 0.4786458333333333 0.00703125 0.009375
0 0.765234375 0.4765625 0.00703125 0.009375
0 0.749609375 0.47239583333333335 0.00703125 0.009375
0 0.672265625 0.47239583333333335 0.00703125 0.009375
0 0.70390625 0.4661458333333333 0.00625 0.007291666666666667
0 0.73046875 0.4635416666666667 0.0078125 0.010416666666666666
0 0.6875 0.4630208333333333 0.0078125 0.009375
0 0.777734375 0.46197916666666666 0.00703125 0.009375
0 0.76328125 0.45416666666666666 0.0046875 0.004166666666666667
0 0.746484375 0.45208333333333334 0.00546875 0.00625
0 0.71484375 0.4479166666666667 0.0078125 0.008333333333333333
0 0.661328125 0.4473958333333333 0.00703125 0.009375
0 0.80625 0.4453125 0.0078125 0.007291666666666667
0 0.731640625 0.44375 0.00703125 0.00625
0 0.698046875 0.4453125 0.00703125 0.009375
0 0.621875 0.44427083333333334 0.00625 0.009375
0 0.67734375 0.4432291666666667 0.0078125 0.009375
0 0.778125 0.44114583333333335 0.0078125 0.009375
0 0.6421875 0.4401041666666667 0.00625 0.009375
0 0.595703125 0.43697916666666664 0.00703125 0.009375
0 0.518359375 0.4354166666666667 0.00703125 0.010416666666666666
0 0.745703125 0.4317708333333333 0.00546875 0.005208333333333333
0 0.446484375 0.4317708333333333 0.00703125 0.009375
0 0.14296875 0.43020833333333336 0.009375 0.010416666666666666
0 0.7078125 0.428125 0.0078125 0.010416666666666666
0 0.6671875 0.4276041666666667 0.0078125 0.009375
0 0.630078125 0.42604166666666665 0.00703125 0.008333333333333333
0 0.69140625 0.42604166666666665 0.0078125 0.010416666666666666
0 0.766796875 0.42239583333333336 0.00703125 0.009375
0 0.723828125 0.42291666666666666 0.00546875 0.010416666666666666
0 0.534765625 0.4203125 0.00703125 0.009375
0 0.601953125 0.41770833333333335 0.00703125 0.010416666666666666
0 0.808984375 0.41354166666666664 0.00703125 0.008333333333333333
0 0.648828125 0.41354166666666664 0.00703125 0.008333333333333333
0 0.519921875 0.41458333333333336 0.00703125 0.010416666666666666
0 0.68203125 0.4088541666666667 0.0078125 0.009375
0 0.664453125 0.40677083333333336 0.00703125 0.009375
0 0.6984375 0.40625 0.0078125 0.010416666666666666
0 0.14921875 0.40677083333333336 0.009375 0.011458333333333333
0 0.733984375 0.4046875 0.00703125 0.009375
0 0.632421875 0.4046875 0.00703125 0.009375
0 0.71640625 0.4041666666666667 0.0078125 0.010416666666666666
0 0.41875 0.40260416666666665 0.00625 0.009375
0 0.387109375 0.40260416666666665 0.00703125 0.009375
0 0.58515625 0.39947916666666666 0.0078125 0.009375
0 0.293359375 0.396875 0.00859375 0.010416666666666666
0 0.25078125 0.3958333333333333 0.0078125 0.010416666666666666
0 0.16171875 0.39166666666666666 0.009375 0.010416666666666666
0 0.551171875 0.390625 0.00703125 0.010416666666666666
0 0.6890625 0.38958333333333334 0.0078125 0.010416666666666666
0 0.654296875 0.38958333333333334 0.00703125 0.010416666666666666
0 0.265625 0.3890625 0.0078125 0.009375
0 0.1984375 0.3885416666666667 0.009375 0.010416666666666666
0 0.673046875 0.3875 0.00703125 0.010416666666666666
0 0.601953125 0.3859375 0.00703125 0.009375
0 0.507421875 0.38645833333333335 0.00703125 0.010416666666666666
0 0.45625 0.384375 0.00625 0.010416666666666666
0 0.712890625 0.38333333333333336 0.00703125 0.010416666666666666
0 0.532421875 0.3828125 0.00703125 0.009375
0 0.280859375 0.38333333333333336 0.00859375 0.010416666666666666
0 0.39765625 0.38229166666666664 0.0078125 0.010416666666666666
0 0.729296875 0.3807291666666667 0.00703125 0.009375
0 0.63125 0.37447916666666664 0.0078125 0.009375
0 0.562890625 0.37395833333333334 0.00703125 0.010416666666666666
0 0.419140625 0.3734375 0.00703125 0.009375
0 0.69921875 0.37135416666666665 0.0078125 0.009375
0 0.64765625 0.37083333333333335 0.0078125 0.010416666666666666
0 0.6828125 0.3697916666666667 0.0078125 0.010416666666666666
0 0.6640625 0.3692708333333333 0.0078125 0.009375
0 0.5796875 0.3692708333333333 0.0078125 0.009375
0 0.4671875 0.3692708333333333 0.00625 0.009375
0 0.268359375 0.36875 0.00859375 0.010416666666666666
0 0.7671875 0.3609375 0.0078125 0.009375
0 0.594921875 0.3609375 0.00703125 0.009375
0 0.734375 0.359375 0.0078125 0.010416666666666666
0 0.620703125 0.35885416666666664 0.00703125 0.009375
0 0.165625 0.3572916666666667 0.009375 0.010416666666666666
0 0.51953125 0.35625 0.0078125 0.010416666666666666
0 0.257421875 0.353125 0.00859375 0.010416666666666666
0 0.561328125 0.35208333333333336 0.00703125 0.010416666666666666
0 0.418359375 0.35208333333333336 0.00703125 0.010416666666666666
0 0.38671875 0.35208333333333336 0.0078125 0.010416666666666666
0 0.140625 0.35208333333333336 0.009375 0.010416666666666666
0 0.69453125 0.35104166666666664 0.0078125 0.010416666666666666
0 0.444140625 0.35052083333333334 0.00703125 0.009375
0 0.7171875 0.3489583333333333 0.0078125 0.010416666666666666
0 0.6703125 0.3489583333333333 0.0078125 0.010416666666666666
0 0.644921875 0.34791666666666665 0.00703125 0.010416666666666666
0 0.218359375 0.346875 0.00859375 0.010416666666666666
0 0.607421875 0.3458333333333333 0.00703125 0.010416666666666666
0 0.58203125 0.3453125 0.0078125 0.009375
0 0.241796875 0.3458333333333333 0.00859375 0.010416666666666666
0 0.476171875 0.3421875 0.00546875 0.009375
0 0.458984375 0.34270833333333334 0.00703125 0.010416666666666666
0 0.507421875 0.3416666666666667 0.00703125 0.010416666666666666
0 0.202734375 0.3375 0.00859375 0.010416666666666666
0 0.68359375 0.334375 0.0078125 0.010416666666666666
0 0.63359375 0.3333333333333333 0.0078125 0.010416666666666666
0 0.53828125 0.3333333333333333 0.0078125 0.010416666666666666
0 0.437109375 0.33125 0.00703125 0.010416666666666666
0 0.554296875 0.3302083333333333 0.00703125 0.010416666666666666
0 0.230078125 0.3307291666666667 0.00859375 0.011458333333333333
0 0.493359375 0.32916666666666666 0.00703125 0.010416666666666666
0 0.617578125 0.328125 0.00703125 0.010416666666666666
0 0.66640625 0.32708333333333334 0.0078125 0.010416666666666666
0 0.64921875 0.32708333333333334 0.0078125 0.010416666666666666
0 0.57109375 0.3260416666666667 0.0078125 0.010416666666666666
0 0.52265625 0.3265625 0.0078125 0.011458333333333333
0 0.69921875 0.3255208333333333 0.0078125 0.011458333333333333
0 0.5890625 0.3255208333333333 0.0078125 0.011458333333333333
0 0.412890625 0.32447916666666665 0.00703125 0.009375
0 0.4515625 0.3229166666666667 0.0078125 0.010416666666666666
0 0.244140625 0.32083333333333336 0.00859375 0.010416666666666666
0 0.5078125 0.31979166666666664 0.0078125 0.010416666666666666
0 0.34921875 0.31666666666666665 0.0078125 0.010416666666666666
0 0.139453125 0.31666666666666665 0.01015625 0.010416666666666666
0 0.604296875 0.31614583333333335 0.00703125 0.011458333333333333
0 0.478515625 0.315625 0.00703125 0.010416666666666666
0 0.398046875 0.3145833333333333 0.00703125 0.010416666666666666
0 0.54140625 0.31145833333333334 0.0078125 0.010416666666666666
0 0.46328125 0.30833333333333335 0.0078125 0.010416666666666666
0 0.431640625 0.30833333333333335 0.00703125 0.010416666666666666
0 0.6765625 0.3078125 0.0078125 0.011458333333333333
0 0.260546875 0.3072916666666667 0.00703125 0.010416666666666666
0 0.23046875 0.3078125 0.009375 0.011458333333333333
0 0.65546875 0.30520833333333336 0.0078125 0.010416666666666666
0 0.5765625 0.30520833333333336 0.0078125 0.010416666666666666
0 0.6390625 0.30416666666666664 0.0078125 0.010416666666666666
0 0.525 0.3046875 0.0078125 0.011458333333333333
0 0.37578125 0.303125 0.0078125 0.010416666666666666
0 0.692578125 0.3026041666666667 0.00859375 0.011458333333333333
0 0.44765625 0.3020833333333333 0.0078125 0.010416666666666666
0 0.41328125 0.30104166666666665 0.0078125 0.010416666666666666
0 0.72578125 0.3 0.0078125 0.010416666666666666
0 0.620703125 0.2989583333333333 0.00703125 0.010416666666666666
0 0.708984375 0.29791666666666666 0.00859375 0.010416666666666666
0 0.5078125 0.29791666666666666 0.0078125 0.010416666666666666
0 0.13046875 0.29791666666666666 0.009375 0.010416666666666666
0 0.793359375 0.29739583333333336 0.00859375 0.011458333333333333
0 0.48828125 0.29739583333333336 0.0078125 0.011458333333333333
0 0.324609375 0.296875 0.00859375 0.010416666666666666
0 0.598828125 0.29583333333333334 0.00703125 0.010416666666666666
0 0.776953125 0.29375 0.00859375 0.010416666666666666
0 0.38984375 0.29270833333333335 0.0078125 0.010416666666666666
0 0.56171875 0.2916666666666667 0.0078125 0.010416666666666666
0 0.346875 0.2916666666666667 0.0078125 0.010416666666666666
0 0.271875 0.2916666666666667 0.0078125 0.010416666666666666
0 0.472265625 0.28958333333333336 0.00703125 0.010416666666666666
0 0.536328125 0.28854166666666664 0.00703125 0.010416666666666666
0 0.171484375 0.28802083333333334 0.00859375 0.011458333333333333
0 0.434765625 0.2869791666666667 0.00703125 0.011458333333333333
0 0.5828125 0.28541666666666665 0.0078125 0.010416666666666666
0 0.678125 0.28489583333333335 0.0078125 0.011458333333333333
0 0.228515625 0.28489583333333335 0.00859375 0.011458333333333333
0 0.65625 0.2828125 0.0078125 0.011458333333333333
0 0.4546875 0.28229166666666666 0.0078125 0.010416666666666666
0 0.40625 0.28125 0.00625 0.010416666666666666
0 0.144140625 0.2791666666666667 0.00703125 0.008333333333333333
0 0.498828125 0.2796875 0.00703125 0.011458333333333333
0 0.3765625 0.2796875 0.0078125 0.011458333333333333
0 0.55 0.27708333333333335 0.0078125 0.010416666666666666
0 0.63515625 0.2760416666666667 0.0078125 0.010416666666666666
0 0.33046875 0.2765625 0.0078125 0.011458333333333333
0 0.785546875 0.27291666666666664 0.00859375 0.0125
0 0.60625 0.27239583333333334 0.0078125 0.011458333333333333
0 0.421484375 0.271875 0.00703125 0.010416666666666666
0 0.481640625 0.2713541666666667 0.00703125 0.011458333333333333
0 0.3921875 0.2682291666666667 0.0078125 0.011458333333333333
0 0.442578125 0.2671875 0.00703125 0.011458333333333333
0 0.52734375 0.26458333333333334 0.0078125 0.010416666666666666
0 0.510546875 0.26510416666666664 0.00703125 0.011458333333333333
0 0.666796875 0.2640625 0.00859375 0.011458333333333333
0 0.46328125 0.2635416666666667 0.0078125 0.010416666666666666
0 0.64921875 0.2630208333333333 0.0078125 0.011458333333333333
0 0.40703125 0.259375 0.0078125 0.010416666666666666
0 0.33984375 0.259375 0.0078125 0.010416666666666666
0 0.205078125 0.2598958333333333 0.00859375 0.011458333333333333
0 0.49453125 0.25833333333333336 0.0078125 0.010416666666666666
0 0.3734375 0.25625 0.0078125 0.010416666666666666
0 0.295703125 0.25677083333333334 0.00859375 0.011458333333333333
0 0.22890625 0.2557291666666667 0.009375 0.011458333333333333
0 0.68359375 0.25364583333333335 0.0078125 0.011458333333333333
0 0.60703125 0.24947916666666667 0.0078125 0.011458333333333333
0 0.42109375 0.24895833333333334 0.0078125 0.010416666666666666
0 0.4515625 0.2484375 0.0078125 0.011458333333333333
0 0.63125 0.24739583333333334 0.0078125 0.011458333333333333
0 0.47421875 0.24739583333333334 0.0078125 0.011458333333333333
0 0.321875 0.24739583333333334 0.0078125 0.011458333333333333
0 0.13828125 0.24739583333333334 0.009375 0.011458333333333333
0 0.792578125 0.246875 0.00859375 0.0125
0 0.65859375 0.24427083333333333 0.0078125 0.011458333333333333
0 0.51171875 0.2421875 0.0078125 0.011458333333333333
0 0.3859375 0.2421875 0.0078125 0.011458333333333333
0 0.557421875 0.24114583333333334 0.00703125 0.011458333333333333
0 0.573828125 0.23958333333333334 0.00859375 0.010416666666666666
0 0.201953125 0.23802083333333332 0.00859375 0.011458333333333333
0 0.341015625 0.23697916666666666 0.00859375 0.011458333333333333
0 0.40234375 0.23541666666666666 0.00625 0.010416666666666666
0 0.287890625 0.2359375 0.00859375 0.011458333333333333
0 0.4890625 0.23385416666666667 0.0078125 0.011458333333333333
0 0.61875 0.2328125 0.0078125 0.011458333333333333
0 0.59609375 0.2328125 0.0078125 0.011458333333333333
0 0.440625 0.23229166666666667 0.0078125 0.010416666666666666
0 0.23984375 0.23229166666666667 0.0078125 0.010416666666666666
0 0.46015625 0.23072916666666668 0.0078125 0.011458333333333333
0 0.4234375 0.2265625 0.0078125 0.011458333333333333
0 0.13984375 0.22604166666666667 0.009375 0.010416666666666666
0 0.37578125 0.225 0.0078125 0.010416666666666666
0 0.255078125 0.22552083333333334 0.00859375 0.011458333333333333
0 0.503125 0.22291666666666668 0.0078125 0.010416666666666666
0 0.32734375 0.2234375 0.0078125 0.011458333333333333
0 0.475 0.221875 0.0078125 0.010416666666666666
0 0.17578125 0.22239583333333332 0.009375 0.011458333333333333
0 0.6328125 0.22083333333333333 0.0078125 0.0125
0 0.541796875 0.21770833333333334 0.00703125 0.010416666666666666
0 0.57265625 0.2171875 0.0078125 0.011458333333333333
0 0.39140625 0.21614583333333334 0.0078125 0.011458333333333333
0 0.347265625 0.21458333333333332 0.00546875 0.010416666666666666
0 0.490625 0.20989583333333334 0.0078125 0.011458333333333333
0 0.523046875 0.2078125 0.00703125 0.011458333333333333
0 0.461328125 0.2078125 0.00703125 0.011458333333333333
0 0.287109375 0.2078125 0.00859375 0.013541666666666667
0 0.55546875 0.20520833333333333 0.0078125 0.010416666666666666
0 0.23984375 0.20520833333333333 0.00625 0.010416666666666666
0 0.33203125 0.20260416666666667 0.0078125 0.011458333333333333
0 0.256640625 0.2015625 0.00859375 0.011458333333333333
0 0.182421875 0.19947916666666668 0.00859375 0.011458333333333333
0 0.0984375 0.1984375 0.009375 0.011458333333333333
0 0.066796875 0.1984375 0.00859375 0.011458333333333333
0 0.808203125 0.19739583333333333 0.01015625 0.011458333333333333
0 0.3046875 0.19791666666666666 0.0078125 0.0125
0 0.6171875 0.19635416666666666 0.0078125 0.011458333333333333
0 0.39453125 0.19427083333333334 0.0078125 0.011458333333333333
0 0.083203125 0.19427083333333334 0.00390625 0.011458333333333333
0 0.596875 0.19375 0.0078125 0.0125
0 0.53671875 0.18958333333333333 0.0046875 0.010416666666666666
0 0.48359375 0.1890625 0.0078125 0.011458333333333333
0 0.3765625 0.18802083333333333 0.00625 0.011458333333333333
0 0.360546875 0.18802083333333333 0.00703125 0.011458333333333333
0 0.319921875 0.1875 0.00703125 0.010416666666666666
0 0.270703125 0.18802083333333333 0.00859375 0.011458333333333333
0 0.34375 0.18697916666666667 0.0078125 0.011458333333333333
0 0.289453125 0.1859375 0.00703125 0.011458333333333333
0 0.231640625 0.18489583333333334 0.00703125 0.011458333333333333
0 0.57421875 0.18385416666666668 0.0078125 0.011458333333333333
0 0.4671875 0.18385416666666668 0.0078125 0.011458333333333333
0 0.440234375 0.1828125 0.00703125 0.011458333333333333
0 0.55078125 0.18177083333333333 0.0078125 0.011458333333333333
0 0.248046875 0.18072916666666666 0.00859375 0.009375
0 0.10703125 0.18072916666666666 0.009375 0.011458333333333333
0 0.179296875 0.1765625 0.00859375 0.011458333333333333
0 0.642578125 0.17395833333333333 0.00859375 0.0125
0 0.4015625 0.1734375 0.0078125 0.011458333333333333
0 0.497265625 0.17135416666666667 0.00703125 0.011458333333333333
0 0.262109375 0.16822916666666668 0.00703125 0.011458333333333333
0 0.351953125 0.16770833333333332 0.00859375 0.0125
0 0.311328125 0.16614583333333333 0.00546875 0.009375
0 0.276953125 0.1671875 0.00546875 0.011458333333333333
0 0.623046875 0.165625 0.00859375 0.0125
0 0.22578125 0.1640625 0.0078125 0.011458333333333333
0 0.326171875 0.16354166666666667 0.00859375 0.0125
0 0.37109375 0.1609375 0.0078125 0.011458333333333333
0 0.295703125 0.15833333333333333 0.00703125 0.0125
0 0.687890625 0.15677083333333333 0.00859375 0.011458333333333333
0 0.608203125 0.153125 0.00859375 0.0125
0 0.591796875 0.15052083333333333 0.00859375 0.011458333333333333
0 0.70390625 0.14791666666666667 0.009375 0.0125
