0 0.29609375 0.815625 0.0015625 0.004166666666666667
0 0.423046875 0.8130208333333333 0.00078125 0.0010416666666666667
0 0.525390625 0.8119791666666667 0.00234375 0.0010416666666666667
0 0.3359375 0.8098958333333334 0.0078125 0.011458333333333333
0 0.454296875 0.7848958333333333 0.00234375 0.0010416666666666667
0 0.418359375 0.7661458333333333 0.00078125 0.0010416666666666667
0 0.562109375 0.7651041666666667 0.00078125 0.0010416666666666667
0 0.390234375 0.7598958333333333 0.00234375 0.0010416666666666667
0 0.348828125 0.7598958333333333 0.00078125 0.0010416666666666667
0 0.480078125 0.7588541666666667 0.00078125 0.0010416666666666667
0 0.511328125 0.7473958333333334 0.00078125 0.0010416666666666667
0 0.32421875 0.7369791666666666 0.0015625 0.0010416666666666667
0 0.5046875 0.7255208333333333 0.003125 0.0010416666666666667
0 0.546484375 0.7234375 0.00078125 0.0010416666666666667
0 0.460546875 0.715625 0.00234375 0.0020833333333333333
0 0.5328125 0.7104166666666667 0.003125 0.0020833333333333333
0 0.51640625 0.7088541666666667 0.0015625 0.0010416666666666667
0 0.50078125 0.7015625 0.0015625 0.0010416666666666667
0 0.466796875 0.6901041666666666 0.00078125 0.0010416666666666667
0 0.436328125 0.6901041666666666 0.00234375 0.0010416666666666667
0 0.603515625 0.6807291666666667 0.00390625 0.0010416666666666667
0 0.496875 0.6755208333333333 0.0015625 0.0010416666666666667
0 0.450390625 0.6729166666666667 0.00234375 0.0020833333333333333
0 0.4296875 0.6682291666666667 0.003125 0.003125
0 0.523046875 0.665625 0.00546875 0.0020833333333333333
0 0.5890625 0.6645833333333333 0.003125 0.004166666666666667
0 0.564453125 0.6609375 0.00546875 0.005208333333333333
0 0.51953125 0.64375 0.003125 0.0020833333333333333
0 0.475390625 0.6447916666666667 0.00234375 0.004166666666666667
0 0.5359375 0.64375 0.003125 0.004166666666666667
0 0.433203125 0.6307291666666667 0.00234375 0.0010416666666666667
0 0.488671875 0.6291666666666667 0.00546875 0.004166666666666667
0 0.53046875 0.621875 0.0015625 0.0020833333333333333
0 0.416796875 0.6203125 0.00078125 0.0010416666666666667
0 0.371875 0.6182291666666667 0.0015625 0.0010416666666666667
0 0.48828125 0.6098958333333333 0.0046875 0.0010416666666666667
0 0.379296875 0.5973958333333333 0.00234375 0.0010416666666666667
0 0.41796875 0.5963541666666666 0.003125 0.0010416666666666667
0 0.34453125 0.584375 0.0015625 0.0020833333333333333
0 0.3734375 0.565625 0.0015625 0.0020833333333333333
0 0.55859375 0.5625 0.00625 0.004166666666666667
0 0.294921875 0.5515625 0.00078125 0.0010416666666666667
0 0.384765625 0.54375 0.00234375 0.0020833333333333333
0 0.549609375 0.534375 0.00234375 0.004166666666666667
0 0.5453125 0.5333333333333333 0.0015625 0.0020833333333333333
0 0.46328125 0.525 0.003125 0.0020833333333333333
0 0.5453125 0.5114583333333333 0.00625 0.004166666666666667
0 0.350390625 0.5088541666666667 0.00078125 0.0010416666666666667
0 0.3828125 0.4979166666666667 0.003125 0.0020833333333333333
0 0.416796875 0.49322916666666666 0.00078125 0.0010416666666666667
0 0.43203125 0.4828125 0.0046875 0.005208333333333333
0 0.447265625 0.4796875 0.00390625 0.003125
0 0.335546875 0.47760416666666666 0.00078125 0.0010416666666666667
0 0.302734375 0.4703125 0.00078125 0.0010416666666666667
0 0.351171875 0.46927083333333336 0.00234375 0.003125
0 0.41484375 0.45989583333333334 0.00625 0.005208333333333333
0 0.373828125 0.45625 0.00234375 0.004166666666666667
0 0.53515625 0.44947916666666665 0.00625 0.009375
0 0.412109375 0.44114583333333335 0.00546875 0.007291666666666667
0 0.5515625 0.43802083333333336 0.0046875 0.005208333333333333
0 0.673046875 0.4317708333333333 0.00234375 0.0010416666666666667
0 0.29453125 0.42552083333333335 0.0015625 0.0010416666666666667
0 0.35390625 0.4114583333333333 0.00625 0.004166666666666667
0 0.325 0.39114583333333336 0.0015625 0.0010416666666666667
0 0.287890625 0.38697916666666665 0.00078125 0.0010416666666666667
0 0.739453125 0.3765625 0.00078125 0.0010416666666666667
0 0.48125 0.375 0.0046875 0.004166666666666667
0 0.382421875 0.3734375 0.00390625 0.003125
0 0.613671875 0.3671875 0.00078125 0.0010416666666666667
0 0.557421875 0.3671875 0.00546875 0.007291666666666667
0 0.44375 0.3572916666666667 0.0046875 0.004166666666666667
0 0.36875 0.35 0.003125 0.004166666666666667
0 0.566015625 0.34791666666666665 0.00234375 0.00625
0 0.434765625 0.33958333333333335 0.00546875 0.00625
0 0.348828125 0.32760416666666664 0.00078125 0.0010416666666666667
0 0.549609375 0.3260416666666667 0.00390625 0.0020833333333333333
0 0.31796875 0.3234375 0.0015625 0.0010416666666666667
0 0.537109375 0.315625 0.00234375 0.0020833333333333333
0 0.515234375 0.3151041666666667 0.00078125 0.0010416666666666667
0 0.416796875 0.309375 0.00390625 0.004166666666666667
0 0.4453125 0.30364583333333334 0.003125 0.005208333333333333
0 0.323828125 0.30052083333333335 0.00078125 0.0010416666666666667
0 0.679296875 0.29635416666666664 0.00234375 0.0010416666666666667
0 0.363671875 0.29791666666666666 0.00234375 0.004166666666666667
0 0.429296875 0.29791666666666666 0.00390625 0.00625
0 0.6 0.28958333333333336 0.00625 0.00625
0 0.408984375 0.28854166666666664 0.00546875 0.004166666666666667
0 0.665625 0.2859375 0.0015625 0.0010416666666666667
0 0.516796875 0.2859375 0.00546875 0.003125
0 0.37578125 0.2838541666666667 0.0015625 0.003125
0 0.326953125 0.28177083333333336 0.00234375 0.0010416666666666667
0 0.35859375 0.28020833333333334 0.0015625 0.0020833333333333333
0 0.38984375 0.27708333333333335 0.003125 0.0020833333333333333
0 0.688671875 0.2755208333333333 0.00078125 0.0010416666666666667
0 0.548046875 0.2708333333333333 0.00078125 0.0020833333333333333
0 0.425390625 0.2640625 0.00234375 0.0010416666666666667
0 0.352734375 0.2578125 0.00234375 0.003125
0 0.43515625 0.2484375 0.003125 0.0010416666666666667
0 0.65546875 0.24739583333333334 0.0015625 0.0010416666666666667
0 0.5109375 0.24947916666666667 0.0046875 0.005208333333333333
0 0.36484375 0.2453125 0.0015625 0.0010416666666666667
0 0.596484375 0.23489583333333333 0.00234375 0.0010416666666666667
0 0.42578125 0.2328125 0.0015625 0.0010416666666666667
0 0.573046875 0.23020833333333332 0.00234375 0.0020833333333333333
0 0.472265625 0.2296875 0.00234375 0.0010416666666666667
0 0.216796875 0.21510416666666668 0.00078125 0.0010416666666666667
0 0.428515625 0.2140625 0.00234375 0.0010416666666666667
0 0.310546875 0.1875 0.00078125 0.0020833333333333333
0 0.453125 0.1703125 0.0015625 0.0010416666666666667
