0 0.804296875 0.8742672919109027 0.01328125 0.011137162954279016
0 0.502734375 0.8701641266119577 0.01171875 0.008792497069167644
0 0.44921875 0.8590269636576788 0.0109375 0.008792497069167644
0 0.486328125 0.8519929660023446 0.01171875 0.008792497069167644
0 0.511328125 0.8514067995310668 0.01171875 0.00996483001172333
0 0.62265625 0.8402696365767878 0.0125 0.00996483001172333
0 0.4578125 0.8390973036342321 0.0109375 0.008792497069167644
0 0.371875 0.8355803048065651 0.0109375 0.008792497069167644
0 0.4859375 0.7913247362250879 0.0109375 0.008206330597889801
0 0.65390625 0.7743259085580305 0.0125 0.009378663540445486
0 0.60859375 0.7637749120750293 0.0125 0.009378663540445486
0 0.6328125 0.7631887456037515 0.0125 0.009378663540445486
0 0.678515625 0.7397420867526378 0.01171875 0.010550996483001172
0 0.587890625 0.7341735052754983 0.01171875 0.008792497069167644
0 0.6796875 0.7218640093786636 0.0125 0.00996483001172333
0 0.70859375 0.7045720984759671 0.0125 0.009378663540445486
0 0.783203125 0.6963657678780774 0.01328125 0.009378663540445486
0 0.60078125 0.690504103165299 0.0109375 0.008206330597889801
0 0.70234375 0.6811254396248535 0.0125 0.009378663540445486
0 0.534375 0.6726260257913247 0.0109375 0.0076201641266119575
0 0.7296875 0.667936694021102 0.0125 0.008792497069167644
0 0.689453125 0.6650058616647128 0.01171875 0.008792497069167644
0 0.55546875 0.6635404454865181 0.0109375 0.008206330597889801
0 0.626171875 0.6550410316529894 0.01171875 0.0076201641266119575
0 0.4171875 0.6497655334114889 0.009375 0.0076201641266119575
0 0.408203125 0.6315943728018757 0.01015625 0.0076201641266119575
0 0.528125 0.6310082063305978 0.0109375 0.0076201641266119575
0 0.658984375 0.6295427901524033 0.01171875 0.008206330597889801
0 0.60625 0.6289566236811255 0.0109375 0.008206330597889801
0 0.395703125 0.6172332942555686 0.01015625 0.007033997655334115
0 0.36328125 0.6072684642438453 0.009375 0.007033997655334115
0 0.51171875 0.5990621336459554 0.009375 0.007033997655334115
0 0.276171875 0.5967174677608441 0.01015625 0.007033997655334115
0 0.35234375 0.5896834701055099 0.009375 0.007033997655334115
0 0.62890625 0.5762016412661196 0.0109375 0.007033997655334115
0 0.799609375 0.570926143024619 0.01015625 0.005861664712778429
0 0.3453125 0.5718053927315357 0.009375 0.0076201641266119575
0 0.794921875 0.5665298944900352 0.00078125 0.0017584994138335288
0 0.70234375 0.5665298944900352 0.0109375 0.008792497069167644
0 0.247265625 0.5574443141852286 0.00859375 0.007033997655334115
0 0.708984375 0.5495310668229777 0.01171875 0.008792497069167644
0 0.798828125 0.5345838218053928 0.01171875 0.008206330597889801
0 0.524609375 0.5307737397420867 0.01015625 0.0076201641266119575
0 0.690234375 0.522274325908558 0.01171875 0.009378663540445486
0 0.335546875 0.5140679953106683 0.00859375 0.007033997655334115
0 0.621484375 0.5064478311840562 0.01015625 0.007033997655334115
0 0.48046875 0.5061547479484173 0.009375 0.0076201641266119575
0 0.689453125 0.5046893317702228 0.01171875 0.008206330597889801
0 0.76171875 0.5026377491207503 0.0109375 0.0076201641266119575
0 0.487109375 0.48710433763188743 0.01015625 0.007033997655334115
0 0.771875 0.48534583821805394 0.0109375 0.007033997655334115
0 0.641015625 0.48446658851113716 0.01015625 0.0076201641266119575
0 0.5234375 0.4824150058616647 0.009375 0.008206330597889801
0 0.618359375 0.4783118405627198 0.01015625 0.007033997655334115
0 0.50390625 0.4686400937866354 0.0109375 0.0076201641266119575
0 0.3171875 0.4654161781946073 0.009375 0.007033997655334115
0 0.525390625 0.4654161781946073 0.01015625 0.008206330597889801
0 0.460546875 0.4642438452520516 0.01015625 0.007033997655334115
0 0.694921875 0.45720984759671746 0.01015625 0.007033997655334115
0 0.516796875 0.4501758499413834 0.01015625 0.007033997655334115
0 0.447265625 0.4501758499413834 0.01015625 0.007033997655334115
0 0.39609375 0.4425556858147714 0.009375 0.007033997655334115
0 0.366796875 0.43259085580304807 0.01015625 0.007033997655334115
0 0.3390625 0.4296600234466589 0.009375 0.008206330597889801
0 0.53359375 0.41852286049237986 0.009375 0.007033997655334115
0 0.398828125 0.41852286049237986 0.01015625 0.008206330597889801
0 0.334375 0.41471277842907384 0.009375 0.006447831184056272
0 0.36796875 0.4135404454865182 0.009375 0.006447831184056272
0 0.26640625 0.4138335287221571 0.009375 0.007033997655334115
0 0.519921875 0.4056271981242673 0.01015625 0.007033997655334115
0 0.421875 0.40621336459554513 0.009375 0.008206330597889801
0 0.387109375 0.4056271981242673 0.01015625 0.008206330597889801
0 0.646875 0.40123094958968347 0.0109375 0.0076201641266119575
0 0.239453125 0.4003516998827667 0.01015625 0.007033997655334115
0 0.705859375 0.3877491207502931 0.01015625 0.0076201641266119575
0 0.483203125 0.3813012895662368 0.01015625 0.006447831184056272
0 0.561328125 0.376905041031653 0.01015625 0.007033997655334115
0 0.43984375 0.37602579132473624 0.009375 0.006447831184056272
0 0.261328125 0.37602579132473624 0.01015625 0.006447831184056272
0 0.371875 0.373094958968347 0.009375 0.006447831184056272
0 0.721484375 0.37368112543962484 0.01171875 0.008792497069167644
0 0.7625 0.3698710433763189 0.0109375 0.008206330597889801
0 0.698046875 0.3698710433763189 0.01171875 0.008206330597889801
0 0.78203125 0.35668229777256744 0.0109375 0.008792497069167644
0 0.7234375 0.34114888628370454 0.0109375 0.008206330597889801
0 0.22421875 0.3373388042203986 0.0109375 0.0076201641266119575
0 0.741796875 0.3291324736225088 0.01171875 0.008792497069167644
0 0.640234375 0.298651817116061 0.01015625 0.008792497069167644
0 0.350390625 0.29835873388042206 0.01015625 0.008206330597889801
0 0.4078125 0.29279015240328254 0.009375 0.008792497069167644
0 0.589453125 0.2889800703399766 0.01015625 0.008206330597889801
0 0.274609375 0.2784290738569754 0.01015625 0.008206330597889801
0 0.30859375 0.27227432590855805 0.009375 0.008792497069167644
0 0.255859375 0.2708089097303634 0.01171875 0.008206330597889801
0 0.36484375 0.26875732708089095 0.009375 0.0076201641266119575
0 0.3828125 0.257620164126612 0.009375 0.008792497069167644
0 0.399609375 0.21834701055099648 0.01015625 0.008792497069167644
0 0.548046875 0.21776084407971863 0.01015625 0.00996483001172333
0 0.73984375 0.18083235638921455 0.0125 0.008792497069167644
0 0.718359375 0.17555685814771396 0.01328125 0.00996483001172333
0 0.3328125 0.17409144196951934 0.009375 0.009378663540445486
0 0.217578125 0.1515240328253224 0.01015625 0.008792497069167644
0 0.554296875 0.10961313012895663 0.00859375 0.008206330597889801
0 0.559765625 0.09085580304806565 0.01015625 0.010550996483001172
