0 0.584765625 0.8950762016412661 0.01171875 0.009378663540445486
0 0.35390625 0.8654747948417351 0.0109375 0.008792497069167644
0 0.4390625 0.7438452520515827 0.0109375 0.008206330597889801
0 0.3609375 0.7423798358733881 0.0109375 0.008792497069167644
0 0.223828125 0.7309495896834701 0.01015625 0.008206330597889801
0 0.45078125 0.7291910902696366 0.0109375 0.008206330597889801
0 0.43984375 0.6570926143024619 0.0109375 0.008206330597889801
0 0.440625 0.6398007033997656 0.0109375 0.0076201641266119575
0 0.528515625 0.6219226260257913 0.01015625 0.008206330597889801
0 0.306640625 0.6204572098475967 0.01015625 0.0076201641266119575
0 0.294140625 0.6011137162954279 0.01015625 0.0076201641266119575
0 0.42421875 0.5767878077373975 0.0109375 0.008206330597889801
0 0.530859375 0.5427901524032825 0.01015625 0.008206330597889801
0 0.306640625 0.5331184056271981 0.01015625 0.0076201641266119575
0 0.20078125 0.4976553341148886 0.0109375 0.007033997655334115
0 0.44609375 0.49208675263774915 0.0109375 0.0076201641266119575
0 0.201953125 0.481535756154748 0.00078125 0.0005861664712778429
0 0.43515625 0.47889800703399765 0.0109375 0.007033997655334115
0 0.666796875 0.4771395076201641 0.01171875 0.008206330597889801
0 0.43125 0.414126611957796 0.0109375 0.0076201641266119575
0 0.407421875 0.4114888628370457 0.01015625 0.008206330597889801
0 0.543359375 0.4091441969519343 0.01015625 0.008206330597889801
0 0.426171875 0.3959554513481829 0.01015625 0.0076201641266119575
0 0.55859375 0.3892145369284877 0.0109375 0.008206330597889801
0 0.857421875 0.3754396248534584 0.01171875 0.0076201641266119575
0 0.883984375 0.35199296600234464 0.01328125 0.008792497069167644
0 0.27734375 0.28751465416178196 0.0015625 0.0029308323563892145
0 0.5203125 0.2731535756154748 0.009375 0.004689331770222743
0 0.475390625 0.19607268464243846 0.00078125 0.0005861664712778429
0 0.465234375 0.1937280187573271 0.00078125 0.0017584994138335288
0 0.465234375 0.19167643610785462 0.00078125 0.0011723329425556857
0 0.361328125 0.17731535756154748 0.00078125 0.0005861664712778429
0 0.887109375 0.11781946072684643 0.01171875 0.009378663540445486
