0 0.657421875 0.8869791666666667 0.00546875 0.009375
0 0.35234375 0.8833333333333333 0.003125 0.0020833333333333333
0 0.638671875 0.8807291666666667 0.00390625 0.003125
0 0.468359375 0.8833333333333333 0.00703125 0.010416666666666666
0 0.403515625 0.8828125 0.01015625 0.009375
0 0.5109375 0.88125 0.0078125 0.010416666666666666
0 0.565625 0.8755208333333333 0.0046875 0.003125
0 0.265234375 0.88125 0.00859375 0.014583333333333334
0 0.6984375 0.8734375 0.0046875 0.003125
0 0.3671875 0.878125 0.003125 0.0125
0 0.3296875 0.8791666666666667 0.00625 0.014583333333333334
0 0.675390625 0.875 0.00546875 0.008333333333333333
0 0.61484375 0.8760416666666667 0.0046875 0.010416666666666666
0 0.595703125 0.875 0.00390625 0.010416666666666666
0 0.54765625 0.8760416666666667 0.00625 0.0125
0 0.418359375 0.8708333333333333 0.00390625 0.0020833333333333333
0 0.310546875 0.8760416666666667 0.01015625 0.014583333333333334
0 0.716796875 0.86875 0.00390625 0.004166666666666667
0 0.48515625 0.8713541666666667 0.009375 0.009375
0 0.387109375 0.8703125 0.00859375 0.011458333333333333
0 0.788671875 0.8619791666666666 0.00234375 0.003125
0 0.734765625 0.8630208333333333 0.00390625 0.005208333333333333
0 0.34140625 0.8619791666666666 0.0046875 0.003125
0 0.58046875 0.8619791666666666 0.00625 0.005208333333333333
0 0.771484375 0.8578125 0.00234375 0.0010416666666666667
0 0.822265625 0.8557291666666667 0.00078125 0.0010416666666666667
0 0.66171875 0.8578125 0.0046875 0.007291666666666667
0 0.6265625 0.85625 0.003125 0.004166666666666667
0 0.50234375 0.8604166666666667 0.009375 0.0125
0 0.458203125 0.8567708333333334 0.00546875 0.007291666666666667
0 0.684375 0.8541666666666666 0.0046875 0.004166666666666667
0 0.55859375 0.8526041666666667 0.0046875 0.005208333333333333
0 0.4046875 0.8546875 0.009375 0.013541666666666667
0 0.7046875 0.8484375 0.0046875 0.003125
0 0.64375 0.8510416666666667 0.0046875 0.008333333333333333
0 0.36171875 0.8536458333333333 0.009375 0.015625
0 0.433984375 0.8515625 0.00703125 0.013541666666666667
0 0.51796875 0.8484375 0.009375 0.009375
0 0.130859375 0.8479166666666667 0.00234375 0.008333333333333333
0 0.723828125 0.8411458333333334 0.00234375 0.003125
0 0.47421875 0.8453125 0.00625 0.013541666666666667
0 0.3828125 0.84375 0.009375 0.0125
0 0.744140625 0.8380208333333333 0.00390625 0.003125
0 0.336328125 0.8401041666666667 0.01015625 0.013541666666666667
0 0.533203125 0.8369791666666667 0.00546875 0.011458333333333333
0 0.674609375 0.8338541666666667 0.00546875 0.007291666666666667
0 0.497265625 0.8354166666666667 0.00703125 0.010416666666666666
0 0.654296875 0.8317708333333333 0.00546875 0.005208333333333333
0 0.692578125 0.8302083333333333 0.00390625 0.004166666666666667
0 0.421875 0.8328125 0.009375 0.009375
0 0.606640625 0.8276041666666667 0.00390625 0.003125
0 0.550390625 0.83125 0.00546875 0.010416666666666666
0 0.398828125 0.8296875 0.01015625 0.013541666666666667
0 0.512890625 0.8234375 0.00546875 0.009375
0 0.46484375 0.8255208333333334 0.009375 0.013541666666666667
0 0.63828125 0.8192708333333333 0.0046875 0.003125
0 0.3671875 0.8244791666666667 0.009375 0.013541666666666667
0 0.322265625 0.8244791666666667 0.00859375 0.013541666666666667
0 0.730078125 0.8197916666666667 0.00546875 0.00625
0 0.482421875 0.8223958333333333 0.00703125 0.011458333333333333
0 0.8 0.8166666666666667 0.0015625 0.0020833333333333333
0 0.708203125 0.81875 0.00546875 0.00625
0 0.564453125 0.8130208333333333 0.00546875 0.007291666666666667
0 0.383984375 0.8151041666666666 0.00859375 0.011458333333333333
0 0.666796875 0.8125 0.00546875 0.008333333333333333
0 0.532421875 0.8114583333333333 0.00546875 0.008333333333333333
0 0.340234375 0.8140625 0.01015625 0.013541666666666667
0 0.618359375 0.8098958333333334 0.00390625 0.007291666666666667
0 0.498046875 0.8104166666666667 0.00703125 0.010416666666666666
0 0.685546875 0.8072916666666666 0.00390625 0.00625
0 0.419140625 0.809375 0.01015625 0.0125
0 0.601171875 0.8046875 0.00546875 0.007291666666666667
0 0.46953125 0.8026041666666667 0.0046875 0.007291666666666667
0 0.549609375 0.7994791666666666 0.00390625 0.005208333333333333
0 0.40078125 0.803125 0.009375 0.014583333333333334
0 0.640234375 0.7958333333333333 0.00390625 0.004166666666666667
0 0.370703125 0.7989583333333333 0.01015625 0.0125
0 0.698828125 0.7921875 0.00078125 0.0010416666666666667
0 0.43671875 0.7984375 0.009375 0.013541666666666667
0 0.29609375 0.7984375 0.009375 0.013541666666666667
0 0.517578125 0.7963541666666667 0.00703125 0.011458333333333333
0 0.351953125 0.796875 0.00859375 0.0125
0 0.3265625 0.7963541666666667 0.009375 0.013541666666666667
0 0.79765625 0.7895833333333333 0.0015625 0.0020833333333333333
0 0.56484375 0.790625 0.0046875 0.00625
0 0.658203125 0.7901041666666667 0.00546875 0.011458333333333333
0 0.58828125 0.7859375 0.0046875 0.007291666666666667
0 0.31171875 0.7833333333333333 0.003125 0.004166666666666667
0 0.533984375 0.7854166666666667 0.00546875 0.010416666666666666
0 0.4890625 0.7869791666666667 0.00625 0.013541666666666667
0 0.609375 0.78125 0.0046875 0.004166666666666667
0 0.759765625 0.7796875 0.00234375 0.003125
0 0.682421875 0.7822916666666667 0.00546875 0.008333333333333333
0 0.415234375 0.7848958333333333 0.01015625 0.013541666666666667
0 0.384765625 0.7838541666666666 0.00859375 0.013541666666666667
0 0.46953125 0.7765625 0.0046875 0.005208333333333333
0 0.286328125 0.7791666666666667 0.01015625 0.0125
0 0.628515625 0.7760416666666666 0.00390625 0.008333333333333333
0 0.345703125 0.7739583333333333 0.00234375 0.004166666666666667
0 0.36328125 0.7770833333333333 0.0078125 0.0125
0 0.73984375 0.7734375 0.0046875 0.007291666666666667
0 0.444921875 0.7765625 0.00703125 0.013541666666666667
0 0.32890625 0.7708333333333334 0.003125 0.0020833333333333333
0 0.69765625 0.7697916666666667 0.0015625 0.0020833333333333333
0 0.398828125 0.7713541666666667 0.00546875 0.007291666666666667
0 0.57578125 0.7682291666666666 0.0015625 0.003125
0 0.77421875 0.7677083333333333 0.003125 0.004166666666666667
0 0.666015625 0.7697916666666667 0.00546875 0.008333333333333333
0 0.51953125 0.7713541666666667 0.00625 0.011458333333333333
0 0.155078125 0.7671875 0.00078125 0.003125
0 0.50234375 0.7703125 0.0078125 0.011458333333333333
0 0.24375 0.7697916666666667 0.009375 0.0125
0 0.155859375 0.7640625 0.00078125 0.0010416666666666667
0 0.427734375 0.76875 0.00859375 0.0125
0 0.5453125 0.765625 0.0046875 0.010416666666666666
0 0.59609375 0.7640625 0.0046875 0.009375
0 0.812890625 0.75625 0.00546875 0.004166666666666667
0 0.298046875 0.7604166666666666 0.00859375 0.0125
0 0.48515625 0.7598958333333333 0.0078125 0.013541666666666667
0 0.635546875 0.7557291666666667 0.00546875 0.009375
0 0.373046875 0.7557291666666667 0.00859375 0.009375
0 0.7140625 0.7541666666666667 0.00625 0.010416666666666666
0 0.354296875 0.7536458333333333 0.00703125 0.011458333333333333
0 0.314453125 0.7541666666666667 0.00703125 0.0125
0 0.276171875 0.7546875 0.00859375 0.013541666666666667
0 0.46796875 0.75 0.00625 0.0125
0 0.41796875 0.7494791666666667 0.009375 0.011458333333333333
0 0.76171875 0.74375 0.003125 0.0020833333333333333
0 0.655859375 0.7479166666666667 0.00546875 0.010416666666666666
0 0.513671875 0.7484375 0.00546875 0.011458333333333333
0 0.67421875 0.7458333333333333 0.0046875 0.008333333333333333
0 0.449609375 0.7484375 0.00859375 0.013541666666666667
0 0.336328125 0.7479166666666667 0.00703125 0.0125
0 0.39921875 0.746875 0.0078125 0.0125
0 0.571875 0.7447916666666666 0.0046875 0.010416666666666666
0 0.532421875 0.7447916666666666 0.00546875 0.010416666666666666
0 0.24375 0.7411458333333333 0.0015625 0.003125
0 0.1515625 0.7453125 0.0078125 0.011458333333333333
0 0.49609375 0.740625 0.003125 0.004166666666666667
0 0.553515625 0.7421875 0.00546875 0.009375
0 0.17109375 0.7427083333333333 0.0078125 0.0125
0 0.59609375 0.7390625 0.00625 0.011458333333333333
0 0.261328125 0.7348958333333333 0.00390625 0.003125
0 0.38359375 0.7364583333333333 0.00625 0.010416666666666666
0 0.223828125 0.7369791666666666 0.00546875 0.011458333333333333
0 0.7453125 0.7322916666666667 0.0046875 0.00625
0 0.694140625 0.7354166666666667 0.00546875 0.0125
0 0.614453125 0.7307291666666667 0.00234375 0.003125
0 0.294921875 0.7354166666666667 0.00703125 0.0125
0 0.48046875 0.7338541666666667 0.00625 0.011458333333333333
0 0.362890625 0.7322916666666667 0.00546875 0.008333333333333333
0 0.324609375 0.7328125 0.00703125 0.011458333333333333
0 0.63828125 0.73125 0.00625 0.0125
0 0.278125 0.7307291666666667 0.00625 0.011458333333333333
0 0.72265625 0.7270833333333333 0.0046875 0.00625
0 0.430859375 0.7307291666666667 0.00703125 0.013541666666666667
0 0.78046875 0.7239583333333334 0.0046875 0.00625
0 0.409375 0.7270833333333333 0.00625 0.0125
0 0.462109375 0.7255208333333333 0.00703125 0.011458333333333333
0 0.340234375 0.7234375 0.00546875 0.011458333333333333
0 0.581640625 0.7229166666666667 0.00546875 0.0125
0 0.509375 0.7223958333333333 0.0046875 0.011458333333333333
0 0.6671875 0.7208333333333333 0.00625 0.010416666666666666
0 0.53671875 0.7213541666666666 0.00625 0.011458333333333333
0 0.309765625 0.71875 0.00546875 0.010416666666666666
0 0.5546875 0.71875 0.00625 0.0125
0 0.492578125 0.7140625 0.00234375 0.003125
0 0.44453125 0.7151041666666667 0.00625 0.013541666666666667
0 0.2546875 0.709375 0.003125 0.004166666666666667
0 0.379296875 0.7098958333333333 0.00546875 0.007291666666666667
0 0.325390625 0.7072916666666667 0.00078125 0.0020833333333333333
0 0.15234375 0.7078125 0.003125 0.005208333333333333
0 0.524609375 0.7046875 0.00078125 0.0010416666666666667
0 0.475390625 0.709375 0.00546875 0.010416666666666666
0 0.23515625 0.7067708333333333 0.00625 0.007291666666666667
0 0.36328125 0.7036458333333333 0.003125 0.003125
0 0.41875 0.7057291666666666 0.00625 0.009375
0 0.273046875 0.7036458333333333 0.00234375 0.007291666666666667
0 0.81015625 0.696875 0.0015625 0.0020833333333333333
0 0.458203125 0.7015625 0.00390625 0.011458333333333333
0 0.52578125 0.6958333333333333 0.003125 0.004166666666666667
0 0.505859375 0.6984375 0.00546875 0.011458333333333333
0 0.396484375 0.696875 0.00546875 0.008333333333333333
0 0.311328125 0.6911458333333333 0.00390625 0.005208333333333333
0 0.210546875 0.690625 0.00234375 0.004166666666666667
0 0.762109375 0.6911458333333333 0.00546875 0.007291666666666667
0 0.285546875 0.6864583333333333 0.00234375 0.0020833333333333333
0 0.378125 0.6854166666666667 0.003125 0.004166666666666667
0 0.2515625 0.6848958333333334 0.003125 0.005208333333333333
0 0.47265625 0.6854166666666667 0.00625 0.010416666666666666
0 0.71953125 0.6838541666666667 0.00625 0.009375
0 0.41171875 0.6833333333333333 0.0046875 0.010416666666666666
0 0.33125 0.6807291666666667 0.003125 0.005208333333333333
0 0.234765625 0.6802083333333333 0.00234375 0.004166666666666667
0 0.269921875 0.6770833333333334 0.00078125 0.0020833333333333333
0 0.80625 0.6729166666666667 0.0015625 0.0020833333333333333
0 0.74296875 0.6729166666666667 0.00625 0.004166666666666667
0 0.518359375 0.6760416666666667 0.00546875 0.010416666666666666
0 0.3625 0.6723958333333333 0.003125 0.003125
0 0.395703125 0.6729166666666667 0.00546875 0.008333333333333333
0 0.300390625 0.6713541666666667 0.00546875 0.005208333333333333
0 0.8453125 0.66875 0.0015625 0.0020833333333333333
0 0.34609375 0.6697916666666667 0.00625 0.004166666666666667
0 0.3171875 0.6661458333333333 0.003125 0.005208333333333333
0 0.253125 0.6614583333333334 0.0015625 0.0020833333333333333
0 0.471875 0.6614583333333334 0.00625 0.0125
0 0.411328125 0.6588541666666666 0.00546875 0.011458333333333333
0 0.333984375 0.6541666666666667 0.00546875 0.004166666666666667
0 0.72578125 0.6541666666666667 0.00625 0.0125
0 0.182421875 0.6484375 0.00078125 0.0010416666666666667
0 0.378515625 0.6515625 0.00703125 0.009375
0 0.353515625 0.6484375 0.00546875 0.009375
0 0.39609375 0.6473958333333333 0.00625 0.011458333333333333
0 0.23984375 0.64375 0.003125 0.004166666666666667
0 0.595703125 0.6447916666666667 0.00546875 0.010416666666666666
0 0.29921875 0.6395833333333333 0.003125 0.004166666666666667
0 0.27890625 0.640625 0.00625 0.00625
0 0.262109375 0.6395833333333333 0.00390625 0.00625
0 0.422265625 0.6411458333333333 0.00546875 0.011458333333333333
0 0.317578125 0.6333333333333333 0.00390625 0.00625
0 0.462109375 0.6338541666666667 0.00703125 0.011458333333333333
0 0.33671875 0.6307291666666667 0.0046875 0.005208333333333333
0 0.685546875 0.6307291666666667 0.00546875 0.009375
0 0.217578125 0.625 0.00234375 0.0020833333333333333
0 0.23671875 0.6213541666666667 0.003125 0.003125
0 0.3984375 0.6239583333333333 0.0078125 0.010416666666666666
0 0.293359375 0.6171875 0.00390625 0.003125
0 0.271875 0.6182291666666667 0.00625 0.005208333333333333
0 0.25390625 0.6182291666666667 0.0046875 0.007291666666666667
0 0.421875 0.6166666666666667 0.0046875 0.008333333333333333
0 0.65546875 0.6161458333333333 0.0078125 0.011458333333333333
0 0.34921875 0.6135416666666667 0.0078125 0.008333333333333333
0 0.32734375 0.6104166666666667 0.003125 0.0020833333333333333
0 0.309375 0.6104166666666667 0.0015625 0.0020833333333333333
0 0.54921875 0.6119791666666666 0.00625 0.011458333333333333
0 0.208984375 0.6046875 0.00078125 0.0010416666666666667
0 0.79609375 0.6057291666666667 0.00625 0.005208333333333333
0 0.245703125 0.6 0.00234375 0.0020833333333333333
0 0.56875 0.6020833333333333 0.00625 0.008333333333333333
0 0.263671875 0.5979166666666667 0.00546875 0.00625
0 0.283203125 0.596875 0.00703125 0.00625
0 0.301171875 0.5911458333333334 0.00078125 0.0010416666666666667
0 0.77578125 0.5927083333333333 0.00625 0.00625
0 0.338671875 0.5927083333333333 0.00546875 0.00625
0 0.32109375 0.5885416666666666 0.003125 0.004166666666666667
0 0.36171875 0.5911458333333334 0.0078125 0.011458333333333333
0 0.237109375 0.5786458333333333 0.00234375 0.003125
0 0.537890625 0.5807291666666666 0.00703125 0.011458333333333333
0 0.27421875 0.578125 0.003125 0.00625
0 0.254296875 0.5770833333333333 0.00390625 0.004166666666666667
0 0.202734375 0.5729166666666666 0.00234375 0.004166666666666667
0 0.14453125 0.571875 0.003125 0.004166666666666667
0 0.312890625 0.5692708333333333 0.00078125 0.003125
0 0.445703125 0.5713541666666667 0.00703125 0.011458333333333333
0 0.295703125 0.5677083333333334 0.00390625 0.004166666666666667
0 0.228125 0.5598958333333334 0.0015625 0.0010416666666666667
0 0.365625 0.5604166666666667 0.0046875 0.004166666666666667
0 0.262890625 0.5567708333333333 0.00234375 0.003125
0 0.280078125 0.5552083333333333 0.00546875 0.004166666666666667
0 0.192578125 0.5546875 0.00234375 0.005208333333333333
0 0.536328125 0.5557291666666667 0.00703125 0.011458333333333333
0 0.32578125 0.5526041666666667 0.0046875 0.005208333333333333
0 0.211328125 0.5515625 0.00234375 0.003125
0 0.151953125 0.5473958333333333 0.00078125 0.0010416666666666667
0 0.301953125 0.546875 0.00234375 0.0020833333333333333
0 0.3421875 0.546875 0.00625 0.004166666666666667
0 0.442578125 0.5489583333333333 0.00703125 0.010416666666666666
0 0.359765625 0.540625 0.00703125 0.00625
0 0.2359375 0.5380208333333333 0.0015625 0.003125
0 0.271875 0.5364583333333334 0.003125 0.004166666666666667
0 0.39609375 0.5348958333333333 0.0046875 0.007291666666666667
0 0.219921875 0.53125 0.00078125 0.0020833333333333333
0 0.8015625 0.5296875 0.00625 0.007291666666666667
0 0.708984375 0.5260416666666666 0.00859375 0.010416666666666666
0 0.413671875 0.5265625 0.00703125 0.011458333333333333
0 0.291796875 0.521875 0.00390625 0.004166666666666667
0 0.18828125 0.5192708333333333 0.0015625 0.0010416666666666667
0 0.43046875 0.5213541666666667 0.00625 0.011458333333333333
0 0.30859375 0.5171875 0.0046875 0.005208333333333333
0 0.2328125 0.5151041666666667 0.003125 0.003125
0 0.212109375 0.5119791666666667 0.00078125 0.0010416666666666667
0 0.27421875 0.5104166666666666 0.003125 0.004166666666666667
0 0.325 0.5104166666666666 0.00625 0.00625
0 0.81640625 0.503125 0.00625 0.004166666666666667
0 0.2484375 0.503125 0.003125 0.004166666666666667
0 0.178515625 0.5005208333333333 0.00078125 0.003125
0 0.39609375 0.5036458333333333 0.0078125 0.011458333333333333
0 0.297265625 0.5 0.00546875 0.004166666666666667
0 0.35 0.496875 0.0078125 0.008333333333333333
0 0.231640625 0.49114583333333334 0.00234375 0.003125
0 0.212890625 0.4890625 0.00234375 0.003125
0 0.525 0.48854166666666665 0.00625 0.010416666666666666
0 0.27265625 0.4822916666666667 0.0046875 0.004166666666666667
0 0.255859375 0.4822916666666667 0.00390625 0.004166666666666667
0 0.393359375 0.48020833333333335 0.00703125 0.010416666666666666
0 0.54296875 0.478125 0.0078125 0.010416666666666666
0 0.35703125 0.47552083333333334 0.00625 0.007291666666666667
0 0.774609375 0.471875 0.00546875 0.0020833333333333333
0 0.240625 0.471875 0.003125 0.0020833333333333333
0 0.2234375 0.4703125 0.003125 0.003125
0 0.67265625 0.46822916666666664 0.009375 0.011458333333333333
0 0.265625 0.4630208333333333 0.003125 0.005208333333333333
0 0.783984375 0.45260416666666664 0.00078125 0.0010416666666666667
0 0.738671875 0.45625 0.00546875 0.008333333333333333
0 0.766796875 0.4510416666666667 0.00390625 0.0020833333333333333
0 0.25078125 0.45208333333333334 0.003125 0.004166666666666667
0 0.2984375 0.4505208333333333 0.0046875 0.005208333333333333
0 0.330859375 0.45 0.00703125 0.010416666666666666
0 0.724609375 0.44375 0.00859375 0.00625
0 0.2671875 0.44166666666666665 0.0015625 0.0020833333333333333
0 0.20078125 0.4390625 0.0015625 0.003125
0 0.28359375 0.43802083333333336 0.0046875 0.005208333333333333
0 0.81875 0.43333333333333335 0.003125 0.0020833333333333333
0 0.184375 0.4328125 0.0015625 0.003125
0 0.217578125 0.4296875 0.00234375 0.003125
0 0.78125 0.42864583333333334 0.003125 0.005208333333333333
0 0.298828125 0.42604166666666665 0.00546875 0.00625
0 0.258984375 0.42239583333333336 0.00390625 0.005208333333333333
0 0.85546875 0.41822916666666665 0.0015625 0.003125
0 0.794921875 0.41822916666666665 0.00234375 0.005208333333333333
0 0.20234375 0.41770833333333335 0.003125 0.004166666666666667
0 0.23203125 0.4166666666666667 0.003125 0.004166666666666667
0 0.314453125 0.41510416666666666 0.00546875 0.005208333333333333
0 0.276171875 0.4140625 0.00234375 0.003125
0 0.592578125 0.41302083333333334 0.00234375 0.003125
0 0.565234375 0.4166666666666667 0.00703125 0.010416666666666666
0 0.467578125 0.4119791666666667 0.00859375 0.011458333333333333
0 0.826171875 0.40677083333333336 0.00234375 0.003125
0 0.3609375 0.4088541666666667 0.009375 0.011458333333333333
0 0.248046875 0.40520833333333334 0.00546875 0.004166666666666667
0 0.780859375 0.40260416666666665 0.00078125 0.0010416666666666667
0 0.188671875 0.4041666666666667 0.00390625 0.004166666666666667
0 0.74296875 0.40677083333333336 0.00625 0.011458333333333333
0 0.550390625 0.4010416666666667 0.00859375 0.010416666666666666
0 0.26484375 0.39791666666666664 0.0046875 0.004166666666666667
0 0.5796875 0.4005208333333333 0.0078125 0.011458333333333333
0 0.304296875 0.396875 0.00703125 0.004166666666666667
0 0.610546875 0.39947916666666666 0.00859375 0.011458333333333333
0 0.28515625 0.3958333333333333 0.00625 0.004166666666666667
0 0.321484375 0.3953125 0.00703125 0.005208333333333333
0 0.203515625 0.390625 0.00390625 0.004166666666666667
0 0.428125 0.390625 0.0078125 0.010416666666666666
0 0.242578125 0.3848958333333333 0.00390625 0.003125
0 0.3453125 0.3859375 0.0078125 0.009375
0 0.836328125 0.3802083333333333 0.00703125 0.004166666666666667
0 0.178515625 0.38177083333333334 0.00390625 0.007291666666666667
0 0.897265625 0.37916666666666665 0.00390625 0.004166666666666667
0 0.27109375 0.378125 0.00625 0.004166666666666667
0 0.557421875 0.3807291666666667 0.00703125 0.011458333333333333
0 0.778515625 0.37604166666666666 0.00546875 0.004166666666666667
0 0.2890625 0.375 0.00625 0.004166666666666667
0 0.195703125 0.371875 0.00234375 0.0020833333333333333
0 0.41796875 0.3729166666666667 0.0078125 0.010416666666666666
0 0.2546875 0.36822916666666666 0.0046875 0.003125
0 0.23203125 0.3671875 0.0046875 0.003125
0 0.817578125 0.36822916666666666 0.00859375 0.007291666666666667
0 0.307421875 0.36302083333333335 0.00390625 0.003125
0 0.694140625 0.35885416666666664 0.00234375 0.003125
0 0.66953125 0.3609375 0.0078125 0.011458333333333333
0 0.323046875 0.3567708333333333 0.00703125 0.005208333333333333
0 0.273828125 0.35572916666666665 0.00390625 0.003125
0 0.540625 0.35625 0.0078125 0.010416666666666666
0 0.291015625 0.3536458333333333 0.00546875 0.005208333333333333
0 0.258203125 0.34739583333333335 0.00234375 0.003125
0 0.2421875 0.34739583333333335 0.0015625 0.003125
0 0.78984375 0.34791666666666665 0.009375 0.00625
0 0.2078125 0.3458333333333333 0.0015625 0.0020833333333333333
0 0.70859375 0.34479166666666666 0.0046875 0.008333333333333333
0 0.68046875 0.34322916666666664 0.00625 0.005208333333333333
0 0.50703125 0.3458333333333333 0.0078125 0.010416666666666666
0 0.190625 0.3421875 0.0046875 0.003125
0 0.31171875 0.3411458333333333 0.003125 0.003125
0 0.65625 0.34322916666666664 0.0078125 0.009375
0 0.5265625 0.34427083333333336 0.0078125 0.011458333333333333
0 0.3984375 0.340625 0.0078125 0.010416666666666666
0 0.28125 0.3359375 0.0046875 0.003125
0 0.604296875 0.33177083333333335 0.00546875 0.005208333333333333
0 0.428125 0.334375 0.0078125 0.010416666666666666
0 0.69453125 0.3296875 0.0046875 0.005208333333333333
0 0.296875 0.32916666666666666 0.0046875 0.004166666666666667
0 0.755859375 0.33177083333333335 0.01015625 0.011458333333333333
0 0.220703125 0.328125 0.00390625 0.004166666666666667
0 0.642578125 0.32760416666666664 0.00546875 0.007291666666666667
0 0.412109375 0.32760416666666664 0.00703125 0.009375
0 0.33984375 0.3255208333333333 0.00625 0.005208333333333333
0 0.203125 0.32447916666666665 0.0015625 0.003125
0 0.26796875 0.32135416666666666 0.0015625 0.0010416666666666667
0 0.32109375 0.32083333333333336 0.0046875 0.004166666666666667
0 0.2359375 0.31875 0.0015625 0.004166666666666667
0 0.678515625 0.32083333333333336 0.00546875 0.010416666666666666
0 0.7078125 0.3177083333333333 0.00625 0.00625
0 0.725 0.31666666666666665 0.00625 0.00625
0 0.389453125 0.3171875 0.00546875 0.007291666666666667
0 0.59609375 0.31666666666666665 0.0078125 0.010416666666666666
0 0.283203125 0.31302083333333336 0.00390625 0.003125
0 0.52890625 0.31354166666666666 0.0046875 0.00625
0 0.505859375 0.31302083333333336 0.00546875 0.009375
0 0.3515625 0.3109375 0.00625 0.007291666666666667
0 0.663671875 0.3104166666666667 0.00703125 0.008333333333333333
0 0.253515625 0.3078125 0.00234375 0.003125
0 0.30078125 0.3078125 0.00625 0.005208333333333333
0 0.223046875 0.30572916666666666 0.00546875 0.003125
0 0.333984375 0.30572916666666666 0.00703125 0.005208333333333333
0 0.782421875 0.3072916666666667 0.01015625 0.010416666666666666
0 0.175390625 0.303125 0.00390625 0.004166666666666667
0 0.4203125 0.3046875 0.0078125 0.009375
0 0.3671875 0.30364583333333334 0.00625 0.009375
0 0.26953125 0.2994791666666667 0.0046875 0.003125
0 0.73671875 0.2994791666666667 0.009375 0.009375
0 0.315625 0.2984375 0.00625 0.007291666666666667
0 0.23828125 0.29583333333333334 0.0046875 0.004166666666666667
0 0.202734375 0.2947916666666667 0.00078125 0.0020833333333333333
0 0.68828125 0.29635416666666664 0.00625 0.007291666666666667
0 0.712109375 0.2911458333333333 0.00234375 0.003125
0 0.53828125 0.2953125 0.0078125 0.011458333333333333
0 0.285546875 0.29270833333333335 0.00703125 0.00625
0 0.62421875 0.2890625 0.00625 0.005208333333333333
0 0.3453125 0.2890625 0.00625 0.005208333333333333
0 0.66328125 0.2890625 0.0078125 0.009375
0 0.566015625 0.28958333333333336 0.00859375 0.010416666666666666
0 0.40703125 0.28802083333333334 0.0078125 0.007291666666666667
0 0.3015625 0.2869791666666667 0.00625 0.005208333333333333
0 0.25625 0.2859375 0.0046875 0.003125
0 0.219140625 0.28541666666666665 0.00390625 0.004166666666666667
0 0.390625 0.2869791666666667 0.0078125 0.009375
0 0.4296875 0.2859375 0.0078125 0.009375
0 0.17265625 0.284375 0.0078125 0.008333333333333333
0 0.328125 0.28125 0.0078125 0.00625
0 0.373828125 0.2828125 0.00703125 0.011458333333333333
0 0.272265625 0.2786458333333333 0.00546875 0.005208333333333333
0 0.700390625 0.27447916666666666 0.00390625 0.003125
0 0.501171875 0.275 0.00859375 0.010416666666666666
0 0.4171875 0.271875 0.0078125 0.008333333333333333
0 0.359375 0.27291666666666664 0.0078125 0.010416666666666666
0 0.72109375 0.26875 0.003125 0.004166666666666667
0 0.342578125 0.2708333333333333 0.00859375 0.010416666666666666
0 0.290625 0.26927083333333335 0.0078125 0.009375
0 0.655078125 0.26666666666666666 0.00703125 0.00625
0 0.307421875 0.265625 0.00703125 0.00625
0 0.259375 0.26666666666666666 0.003125 0.008333333333333333
0 0.637109375 0.26458333333333334 0.00703125 0.00625
0 0.24296875 0.26510416666666664 0.00625 0.007291666666666667
0 0.384765625 0.26510416666666664 0.00859375 0.011458333333333333
0 0.17890625 0.2609375 0.00625 0.003125
0 0.471484375 0.2604166666666667 0.00703125 0.00625
0 0.22734375 0.25729166666666664 0.00625 0.008333333333333333
0 0.590625 0.2557291666666667 0.0078125 0.009375
0 0.408203125 0.25677083333333334 0.00859375 0.011458333333333333
0 0.7828125 0.25416666666666665 0.009375 0.010416666666666666
0 0.3515625 0.2520833333333333 0.00625 0.00625
0 0.745703125 0.253125 0.01015625 0.0125
0 0.4578125 0.2526041666666667 0.0078125 0.011458333333333333
0 0.566015625 0.25104166666666666 0.00859375 0.0125
0 0.323046875 0.25052083333333336 0.00546875 0.011458333333333333
0 0.440625 0.24583333333333332 0.0078125 0.00625
0 0.42421875 0.24895833333333334 0.0078125 0.0125
0 0.30703125 0.24375 0.0078125 0.008333333333333333
0 0.378515625 0.24322916666666666 0.00703125 0.009375
0 0.248828125 0.2390625 0.00703125 0.009375
0 0.18515625 0.24010416666666667 0.009375 0.011458333333333333
0 0.633203125 0.23489583333333333 0.00546875 0.003125
0 0.341015625 0.23697916666666666 0.00546875 0.007291666666666667
0 0.266015625 0.23802083333333332 0.00859375 0.011458333333333333
0 0.4109375 0.23385416666666667 0.0078125 0.009375
0 0.283203125 0.23489583333333333 0.00703125 0.011458333333333333
0 0.231640625 0.23177083333333334 0.00546875 0.005208333333333333
0 0.35859375 0.23020833333333332 0.0046875 0.00625
0 0.6 0.22916666666666666 0.00625 0.008333333333333333
0 0.3 0.22604166666666667 0.0078125 0.010416666666666666
0 0.4359375 0.22395833333333334 0.0078125 0.010416666666666666
0 0.330078125 0.21927083333333333 0.00546875 0.005208333333333333
0 0.38984375 0.221875 0.0078125 0.0125
0 0.373046875 0.22083333333333333 0.00859375 0.0125
0 0.256640625 0.21875 0.00859375 0.008333333333333333
0 0.34765625 0.2140625 0.00625 0.005208333333333333
0 0.286328125 0.2125 0.00703125 0.008333333333333333
0 0.423828125 0.21041666666666667 0.00859375 0.010416666666666666
0 0.21484375 0.19010416666666666 0.009375 0.011458333333333333
0 0.436328125 0.18854166666666666 0.00859375 0.0125
