0 0.223828125 0.9340562719812426 0.00859375 0.006447831184056272
0 0.251171875 0.9287807737397421 0.00234375 0.0017584994138335288
0 0.241796875 0.9281946072684643 0.00390625 0.0029308323563892145
0 0.191015625 0.9229191090269636 0.00078125 0.0005861664712778429
0 0.184375 0.9223329425556858 0.0015625 0.0005861664712778429
0 0.2125 0.9176436107854631 0.003125 0.0029308323563892145
0 0.3359375 0.9120750293083235 0.0078125 0.005861664712778429
0 0.5125 0.9035756154747948 0.0125 0.011137162954279016
0 0.178515625 0.8936107854630715 0.01328125 0.00996483001172333
0 0.661328125 0.8927315357561547 0.01171875 0.010550996483001172
0 0.330078125 0.8848182883939039 0.00078125 0.0005861664712778429
0 0.33984375 0.8848182883939039 0.0046875 0.004103165298944901
0 0.562109375 0.8854044548651817 0.01171875 0.00996483001172333
0 0.5953125 0.8813012895662368 0.0125 0.00996483001172333
0 0.524609375 0.8810082063305978 0.01171875 0.010550996483001172
0 0.366796875 0.8783704572098476 0.01171875 0.00996483001172333
0 0.626171875 0.8777842907385698 0.01171875 0.00996483001172333
0 0.611328125 0.8678194607268465 0.00390625 0.004103165298944901
0 0.575390625 0.8686987104337632 0.00546875 0.007033997655334115
0 0.41484375 0.8686987104337632 0.0046875 0.008206330597889801
0 0.33515625 0.8666471277842908 0.0125 0.00996483001172333
0 0.304296875 0.8669402110199297 0.01171875 0.010550996483001172
0 0.233984375 0.8640093786635404 0.01171875 0.008206330597889801
0 0.37265625 0.8590269636576788 0.0125 0.00996483001172333
0 0.213671875 0.8566822977725674 0.00703125 0.005275498241500586
0 0.6234375 0.8490621336459554 0.0109375 0.004103165298944901
0 0.5796875 0.8499413833528722 0.0078125 0.005861664712778429
0 0.44375 0.8516998827667057 0.0109375 0.009378663540445486
0 0.474609375 0.8516998827667057 0.01015625 0.010550996483001172
0 0.291015625 0.8408558030480656 0.00390625 0.004103165298944901
0 0.298828125 0.8396834701055099 0.00703125 0.0029308323563892145
0 0.426171875 0.8402696365767878 0.01171875 0.011137162954279016
0 0.25234375 0.8390973036342321 0.0109375 0.00996483001172333
0 0.34375 0.8376318874560376 0.0125 0.010550996483001172
0 0.459765625 0.8367526377491208 0.01171875 0.00996483001172333
0 0.662890625 0.8329425556858148 0.01171875 0.009378663540445486
0 0.590234375 0.832063305978898 0.00859375 0.0076201641266119575
0 0.27578125 0.8238569753810082 0.0015625 0.0005861664712778429
0 0.298828125 0.8223915592028136 0.01328125 0.009378663540445486
0 0.637890625 0.8212192262602579 0.01171875 0.010550996483001172
0 0.2078125 0.8197538100820633 0.0125 0.008792497069167644
0 0.680078125 0.8185814771395076 0.00859375 0.008792497069167644
0 0.1796875 0.8121336459554513 0.0046875 0.0017584994138335288
0 0.52578125 0.8153575615474795 0.0125 0.010550996483001172
0 0.659375 0.8130128956623681 0.00625 0.009378663540445486
0 0.608203125 0.813599062133646 0.01171875 0.010550996483001172
0 0.3234375 0.8100820633059789 0.0109375 0.008206330597889801
0 0.284375 0.8074443141852286 0.0125 0.00996483001172333
0 0.583984375 0.8068581477139508 0.00859375 0.00996483001172333
0 0.200390625 0.802168815943728 0.00546875 0.0076201641266119575
0 0.6765625 0.8007033997655334 0.0078125 0.005861664712778429
0 0.454296875 0.7992379835873388 0.01171875 0.011137162954279016
0 0.496484375 0.798358733880422 0.01171875 0.010550996483001172
0 0.228125 0.7954279015240329 0.0125 0.009378663540445486
0 0.62421875 0.7945486518171161 0.009375 0.00996483001172333
0 0.539453125 0.7939624853458382 0.01015625 0.00996483001172333
0 0.25234375 0.7916178194607268 0.0125 0.0076201641266119575
0 0.320703125 0.7907385697538101 0.01171875 0.009378663540445486
0 0.603125 0.7883939038686987 0.0109375 0.010550996483001172
0 0.698046875 0.7863423212192263 0.01171875 0.00996483001172333
0 0.34609375 0.783704572098476 0.00625 0.004689331770222743
0 0.48125 0.783704572098476 0.00625 0.008206330597889801
0 0.39609375 0.783704572098476 0.0125 0.010550996483001172
0 0.195703125 0.7819460726846424 0.00390625 0.007033997655334115
0 0.6734375 0.7822391559202814 0.0125 0.008792497069167644
0 0.154296875 0.7825322391559203 0.01171875 0.009378663540445486
0 0.369921875 0.7810668229777257 0.00859375 0.0076201641266119575
0 0.79453125 0.7804806565064478 0.0125 0.00996483001172333
0 0.219921875 0.7793083235638921 0.01171875 0.008792497069167644
0 0.7421875 0.7793083235638921 0.0109375 0.00996483001172333
0 0.620703125 0.7740328253223916 0.01171875 0.0076201641266119575
0 0.25078125 0.7728604923798359 0.0078125 0.0076201641266119575
0 0.71640625 0.768757327080891 0.0125 0.00996483001172333
0 0.29765625 0.7675849941383353 0.0125 0.008792497069167644
0 0.469921875 0.7672919109026963 0.01015625 0.009378663540445486
0 0.3390625 0.7667057444314185 0.0125 0.009378663540445486
0 0.273046875 0.7669988276670574 0.01171875 0.00996483001172333
0 0.205859375 0.7640679953106683 0.01171875 0.0076201641266119575
0 0.68359375 0.7631887456037515 0.0125 0.009378663540445486
0 0.592578125 0.7634818288393904 0.01171875 0.00996483001172333
0 0.364453125 0.7602579132473622 0.00546875 0.007033997655334115
0 0.23359375 0.7593786635404455 0.0046875 0.005275498241500586
0 0.6171875 0.7567409144196952 0.0109375 0.008206330597889801
0 0.3875 0.7552754982415005 0.0109375 0.005275498241500586
0 0.652734375 0.7567409144196952 0.01171875 0.009378663540445486
0 0.31875 0.7561547479484173 0.0125 0.009378663540445486
0 0.255859375 0.7543962485345839 0.01171875 0.009378663540445486
0 0.7171875 0.7514654161781946 0.0125 0.009378663540445486
0 0.2875 0.7502930832356389 0.0109375 0.007033997655334115
0 0.2171875 0.7464830011723329 0.009375 0.008792497069167644
0 0.185546875 0.7464830011723329 0.01171875 0.008792497069167644
0 0.60078125 0.7450175849941383 0.0109375 0.009378663540445486
0 0.7984375 0.742672919109027 0.0125 0.009378663540445486
0 0.642578125 0.7415005861664713 0.01171875 0.009378663540445486
0 0.39140625 0.7373974208675264 0.0109375 0.008206330597889801
0 0.305078125 0.7344665885111371 0.00859375 0.007033997655334115
0 0.622265625 0.7341735052754983 0.01171875 0.00996483001172333
0 0.75078125 0.7332942555685815 0.0125 0.009378663540445486
0 0.248046875 0.7332942555685815 0.01171875 0.009378663540445486
0 0.201953125 0.7321219226260258 0.01171875 0.009378663540445486
0 0.512890625 0.7306565064478312 0.01171875 0.00996483001172333
0 0.173828125 0.7294841735052755 0.01171875 0.008792497069167644
0 0.2796875 0.7268464243845252 0.0125 0.008206330597889801
0 0.732421875 0.7224501758499414 0.01171875 0.0076201641266119575
0 0.358203125 0.7218640093786636 0.01171875 0.00996483001172333
0 0.216796875 0.7177608440797186 0.01328125 0.008792497069167644
0 0.7796875 0.7174677608440797 0.0125 0.009378663540445486
0 0.1921875 0.7151230949589683 0.0125 0.009378663540445486
0 0.24140625 0.7107268464243846 0.0109375 0.006447831184056272
0 0.611328125 0.7104337631887456 0.01171875 0.009378663540445486
0 0.75625 0.7066236811254396 0.009375 0.004103165298944901
0 0.155078125 0.7066236811254396 0.01171875 0.0076201641266119575
0 0.733203125 0.7045720984759671 0.01171875 0.008206330597889801
0 0.303125 0.7054513481828839 0.0125 0.00996483001172333
0 0.700390625 0.7042790152403282 0.01171875 0.008792497069167644
0 0.32734375 0.7028135990621337 0.0125 0.009378663540445486
0 0.481640625 0.7004689331770223 0.01171875 0.009378663540445486
0 0.178515625 0.6992966002344666 0.01171875 0.007033997655334115
0 0.222265625 0.6998827667057445 0.01171875 0.009378663540445486
0 0.77578125 0.6975381008206331 0.0125 0.008206330597889801
0 0.719140625 0.6910902696365768 0.01171875 0.008206330597889801
0 0.20078125 0.690504103165299 0.0125 0.008206330597889801
0 0.354296875 0.6907971864009379 0.01171875 0.00996483001172333
0 0.691015625 0.6890386869871044 0.01015625 0.008792497069167644
0 0.3109375 0.686694021101993 0.0125 0.00996483001172333
0 0.75390625 0.6852286049237983 0.0125 0.009378663540445486
0 0.643359375 0.6846424384525205 0.01171875 0.009378663540445486
0 0.270703125 0.6840562719812426 0.01171875 0.008206330597889801
0 0.180078125 0.6802461899179367 0.01328125 0.008792497069167644
0 0.223828125 0.6773153575615475 0.01328125 0.008792497069167644
0 0.7328125 0.6767291910902696 0.0109375 0.008792497069167644
0 0.709375 0.6755568581477139 0.0109375 0.008792497069167644
0 0.2921875 0.6749706916764361 0.0125 0.0076201641266119575
0 0.248828125 0.6732121922626025 0.01328125 0.0076201641266119575
0 0.777734375 0.667936694021102 0.01171875 0.008792497069167644
0 0.202734375 0.6650058616647128 0.01171875 0.00996483001172333
0 0.692578125 0.6635404454865181 0.01171875 0.008206330597889801
0 0.5859375 0.6638335287221571 0.0109375 0.008792497069167644
0 0.166015625 0.6635404454865181 0.01328125 0.008206330597889801
0 0.27734375 0.6614888628370457 0.0125 0.008792497069167644
0 0.33203125 0.660609613130129 0.0125 0.009378663540445486
0 0.756640625 0.6591441969519344 0.01171875 0.008792497069167644
0 0.3015625 0.6588511137162955 0.0125 0.009378663540445486
0 0.2265625 0.6582649472450176 0.0125 0.009378663540445486
0 0.811328125 0.6576787807737398 0.01484375 0.009378663540445486
0 0.802734375 0.6532825322391559 0.00078125 0.0005861664712778429
0 0.252734375 0.6553341148886284 0.01328125 0.009378663540445486
0 0.7171875 0.6544548651817116 0.0109375 0.008792497069167644
0 0.1859375 0.6515240328253223 0.0125 0.008792497069167644
0 0.79453125 0.6497655334114889 0.0140625 0.0076201641266119575
0 0.685546875 0.6474208675263775 0.01171875 0.008792497069167644
0 0.15546875 0.6471277842907386 0.0125 0.008206330597889801
0 0.21015625 0.6439038686987104 0.0125 0.008792497069167644
0 0.319921875 0.6436107854630715 0.01171875 0.009378663540445486
0 0.271875 0.6436107854630715 0.0125 0.009378663540445486
0 0.2375 0.641559202813599 0.0125 0.008792497069167644
0 0.296875 0.6368698710433763 0.0125 0.006447831184056272
0 0.739453125 0.6371629542790153 0.01015625 0.008206330597889801
0 0.7140625 0.6362837045720985 0.0109375 0.0076201641266119575
0 0.79140625 0.6330597889800703 0.0078125 0.007033997655334115
0 0.190625 0.6315943728018757 0.0125 0.006447831184056272
0 0.162890625 0.6283704572098476 0.01328125 0.008206330597889801
0 0.22109375 0.6274912075029309 0.0125 0.008792497069167644
0 0.58671875 0.6245603751465416 0.0109375 0.008792497069167644
0 0.24609375 0.6233880422039859 0.0125 0.008792497069167644
0 0.716015625 0.6189917936694022 0.01171875 0.008206330597889801
0 0.295703125 0.6178194607268465 0.00703125 0.007033997655334115
0 0.781640625 0.6172332942555686 0.01171875 0.008206330597889801
0 0.181640625 0.615767878077374 0.01171875 0.008792497069167644
0 0.748828125 0.6145955451348183 0.00703125 0.008792497069167644
0 0.26875 0.6148886283704572 0.0125 0.009378663540445486
0 0.20625 0.611957796014068 0.0109375 0.005861664712778429
0 0.558984375 0.6122508792497069 0.01171875 0.0076201641266119575
0 0.231640625 0.6096131301289566 0.01328125 0.009378663540445486
0 0.325390625 0.6072684642438453 0.01171875 0.009378663540445486
0 0.148828125 0.6066822977725674 0.01328125 0.009378663540445486
0 0.72890625 0.6052168815943728 0.0109375 0.008792497069167644
0 0.2625 0.597303634232122 0.0125 0.009378663540445486
0 0.687890625 0.5961313012895663 0.01171875 0.008206330597889801
0 0.2140625 0.5949589683470106 0.0125 0.007033997655334115
0 0.188671875 0.5949589683470106 0.01171875 0.008206330597889801
0 0.5515625 0.5940797186400938 0.0109375 0.008792497069167644
0 0.30390625 0.593200468933177 0.0125 0.009378663540445486
0 0.239453125 0.5899765533411488 0.01328125 0.008792497069167644
0 0.165625 0.5867526377491208 0.0125 0.005861664712778429
0 0.796484375 0.5873388042203986 0.01171875 0.008206330597889801
0 0.705078125 0.5841148886283705 0.01015625 0.008792497069167644
0 0.285546875 0.5814771395076201 0.01328125 0.009378663540445486
0 0.68359375 0.5785463071512309 0.0109375 0.008206330597889801
0 0.256640625 0.5770808909730364 0.01328125 0.008792497069167644
0 0.2203125 0.5753223915592028 0.0125 0.006447831184056272
0 0.151171875 0.5726846424384525 0.01328125 0.008206330597889801
0 0.1765625 0.5703399765533411 0.0125 0.005861664712778429
0 0.74375 0.5679953106682297 0.0078125 0.008206330597889801
0 0.276171875 0.563599062133646 0.01015625 0.006447831184056272
0 0.321484375 0.5624267291910903 0.01328125 0.0076201641266119575
0 0.197265625 0.559495896834701 0.01015625 0.005275498241500586
0 0.233203125 0.5600820633059789 0.01328125 0.0076201641266119575
0 0.635546875 0.559495896834701 0.01171875 0.008792497069167644
0 0.669140625 0.5574443141852286 0.01171875 0.008206330597889801
0 0.163671875 0.5533411488862837 0.00078125 0.0011723329425556857
0 0.580859375 0.5545134818288394 0.01015625 0.004689331770222743
0 0.29609375 0.5539273153575616 0.0125 0.009378663540445486
0 0.256640625 0.5533411488862837 0.01328125 0.009378663540445486
0 0.41015625 0.5489449003516998 0.0046875 0.0029308323563892145
0 0.412890625 0.5466002344665886 0.00078125 0.0005861664712778429
0 0.401953125 0.5468933177022274 0.00078125 0.0011723329425556857
0 0.558203125 0.5498241500586166 0.01171875 0.008206330597889801
0 0.79140625 0.5460140679953107 0.009375 0.006447831184056272
0 0.216015625 0.5466002344665886 0.01328125 0.0076201641266119575
0 0.191015625 0.5422039859320047 0.01328125 0.007033997655334115
0 0.771875 0.5386869871043376 0.0109375 0.008206330597889801
0 0.285546875 0.533704572098476 0.00078125 0.0005861664712778429
0 0.278515625 0.5351699882766706 0.01015625 0.0035169988276670576
0 0.3046875 0.536928487690504 0.0125 0.009378663540445486
0 0.241796875 0.5360492379835874 0.01328125 0.008792497069167644
0 0.56328125 0.5325322391559203 0.0109375 0.008792497069167644
0 0.399609375 0.5301875732708089 0.01171875 0.0076201641266119575
0 0.36171875 0.5252051582649473 0.0125 0.008206330597889801
0 0.1703125 0.5219812426729191 0.0125 0.0076201641266119575
0 0.784765625 0.5216881594372802 0.01171875 0.008206330597889801
0 0.262109375 0.522274325908558 0.01328125 0.009378663540445486
0 0.195703125 0.5202227432590856 0.01328125 0.0076201641266119575
0 0.295703125 0.5205158264947245 0.01328125 0.009378663540445486
0 0.320703125 0.5193434935521688 0.01328125 0.009378663540445486
0 0.237109375 0.5178780773739742 0.01328125 0.008792497069167644
0 0.34375 0.5131887456037515 0.0125 0.008792497069167644
0 0.729296875 0.5123094958968347 0.01171875 0.008206330597889801
0 0.276953125 0.5076201641266119 0.01328125 0.008206330597889801
0 0.36953125 0.5076201641266119 0.0125 0.009378663540445486
0 0.16171875 0.5046893317702228 0.0140625 0.008206330597889801
0 0.810546875 0.503810082063306 0.01171875 0.0076201641266119575
0 0.252734375 0.503810082063306 0.01328125 0.008792497069167644
0 0.68515625 0.5029308323563892 0.0109375 0.008206330597889801
0 0.300390625 0.5014654161781946 0.01328125 0.0076201641266119575
0 0.325 0.5014654161781946 0.0125 0.008792497069167644
0 0.227734375 0.5011723329425557 0.01328125 0.009378663540445486
0 0.193359375 0.49736225087924973 0.01328125 0.006447831184056272
0 0.542578125 0.4976553341148886 0.01171875 0.008206330597889801
0 0.73828125 0.49648300117233296 0.0109375 0.008206330597889801
0 0.41328125 0.4967760844079719 0.0109375 0.008792497069167644
0 0.3515625 0.4947245017584994 0.0125 0.009378663540445486
0 0.38984375 0.49296600234466587 0.0125 0.008206330597889801
0 0.278515625 0.4894490035169988 0.01328125 0.008206330597889801
0 0.771484375 0.48856975381008205 0.01171875 0.008792497069167644
0 0.80859375 0.48446658851113716 0.0125 0.0076201641266119575
0 0.210546875 0.4847596717467761 0.01328125 0.009378663540445486
0 0.30234375 0.4827080890973036 0.009375 0.006447831184056272
0 0.237109375 0.48417350527549824 0.01328125 0.009378663540445486
0 0.329296875 0.48124267291910905 0.01015625 0.005861664712778429
0 0.490625 0.48007033997655335 0.0109375 0.008206330597889801
0 0.35234375 0.4783118405627198 0.009375 0.005861664712778429
0 0.345703125 0.47567409144196954 0.00078125 0.0005861664712778429
0 0.460546875 0.47860492379835873 0.01171875 0.008792497069167644
0 0.440234375 0.47567409144196954 0.00546875 0.0029308323563892145
0 0.78984375 0.47567409144196954 0.0109375 0.005275498241500586
0 0.40078125 0.4753810082063306 0.0109375 0.005861664712778429
0 0.284375 0.47362250879249707 0.0125 0.005861664712778429
0 0.83046875 0.4742086752637749 0.0125 0.008206330597889801
0 0.259765625 0.4742086752637749 0.01328125 0.009378663540445486
0 0.37421875 0.46922626025791325 0.0125 0.006447831184056272
0 0.223046875 0.4657092614302462 0.00078125 0.0005861664712778429
0 0.230078125 0.46805392731535755 0.01171875 0.006447831184056272
0 0.702734375 0.4683470105509965 0.01171875 0.008206330597889801
0 0.8109375 0.4674677608440797 0.009375 0.0076201641266119575
0 0.314453125 0.4674677608440797 0.01328125 0.008792497069167644
0 0.203125 0.4671746776084408 0.0125 0.009378663540445486
0 0.472265625 0.4633645955451348 0.01171875 0.006447831184056272
0 0.765625 0.4633645955451348 0.0125 0.008792497069167644
0 0.3375 0.46072684642438455 0.0125 0.007033997655334115
0 0.17890625 0.4618991793669402 0.0140625 0.009378663540445486
0 0.686328125 0.4586752637749121 0.01171875 0.005275498241500586
0 0.3953125 0.4577960140679953 0.0125 0.008206330597889801
0 0.362109375 0.4566236811254396 0.01015625 0.005861664712778429
0 0.355078125 0.45427901524032827 0.00078125 0.0011723329425556857
0 0.268359375 0.45515826494724504 0.01328125 0.005275498241500586
0 0.796484375 0.4548651817116061 0.01171875 0.008206330597889801
0 0.71640625 0.45515826494724504 0.0109375 0.008792497069167644
0 0.294921875 0.45427901524032827 0.01328125 0.007033997655334115
0 0.431640625 0.45310668229777257 0.01171875 0.008206330597889801
0 0.823046875 0.4525205158264947 0.01171875 0.008206330597889801
0 0.318359375 0.44988276670574445 0.01328125 0.008792497069167644
0 0.73828125 0.4481242672919109 0.0109375 0.008792497069167644
0 0.666015625 0.4481242672919109 0.01171875 0.008792497069167644
0 0.484765625 0.4469519343493552 0.01171875 0.008792497069167644
0 0.162109375 0.44753810082063306 0.01484375 0.00996483001172333
0 0.636328125 0.4451934349355217 0.01171875 0.008792497069167644
0 0.21640625 0.4454865181711606 0.0125 0.009378663540445486
0 0.34140625 0.444021101992966 0.0125 0.008792497069167644
0 0.416796875 0.44079718640093785 0.01171875 0.004689331770222743
0 0.243359375 0.44109026963657677 0.01171875 0.006447831184056272
0 0.7203125 0.43786635404454866 0.0109375 0.008206330597889801
0 0.388671875 0.43552168815943726 0.01015625 0.005861664712778429
0 0.3640625 0.43669402110199296 0.0125 0.008206330597889801
0 0.295703125 0.43669402110199296 0.01328125 0.008206330597889801
0 0.1828125 0.4369871043376319 0.0140625 0.00996483001172333
0 0.47578125 0.4320046893317702 0.0125 0.005861664712778429
0 0.32265625 0.4317116060961313 0.0125 0.008792497069167644
0 0.271484375 0.4317116060961313 0.01328125 0.008792497069167644
0 0.74140625 0.43112543962485345 0.0109375 0.008792497069167644
0 0.64921875 0.4305392731535756 0.0109375 0.008792497069167644
0 0.571875 0.4284876905041032 0.0109375 0.008206330597889801
0 0.83515625 0.4273153575615475 0.0125 0.008206330597889801
0 0.224609375 0.42702227432590856 0.01328125 0.00996483001172333
0 0.34609375 0.4249706916764361 0.0109375 0.007033997655334115
0 0.778125 0.425263774912075 0.0125 0.008792497069167644
0 0.49765625 0.42262602579132474 0.0109375 0.007033997655334115
0 0.411328125 0.4208675263774912 0.01171875 0.005861664712778429
0 0.303125 0.4211606096131301 0.0125 0.006447831184056272
0 0.251953125 0.4211606096131301 0.01328125 0.006447831184056272
0 0.386328125 0.41852286049237986 0.01171875 0.008206330597889801
0 0.18203125 0.41822977725674093 0.0140625 0.00996483001172333
0 0.36328125 0.4135404454865182 0.0125 0.008792497069167644
0 0.3265625 0.41324736225087927 0.0125 0.008206330597889801
0 0.81953125 0.41207502930832357 0.0125 0.008206330597889801
0 0.279296875 0.4126611957796014 0.01328125 0.009378663540445486
0 0.7328125 0.4097303634232122 0.0109375 0.008206330597889801
0 0.755078125 0.4091441969519343 0.01015625 0.008206330597889801
0 0.7765625 0.4082649472450176 0.0125 0.008792497069167644
0 0.710546875 0.4079718640093787 0.01171875 0.008206330597889801
0 0.162109375 0.40621336459554513 0.01484375 0.010550996483001172
0 0.411328125 0.402989449003517 0.01171875 0.0076201641266119575
0 0.24140625 0.4026963657678781 0.0125 0.009378663540445486
0 0.43515625 0.40123094958968347 0.0109375 0.0076201641266119575
0 0.298046875 0.40123094958968347 0.01328125 0.008792497069167644
0 0.190625 0.4003516998827667 0.0140625 0.009378663540445486
0 0.216796875 0.399179366940211 0.01328125 0.009378663540445486
0 0.8296875 0.3971277842907386 0.0125 0.008792497069167644
0 0.346875 0.3971277842907386 0.0125 0.008792497069167644
0 0.266015625 0.39683470105509966 0.01328125 0.009378663540445486
0 0.803125 0.3950762016412661 0.0125 0.008206330597889801
0 0.487109375 0.39536928487690504 0.01171875 0.008792497069167644
0 0.46328125 0.39449003516998826 0.0125 0.007033997655334115
0 0.372265625 0.39566236811254396 0.01171875 0.009378663540445486
0 0.322265625 0.39536928487690504 0.01328125 0.008792497069167644
0 0.725 0.3936107854630715 0.0109375 0.008792497069167644
0 0.755078125 0.391852286049238 0.01171875 0.008792497069167644
0 0.779296875 0.3909730363423212 0.01171875 0.008206330597889801
0 0.703125 0.3903868698710434 0.0109375 0.008206330597889801
0 0.394140625 0.3892145369284877 0.01171875 0.009378663540445486
0 0.424609375 0.3851113716295428 0.01171875 0.008206330597889801
0 0.16875 0.38599062133645956 0.0140625 0.00996483001172333
0 0.505078125 0.3839390386869871 0.01171875 0.007033997655334115
0 0.303515625 0.38335287221570924 0.01171875 0.009378663540445486
0 0.56953125 0.3824736225087925 0.0109375 0.008792497069167644
0 0.81953125 0.38188745603751467 0.0125 0.008792497069167644
0 0.245703125 0.3821805392731536 0.01328125 0.009378663540445486
0 0.19453125 0.38188745603751467 0.0140625 0.00996483001172333
0 0.277734375 0.38042203985932005 0.01328125 0.008206330597889801
0 0.3578125 0.38042203985932005 0.0125 0.009378663540445486
0 0.547265625 0.3795427901524033 0.01015625 0.008792497069167644
0 0.623046875 0.37807737397420865 0.01015625 0.007033997655334115
0 0.3328125 0.37924970691676435 0.0125 0.009378663540445486
0 0.219921875 0.3795427901524033 0.01328125 0.00996483001172333
0 0.766796875 0.376905041031653 0.01171875 0.008206330597889801
0 0.467578125 0.37719812426729193 0.01171875 0.008792497069167644
0 0.78984375 0.3757327080890973 0.0109375 0.008206330597889801
0 0.727734375 0.37602579132473624 0.01171875 0.008792497069167644
0 0.67421875 0.37602579132473624 0.0109375 0.008792497069167644
0 0.380078125 0.37397420867526376 0.01171875 0.009378663540445486
0 0.4140625 0.3689917936694021 0.0109375 0.008792497069167644
0 0.50703125 0.365767878077374 0.0109375 0.007033997655334115
0 0.31328125 0.36664712778429076 0.0125 0.008792497069167644
0 0.26015625 0.36723329425556855 0.0125 0.00996483001172333
0 0.807421875 0.365767878077374 0.01171875 0.008206330597889801
0 0.1796875 0.36635404454865184 0.0140625 0.009378663540445486
0 0.440625 0.365767878077374 0.0125 0.009378663540445486
0 0.60859375 0.3637162954279015 0.0109375 0.008792497069167644
0 0.23515625 0.3645955451348183 0.0140625 0.010550996483001172
0 0.834375 0.361957796014068 0.0125 0.008792497069167644
0 0.549609375 0.361957796014068 0.01171875 0.008792497069167644
0 0.35859375 0.3613716295427902 0.0125 0.008792497069167644
0 0.291015625 0.3593200468933177 0.01328125 0.005861664712778429
0 0.764453125 0.3593200468933177 0.01171875 0.008206330597889801
0 0.734765625 0.3596131301289566 0.01171875 0.008792497069167644
0 0.462890625 0.35873388042203985 0.01171875 0.008206330597889801
0 0.789453125 0.35463071512309496 0.00546875 0.0011723329425556857
0 0.671875 0.35844079718640093 0.0109375 0.008792497069167644
0 0.21015625 0.3590269636576788 0.0140625 0.00996483001172333
0 0.48671875 0.3578546307151231 0.0109375 0.008792497069167644
0 0.334375 0.35726846424384523 0.0125 0.008792497069167644
0 0.6453125 0.3552168815943728 0.0109375 0.008206330597889801
0 0.380859375 0.3552168815943728 0.01171875 0.008206330597889801
0 0.5234375 0.35433763188745604 0.0109375 0.008792497069167644
0 0.404296875 0.3516998827667057 0.01015625 0.008206330597889801
0 0.818359375 0.3505275498241501 0.01171875 0.008206330597889801
0 0.703515625 0.3496483001172333 0.00859375 0.0076201641266119575
0 0.6234375 0.3499413833528722 0.0109375 0.008206330597889801
0 0.250390625 0.3499413833528722 0.01328125 0.009378663540445486
0 0.31328125 0.34671746776084406 0.0109375 0.006447831184056272
0 0.59375 0.3473036342321219 0.0109375 0.008792497069167644
0 0.172265625 0.34788980070339975 0.01328125 0.00996483001172333
0 0.748828125 0.3455451348182884 0.01171875 0.008792497069167644
0 0.83828125 0.34466588511137164 0.0125 0.008206330597889801
0 0.57109375 0.34495896834701056 0.0109375 0.008792497069167644
0 0.775 0.3443728018757327 0.0125 0.008792497069167644
0 0.426171875 0.343200468933177 0.01171875 0.0076201641266119575
0 0.273828125 0.3440797186400938 0.01328125 0.009378663540445486
0 0.502734375 0.343200468933177 0.01171875 0.008792497069167644
0 0.6828125 0.34232121922626024 0.0109375 0.008206330597889801
0 0.22578125 0.343200468933177 0.0140625 0.00996483001172333
0 0.4609375 0.3402696365767878 0.0109375 0.008792497069167644
0 0.545703125 0.33968347010551 0.01171875 0.008792497069167644
0 0.194921875 0.34056271981242675 0.01328125 0.010550996483001172
0 0.334765625 0.33821805392731535 0.01015625 0.007033997655334115
0 0.166015625 0.33382180539273154 0.00078125 0.0005861664712778429
0 0.654296875 0.3364595545134818 0.01015625 0.007033997655334115
0 0.384765625 0.33704572098475966 0.01171875 0.008206330597889801
0 0.359765625 0.33499413833528724 0.00859375 0.0076201641266119575
0 0.807421875 0.3347010550996483 0.01171875 0.008206330597889801
0 0.612890625 0.33411488862837047 0.01171875 0.008206330597889801
0 0.29765625 0.33264947245017584 0.0125 0.008792497069167644
0 0.16953125 0.32971864009378665 0.0015625 0.0029308323563892145
0 0.720703125 0.332063305978898 0.01015625 0.008792497069167644
0 0.521875 0.332063305978898 0.009375 0.008792497069167644
0 0.822265625 0.32942555685814773 0.00234375 0.004689331770222743
0 0.157421875 0.32737397420867526 0.00078125 0.0005861664712778429
0 0.482421875 0.3305978898007034 0.01171875 0.008206330597889801
0 0.25234375 0.3311840562719812 0.0125 0.009378663540445486
0 0.825390625 0.32620164126611956 0.00078125 0.0005861664712778429
0 0.69921875 0.3300117233294256 0.009375 0.008206330597889801
0 0.786328125 0.32942555685814773 0.01171875 0.008206330597889801
0 0.5875 0.32971864009378665 0.0109375 0.008792497069167644
0 0.76328125 0.3291324736225088 0.0109375 0.008792497069167644
0 0.7421875 0.3291324736225088 0.0109375 0.008792497069167644
0 0.406640625 0.32942555685814773 0.01015625 0.009378663540445486
0 0.163671875 0.3256154747948417 0.01015625 0.004103165298944901
0 0.193359375 0.3238569753810082 0.00078125 0.0017584994138335288
0 0.6734375 0.3264947245017585 0.009375 0.008206330597889801
0 0.5625 0.3264947245017585 0.0109375 0.008206330597889801
0 0.273828125 0.32444314185228607 0.01015625 0.005275498241500586
0 0.43125 0.32532239155920284 0.009375 0.008206330597889801
0 0.540234375 0.32180539273153574 0.01015625 0.008206330597889801
0 0.455078125 0.3215123094958968 0.00859375 0.0076201641266119575
0 0.187890625 0.3194607268464244 0.01015625 0.004689331770222743
0 0.505859375 0.31975381008206333 0.00546875 0.006447831184056272
0 0.32578125 0.32092614302461897 0.0109375 0.008792497069167644
0 0.374609375 0.3194607268464244 0.01171875 0.007033997655334115
0 0.651953125 0.3194607268464244 0.01015625 0.008206330597889801
0 0.626171875 0.3179953106682298 0.00859375 0.0076201641266119575
0 0.801953125 0.3179953106682298 0.01171875 0.008792497069167644
0 0.351171875 0.31652989449003516 0.00859375 0.005861664712778429
0 0.602734375 0.3159437280187573 0.01015625 0.008206330597889801
0 0.780078125 0.3115474794841735 0.00078125 0.0005861664712778429
0 0.7109375 0.31535756154747946 0.0109375 0.008206330597889801
0 0.236328125 0.31652989449003516 0.01328125 0.010550996483001172
0 0.778515625 0.31096131301289565 0.00078125 0.0005861664712778429
0 0.775390625 0.3103751465416178 0.00234375 0.0005861664712778429
0 0.301953125 0.3141852286049238 0.01171875 0.008206330597889801
0 0.753125 0.3138921453692849 0.0109375 0.008792497069167644
0 0.474609375 0.31359906213364597 0.01015625 0.008206330597889801
0 0.83046875 0.3130128956623681 0.0125 0.008206330597889801
0 0.210546875 0.3141852286049238 0.01328125 0.010550996483001172
0 0.687890625 0.31213364595545134 0.00859375 0.0076201641266119575
0 0.5796875 0.3127198124267292 0.009375 0.008792497069167644
0 0.399609375 0.3118405627198124 0.00703125 0.008206330597889801
0 0.523046875 0.31008206330597887 0.00859375 0.008206330597889801
0 0.731640625 0.3094958968347011 0.01171875 0.008206330597889801
0 0.55625 0.30920281359906215 0.0109375 0.008792497069167644
0 0.421875 0.3083235638921454 0.0109375 0.008206330597889801
0 0.226171875 0.3033411488862837 0.00078125 0.0005861664712778429
0 0.16953125 0.3083235638921454 0.0140625 0.010550996483001172
0 0.44765625 0.3050996483001172 0.00625 0.006447831184056272
0 0.818359375 0.30158264947245017 0.00078125 0.0005861664712778429
0 0.63984375 0.30392731535756157 0.009375 0.0076201641266119575
0 0.254296875 0.3042203985932005 0.01328125 0.009378663540445486
0 0.8140625 0.2995310668229777 0.0046875 0.0011723329425556857
0 0.49375 0.3030480656506448 0.0109375 0.008206330597889801
0 0.791015625 0.30275498241500587 0.01171875 0.008792497069167644
0 0.320703125 0.302168815943728 0.01171875 0.008792497069167644
0 0.617578125 0.30128956623681125 0.00859375 0.008206330597889801
0 0.347265625 0.298651817116061 0.00546875 0.004103165298944901
0 0.76484375 0.29923798358733883 0.0109375 0.008792497069167644
0 0.703515625 0.298651817116061 0.00859375 0.0076201641266119575
0 0.594921875 0.29689331770222743 0.00859375 0.005275498241500586
0 0.374609375 0.29835873388042206 0.00859375 0.008206330597889801
0 0.226171875 0.2977725674091442 0.01015625 0.008206330597889801
0 0.539453125 0.2974794841735053 0.00859375 0.008792497069167644
0 0.57265625 0.2951348182883939 0.0078125 0.0076201641266119575
0 0.468359375 0.2954279015240328 0.01015625 0.008206330597889801
0 0.681640625 0.29484173505275496 0.00859375 0.008206330597889801
0 0.514453125 0.2933763188745604 0.00546875 0.005275498241500586
0 0.744140625 0.29425556858147717 0.00859375 0.008206330597889801
0 0.397265625 0.29308323563892147 0.01015625 0.008206330597889801
0 0.300390625 0.29279015240328254 0.00703125 0.008792497069167644
0 0.419921875 0.2901524032825322 0.01015625 0.007033997655334115
0 0.721484375 0.2898593200468933 0.01171875 0.008792497069167644
0 0.829296875 0.28927315357561545 0.01171875 0.008792497069167644
0 0.65703125 0.28751465416178196 0.009375 0.006447831184056272
0 0.801953125 0.2881008206330598 0.01171875 0.008792497069167644
0 0.26875 0.28722157092614303 0.009375 0.007033997655334115
0 0.78125 0.28751465416178196 0.0109375 0.008792497069167644
0 0.63125 0.28722157092614303 0.009375 0.008206330597889801
0 0.490234375 0.2854630715123095 0.00703125 0.005861664712778429
0 0.44609375 0.28516998827667056 0.00625 0.006447831184056272
0 0.173046875 0.2869284876905041 0.01328125 0.00996483001172333
0 0.32890625 0.28487690504103164 0.0109375 0.008206330597889801
0 0.55390625 0.28311840562719814 0.009375 0.008206330597889801
0 0.811328125 0.2787221570926143 0.00078125 0.0005861664712778429
0 0.699609375 0.2816529894490035 0.00546875 0.006447831184056272
0 0.75859375 0.28223915592028137 0.0109375 0.008792497069167644
0 0.360546875 0.28194607268464245 0.00859375 0.008206330597889801
0 0.531640625 0.27989449003517 0.00859375 0.006447831184056272
0 0.5984375 0.2793083235638921 0.0078125 0.0076201641266119575
0 0.674609375 0.27784290738569756 0.01015625 0.008206330597889801
0 0.466796875 0.2769636576787808 0.00546875 0.006447831184056272
0 0.7375 0.2772567409144197 0.0109375 0.008206330597889801
0 0.3828125 0.27754982415005863 0.0109375 0.008792497069167644
0 0.85 0.2757913247362251 0.0125 0.008792497069167644
0 0.8109375 0.27227432590855805 0.0015625 0.0017584994138335288
0 0.508984375 0.27432590855803046 0.00546875 0.005861664712778429
0 0.812890625 0.27110199296600235 0.00078125 0.0005861664712778429
0 0.81640625 0.2705158264947245 0.003125 0.0005861664712778429
0 0.40859375 0.27403282532239154 0.0078125 0.0076201641266119575
0 0.287890625 0.27432590855803046 0.01171875 0.008206330597889801
0 0.620703125 0.2719812426729191 0.00390625 0.004689331770222743
0 0.578125 0.2728604923798359 0.00625 0.0076201641266119575
0 0.79296875 0.2719812426729191 0.0109375 0.008206330597889801
0 0.716015625 0.27227432590855805 0.01015625 0.008792497069167644
0 0.6484375 0.2716881594372802 0.00625 0.0076201641266119575
0 0.3125 0.2702227432590856 0.009375 0.008206330597889801
0 0.251953125 0.2708089097303634 0.01328125 0.009378663540445486
0 0.434375 0.268464243845252 0.0109375 0.008206330597889801
0 0.3453125 0.26699882766705746 0.0046875 0.005275498241500586
0 0.771484375 0.2672919109026964 0.01171875 0.008206330597889801
0 0.484375 0.26670574443141853 0.009375 0.008206330597889801
0 0.690234375 0.26465416178194606 0.00859375 0.0076201641266119575
0 0.834375 0.26436107854630714 0.0125 0.009378663540445486
0 0.59921875 0.26172332942555687 0.003125 0.004103165298944901
0 0.750390625 0.26289566236811257 0.00859375 0.008792497069167644
0 0.391796875 0.2605509964830012 0.00546875 0.005275498241500586
0 0.367578125 0.26172332942555687 0.00859375 0.0076201641266119575
0 0.66796875 0.2608440797186401 0.0078125 0.007033997655334115
0 0.55625 0.2605509964830012 0.00625 0.0076201641266119575
0 0.271875 0.2599648300117233 0.0125 0.008792497069167644
0 0.458984375 0.2584994138335287 0.01015625 0.008206330597889801
0 0.80859375 0.25791324736225085 0.0109375 0.009378663540445486
0 0.72890625 0.25791324736225085 0.009375 0.009378663540445486
0 0.504296875 0.25586166471277844 0.00703125 0.006447831184056272
0 0.41484375 0.25615474794841736 0.009375 0.007033997655334115
0 0.64765625 0.2543962485345838 0.00625 0.004689331770222743
0 0.29765625 0.2552754982415006 0.009375 0.0076201641266119575
0 0.623828125 0.2543962485345838 0.00859375 0.007033997655334115
0 0.787109375 0.25468933177022274 0.01015625 0.008792497069167644
0 0.326171875 0.2543962485345838 0.00703125 0.008206330597889801
0 0.707421875 0.2541031652989449 0.00859375 0.008792497069167644
0 0.578125 0.2529308323563892 0.0046875 0.0076201641266119575
0 0.822265625 0.2488276670574443 0.00078125 0.0005861664712778429
0 0.533984375 0.25058616647127785 0.00859375 0.006447831184056272
0 0.766015625 0.2502930832356389 0.01015625 0.008206330597889801
0 0.83359375 0.24501758499413834 0.0015625 0.0011723329425556857
0 0.48203125 0.24824150058616648 0.0078125 0.0076201641266119575
0 0.43828125 0.2488276670574443 0.0109375 0.008792497069167644
0 0.831640625 0.24413833528722156 0.00078125 0.0005861664712778429
0 0.828515625 0.24355216881594371 0.00390625 0.0005861664712778429
0 0.351171875 0.24706916764361078 0.01015625 0.0076201641266119575
0 0.68671875 0.24648300117233293 0.0078125 0.0076201641266119575
0 0.807421875 0.2417936694021102 0.00078125 0.0005861664712778429
0 0.745703125 0.24501758499413834 0.00859375 0.007033997655334115
0 0.37421875 0.2444314185228605 0.0109375 0.008206330597889801
0 0.805078125 0.24003516998827668 0.00078125 0.0005861664712778429
0 0.665234375 0.2429660023446659 0.00703125 0.0076201641266119575
0 0.55546875 0.24237983587338804 0.0078125 0.0076201641266119575
0 0.596875 0.24150058616647127 0.009375 0.008206330597889801
0 0.804296875 0.2376905041031653 0.00078125 0.0029308323563892145
0 0.72265625 0.24062133645955452 0.009375 0.008792497069167644
0 0.846484375 0.2403282532239156 0.01328125 0.009378663540445486
0 0.45859375 0.23944900351699883 0.0109375 0.0076201641266119575
0 0.816015625 0.2347596717467761 0.00078125 0.0005861664712778429
0 0.508203125 0.23798358733880423 0.00859375 0.007033997655334115
0 0.41796875 0.23798358733880423 0.0078125 0.007033997655334115
0 0.1703125 0.23974208675263775 0.009375 0.010550996483001172
0 0.621484375 0.23710433763188746 0.00546875 0.006447831184056272
0 0.3234375 0.2365181711606096 0.0078125 0.005275498241500586
0 0.810546875 0.23300117233294257 0.00078125 0.0005861664712778429
0 0.78515625 0.23710433763188746 0.0125 0.008792497069167644
0 0.642578125 0.23563892145369286 0.00859375 0.007033997655334115
0 0.70078125 0.23388042203985931 0.009375 0.008206330597889801
0 0.76171875 0.23270808909730364 0.009375 0.008206330597889801
0 0.57578125 0.23182883939038687 0.009375 0.0076201641266119575
0 0.829296875 0.22977725674091443 0.01171875 0.008206330597889801
0 0.53359375 0.22889800703399765 0.0046875 0.006447831184056272
0 0.480078125 0.22977725674091443 0.01015625 0.008206330597889801
0 0.43671875 0.22889800703399765 0.0109375 0.0076201641266119575
0 0.39296875 0.22860492379835873 0.0109375 0.007033997655334115
0 0.34453125 0.22889800703399765 0.0109375 0.008792497069167644
0 0.171875 0.22450175849941384 0.003125 0.0011723329425556857
0 0.741015625 0.2268464243845252 0.00859375 0.008206330597889801
0 0.3703125 0.22626025791324736 0.0078125 0.008206330597889801
0 0.66015625 0.22479484173505276 0.009375 0.006447831184056272
0 0.555859375 0.22332942555685814 0.00703125 0.007033997655334115
0 0.85546875 0.22362250879249707 0.0125 0.008792497069167644
0 0.501953125 0.22039859320046892 0.00546875 0.0035169988276670576
0 0.63125 0.22069167643610785 0.0046875 0.005275498241500586
0 0.71953125 0.2212778429073857 0.009375 0.0076201641266119575
0 0.683203125 0.22098475967174677 0.00859375 0.007033997655334115
0 0.46015625 0.22098475967174677 0.0078125 0.007033997655334115
0 0.796875 0.22010550996483 0.0109375 0.008792497069167644
0 0.773828125 0.21951934349355218 0.01171875 0.00996483001172333
0 0.284765625 0.21805392731535755 0.00859375 0.007033997655334115
0 0.172265625 0.21776084407971863 0.01171875 0.006447831184056272
0 0.319921875 0.21541617819460726 0.00234375 0.004103165298944901
0 0.414453125 0.21570926143024619 0.00703125 0.007033997655334115
0 0.5796875 0.21453692848769051 0.009375 0.008206330597889801
0 0.83828125 0.21365767878077374 0.0125 0.008792497069167644
0 0.752734375 0.21336459554513482 0.01171875 0.009378663540445486
0 0.522265625 0.21189917936694022 0.00703125 0.006447831184056272
0 0.479296875 0.21131301289566237 0.00859375 0.0076201641266119575
0 0.35 0.21101992966002345 0.009375 0.007033997655334115
0 0.43515625 0.21072684642438452 0.0109375 0.008792497069167644
0 0.700390625 0.20984759671746775 0.00703125 0.008206330597889801
0 0.37578125 0.20750293083235638 0.00625 0.005861664712778429
0 0.663671875 0.2077960140679953 0.00859375 0.0076201641266119575
0 0.543359375 0.20750293083235638 0.00859375 0.007033997655334115
0 0.600390625 0.20662368112543963 0.00859375 0.006447831184056272
0 0.457421875 0.2022274325908558 0.00546875 0.0035169988276670576
0 0.719140625 0.20369284876905042 0.01015625 0.0076201641266119575
0 0.50078125 0.2022274325908558 0.00625 0.004689331770222743
0 0.759765625 0.19841735052754983 0.00078125 0.0005861664712778429
0 0.566015625 0.19929660023446658 0.00546875 0.007033997655334115
0 0.740234375 0.19900351699882768 0.01015625 0.008792497069167644
0 0.683984375 0.19753810082063306 0.00546875 0.005861664712778429
0 0.4125 0.19783118405627198 0.0078125 0.006447831184056272
0 0.805078125 0.1943141852286049 0.00078125 0.0005861664712778429
0 0.804296875 0.19226260257913247 0.00078125 0.0023446658851113715
0 0.586328125 0.19314185228604924 0.00703125 0.006447831184056272
0 0.5203125 0.1925556858147714 0.0078125 0.006447831184056272
0 0.479296875 0.19196951934349354 0.00390625 0.005275498241500586
0 0.70546875 0.19079718640093787 0.003125 0.004103165298944901
0 0.433984375 0.19196951934349354 0.01015625 0.0076201641266119575
0 0.38828125 0.1910902696365768 0.0078125 0.005861664712778429
0 0.807421875 0.18786635404454866 0.00078125 0.0005861664712778429
0 0.812109375 0.18757327080890973 0.00390625 0.0011723329425556857
0 0.5453125 0.18903868698710433 0.00625 0.0076201641266119575
0 0.726953125 0.1855216881594373 0.00546875 0.006447831184056272
0 0.5 0.18405627198124266 0.0078125 0.007033997655334115
0 0.365625 0.18317702227432592 0.0078125 0.005275498241500586
0 0.45703125 0.18259085580304807 0.0046875 0.005275498241500586
0 0.56640625 0.18053927315357562 0.00625 0.005861664712778429
0 0.6765625 0.1802461899179367 0.0078125 0.0076201641266119575
0 0.6265625 0.1802461899179367 0.00625 0.0076201641266119575
0 0.7765625 0.18053927315357562 0.0109375 0.009378663540445486
0 0.6 0.17672919109026963 0.0046875 0.004103165298944901
0 0.530078125 0.1749706916764361 0.00234375 0.0017584994138335288
0 0.806640625 0.17379835873388041 0.01171875 0.008792497069167644
0 0.695703125 0.17233294255568582 0.01015625 0.007033997655334115
0 0.437109375 0.17028135990621338 0.00390625 0.004103165298944901
0 0.31953125 0.16998827667057445 0.0078125 0.005861664712778429
0 0.72578125 0.1682297772567409 0.0109375 0.008206330597889801
0 0.5796875 0.16647127784290738 0.00625 0.007033997655334115
0 0.508203125 0.16588511137162953 0.00703125 0.005861664712778429
0 0.832421875 0.16471277842907386 0.00703125 0.005861664712778429
0 0.483203125 0.1638335287221571 0.00859375 0.006447831184056272
0 0.746875 0.1638335287221571 0.0109375 0.008792497069167644
0 0.545703125 0.1611957796014068 0.00703125 0.005861664712778429
0 0.83671875 0.15797186400937865 0.0015625 0.0005861664712778429
0 0.382421875 0.15826494724501758 0.00546875 0.004689331770222743
0 0.704296875 0.15621336459554513 0.00859375 0.006447831184056272
0 0.809375 0.15621336459554513 0.0125 0.008792497069167644
0 0.41171875 0.15386869871043377 0.00625 0.004103165298944901
0 0.59765625 0.15386869871043377 0.0046875 0.005275498241500586
0 0.62890625 0.152989449003517 0.0078125 0.007033997655334115
0 0.766015625 0.15328253223915592 0.01171875 0.00996483001172333
0 0.65234375 0.15005861664712777 0.00625 0.007033997655334115
0 0.7890625 0.14917936694021103 0.0109375 0.00996483001172333
0 0.5328125 0.1462485345838218 0.00625 0.006447831184056272
0 0.508984375 0.1444900351699883 0.00546875 0.004103165298944901
0 0.565625 0.1406799531066823 0.0078125 0.005861664712778429
0 0.315625 0.1406799531066823 0.0078125 0.005861664712778429
0 0.741796875 0.13833528722157093 0.01015625 0.007033997655334115
0 0.675 0.13393903868698712 0.0078125 0.008792497069167644
0 0.614453125 0.12866354044548653 0.00859375 0.005275498241500586
0 0.292578125 0.12954279015240328 0.00703125 0.007033997655334115
0 0.65234375 0.12661195779601406 0.0078125 0.007033997655334115
0 0.57109375 0.1228018757327081 0.00625 0.004103165298944901
0 0.35078125 0.12338804220398593 0.00625 0.005275498241500586
0 0.516796875 0.12221570926143024 0.00546875 0.004103165298944901
0 0.313671875 0.12133645955451348 0.00703125 0.005861664712778429
0 0.2609375 0.12221570926143024 0.009375 0.0076201641266119575
0 0.491015625 0.1175263774912075 0.00703125 0.006447831184056272
0 0.208984375 0.10375146541617819 0.01015625 0.008206330597889801
0 0.211328125 0.09876905041031653 0.00078125 0.0005861664712778429
0 0.208984375 0.097010550996483 0.00078125 0.0005861664712778429
0 0.205859375 0.09642438452520516 0.00234375 0.0005861664712778429
