0 0.258203125 0.9428487690504103 0.00234375 0.0017584994138335288
0 0.279296875 0.9381594372801876 0.01171875 0.006447831184056272
0 0.2265625 0.9361078546307151 0.0015625 0.0023446658851113715
0 0.246484375 0.929073856975381 0.01328125 0.007033997655334115
0 0.368359375 0.9223329425556858 0.00859375 0.006447831184056272
0 0.546484375 0.9123681125439624 0.01171875 0.011137162954279016
0 0.216015625 0.9035756154747948 0.00234375 0.0029308323563892145
0 0.20703125 0.9018171160609613 0.0046875 0.0029308323563892145
0 0.697265625 0.9009378663540446 0.01171875 0.010550996483001172
0 0.36328125 0.8936107854630715 0.0015625 0.0005861664712778429
0 0.371875 0.8950762016412661 0.0046875 0.004689331770222743
0 0.59609375 0.8944900351699883 0.0125 0.009378663540445486
0 0.63046875 0.8903868698710434 0.0109375 0.008206330597889801
0 0.558203125 0.8900937866354045 0.01171875 0.011137162954279016
0 0.3984375 0.8856975381008206 0.0125 0.004689331770222743
0 0.661328125 0.8859906213364596 0.01171875 0.00996483001172333
0 0.445703125 0.88042203985932 0.00859375 0.008206330597889801
0 0.645703125 0.8763188745603752 0.00546875 0.005861664712778429
0 0.60625 0.8777842907385698 0.0109375 0.008792497069167644
0 0.366796875 0.8766119577960141 0.01171875 0.00996483001172333
0 0.3359375 0.876905041031653 0.0125 0.010550996483001172
0 0.246484375 0.8725087924970691 0.00078125 0.0017584994138335288
0 0.265234375 0.8751465416178195 0.01171875 0.008206330597889801
0 0.245703125 0.8707502930832356 0.00078125 0.0005861664712778429
0 0.240625 0.8681125439624854 0.009375 0.0035169988276670576
0 0.4046875 0.8689917936694022 0.0125 0.00996483001172333
0 0.476953125 0.8610785463071512 0.01015625 0.009378663540445486
0 0.658203125 0.8601992966002344 0.01171875 0.00996483001172333
0 0.50625 0.8607854630715123 0.0125 0.011137162954279016
0 0.611328125 0.8572684642438453 0.01171875 0.00996483001172333
0 0.321484375 0.8499413833528722 0.00234375 0.0011723329425556857
0 0.330078125 0.8508206330597889 0.00546875 0.004103165298944901
0 0.4578125 0.8496483001172332 0.0125 0.011137162954279016
0 0.375 0.8484759671746777 0.0125 0.008792497069167644
0 0.283203125 0.8493552168815943 0.01171875 0.010550996483001172
0 0.49140625 0.8458382180539273 0.0125 0.010550996483001172
0 0.69765625 0.8405627198124267 0.0125 0.009378663540445486
0 0.6234375 0.8408558030480656 0.009375 0.00996483001172333
0 0.3015625 0.8367526377491208 0.0125 0.008792497069167644
0 0.329296875 0.8326494724501758 0.01328125 0.00996483001172333
0 0.238671875 0.8305978898007034 0.01171875 0.009378663540445486
0 0.671875 0.8288393903868698 0.0109375 0.010550996483001172
0 0.7140625 0.8259085580304807 0.0109375 0.008206330597889801
0 0.21171875 0.8226846424384525 0.0078125 0.0029308323563892145
0 0.5578125 0.8238569753810082 0.0125 0.011137162954279016
0 0.64140625 0.8215123094958968 0.0125 0.011137162954279016
0 0.693359375 0.8203399765533411 0.00546875 0.00996483001172333
0 0.35234375 0.8197538100820633 0.0125 0.008792497069167644
0 0.3140625 0.8177022274325909 0.0125 0.010550996483001172
0 0.230078125 0.813599062133646 0.01171875 0.007033997655334115
0 0.61484375 0.8147713950762017 0.0125 0.010550996483001172
0 0.709375 0.8077373974208675 0.0109375 0.007033997655334115
0 0.484765625 0.8080304806565064 0.01171875 0.011137162954279016
0 0.527734375 0.8071512309495897 0.01171875 0.010550996483001172
0 0.258203125 0.8065650644783119 0.01328125 0.009378663540445486
0 0.281640625 0.8018757327080891 0.01171875 0.008206330597889801
0 0.570703125 0.8024618991793669 0.01015625 0.010550996483001172
0 0.65625 0.8018757327080891 0.0125 0.010550996483001172
0 0.3484375 0.8012895662368112 0.0109375 0.009378663540445486
0 0.187890625 0.7942555685814772 0.00234375 0.0035169988276670576
0 0.2234375 0.7951348182883939 0.0109375 0.0076201641266119575
0 0.635546875 0.7930832356389215 0.01171875 0.004689331770222743
0 0.374609375 0.794841735052755 0.00859375 0.008206330597889801
0 0.180859375 0.7904454865181711 0.00546875 0.0029308323563892145
0 0.732421875 0.7930832356389215 0.01328125 0.010550996483001172
0 0.508984375 0.7924970691676436 0.01171875 0.009378663540445486
0 0.42578125 0.7930832356389215 0.0125 0.010550996483001172
0 0.39921875 0.7922039859320047 0.009375 0.00996483001172333
0 0.2484375 0.7907385697538101 0.0125 0.008206330597889801
0 0.70703125 0.7889800703399765 0.0125 0.009378663540445486
0 0.83125 0.7863423212192263 0.0125 0.00996483001172333
0 0.7765625 0.7857561547479485 0.0125 0.00996483001172333
0 0.278125 0.7845838218053928 0.0125 0.0076201641266119575
0 0.652734375 0.7813599062133646 0.01171875 0.008206330597889801
0 0.32734375 0.7781359906213364 0.009375 0.0076201641266119575
0 0.301171875 0.7775498241500586 0.01171875 0.00996483001172333
0 0.75078125 0.7757913247362251 0.0125 0.008792497069167644
0 0.499609375 0.776084407971864 0.01171875 0.009378663540445486
0 0.36796875 0.7763774912075029 0.0125 0.00996483001172333
0 0.23515625 0.7754982415005862 0.0125 0.008206330597889801
0 0.261328125 0.7728604923798359 0.00703125 0.006447831184056272
0 0.62421875 0.7711019929660023 0.0125 0.00996483001172333
0 0.392578125 0.7708089097303634 0.00859375 0.009378663540445486
0 0.7171875 0.7705158264947245 0.0125 0.00996483001172333
0 0.4171875 0.7658264947245017 0.009375 0.006447831184056272
0 0.3484375 0.7661195779601406 0.0109375 0.010550996483001172
0 0.283984375 0.765240328253224 0.01328125 0.00996483001172333
0 0.648828125 0.7634818288393904 0.01171875 0.008792497069167644
0 0.68515625 0.7631887456037515 0.0125 0.010550996483001172
0 0.31484375 0.7608440797186401 0.0125 0.008206330597889801
0 0.751171875 0.7576201641266119 0.01328125 0.008792497069167644
0 0.24375 0.757327080890973 0.0125 0.008206330597889801
0 0.213671875 0.7579132473622509 0.01015625 0.009378663540445486
0 0.63203125 0.7520515826494725 0.0125 0.009378663540445486
0 0.834375 0.7479484173505275 0.0125 0.009378663540445486
0 0.67421875 0.7479484173505275 0.0125 0.009378663540445486
0 0.41953125 0.7473622508792497 0.0125 0.009378663540445486
0 0.3328125 0.7458968347010551 0.009375 0.00996483001172333
0 0.230078125 0.7438452520515827 0.01171875 0.008206330597889801
0 0.27578125 0.7438452520515827 0.0125 0.009378663540445486
0 0.654296875 0.7412075029308324 0.01171875 0.00996483001172333
0 0.2015625 0.7412075029308324 0.0125 0.00996483001172333
0 0.784765625 0.7391559202813599 0.01328125 0.009378663540445486
0 0.542578125 0.738569753810082 0.01171875 0.009378663540445486
0 0.30703125 0.7376905041031653 0.0125 0.00996483001172333
0 0.385546875 0.731242672919109 0.01171875 0.00996483001172333
0 0.24375 0.7288980070339977 0.0125 0.008792497069167644
0 0.766015625 0.7280187573270809 0.01171875 0.008206330597889801
0 0.21953125 0.7250879249706916 0.0125 0.008206330597889801
0 0.816015625 0.7227432590855803 0.01015625 0.009378663540445486
0 0.268359375 0.7218640093786636 0.01171875 0.008792497069167644
0 0.636328125 0.7171746776084408 0.00078125 0.0005861664712778429
0 0.182421875 0.7183470105509965 0.01171875 0.008792497069167644
0 0.6421875 0.7148300117233294 0.0109375 0.005275498241500586
0 0.33046875 0.7151230949589683 0.0125 0.009378663540445486
0 0.790625 0.7145369284876905 0.0125 0.009378663540445486
0 0.3546875 0.7124853458382181 0.0125 0.00996483001172333
0 0.205078125 0.7116060961313013 0.01171875 0.009378663540445486
0 0.766796875 0.7101406799531067 0.01171875 0.008792497069167644
0 0.25 0.7104337631887456 0.0125 0.009378663540445486
0 0.7328125 0.7098475967174678 0.0125 0.009378663540445486
0 0.509765625 0.7080890973036342 0.01171875 0.009378663540445486
0 0.809765625 0.7028135990621337 0.01328125 0.009378663540445486
0 0.227734375 0.7022274325908558 0.01328125 0.009378663540445486
0 0.38125 0.7001758499413834 0.0125 0.00996483001172333
0 0.7515625 0.6963657678780774 0.0125 0.008206330597889801
0 0.337109375 0.6960726846424384 0.01171875 0.00996483001172333
0 0.72265625 0.6949003516998827 0.0109375 0.008792497069167644
0 0.296484375 0.6946072684642438 0.01171875 0.009378663540445486
0 0.20546875 0.6913833528722158 0.0125 0.008792497069167644
0 0.67421875 0.6907971864009379 0.0125 0.008792497069167644
0 0.7875 0.6899179366940211 0.0125 0.009378663540445486
0 0.250390625 0.6881594372801876 0.01328125 0.009378663540445486
0 0.318359375 0.6855216881594373 0.01328125 0.00996483001172333
0 0.274609375 0.6843493552168816 0.01328125 0.008792497069167644
0 0.765625 0.6820046893317703 0.0109375 0.008792497069167644
0 0.74140625 0.6811254396248535 0.0109375 0.009378663540445486
0 0.22890625 0.6755568581477139 0.0125 0.00996483001172333
0 0.191796875 0.675263774912075 0.01328125 0.009378663540445486
0 0.8109375 0.6723329425556858 0.0125 0.009378663540445486
0 0.32734375 0.6696951934349356 0.0125 0.006447831184056272
0 0.302734375 0.6711606096131302 0.01328125 0.009378663540445486
0 0.614453125 0.6702813599062134 0.01171875 0.008792497069167644
0 0.724609375 0.6694021101992966 0.01171875 0.008206330597889801
0 0.357421875 0.6691090269636577 0.01171875 0.008792497069167644
0 0.252734375 0.6688159437280188 0.01328125 0.009378663540445486
0 0.278515625 0.6652989449003517 0.01328125 0.009378663540445486
0 0.789453125 0.6638335287221571 0.01171875 0.008792497069167644
0 0.21171875 0.6626611957796014 0.0125 0.008792497069167644
0 0.748828125 0.6597303634232122 0.01171875 0.008792497069167644
0 0.180859375 0.6591441969519344 0.01328125 0.00996483001172333
0 0.236328125 0.6547479484173505 0.01328125 0.009378663540445486
0 0.837109375 0.6576787807737398 0.03203125 0.016412661195779603
0 0.2625 0.652989449003517 0.0125 0.007033997655334115
0 0.716015625 0.652696365767878 0.01171875 0.008792497069167644
0 0.297265625 0.6532825322391559 0.01328125 0.00996483001172333
0 0.3453125 0.652696365767878 0.0109375 0.00996483001172333
0 0.321875 0.645662368112544 0.0125 0.005275498241500586
0 0.216015625 0.6436107854630715 0.01328125 0.009378663540445486
0 0.7703125 0.6412661195779601 0.0125 0.008206330597889801
0 0.745703125 0.6412661195779601 0.01171875 0.008206330597889801
0 0.2453125 0.6395076201641267 0.0109375 0.004689331770222743
0 0.251953125 0.6356975381008206 0.00078125 0.0005861664712778429
0 0.18671875 0.6398007033997656 0.0125 0.008792497069167644
0 0.824609375 0.6368698710433763 0.00859375 0.0076201641266119575
0 0.27109375 0.6336459554513482 0.0125 0.009378663540445486
0 0.61484375 0.63042203985932 0.0109375 0.008792497069167644
0 0.31796875 0.6277842907385698 0.0125 0.007033997655334115
0 0.20546875 0.6271981242672919 0.0125 0.009378663540445486
0 0.293359375 0.6236811254396248 0.01328125 0.007033997655334115
0 0.747265625 0.6236811254396248 0.01171875 0.008206330597889801
0 0.230859375 0.6228018757327081 0.01328125 0.006447831184056272
0 0.8140625 0.6210433763188745 0.0125 0.008792497069167644
0 0.25546875 0.6186987104337632 0.0125 0.0076201641266119575
0 0.78046875 0.6181125439624854 0.0078125 0.0076201641266119575
0 0.586328125 0.6186987104337632 0.01171875 0.008792497069167644
0 0.1734375 0.6169402110199297 0.0140625 0.0076201641266119575
0 0.35 0.6160609613130129 0.0125 0.009378663540445486
0 0.76015625 0.6093200468933178 0.0109375 0.008792497069167644
0 0.286328125 0.6072684642438453 0.01328125 0.009378663540445486
0 0.21328125 0.6052168815943728 0.0125 0.006447831184056272
0 0.238671875 0.6060961313012896 0.01328125 0.009378663540445486
0 0.328125 0.6040445486518171 0.0125 0.006447831184056272
0 0.71796875 0.6002344665885111 0.0109375 0.008206330597889801
0 0.577734375 0.5999413833528722 0.01171875 0.008792497069167644
0 0.262890625 0.60052754982415 0.01328125 0.00996483001172333
0 0.190234375 0.5990621336459554 0.01328125 0.008206330597889801
0 0.82890625 0.5902696365767878 0.0125 0.008206330597889801
0 0.308984375 0.5908558030480656 0.01328125 0.009378663540445486
0 0.734375 0.5882180539273154 0.0109375 0.008792497069167644
0 0.243359375 0.585873388042204 0.01328125 0.006447831184056272
0 0.2796875 0.5870457209847597 0.0125 0.00996483001172333
0 0.174609375 0.5847010550996483 0.01328125 0.00996483001172333
0 0.7125 0.5826494724501758 0.0125 0.009378663540445486
0 0.19921875 0.5817702227432591 0.0125 0.0076201641266119575
0 0.298828125 0.5732708089097304 0.01171875 0.007033997655334115
0 0.34453125 0.5718053927315357 0.0125 0.008792497069167644
0 0.773046875 0.5703399765533411 0.01015625 0.007033997655334115
0 0.22109375 0.5700468933177022 0.0109375 0.006447831184056272
0 0.255859375 0.570926143024619 0.01328125 0.009378663540445486
0 0.19296875 0.5668229777256741 0.0015625 0.0011723329425556857
0 0.197265625 0.5641852286049238 0.00078125 0.0005861664712778429
0 0.18671875 0.5647713950762017 0.0015625 0.0017584994138335288
0 0.31875 0.5641852286049238 0.0125 0.005275498241500586
0 0.66328125 0.5638921453692849 0.0125 0.008206330597889801
0 0.2796875 0.563305978898007 0.0140625 0.009378663540445486
0 0.697265625 0.5615474794841735 0.01171875 0.008206330597889801
0 0.606640625 0.5583235638921453 0.01171875 0.008792497069167644
0 0.238671875 0.5574443141852286 0.01328125 0.008206330597889801
0 0.583984375 0.5550996483001173 0.01171875 0.008206330597889801
0 0.43046875 0.5545134818288394 0.0125 0.008206330597889801
0 0.21328125 0.5533411488862837 0.0125 0.008206330597889801
0 0.8234375 0.5480656506447831 0.009375 0.007033997655334115
0 0.264453125 0.5460140679953107 0.01328125 0.008792497069167644
0 0.32734375 0.5457209847596718 0.0125 0.009378663540445486
0 0.302734375 0.5436694021101993 0.01328125 0.008792497069167644
0 0.802734375 0.5404454865181711 0.01171875 0.008206330597889801
0 0.422265625 0.5383939038686987 0.01171875 0.008792497069167644
0 0.588671875 0.5378077373974208 0.01171875 0.008792497069167644
0 0.38359375 0.5331184056271981 0.0125 0.008792497069167644
0 0.191796875 0.5334114888628371 0.01328125 0.009378663540445486
0 0.317578125 0.5304806565064478 0.01328125 0.007033997655334115
0 0.28359375 0.5319460726846424 0.0140625 0.00996483001172333
0 0.217578125 0.5316529894490035 0.01328125 0.009378663540445486
0 0.34296875 0.5278429073856975 0.0125 0.008792497069167644
0 0.258984375 0.5281359906213364 0.01328125 0.009378663540445486
0 0.815625 0.5231535756154748 0.0125 0.008792497069167644
0 0.365625 0.5211019929660023 0.0125 0.009378663540445486
0 0.2984375 0.518464243845252 0.0125 0.006447831184056272
0 0.182421875 0.515240328253224 0.01328125 0.008206330597889801
0 0.759375 0.5146541617819461 0.0109375 0.008206330597889801
0 0.39140625 0.515240328253224 0.0125 0.009378663540445486
0 0.273828125 0.5126025791324736 0.01328125 0.0076201641266119575
0 0.322265625 0.5108440797186401 0.01328125 0.008792497069167644
0 0.248828125 0.5105509964830012 0.01328125 0.008206330597889801
0 0.346484375 0.5096717467760844 0.01328125 0.008792497069167644
0 0.712109375 0.507327080890973 0.01171875 0.005275498241500586
0 0.21484375 0.5079132473622509 0.0140625 0.0076201641266119575
0 0.84140625 0.5046893317702228 0.0125 0.008206330597889801
0 0.435546875 0.5023446658851114 0.01171875 0.005861664712778429
0 0.566796875 0.5029308323563892 0.01171875 0.008206330597889801
0 0.373046875 0.5023446658851114 0.01328125 0.009378663540445486
0 0.41171875 0.5002930832356389 0.0125 0.008792497069167644
0 0.7671875 0.4985345838218054 0.0125 0.008792497069167644
0 0.299609375 0.4988276670574443 0.01328125 0.009378663540445486
0 0.32265625 0.49384525205158264 0.009375 0.005275498241500586
0 0.23125 0.4947245017584994 0.0125 0.009378663540445486
0 0.2578125 0.4935521688159437 0.0140625 0.009378663540445486
0 0.349609375 0.48974208675263775 0.01171875 0.006447831184056272
0 0.80078125 0.48974208675263775 0.0125 0.008792497069167644
0 0.8390625 0.485052754982415 0.0125 0.0076201641266119575
0 0.51328125 0.485052754982415 0.0125 0.0076201641266119575
0 0.482421875 0.48446658851113716 0.01171875 0.008792497069167644
0 0.421875 0.4827080890973036 0.0109375 0.006447831184056272
0 0.372265625 0.4838804220398593 0.01328125 0.008792497069167644
0 0.305078125 0.48212192262602577 0.01328125 0.006447831184056272
0 0.280078125 0.4827080890973036 0.01328125 0.0076201641266119575
0 0.458984375 0.4803634232121923 0.01171875 0.006447831184056272
0 0.2234375 0.4783118405627198 0.0140625 0.007033997655334115
0 0.819921875 0.4762602579132474 0.01171875 0.005275498241500586
0 0.248828125 0.47743259085580303 0.01328125 0.0076201641266119575
0 0.39453125 0.4771395076201641 0.0125 0.008206330597889801
0 0.334765625 0.47596717467760846 0.01328125 0.009378663540445486
0 0.8609375 0.47450175849941384 0.0125 0.008792497069167644
0 0.1984375 0.47215709261430244 0.0140625 0.00996483001172333
0 0.7296875 0.47039859320046895 0.0125 0.008792497069167644
0 0.49453125 0.46805392731535755 0.009375 0.005275498241500586
0 0.3578125 0.4695193434935522 0.0125 0.009378663540445486
0 0.84140625 0.46776084407971863 0.009375 0.008206330597889801
0 0.2875 0.4642438452520516 0.0109375 0.005861664712778429
0 0.415625 0.4642438452520516 0.0125 0.008206330597889801
0 0.794140625 0.46395076201641267 0.01328125 0.008792497069167644
0 0.315234375 0.4642438452520516 0.01328125 0.009378663540445486
0 0.38125 0.46277842907385697 0.0125 0.008792497069167644
0 0.45234375 0.458968347010551 0.0125 0.007033997655334115
0 0.71328125 0.45838218053927315 0.0109375 0.008206330597889801
0 0.33828125 0.4577960140679953 0.0125 0.009378663540445486
0 0.180859375 0.4577960140679953 0.01328125 0.010550996483001172
0 0.74375 0.4563305978898007 0.0109375 0.008792497069167644
0 0.82578125 0.45515826494724504 0.0125 0.008792497069167644
0 0.23671875 0.45545134818288396 0.0140625 0.009378663540445486
0 0.264453125 0.45164126611957794 0.01015625 0.005275498241500586
0 0.853125 0.45193434935521687 0.0125 0.008206330597889801
0 0.506640625 0.45193434935521687 0.01171875 0.009378663540445486
0 0.3609375 0.45076201641266117 0.0125 0.008206330597889801
0 0.691796875 0.44988276670574445 0.01171875 0.008792497069167644
0 0.766015625 0.4490035169988277 0.01171875 0.008206330597889801
0 0.6609375 0.44753810082063306 0.0125 0.008792497069167644
0 0.20234375 0.4469519343493552 0.0140625 0.00996483001172333
0 0.437109375 0.4451934349355217 0.01171875 0.0076201641266119575
0 0.31484375 0.4449003516998828 0.0125 0.008206330597889801
0 0.383984375 0.4437280187573271 0.01328125 0.008206330597889801
0 0.4078125 0.44226260257913247 0.0109375 0.006447831184056272
0 0.291015625 0.44021101992966 0.01328125 0.009378663540445486
0 0.341796875 0.4396248534583822 0.01328125 0.009378663540445486
0 0.746875 0.43874560375146543 0.0125 0.008792497069167644
0 0.24375 0.4361078546307151 0.0140625 0.009378663540445486
0 0.496484375 0.43552168815943726 0.01171875 0.009378663540445486
0 0.36484375 0.43229777256740914 0.0125 0.0076201641266119575
0 0.673828125 0.43229777256740914 0.01171875 0.008792497069167644
0 0.594140625 0.4317116060961313 0.01171875 0.008792497069167644
0 0.76875 0.43112543962485345 0.0125 0.008792497069167644
0 0.51796875 0.42672919109026963 0.0109375 0.005861664712778429
0 0.43125 0.4273153575615475 0.0109375 0.007033997655334115
0 0.270703125 0.4287807737397421 0.01328125 0.00996483001172333
0 0.322265625 0.42790152403282533 0.01328125 0.009378663540445486
0 0.2015625 0.42819460726846426 0.0140625 0.00996483001172333
0 0.812109375 0.42291910902696367 0.00078125 0.0005861664712778429
0 0.865234375 0.4261430246189918 0.01328125 0.008206330597889801
0 0.805859375 0.42409144196951937 0.01015625 0.006447831184056272
0 0.40625 0.4249706916764361 0.0125 0.008206330597889801
0 0.182421875 0.4211606096131301 0.00078125 0.0005861664712778429
0 0.3453125 0.4211606096131301 0.0125 0.008792497069167644
0 0.29765625 0.4211606096131301 0.0140625 0.00996483001172333
0 0.38203125 0.42028135990621335 0.0125 0.009378663540445486
0 0.18125 0.41588511137162953 0.0125 0.00996483001172333
0 0.78203125 0.41031652989449 0.0109375 0.005861664712778429
0 0.8484375 0.41060961313012895 0.0125 0.008792497069167644
0 0.26015625 0.4111957796014068 0.0140625 0.00996483001172333
0 0.759375 0.4100234466588511 0.0109375 0.008792497069167644
0 0.208984375 0.41060961313012895 0.01328125 0.00996483001172333
0 0.736328125 0.40855803048065653 0.01171875 0.008206330597889801
0 0.430859375 0.4091441969519343 0.01171875 0.009378663540445486
0 0.316796875 0.40943728018757325 0.01328125 0.00996483001172333
0 0.8046875 0.40767878077373976 0.0125 0.008792497069167644
0 0.23515625 0.4082649472450176 0.0140625 0.00996483001172333
0 0.455078125 0.4070926143024619 0.01171875 0.008792497069167644
0 0.283984375 0.40533411488862836 0.01328125 0.00996483001172333
0 0.365234375 0.4044548651817116 0.01328125 0.009378663540445486
0 0.507421875 0.40093786635404455 0.01171875 0.005861664712778429
0 0.340625 0.402989449003517 0.0125 0.00996483001172333
0 0.390625 0.4018171160609613 0.0125 0.008792497069167644
0 0.48359375 0.39976553341148885 0.0109375 0.008206330597889801
0 0.858984375 0.3950762016412661 0.01328125 0.008206330597889801
0 0.41328125 0.39419695193434934 0.0125 0.0076201641266119575
0 0.185546875 0.39536928487690504 0.01171875 0.00996483001172333
0 0.831640625 0.3936107854630715 0.01328125 0.008792497069167644
0 0.800390625 0.39009378663540445 0.00078125 0.0017584994138335288
0 0.75078125 0.3936107854630715 0.0109375 0.008792497069167644
0 0.812109375 0.3883352872215709 0.00078125 0.0005861664712778429
0 0.801171875 0.3883352872215709 0.00078125 0.0005861664712778429
0 0.781640625 0.39126611957796015 0.01171875 0.008792497069167644
0 0.728515625 0.3906799531066823 0.01015625 0.008792497069167644
0 0.444140625 0.3909730363423212 0.01171875 0.009378663540445486
0 0.320703125 0.3909730363423212 0.01328125 0.009378663540445486
0 0.2125 0.39126611957796015 0.0140625 0.00996483001172333
0 0.8078125 0.3862837045720985 0.0046875 0.0011723329425556857
0 0.26328125 0.3909730363423212 0.0140625 0.010550996483001172
0 0.525390625 0.3874560375146542 0.01171875 0.007033997655334115
0 0.295703125 0.3877491207502931 0.01328125 0.0076201641266119575
0 0.591015625 0.3862837045720985 0.01171875 0.005861664712778429
0 0.2375 0.3886283704572098 0.0140625 0.010550996483001172
0 0.37578125 0.38686987104337633 0.0125 0.009378663540445486
0 0.351171875 0.3862837045720985 0.01328125 0.009378663540445486
0 0.56796875 0.38188745603751467 0.0109375 0.0076201641266119575
0 0.487109375 0.38159437280187575 0.01171875 0.009378663540445486
0 0.848046875 0.3801289566236811 0.01328125 0.008792497069167644
0 0.645703125 0.3801289566236811 0.01171875 0.008792497069167644
0 0.3984375 0.3795427901524033 0.0125 0.008792497069167644
0 0.793359375 0.37602579132473624 0.01171875 0.008792497069167644
0 0.6984375 0.37631887456037516 0.0109375 0.009378663540445486
0 0.753125 0.3754396248534584 0.0125 0.008792497069167644
0 0.196484375 0.37631887456037516 0.01484375 0.010550996483001172
0 0.277734375 0.3754396248534584 0.01328125 0.00996483001172333
0 0.816796875 0.37397420867526376 0.01171875 0.008206330597889801
0 0.432421875 0.3745603751465416 0.01171875 0.009378663540445486
0 0.33125 0.37397420867526376 0.0125 0.009378663540445486
0 0.251953125 0.3733880422039859 0.01328125 0.010550996483001172
0 0.527734375 0.36957796014067995 0.01015625 0.0076201641266119575
0 0.459375 0.3704572098475967 0.0125 0.009378663540445486
0 0.376171875 0.36811254396248533 0.01328125 0.009378663540445486
0 0.22734375 0.36811254396248533 0.0140625 0.010550996483001172
0 0.630859375 0.3648886283704572 0.01171875 0.008792497069167644
0 0.308203125 0.36518171160609614 0.01328125 0.009378663540445486
0 0.569921875 0.36430246189917936 0.01171875 0.008792497069167644
0 0.83515625 0.3637162954279015 0.0125 0.008792497069167644
0 0.3515625 0.36400937866354044 0.0125 0.009378663540445486
0 0.481640625 0.3634232121922626 0.01171875 0.009378663540445486
0 0.505859375 0.3613716295427902 0.01171875 0.008792497069167644
0 0.39921875 0.3607854630715123 0.0125 0.008792497069167644
0 0.862890625 0.3590269636576788 0.01328125 0.008792497069167644
0 0.76015625 0.35844079718640093 0.0125 0.008792497069167644
0 0.694921875 0.35844079718640093 0.01171875 0.008792497069167644
0 0.790625 0.3578546307151231 0.0125 0.008792497069167644
0 0.2671875 0.35844079718640093 0.0140625 0.00996483001172333
0 0.543359375 0.3569753810082063 0.01171875 0.008206330597889801
0 0.423046875 0.35726846424384523 0.01171875 0.008792497069167644
0 0.187109375 0.3569753810082063 0.01328125 0.009378663540445486
0 0.816015625 0.35228604923798357 0.00546875 0.0011723329425556857
0 0.66875 0.35580304806565066 0.0109375 0.008206330597889801
0 0.329296875 0.35433763188745604 0.01015625 0.0076201641266119575
0 0.290234375 0.3516998827667057 0.01328125 0.009378663540445486
0 0.644921875 0.3511137162954279 0.01171875 0.009378663540445486
0 0.24296875 0.35140679953106685 0.0125 0.00996483001172333
0 0.727734375 0.3496483001172333 0.00859375 0.008792497069167644
0 0.211328125 0.3493552168815944 0.01328125 0.009378663540445486
0 0.615234375 0.3484759671746776 0.01171875 0.008792497069167644
0 0.44453125 0.3481828839390387 0.0109375 0.008206330597889801
0 0.846484375 0.34788980070339975 0.01015625 0.008792497069167644
0 0.59140625 0.347010550996483 0.0109375 0.009378663540445486
0 0.521875 0.34642438452520513 0.0125 0.009378663540445486
0 0.3515625 0.3455451348182884 0.0125 0.008792497069167644
0 0.77421875 0.34378663540445487 0.0125 0.008792497069167644
0 0.4796875 0.3443728018757327 0.0109375 0.00996483001172333
0 0.402734375 0.34261430246189917 0.01171875 0.008792497069167644
0 0.80078125 0.3420281359906213 0.0125 0.008792497069167644
0 0.705859375 0.3417350527549824 0.01171875 0.008206330597889801
0 0.37734375 0.3408558030480657 0.0078125 0.006447831184056272
0 0.866015625 0.34144196951934347 0.01328125 0.008792497069167644
0 0.566015625 0.3417350527549824 0.01171875 0.009378663540445486
0 0.202734375 0.3361664712778429 0.00078125 0.0005861664712778429
0 0.3140625 0.3399765533411489 0.0125 0.009378663540445486
0 0.269140625 0.33909730363423213 0.01328125 0.00996483001172333
0 0.180078125 0.3385111371629543 0.01484375 0.00996483001172333
0 0.6765625 0.3364595545134818 0.0109375 0.007033997655334115
0 0.633984375 0.3347010550996483 0.01171875 0.008206330597889801
0 0.540625 0.33499413833528724 0.0109375 0.008792497069167644
0 0.501171875 0.33411488862837047 0.01171875 0.009378663540445486
0 0.423828125 0.33382180539273154 0.01171875 0.008792497069167644
0 0.833984375 0.332063305978898 0.01328125 0.008792497069167644
0 0.291796875 0.33147713950762014 0.01328125 0.008792497069167644
0 0.7453125 0.3308909730363423 0.009375 0.008792497069167644
0 0.608203125 0.3308909730363423 0.01171875 0.008792497069167644
0 0.448828125 0.3300117233294256 0.01015625 0.008206330597889801
0 0.205859375 0.3300117233294256 0.01015625 0.008206330597889801
0 0.721875 0.3288393903868699 0.0109375 0.008206330597889801
0 0.582421875 0.32825322391559203 0.01171875 0.009378663540445486
0 0.3421875 0.32737397420867526 0.0109375 0.008792497069167644
0 0.853515625 0.3264947245017585 0.01484375 0.008206330597889801
0 0.8125 0.3267878077373974 0.0109375 0.008792497069167644
0 0.7890625 0.3267878077373974 0.0109375 0.008792497069167644
0 0.766015625 0.3267878077373974 0.01171875 0.008792497069167644
0 0.473046875 0.3264947245017585 0.00859375 0.008206330597889801
0 0.695703125 0.32532239155920284 0.01015625 0.007033997655334115
0 0.3921875 0.32532239155920284 0.009375 0.008206330597889801
0 0.369140625 0.3238569753810082 0.00703125 0.005275498241500586
0 0.247265625 0.32092614302461897 0.00078125 0.0005861664712778429
0 0.558984375 0.3235638921453693 0.01171875 0.008206330597889801
0 0.253515625 0.32415005861664714 0.01015625 0.009378663540445486
0 0.5234375 0.32297772567409144 0.0078125 0.008206330597889801
0 0.226171875 0.3226846424384525 0.01328125 0.00996483001172333
0 0.318359375 0.3212192262602579 0.01171875 0.009378663540445486
0 0.673828125 0.31887456037514655 0.01015625 0.008206330597889801
0 0.646875 0.3182883939038687 0.0109375 0.008206330597889801
0 0.623046875 0.3168229777256741 0.01171875 0.008792497069167644
0 0.493359375 0.3168229777256741 0.00859375 0.008792497069167644
0 0.41484375 0.31652989449003516 0.0109375 0.008206330597889801
0 0.184765625 0.31770222743259086 0.01484375 0.010550996483001172
0 0.828125 0.3141852286049238 0.0125 0.008206330597889801
0 0.4390625 0.31330597889800704 0.0109375 0.006447831184056272
0 0.734765625 0.3138921453692849 0.01015625 0.008792497069167644
0 0.59921875 0.3141852286049238 0.0109375 0.009378663540445486
0 0.795703125 0.30920281359906215 0.00078125 0.0005861664712778429
0 0.8046875 0.30803048065650646 0.0015625 0.0005861664712778429
0 0.541015625 0.31213364595545134 0.01015625 0.008792497069167644
0 0.29453125 0.3115474794841735 0.0109375 0.0076201641266119575
0 0.800390625 0.3074443141852286 0.00234375 0.0005861664712778429
0 0.778515625 0.3115474794841735 0.01015625 0.008792497069167644
0 0.710546875 0.31125439624853457 0.00859375 0.008206330597889801
0 0.269921875 0.3115474794841735 0.01328125 0.00996483001172333
0 0.57578125 0.3103751465416178 0.0109375 0.008792497069167644
0 0.8578125 0.30890973036342323 0.0125 0.008206330597889801
0 0.46484375 0.3083235638921454 0.00625 0.007033997655334115
0 0.336328125 0.3086166471277843 0.01171875 0.008792497069167644
0 0.75546875 0.3074443141852286 0.0109375 0.008792497069167644
0 0.51171875 0.305978898007034 0.0109375 0.008206330597889801
0 0.23984375 0.3071512309495897 0.0140625 0.010550996483001172
0 0.3625 0.3042203985932005 0.0078125 0.005861664712778429
0 0.66171875 0.30363423212192264 0.009375 0.008206330597889801
0 0.391015625 0.3033411488862837 0.00859375 0.008792497069167644
0 0.637890625 0.30128956623681125 0.00859375 0.007033997655334115
0 0.83984375 0.2989449003516999 0.0109375 0.008206330597889801
0 0.81640625 0.29923798358733883 0.0125 0.008792497069167644
0 0.31328125 0.29923798358733883 0.0125 0.008792497069167644
0 0.615625 0.2974794841735053 0.0078125 0.006447831184056272
0 0.55703125 0.29835873388042206 0.0109375 0.008206330597889801
0 0.486328125 0.29835873388042206 0.01015625 0.008206330597889801
0 0.41328125 0.29806565064478313 0.0109375 0.008792497069167644
0 0.7265625 0.2966002344665885 0.009375 0.008206330597889801
0 0.7890625 0.29601406799531066 0.0109375 0.008206330597889801
0 0.590625 0.29601406799531066 0.0109375 0.008206330597889801
0 0.533203125 0.2936694021101993 0.00546875 0.005861664712778429
0 0.1875 0.29572098475967173 0.0140625 0.00996483001172333
0 0.28359375 0.29454865181711604 0.0125 0.008792497069167644
0 0.703515625 0.2936694021101993 0.01015625 0.008206330597889801
0 0.43671875 0.2936694021101993 0.0109375 0.008206330597889801
0 0.768359375 0.2913247362250879 0.00859375 0.008206330597889801
0 0.34375 0.2901524032825322 0.0109375 0.008206330597889801
0 0.5078125 0.28839390386869873 0.00625 0.005861664712778429
0 0.46171875 0.2889800703399766 0.0078125 0.007033997655334115
0 0.74453125 0.28722157092614303 0.0109375 0.008206330597889801
0 0.67890625 0.2866354044548652 0.0078125 0.007033997655334115
0 0.850390625 0.28516998827667056 0.00234375 0.005275498241500586
0 0.65234375 0.2869284876905041 0.009375 0.008792497069167644
0 0.37578125 0.28722157092614303 0.009375 0.009378663540445486
0 0.853515625 0.28106682297772567 0.00078125 0.0005861664712778429
0 0.856640625 0.2804806565064478 0.00390625 0.0005861664712778429
0 0.828125 0.28399765533411486 0.0109375 0.008792497069167644
0 0.573046875 0.28399765533411486 0.01015625 0.008792497069167644
0 0.80546875 0.283704572098476 0.0125 0.009378663540445486
0 0.54921875 0.28106682297772567 0.009375 0.0076201641266119575
0 0.483203125 0.27960140679953105 0.00703125 0.004689331770222743
0 0.399609375 0.2816529894490035 0.01015625 0.008792497069167644
0 0.30234375 0.2813599062133646 0.0125 0.009378663540445486
0 0.6171875 0.27989449003517 0.009375 0.0076201641266119575
0 0.72265625 0.2787221570926143 0.0046875 0.006447831184056272
0 0.7828125 0.2787221570926143 0.0109375 0.008792497069167644
0 0.837109375 0.27403282532239154 0.00078125 0.0005861664712778429
0 0.423046875 0.2781359906213365 0.01171875 0.008792497069167644
0 0.836328125 0.2728604923798359 0.00078125 0.0005861664712778429
0 0.266796875 0.27754982415005863 0.01328125 0.00996483001172333
0 0.696875 0.276084407971864 0.009375 0.008206330597889801
0 0.52421875 0.2757913247362251 0.0109375 0.0076201641266119575
0 0.326171875 0.276084407971864 0.01171875 0.008206330597889801
0 0.761328125 0.2746189917936694 0.01015625 0.008792497069167644
0 0.59609375 0.2728604923798359 0.0078125 0.0076201641266119575
0 0.63984375 0.2716881594372802 0.00625 0.006447831184056272
0 0.36015625 0.2719812426729191 0.00625 0.007033997655334115
0 0.45078125 0.27139507620164127 0.0109375 0.008206330597889801
0 0.66875 0.27110199296600235 0.0078125 0.008792497069167644
0 0.876953125 0.2708089097303634 0.01328125 0.009378663540445486
0 0.8375 0.2672919109026964 0.003125 0.0023446658851113715
0 0.7390625 0.2696365767878077 0.009375 0.008206330597889801
0 0.841796875 0.26553341148886284 0.00390625 0.0011723329425556857
0 0.50078125 0.26875732708089095 0.0109375 0.0076201641266119575
0 0.817578125 0.26787807737397423 0.01171875 0.009378663540445486
0 0.381640625 0.26699882766705746 0.01171875 0.008792497069167644
0 0.286328125 0.26670574443141853 0.01328125 0.009378663540445486
0 0.407421875 0.2637749120750293 0.00703125 0.007033997655334115
0 0.617578125 0.26172332942555687 0.00546875 0.005275498241500586
0 0.79609375 0.26318874560375144 0.0109375 0.009378663540445486
0 0.7109375 0.2620164126611958 0.009375 0.008206330597889801
0 0.573828125 0.261137162954279 0.00859375 0.008792497069167644
0 0.475390625 0.261137162954279 0.01171875 0.008792497069167644
0 0.310546875 0.2608440797186401 0.01171875 0.008206330597889801
0 0.43046875 0.2599648300117233 0.0109375 0.008792497069167644
0 0.3390625 0.2599648300117233 0.0109375 0.008792497069167644
0 0.774609375 0.25908558030480655 0.00703125 0.008206330597889801
0 0.68828125 0.2593786635404455 0.009375 0.008792497069167644
0 0.860546875 0.25908558030480655 0.01328125 0.009378663540445486
0 0.519921875 0.2582063305978898 0.01015625 0.0076201641266119575
0 0.75234375 0.2543962485345838 0.0078125 0.008206330597889801
0 0.643359375 0.25381008206330596 0.00859375 0.008206330597889801
0 0.6671875 0.25205158264947247 0.0078125 0.005861664712778429
0 0.59609375 0.2529308323563892 0.00625 0.0076201641266119575
0 0.83359375 0.2529308323563892 0.0109375 0.008792497069167644
0 0.551171875 0.2514654161781946 0.01015625 0.007033997655334115
0 0.453515625 0.25205158264947247 0.01171875 0.009378663540445486
0 0.365625 0.25205158264947247 0.0109375 0.009378663540445486
0 0.729296875 0.25058616647127785 0.00859375 0.0076201641266119575
0 0.496875 0.2502930832356389 0.0109375 0.008206330597889801
0 0.81171875 0.2502930832356389 0.0109375 0.009378663540445486
0 0.389453125 0.2488276670574443 0.01015625 0.008792497069167644
0 0.18125 0.24824150058616648 0.0140625 0.011137162954279016
0 0.790234375 0.2458968347010551 0.01015625 0.008792497069167644
0 0.707421875 0.24413833528722156 0.00859375 0.0076201641266119575
0 0.337109375 0.2417936694021102 0.00859375 0.004103165298944901
0 0.5734375 0.24237983587338804 0.0078125 0.0076201641266119575
0 0.474609375 0.24237983587338804 0.01171875 0.008792497069167644
0 0.85390625 0.24208675263774912 0.0140625 0.009378663540445486
0 0.431640625 0.24120750293083235 0.01171875 0.0076201641266119575
0 0.768359375 0.2403282532239156 0.00859375 0.007033997655334115
0 0.684375 0.24091441969519342 0.009375 0.008206330597889801
0 0.61640625 0.24062133645955452 0.0078125 0.0076201641266119575
0 0.525 0.2391559202813599 0.0078125 0.008206330597889801
0 0.74453125 0.2365181711606096 0.009375 0.0076201641266119575
0 0.63984375 0.23534583821805394 0.00625 0.005275498241500586
0 0.82890625 0.23300117233294257 0.0015625 0.004103165298944901
0 0.829296875 0.23007033997655335 0.00078125 0.0005861664712778429
0 0.66171875 0.23388042203985931 0.009375 0.008206330597889801
0 0.87265625 0.23388042203985931 0.0140625 0.009378663540445486
0 0.35859375 0.2335873388042204 0.0109375 0.008792497069167644
0 0.840234375 0.22889800703399765 0.00078125 0.0005861664712778429
0 0.4078125 0.23300117233294257 0.0109375 0.008792497069167644
0 0.838671875 0.2283118405627198 0.00078125 0.0005861664712778429
0 0.831640625 0.2283118405627198 0.00078125 0.0005861664712778429
0 0.83515625 0.22772567409144198 0.0046875 0.0005861664712778429
0 0.808984375 0.2321219226260258 0.01328125 0.009378663540445486
0 0.593359375 0.23124267291910902 0.01015625 0.0076201641266119575
0 0.45234375 0.23182883939038687 0.0109375 0.008792497069167644
0 0.496484375 0.23153575615474795 0.00859375 0.009378663540445486
0 0.722265625 0.23036342321219228 0.01015625 0.008206330597889801
0 0.550390625 0.22919109026963658 0.00546875 0.007033997655334115
0 0.3828125 0.23007033997655335 0.0109375 0.008792497069167644
0 0.784765625 0.22801875732708088 0.01015625 0.008206330597889801
0 0.18359375 0.2283118405627198 0.0140625 0.011137162954279016
0 0.854296875 0.223915592028136 0.01328125 0.009378663540445486
0 0.573046875 0.22332942555685814 0.00703125 0.008206330597889801
0 0.29765625 0.22362250879249707 0.0109375 0.008792497069167644
0 0.763671875 0.2224501758499414 0.00703125 0.0076201641266119575
0 0.680078125 0.2227432590855803 0.00859375 0.008206330597889801
0 0.475 0.2227432590855803 0.009375 0.008206330597889801
0 0.333203125 0.22098475967174677 0.00546875 0.004689331770222743
0 0.51875 0.22098475967174677 0.0046875 0.005861664712778429
0 0.64921875 0.21834701055099648 0.00625 0.006447831184056272
0 0.7421875 0.2174677608440797 0.00625 0.005861664712778429
0 0.427734375 0.21922626025791325 0.01015625 0.009378663540445486
0 0.703125 0.21776084407971863 0.009375 0.0076201641266119575
0 0.881640625 0.21688159437280188 0.01328125 0.009378663540445486
0 0.3640625 0.21541617819460726 0.009375 0.0076201641266119575
0 0.820703125 0.21453692848769051 0.01171875 0.009378663540445486
0 0.59765625 0.21365767878077374 0.0078125 0.0076201641266119575
0 0.797265625 0.2142438452520516 0.01171875 0.00996483001172333
0 0.537890625 0.21248534583821804 0.00859375 0.0076201641266119575
0 0.494140625 0.21248534583821804 0.01015625 0.0076201641266119575
0 0.449609375 0.21277842907385697 0.01171875 0.008206330597889801
0 0.387890625 0.21189917936694022 0.01015625 0.008792497069167644
0 0.775 0.20838218053927315 0.0125 0.008792497069167644
0 0.559375 0.20691676436107856 0.0109375 0.008206330597889801
0 0.61953125 0.20603751465416179 0.00625 0.0076201641266119575
0 0.862890625 0.2063305978898007 0.01328125 0.009378663540445486
0 0.720703125 0.20603751465416179 0.00859375 0.008792497069167644
0 0.6828125 0.20457209847596716 0.009375 0.007033997655334115
0 0.47265625 0.2033997655334115 0.00625 0.007033997655334115
0 0.515625 0.20252051582649472 0.0078125 0.006447831184056272
0 0.424609375 0.20046893317702227 0.01015625 0.007033997655334115
0 0.740625 0.19871043376318875 0.0078125 0.007033997655334115
0 0.5828125 0.19871043376318875 0.00625 0.007033997655334115
0 0.40234375 0.1954865181711606 0.0078125 0.0076201641266119575
0 0.70390625 0.1943141852286049 0.0046875 0.006447831184056272
0 0.762890625 0.1943141852286049 0.00703125 0.008792497069167644
0 0.53671875 0.19343493552168817 0.0078125 0.007033997655334115
0 0.493359375 0.19314185228604924 0.00546875 0.006447831184056272
0 0.448046875 0.194021101992966 0.01015625 0.008206330597889801
0 0.603515625 0.19138335287221572 0.00703125 0.0076201641266119575
0 0.788671875 0.18493552168815944 0.00078125 0.0005861664712778429
0 0.781640625 0.18493552168815944 0.00078125 0.0005861664712778429
0 0.56171875 0.18757327080890973 0.00625 0.007033997655334115
0 0.378515625 0.18698710433763188 0.00859375 0.005861664712778429
0 0.83046875 0.18669402110199296 0.00625 0.006447831184056272
0 0.78515625 0.18405627198124266 0.0046875 0.0011723329425556857
0 0.726171875 0.18640093786635403 0.00390625 0.005861664712778429
0 0.4703125 0.18405627198124266 0.00625 0.004689331770222743
0 0.830859375 0.18083235638921455 0.00078125 0.0005861664712778429
0 0.835546875 0.18053927315357562 0.00390625 0.0011723329425556857
0 0.51640625 0.18376318874560374 0.00625 0.0076201641266119575
0 0.74765625 0.18112543962485345 0.0046875 0.004689331770222743
0 0.58359375 0.18083235638921455 0.0046875 0.005275498241500586
0 0.642578125 0.17731535756154748 0.01015625 0.0076201641266119575
0 0.6953125 0.17614302461899178 0.0078125 0.006447831184056272
0 0.6171875 0.1746776084407972 0.0046875 0.0035169988276670576
0 0.767578125 0.17614302461899178 0.00859375 0.0076201641266119575
0 0.545703125 0.17438452520515826 0.00390625 0.004103165298944901
0 0.33125 0.17409144196951934 0.0078125 0.007033997655334115
0 0.45 0.17262602579132474 0.00625 0.005275498241500586
0 0.7984375 0.17321219226260257 0.0125 0.0076201641266119575
0 0.71640625 0.1682297772567409 0.0078125 0.007033997655334115
0 0.829296875 0.1667643610785463 0.01328125 0.00996483001172333
0 0.52109375 0.1655920281359906 0.0109375 0.0076201641266119575
0 0.596484375 0.16441969519343494 0.00546875 0.006447831184056272
0 0.49765625 0.16471277842907386 0.0078125 0.007033997655334115
0 0.748046875 0.16148886283704572 0.00703125 0.006447831184056272
0 0.394140625 0.1611957796014068 0.00390625 0.005861664712778429
0 0.562109375 0.16060961313012895 0.00546875 0.007033997655334115
0 0.4234375 0.15679953106682298 0.0078125 0.005275498241500586
0 0.769140625 0.15767878077373973 0.00859375 0.009378663540445486
0 0.61484375 0.15211019929660025 0.0046875 0.004103165298944901
0 0.858984375 0.15474794841735054 0.01328125 0.010550996483001172
0 0.725 0.15093786635404455 0.00625 0.006447831184056272
0 0.645703125 0.1503516998827667 0.00859375 0.008792497069167644
0 0.83203125 0.14830011723329425 0.0125 0.009378663540445486
0 0.66953125 0.14683470105509966 0.0078125 0.0076201641266119575
0 0.546875 0.14566236811254396 0.0078125 0.0076201641266119575
0 0.7875 0.14654161781946073 0.0125 0.010550996483001172
0 0.523046875 0.14390386869871044 0.00703125 0.006447831184056272
0 0.326171875 0.1444900351699883 0.00859375 0.008792497069167644
0 0.810546875 0.141852286049238 0.01171875 0.010550996483001172
0 0.580078125 0.13833528722157093 0.00859375 0.005861664712778429
0 0.30078125 0.13393903868698712 0.0125 0.008792497069167644
0 0.762109375 0.13218053927315357 0.01015625 0.0076201641266119575
0 0.6921875 0.1283704572098476 0.009375 0.007033997655334115
0 0.276953125 0.12602579132473624 0.00234375 0.0035169988276670576
0 0.361328125 0.1257327080890973 0.00703125 0.005275498241500586
0 0.63046875 0.12602579132473624 0.0078125 0.007033997655334115
0 0.3234375 0.1257327080890973 0.009375 0.006447831184056272
0 0.272265625 0.12250879249706917 0.00703125 0.0023446658851113715
0 0.669140625 0.12162954279015241 0.00859375 0.006447831184056272
0 0.530859375 0.12133645955451348 0.00546875 0.005861664712778429
0 0.585546875 0.12045720984759671 0.00703125 0.005275498241500586
0 0.504296875 0.11664712778429073 0.00703125 0.007033997655334115
0 0.21875 0.10990621336459555 0.009375 0.0076201641266119575
0 0.221484375 0.1052168815943728 0.00078125 0.0005861664712778429
0 0.216015625 0.10287221570926143 0.00703125 0.0017584994138335288
