0 0.81015625 0.8654747948417351 0.0140625 0.00996483001172333
0 0.510546875 0.8631301289566237 0.01171875 0.006447831184056272
0 0.45703125 0.8511137162954279 0.0109375 0.008206330597889801
0 0.49375 0.8443728018757327 0.0109375 0.008792497069167644
0 0.51875 0.8434935521688159 0.0109375 0.009378663540445486
0 0.630078125 0.832063305978898 0.01171875 0.00996483001172333
0 0.466015625 0.8308909730363423 0.01015625 0.008792497069167644
0 0.380078125 0.8279601406799532 0.01015625 0.008792497069167644
0 0.49296875 0.7839976553341149 0.0109375 0.0076201641266119575
0 0.66015625 0.7661195779601406 0.0125 0.009378663540445486
0 0.615625 0.7558616647127784 0.0125 0.008792497069167644
0 0.639453125 0.7555685814771395 0.01328125 0.009378663540445486
0 0.68515625 0.7324150058616647 0.0125 0.008792497069167644
0 0.594921875 0.7265533411488863 0.01171875 0.008792497069167644
0 0.6859375 0.7139507620164126 0.0125 0.009378663540445486
0 0.71484375 0.6969519343493552 0.0125 0.009378663540445486
0 0.7890625 0.6884525205158265 0.0125 0.008792497069167644
0 0.607421875 0.6831770222743259 0.01171875 0.008792497069167644
0 0.70859375 0.6735052754982415 0.0125 0.009378663540445486
0 0.54140625 0.6652989449003517 0.0109375 0.008206330597889801
0 0.7359375 0.660609613130129 0.0125 0.009378663540445486
0 0.6953125 0.6579718640093787 0.0125 0.008792497069167644
0 0.5625 0.656799531066823 0.0109375 0.0076201641266119575
0 0.632421875 0.6474208675263775 0.01171875 0.0076201641266119575
0 0.424609375 0.6433177022274326 0.01015625 0.0076201641266119575
0 0.415234375 0.6254396248534584 0.01015625 0.007033997655334115
0 0.534765625 0.6239742086752638 0.01015625 0.0076201641266119575
0 0.665234375 0.6222157092614302 0.01171875 0.0076201641266119575
0 0.6125 0.6219226260257913 0.0109375 0.008206330597889801
0 0.402734375 0.6107854630715123 0.01015625 0.007033997655334115
0 0.370703125 0.6008206330597889 0.00859375 0.007033997655334115
0 0.518359375 0.5923212192262602 0.01015625 0.0076201641266119575
0 0.283203125 0.5902696365767878 0.01015625 0.007033997655334115
0 0.360546875 0.5838218053927315 0.00859375 0.007033997655334115
0 0.63515625 0.5694607268464243 0.0109375 0.0076201641266119575
0 0.352734375 0.5656506447831184 0.01015625 0.007033997655334115
0 0.805859375 0.5618405627198124 0.01171875 0.008792497069167644
0 0.708203125 0.559495896834701 0.01171875 0.008792497069167644
0 0.2546875 0.5515826494724502 0.009375 0.007033997655334115
0 0.7140625 0.5427901524032825 0.0125 0.008206330597889801
0 0.80390625 0.5272567409144197 0.0125 0.008792497069167644
0 0.530859375 0.5243259085580305 0.01015625 0.0076201641266119575
0 0.695703125 0.5158264947245017 0.01171875 0.008206330597889801
0 0.343359375 0.5082063305978898 0.01015625 0.007033997655334115
0 0.486328125 0.5 0.01015625 0.007033997655334115
0 0.627734375 0.4997069167643611 0.01015625 0.0076201641266119575
0 0.694921875 0.49824150058616645 0.01171875 0.007033997655334115
0 0.7671875 0.49531066822977726 0.0109375 0.008206330597889801
0 0.493359375 0.48124267291910905 0.01015625 0.007033997655334115
0 0.7765625 0.4780187573270809 0.0109375 0.0076201641266119575
0 0.647265625 0.47772567409144195 0.01171875 0.008206330597889801
0 0.529296875 0.47596717467760846 0.00859375 0.008206330597889801
0 0.62421875 0.4718640093786635 0.0109375 0.007033997655334115
0 0.51015625 0.4630715123094959 0.0109375 0.007033997655334115
0 0.323828125 0.4598475967174678 0.01015625 0.006447831184056272
0 0.53203125 0.45955451348182885 0.0109375 0.008206330597889801
0 0.4671875 0.45808909730363423 0.009375 0.006447831184056272
0 0.699609375 0.4504689331770223 0.01015625 0.0076201641266119575
0 0.453515625 0.44431418522860494 0.01015625 0.007033997655334115
0 0.523046875 0.444021101992966 0.01015625 0.0076201641266119575
0 0.402734375 0.43669402110199296 0.01015625 0.007033997655334115
0 0.373046875 0.42702227432590856 0.00859375 0.0076201641266119575
0 0.34609375 0.42409144196951937 0.009375 0.0076201641266119575
0 0.53984375 0.4123681125439625 0.009375 0.0076201641266119575
0 0.40546875 0.4126611957796014 0.009375 0.008206330597889801
0 0.340625 0.4091441969519343 0.009375 0.007033997655334115
0 0.374609375 0.4079718640093787 0.01015625 0.007033997655334115
0 0.2734375 0.4079718640093787 0.009375 0.007033997655334115
0 0.428515625 0.40093786635404455 0.01015625 0.007033997655334115
0 0.52578125 0.39976553341148885 0.009375 0.007033997655334115
0 0.39375 0.4000586166471278 0.009375 0.0076201641266119575
0 0.65234375 0.3950762016412661 0.0109375 0.007033997655334115
0 0.245703125 0.3950762016412661 0.01015625 0.007033997655334115
0 0.711328125 0.3810082063305979 0.01015625 0.008206330597889801
0 0.4890625 0.37514654161781946 0.009375 0.007033997655334115
0 0.267578125 0.37075029308323565 0.01015625 0.006447831184056272
0 0.567578125 0.37075029308323565 0.01015625 0.0076201641266119575
0 0.44609375 0.3698710433763189 0.009375 0.007033997655334115
0 0.378125 0.3675263774912075 0.009375 0.007033997655334115
0 0.7265625 0.3675263774912075 0.0125 0.008206330597889801
0 0.703125 0.3637162954279015 0.0109375 0.0076201641266119575
0 0.767578125 0.36313012895662367 0.01171875 0.008792497069167644
0 0.786328125 0.3511137162954279 0.01171875 0.007033997655334115
0 0.728125 0.33499413833528724 0.0109375 0.008792497069167644
0 0.230859375 0.332063305978898 0.01015625 0.0076201641266119575
0 0.746484375 0.32297772567409144 0.01171875 0.008206330597889801
0 0.356640625 0.29308323563892147 0.01015625 0.008206330597889801
0 0.644921875 0.29279015240328254 0.01171875 0.008792497069167644
0 0.413671875 0.2869284876905041 0.00859375 0.008792497069167644
0 0.59453125 0.28311840562719814 0.0109375 0.008206330597889801
0 0.28046875 0.2731535756154748 0.0109375 0.008206330597889801
0 0.314453125 0.26817116060961316 0.01015625 0.006447831184056272
0 0.262109375 0.26553341148886284 0.01171875 0.008206330597889801
0 0.370703125 0.2637749120750293 0.01015625 0.007033997655334115
0 0.388671875 0.2523446658851114 0.01015625 0.008792497069167644
0 0.553515625 0.2130715123094959 0.01015625 0.0076201641266119575
0 0.405078125 0.21336459554513482 0.01015625 0.008206330597889801
0 0.744140625 0.17526377491207504 0.01328125 0.009378663540445486
0 0.338671875 0.16998827667057445 0.01015625 0.007033997655334115
0 0.7234375 0.16969519343493553 0.0140625 0.00996483001172333
0 0.2234375 0.14712778429073858 0.009375 0.007033997655334115
0 0.555078125 0.1052168815943728 0.00078125 0.0005861664712778429
0 0.564453125 0.08587338804220399 0.01015625 0.008792497069167644
