0 0.762890625 0.8789566236811255 0.00859375 0.0076201641266119575
0 0.433203125 0.8317702227432591 0.01015625 0.008206330597889801
0 0.36328125 0.8308909730363423 0.009375 0.008792497069167644
0 0.494921875 0.8241500586166471 0.01171875 0.009378663540445486
0 0.47578125 0.8138921453692849 0.0109375 0.008792497069167644
0 0.4453125 0.8109613130128956 0.0109375 0.006447831184056272
0 0.48828125 0.8018757327080891 0.009375 0.007033997655334115
0 0.4625 0.7995310668229777 0.0109375 0.008206330597889801
0 0.82421875 0.7945486518171161 0.0140625 0.00996483001172333
0 0.566015625 0.7922039859320047 0.01171875 0.00996483001172333
0 0.375390625 0.7901524032825322 0.01015625 0.008206330597889801
0 0.475390625 0.7854630715123095 0.00859375 0.008206330597889801
0 0.278515625 0.7842907385697538 0.01015625 0.008206330597889801
0 0.454296875 0.7816529894490035 0.01015625 0.008792497069167644
0 0.4890625 0.7667057444314185 0.0109375 0.009378663540445486
0 0.512109375 0.764947245017585 0.01171875 0.009378663540445486
0 0.60546875 0.7520515826494725 0.0125 0.009378663540445486
0 0.48359375 0.7482415005861665 0.0109375 0.008792497069167644
0 0.6265625 0.7435521688159438 0.0125 0.008792497069167644
0 0.36328125 0.7330011723329426 0.009375 0.0076201641266119575
0 0.403125 0.7148300117233294 0.0109375 0.0076201641266119575
0 0.50234375 0.712778429073857 0.0109375 0.009378663540445486
0 0.585546875 0.7101406799531067 0.01171875 0.008792497069167644
0 0.61875 0.7080890973036342 0.0125 0.009378663540445486
0 0.376171875 0.7057444314185228 0.01015625 0.008206330597889801
0 0.595703125 0.6943141852286049 0.01171875 0.00996483001172333
0 0.344921875 0.6884525205158265 0.01015625 0.0076201641266119575
0 0.67734375 0.6817116060961314 0.009375 0.009378663540445486
0 0.3640625 0.6799531066822978 0.0109375 0.008206330597889801
0 0.27265625 0.6796600234466589 0.0109375 0.0076201641266119575
0 0.590234375 0.6761430246189918 0.01171875 0.008792497069167644
0 0.75 0.6711606096131302 0.0125 0.009378663540445486
0 0.33203125 0.6696951934349356 0.0109375 0.0076201641266119575
0 0.30625 0.6644196951934349 0.0109375 0.0076201641266119575
0 0.564453125 0.6620750293083235 0.01171875 0.008792497069167644
0 0.6484375 0.6562133645955451 0.0125 0.008792497069167644
0 0.6734375 0.6521101992966002 0.0125 0.008792497069167644
0 0.426953125 0.6503516998827668 0.01015625 0.0076201641266119575
0 0.583984375 0.6503516998827668 0.01171875 0.008792497069167644
0 0.562109375 0.6444900351699883 0.01171875 0.008792497069167644
0 0.80546875 0.6421453692848769 0.0140625 0.008792497069167644
0 0.690625 0.6403868698710434 0.0125 0.008792497069167644
0 0.605078125 0.6403868698710434 0.01171875 0.008792497069167644
0 0.532421875 0.6368698710433763 0.01171875 0.008792497069167644
0 0.715625 0.6327667057444314 0.0125 0.008792497069167644
0 0.551171875 0.6274912075029309 0.01171875 0.008792497069167644
0 0.684375 0.6222157092614302 0.0125 0.008792497069167644
0 0.619140625 0.6192848769050411 0.01171875 0.008792497069167644
0 0.52421875 0.6184056271981243 0.0109375 0.008206330597889801
0 0.41796875 0.615767878077374 0.0109375 0.0076201641266119575
0 0.457421875 0.6131301289566237 0.01015625 0.008206330597889801
0 0.503125 0.6014067995310668 0.0109375 0.008206330597889801
0 0.4375 0.60052754982415 0.0109375 0.008792497069167644
0 0.67734375 0.5978898007033998 0.0125 0.008206330597889801
0 0.6 0.5946658851113716 0.0109375 0.008792497069167644
0 0.4578125 0.5940797186400938 0.0109375 0.0076201641266119575
0 0.646484375 0.5929073856975381 0.01171875 0.008792497069167644
0 0.400390625 0.5847010550996483 0.01015625 0.0076201641266119575
0 0.5484375 0.5808909730363423 0.0109375 0.008206330597889801
0 0.475390625 0.5770808909730364 0.01015625 0.0076201641266119575
0 0.698828125 0.5759085580304807 0.01171875 0.008792497069167644
0 0.629296875 0.5756154747948418 0.01171875 0.008206330597889801
0 0.589453125 0.5738569753810082 0.01171875 0.008206330597889801
0 0.791015625 0.5679953106682297 0.01328125 0.009378663540445486
0 0.4453125 0.5580304806565064 0.009375 0.007033997655334115
0 0.890234375 0.5568581477139508 0.01328125 0.008206330597889801
0 0.692578125 0.5474794841735052 0.01171875 0.008206330597889801
0 0.483203125 0.5351699882766706 0.01015625 0.008206330597889801
0 0.6046875 0.533704572098476 0.0109375 0.0076201641266119575
0 0.793359375 0.5319460726846424 0.01328125 0.0076201641266119575
0 0.253125 0.5249120750293084 0.0109375 0.0076201641266119575
0 0.41640625 0.5234466588511137 0.0109375 0.007033997655334115
0 0.481640625 0.518464243845252 0.01015625 0.0076201641266119575
0 0.622265625 0.5087924970691676 0.01171875 0.008206330597889801
0 0.207421875 0.5055685814771395 0.01015625 0.0076201641266119575
0 0.82109375 0.4970691676436108 0.0140625 0.009378663540445486
0 0.637890625 0.4956037514654162 0.01171875 0.008792497069167644
0 0.74921875 0.4917936694021102 0.0125 0.009378663540445486
0 0.84296875 0.4894490035169988 0.0109375 0.005861664712778429
0 0.696875 0.4809495896834701 0.0125 0.008792497069167644
0 0.630078125 0.47039859320046895 0.01171875 0.0076201641266119575
0 0.714453125 0.46805392731535755 0.01171875 0.004103165298944901
0 0.829296875 0.46893317702227433 0.01328125 0.009378663540445486
0 0.76796875 0.46131301289566234 0.0125 0.009378663540445486
0 0.76328125 0.444021101992966 0.0125 0.008792497069167644
0 0.784375 0.43552168815943726 0.0015625 0.0011723329425556857
0 0.848828125 0.4261430246189918 0.01328125 0.009378663540445486
0 0.803515625 0.4232121922626026 0.01328125 0.008206330597889801
0 0.63359375 0.41207502930832357 0.0109375 0.008206330597889801
0 0.42578125 0.4114888628370457 0.0109375 0.007033997655334115
0 0.85234375 0.4059202813599062 0.0125 0.0076201641266119575
0 0.316015625 0.39771395076201643 0.01015625 0.0076201641266119575
0 0.626953125 0.3962485345838218 0.01171875 0.008206330597889801
0 0.5625 0.39654161781946073 0.0109375 0.008792497069167644
0 0.2671875 0.3854044548651817 0.0109375 0.0076201641266119575
0 0.298046875 0.3824736225087925 0.01171875 0.0076201641266119575
0 0.570703125 0.38042203985932005 0.01171875 0.008206330597889801
0 0.7765625 0.3795427901524033 0.0125 0.008792497069167644
0 0.70625 0.3786635404454865 0.0125 0.009378663540445486
0 0.888671875 0.3757327080890973 0.01328125 0.009378663540445486
0 0.242578125 0.3716295427901524 0.01171875 0.008206330597889801
0 0.677734375 0.3678194607268464 0.01171875 0.008792497069167644
0 0.7 0.3613716295427902 0.0125 0.008792497069167644
0 0.780859375 0.35580304806565066 0.01328125 0.008206330597889801
0 0.369921875 0.3499413833528722 0.01015625 0.008206330597889801
0 0.715234375 0.34788980070339975 0.01171875 0.008792497069167644
0 0.75390625 0.34466588511137164 0.0125 0.009378663540445486
0 0.69140625 0.3440797186400938 0.0125 0.009378663540445486
0 0.42421875 0.3361664712778429 0.0109375 0.0076201641266119575
0 0.77421875 0.3303048065650645 0.009375 0.005275498241500586
0 0.24921875 0.32590855803048063 0.0109375 0.008206330597889801
0 0.696484375 0.32063305978898005 0.01171875 0.009378663540445486
0 0.7203125 0.31770222743259086 0.0125 0.008206330597889801
0 0.7890625 0.31447831184056274 0.0125 0.0076201641266119575
0 0.75625 0.3130128956623681 0.0125 0.009378663540445486
0 0.766015625 0.2854630715123095 0.01328125 0.009378663540445486
0 0.29921875 0.2842907385697538 0.0109375 0.009378663540445486
0 0.72265625 0.2757913247362251 0.0125 0.00996483001172333
0 0.34765625 0.27256740914419697 0.0109375 0.009378663540445486
0 0.330859375 0.2620164126611958 0.01015625 0.009378663540445486
0 0.780859375 0.2567409144196952 0.01171875 0.009378663540445486
0 0.274609375 0.2532239155920281 0.01015625 0.0035169988276670576
0 0.315234375 0.2514654161781946 0.01171875 0.009378663540445486
0 0.380859375 0.24824150058616648 0.01171875 0.0076201641266119575
0 0.628125 0.24062133645955452 0.0125 0.00996483001172333
0 0.5265625 0.23007033997655335 0.0109375 0.005275498241500586
0 0.241015625 0.22889800703399765 0.01015625 0.004103165298944901
0 0.33828125 0.22420867526377491 0.0109375 0.00996483001172333
0 0.6609375 0.22098475967174677 0.0125 0.010550996483001172
0 0.629296875 0.2186400937866354 0.01171875 0.005861664712778429
0 0.577734375 0.21658851113716296 0.01171875 0.005275498241500586
0 0.514453125 0.21395076201641267 0.01171875 0.010550996483001172
0 0.341015625 0.20545134818288394 0.01171875 0.006447831184056272
0 0.558984375 0.2048651817116061 0.01171875 0.00996483001172333
0 0.29375 0.19988276670574442 0.0109375 0.004689331770222743
0 0.62265625 0.19460726846424384 0.0109375 0.007033997655334115
0 0.57421875 0.19167643610785462 0.0109375 0.010550996483001172
0 0.39375 0.18874560375146543 0.0109375 0.009378663540445486
0 0.660546875 0.18493552168815944 0.01171875 0.008792497069167644
0 0.392578125 0.17321219226260257 0.01171875 0.005275498241500586
0 0.49296875 0.17116060961313012 0.0109375 0.010550996483001172
0 0.326171875 0.16207502930832357 0.01171875 0.00996483001172333
0 0.73515625 0.15797186400937865 0.0125 0.00996483001172333
0 0.71328125 0.15240328253223914 0.0125 0.010550996483001172
0 0.3390625 0.14155920281359907 0.0109375 0.008792497069167644
