0 0.345703125 0.8927083333333333 0.01015625 0.014583333333333334
0 0.446484375 0.7963541666666667 0.00859375 0.011458333333333333
0 0.69375 0.7942708333333334 0.009375 0.013541666666666667
0 0.518359375 0.784375 0.00859375 0.0125
0 0.582421875 0.7802083333333333 0.00859375 0.0125
0 0.603125 0.7765625 0.009375 0.013541666666666667
0 0.534765625 0.7755208333333333 0.00859375 0.011458333333333333
0 0.63984375 0.775 0.009375 0.0125
0 0.34609375 0.775 0.009375 0.0125
0 0.71328125 0.7744791666666667 0.009375 0.013541666666666667
0 0.742578125 0.7703125 0.01015625 0.011458333333333333
0 0.203125 0.7677083333333333 0.009375 0.0125
0 0.69609375 0.7671875 0.009375 0.013541666666666667
0 0.551171875 0.7651041666666667 0.00859375 0.011458333333333333
0 0.867578125 0.7604166666666666 0.01015625 0.0125
0 0.67734375 0.7583333333333333 0.009375 0.0125
0 0.5765625 0.7552083333333334 0.0078125 0.0125
0 0.644921875 0.7526041666666666 0.00859375 0.011458333333333333
0 0.627734375 0.7520833333333333 0.00859375 0.0125
0 0.506640625 0.7453125 0.00859375 0.011458333333333333
0 0.769921875 0.7432291666666667 0.01015625 0.011458333333333333
0 0.691796875 0.7427083333333333 0.00859375 0.0125
0 0.665625 0.740625 0.009375 0.0125
0 0.557421875 0.7401041666666667 0.00859375 0.013541666666666667
0 0.596875 0.7385416666666667 0.009375 0.0125
0 0.6140625 0.7359375 0.009375 0.011458333333333333
0 0.721484375 0.73125 0.00859375 0.0125
0 0.521875 0.7307291666666667 0.009375 0.011458333333333333
0 0.448046875 0.7291666666666666 0.00859375 0.0125
0 0.752734375 0.728125 0.01015625 0.0125
0 0.830078125 0.7270833333333333 0.01015625 0.0125
0 0.890625 0.7260416666666667 0.0109375 0.0125
0 0.646484375 0.7255208333333333 0.00859375 0.011458333333333333
0 0.412890625 0.7260416666666667 0.00859375 0.0125
0 0.62890625 0.7244791666666667 0.009375 0.013541666666666667
0 0.68046875 0.7223958333333333 0.009375 0.013541666666666667
0 0.46953125 0.721875 0.0078125 0.0125
0 0.735546875 0.7197916666666667 0.01015625 0.010416666666666666
0 0.705859375 0.7197916666666667 0.00859375 0.0125
0 0.377734375 0.71875 0.00859375 0.0125
0 0.6625 0.7171875 0.009375 0.011458333333333333
0 0.851171875 0.715625 0.01015625 0.0125
0 0.566015625 0.7145833333333333 0.00859375 0.0125
0 0.7203125 0.7072916666666667 0.009375 0.0125
0 0.455859375 0.7072916666666667 0.00859375 0.0125
0 0.637890625 0.7036458333333333 0.00859375 0.011458333333333333
0 0.601171875 0.7041666666666667 0.00859375 0.0125
0 0.58203125 0.703125 0.009375 0.0125
0 0.493359375 0.703125 0.00859375 0.0125
0 0.69296875 0.7020833333333333 0.009375 0.0125
0 0.544921875 0.7015625 0.00859375 0.011458333333333333
0 0.512890625 0.7 0.00859375 0.0125
0 0.6734375 0.6979166666666666 0.009375 0.0125
0 0.389453125 0.6979166666666666 0.00859375 0.0125
0 0.849609375 0.6911458333333333 0.01015625 0.011458333333333333
0 0.654296875 0.690625 0.00859375 0.0125
0 0.812109375 0.6895833333333333 0.01015625 0.0125
0 0.373046875 0.6875 0.00859375 0.010416666666666666
0 0.61015625 0.6848958333333334 0.0078125 0.011458333333333333
0 0.717578125 0.6848958333333334 0.00859375 0.013541666666666667
0 0.5890625 0.6828125 0.0078125 0.011458333333333333
0 0.3546875 0.6828125 0.009375 0.011458333333333333
0 0.501171875 0.68125 0.00859375 0.0125
0 0.572265625 0.6786458333333333 0.00859375 0.011458333333333333
0 0.538671875 0.675 0.00859375 0.0125
0 0.470703125 0.6692708333333334 0.00859375 0.011458333333333333
0 0.518359375 0.6671875 0.00859375 0.011458333333333333
0 0.671484375 0.6640625 0.00859375 0.011458333333333333
0 0.3703125 0.6625 0.009375 0.0125
0 0.55859375 0.6598958333333333 0.0078125 0.011458333333333333
0 0.348046875 0.6598958333333333 0.00859375 0.011458333333333333
0 0.31640625 0.6557291666666667 0.009375 0.011458333333333333
0 0.5421875 0.6526041666666667 0.0078125 0.011458333333333333
0 0.841015625 0.6520833333333333 0.01015625 0.0125
0 0.7984375 0.6473958333333333 0.0109375 0.011458333333333333
0 0.574609375 0.6473958333333333 0.00859375 0.011458333333333333
0 0.441015625 0.6453125 0.00859375 0.011458333333333333
0 0.5015625 0.6442708333333333 0.0078125 0.011458333333333333
0 0.519921875 0.6427083333333333 0.00859375 0.0125
0 0.281640625 0.6380208333333334 0.00859375 0.011458333333333333
0 0.665234375 0.6364583333333333 0.00859375 0.010416666666666666
0 0.81328125 0.6364583333333333 0.0109375 0.0125
0 0.398046875 0.6359375 0.00859375 0.011458333333333333
0 0.458203125 0.6348958333333333 0.00859375 0.011458333333333333
0 0.317578125 0.6317708333333333 0.00859375 0.011458333333333333
0 0.532421875 0.6265625 0.00859375 0.011458333333333333
0 0.58046875 0.6260416666666667 0.0078125 0.0125
0 0.416796875 0.6260416666666667 0.00859375 0.0125
0 0.3859375 0.6192708333333333 0.009375 0.011458333333333333
0 0.2734375 0.6161458333333333 0.009375 0.011458333333333333
0 0.330859375 0.6151041666666667 0.00859375 0.011458333333333333
0 0.291015625 0.6119791666666666 0.00859375 0.011458333333333333
0 0.56484375 0.6098958333333333 0.0078125 0.011458333333333333
0 0.348828125 0.609375 0.00859375 0.0125
0 0.5875 0.6057291666666667 0.0078125 0.011458333333333333
0 0.548046875 0.6052083333333333 0.00859375 0.010416666666666666
0 0.520703125 0.6057291666666667 0.00859375 0.011458333333333333
0 0.819921875 0.6052083333333333 0.01015625 0.0125
0 0.842578125 0.603125 0.00546875 0.010416666666666666
0 0.64921875 0.5927083333333333 0.0078125 0.010416666666666666
0 0.534375 0.590625 0.0078125 0.010416666666666666
0 0.82890625 0.5875 0.0109375 0.0125
0 0.569921875 0.5869791666666667 0.00859375 0.011458333333333333
0 0.355859375 0.5869791666666667 0.00859375 0.011458333333333333
0 0.3359375 0.5833333333333334 0.0078125 0.010416666666666666
0 0.553515625 0.5802083333333333 0.00859375 0.010416666666666666
0 0.23359375 0.5744791666666667 0.009375 0.011458333333333333
0 0.369921875 0.5708333333333333 0.00859375 0.010416666666666666
0 0.43828125 0.559375 0.0078125 0.010416666666666666
0 0.540625 0.5572916666666666 0.0078125 0.010416666666666666
0 0.518359375 0.5552083333333333 0.00703125 0.010416666666666666
0 0.416015625 0.5546875 0.00859375 0.011458333333333333
0 0.805859375 0.5536458333333333 0.01015625 0.011458333333333333
0 0.5796875 0.553125 0.0078125 0.010416666666666666
0 0.38046875 0.553125 0.0078125 0.010416666666666666
0 0.4609375 0.5526041666666667 0.0078125 0.011458333333333333
0 0.81953125 0.5421875 0.0109375 0.011458333333333333
0 0.56484375 0.5416666666666666 0.0078125 0.010416666666666666
0 0.4953125 0.5385416666666667 0.0078125 0.010416666666666666
0 0.404296875 0.5380208333333333 0.00859375 0.011458333333333333
0 0.307421875 0.5380208333333333 0.00859375 0.011458333333333333
0 0.280859375 0.5359375 0.00859375 0.011458333333333333
0 0.333984375 0.5317708333333333 0.00859375 0.011458333333333333
0 0.465625 0.5291666666666667 0.0078125 0.010416666666666666
0 0.43828125 0.5260416666666666 0.0078125 0.010416666666666666
0 0.42109375 0.5255208333333333 0.009375 0.011458333333333333
0 0.50859375 0.5244791666666667 0.0078125 0.011458333333333333
0 0.3703125 0.5239583333333333 0.0078125 0.010416666666666666
0 0.8625 0.5213541666666667 0.0109375 0.011458333333333333
0 0.260546875 0.5213541666666667 0.00859375 0.011458333333333333
0 0.405078125 0.5151041666666667 0.00859375 0.011458333333333333
0 0.389453125 0.50625 0.00859375 0.010416666666666666
0 0.626171875 0.5020833333333333 0.00703125 0.010416666666666666
0 0.42265625 0.5026041666666666 0.0078125 0.011458333333333333
0 0.202734375 0.5020833333333333 0.00859375 0.010416666666666666
0 0.45703125 0.49895833333333334 0.0078125 0.010416666666666666
0 0.261328125 0.4979166666666667 0.00859375 0.010416666666666666
0 0.22734375 0.4973958333333333 0.0078125 0.011458333333333333
0 0.280078125 0.49375 0.00859375 0.010416666666666666
0 0.471875 0.48854166666666665 0.0078125 0.010416666666666666
0 0.43515625 0.4869791666666667 0.0078125 0.011458333333333333
0 0.241796875 0.48385416666666664 0.00859375 0.007291666666666667
0 0.213671875 0.48333333333333334 0.00859375 0.010416666666666666
0 0.5671875 0.47760416666666666 0.0078125 0.009375
0 0.53203125 0.4708333333333333 0.00625 0.010416666666666666
0 0.229296875 0.4708333333333333 0.00859375 0.010416666666666666
0 0.48359375 0.46875 0.0078125 0.010416666666666666
0 0.45546875 0.46927083333333336 0.0078125 0.011458333333333333
0 0.42578125 0.4625 0.0078125 0.010416666666666666
0 0.246875 0.4625 0.009375 0.010416666666666666
0 0.72265625 0.4578125 0.009375 0.011458333333333333
0 0.68203125 0.453125 0.009375 0.010416666666666666
0 0.218359375 0.453125 0.00859375 0.010416666666666666
0 0.371484375 0.45 0.00859375 0.010416666666666666
0 0.452734375 0.4484375 0.00703125 0.011458333333333333
0 0.696875 0.4473958333333333 0.009375 0.011458333333333333
0 0.413671875 0.446875 0.00859375 0.010416666666666666
0 0.577734375 0.4421875 0.00703125 0.009375
0 0.196875 0.4401041666666667 0.009375 0.011458333333333333
0 0.41953125 0.425 0.0078125 0.010416666666666666
0 0.3625 0.4239583333333333 0.0078125 0.010416666666666666
0 0.8453125 0.421875 0.009375 0.010416666666666666
0 0.54765625 0.421875 0.0078125 0.010416666666666666
0 0.86328125 0.42083333333333334 0.0078125 0.010416666666666666
0 0.4625 0.4171875 0.0078125 0.009375
0 0.440625 0.41770833333333335 0.0078125 0.010416666666666666
0 0.244140625 0.4161458333333333 0.00859375 0.011458333333333333
0 0.315625 0.4140625 0.0078125 0.011458333333333333
0 0.40390625 0.4119791666666667 0.0078125 0.009375
0 0.286328125 0.4119791666666667 0.00859375 0.011458333333333333
0 0.7859375 0.4088541666666667 0.009375 0.011458333333333333
0 0.478125 0.40729166666666666 0.0078125 0.0125
0 0.426953125 0.40572916666666664 0.00859375 0.009375
0 0.53671875 0.4041666666666667 0.0078125 0.010416666666666666
0 0.681640625 0.3984375 0.00859375 0.011458333333333333
0 0.632421875 0.3958333333333333 0.00859375 0.010416666666666666
0 0.553515625 0.3958333333333333 0.00703125 0.010416666666666666
0 0.43984375 0.3927083333333333 0.0078125 0.010416666666666666
0 0.811328125 0.39114583333333336 0.01015625 0.011458333333333333
0 0.34609375 0.38958333333333334 0.0078125 0.010416666666666666
0 0.387109375 0.3885416666666667 0.00703125 0.010416666666666666
0 0.598828125 0.3859375 0.00859375 0.009375
0 0.478515625 0.3859375 0.00859375 0.011458333333333333
0 0.62734375 0.37395833333333334 0.0078125 0.010416666666666666
0 0.8953125 0.3723958333333333 0.009375 0.011458333333333333
0 0.198828125 0.3697916666666667 0.00859375 0.010416666666666666
0 0.822265625 0.365625 0.02578125 0.010416666666666666
0 0.52890625 0.3645833333333333 0.0078125 0.010416666666666666
0 0.479296875 0.3645833333333333 0.00703125 0.010416666666666666
0 0.613671875 0.3614583333333333 0.00703125 0.010416666666666666
0 0.224609375 0.3614583333333333 0.00859375 0.010416666666666666
0 0.878125 0.3541666666666667 0.0234375 0.014583333333333334
0 0.49921875 0.34739583333333335 0.0078125 0.011458333333333333
0 0.27890625 0.3463541666666667 0.0078125 0.011458333333333333
0 0.53671875 0.34479166666666666 0.0078125 0.010416666666666666
0 0.5609375 0.34375 0.0078125 0.010416666666666666
0 0.778125 0.3494791666666667 0.0203125 0.026041666666666668
0 0.567578125 0.3255208333333333 0.00703125 0.011458333333333333
0 0.70234375 0.32447916666666665 0.009375 0.011458333333333333
0 0.498828125 0.321875 0.00703125 0.010416666666666666
0 0.837109375 0.32083333333333336 0.01015625 0.010416666666666666
0 0.717578125 0.32135416666666666 0.01015625 0.011458333333333333
0 0.36796875 0.3182291666666667 0.0078125 0.011458333333333333
0 0.80390625 0.31666666666666665 0.0078125 0.010416666666666666
0 0.28984375 0.3171875 0.0078125 0.011458333333333333
0 0.462890625 0.3151041666666667 0.00703125 0.009375
0 0.580859375 0.2953125 0.00703125 0.009375
0 0.35390625 0.284375 0.0078125 0.010416666666666666
0 0.399609375 0.28072916666666664 0.00859375 0.011458333333333333
0 0.524609375 0.2791666666666667 0.00703125 0.010416666666666666
0 0.80390625 0.27291666666666664 0.009375 0.010416666666666666
0 0.51015625 0.26875 0.0078125 0.010416666666666666
0 0.76015625 0.2677083333333333 0.009375 0.010416666666666666
0 0.722265625 0.2625 0.00859375 0.010416666666666666
0 0.70078125 0.259375 0.009375 0.010416666666666666
0 0.253515625 0.2484375 0.00859375 0.011458333333333333
0 0.7765625 0.24739583333333334 0.009375 0.011458333333333333
0 0.2953125 0.24114583333333334 0.0078125 0.011458333333333333
0 0.2578125 0.22864583333333333 0.0078125 0.011458333333333333
0 0.529296875 0.22604166666666667 0.00703125 0.010416666666666666
0 0.370703125 0.22552083333333334 0.00859375 0.011458333333333333
0 0.51640625 0.2140625 0.0078125 0.011458333333333333
0 0.259765625 0.19791666666666666 0.00859375 0.010416666666666666
