0 0.7875 0.9065064478311841 0.0140625 0.0123094958968347
0 0.47265625 0.8985932004689332 0.0125 0.010550996483001172
0 0.4328125 0.8859906213364596 0.0125 0.00996483001172333
0 0.494921875 0.8792497069167644 0.01328125 0.010550996483001172
0 0.46640625 0.876905041031653 0.0125 0.010550996483001172
0 0.60703125 0.86957796014068 0.0140625 0.011137162954279016
0 0.35390625 0.8637162954279015 0.0125 0.00996483001172333
0 0.47109375 0.8185814771395076 0.0125 0.00996483001172333
0 0.633984375 0.802168815943728 0.01328125 0.00996483001172333
0 0.611328125 0.7886869871043376 0.01328125 0.00996483001172333
0 0.664453125 0.7708089097303634 0.01328125 0.008206330597889801
0 0.5546875 0.7570339976553341 0.0125 0.00996483001172333
0 0.66640625 0.7511723329425557 0.0140625 0.0076201641266119575
0 0.698046875 0.734759671746776 0.00859375 0.00996483001172333
0 0.767578125 0.7271395076201641 0.00859375 0.00996483001172333
0 0.587890625 0.7186400937866354 0.01328125 0.009378663540445486
0 0.689453125 0.7110199296600235 0.01328125 0.010550996483001172
0 0.521875 0.6998827667057445 0.0125 0.009378663540445486
0 0.71640625 0.6984173505275498 0.0125 0.008792497069167644
0 0.676953125 0.6946072684642438 0.01328125 0.010550996483001172
0 0.54375 0.6916764361078547 0.0125 0.009378663540445486
0 0.614453125 0.6834701055099648 0.01328125 0.009378663540445486
0 0.405078125 0.6755568581477139 0.01015625 0.008792497069167644
0 0.64765625 0.6582649472450176 0.0125 0.009378663540445486
0 0.51640625 0.6579718640093787 0.0125 0.008792497069167644
0 0.396484375 0.6570926143024619 0.01171875 0.008206330597889801
0 0.59453125 0.6570926143024619 0.0125 0.009378663540445486
0 0.38359375 0.6421453692848769 0.0109375 0.008792497069167644
0 0.350390625 0.6318874560375146 0.01015625 0.008206330597889801
0 0.500390625 0.6254396248534584 0.01015625 0.008206330597889801
0 0.338671875 0.6113716295427901 0.01015625 0.008206330597889801
0 0.61875 0.6040445486518171 0.0125 0.008792497069167644
0 0.789453125 0.5996483001172332 0.01328125 0.010550996483001172
0 0.6921875 0.5955451348182884 0.0125 0.009378663540445486
0 0.698828125 0.5785463071512309 0.01171875 0.009378663540445486
0 0.7890625 0.5650644783118406 0.0125 0.009378663540445486
0 0.515234375 0.5568581477139508 0.01171875 0.008206330597889801
0 0.68046875 0.5509964830011723 0.0125 0.009378663540445486
0 0.3265625 0.5375146541617819 0.0109375 0.008206330597889801
0 0.6125 0.533704572098476 0.0109375 0.0076201641266119575
0 0.68046875 0.5331184056271981 0.0125 0.008792497069167644
0 0.751953125 0.5319460726846424 0.01328125 0.008792497069167644
0 0.47109375 0.5310668229777257 0.0109375 0.008206330597889801
0 0.762109375 0.514947245017585 0.01328125 0.008792497069167644
0 0.478515625 0.5126025791324736 0.01171875 0.0076201641266119575
0 0.6328125 0.5120164126611958 0.0125 0.008792497069167644
0 0.51484375 0.5082063305978898 0.0109375 0.009378663540445486
0 0.609765625 0.5052754982415005 0.01171875 0.008206330597889801
0 0.495703125 0.49413833528722156 0.01171875 0.008206330597889801
0 0.51796875 0.4912075029308324 0.0125 0.008206330597889801
0 0.45234375 0.488862837045721 0.0109375 0.008206330597889801
0 0.308984375 0.4879835873388042 0.01171875 0.0076201641266119575
0 0.686328125 0.48534583821805394 0.01171875 0.008206330597889801
0 0.509375 0.47567409144196954 0.0109375 0.008792497069167644
0 0.439453125 0.47450175849941384 0.01171875 0.0076201641266119575
0 0.3890625 0.46600234466588514 0.0109375 0.008206330597889801
0 0.359375 0.45574443141852283 0.0109375 0.008792497069167644
0 0.33203125 0.4525205158264947 0.0109375 0.008206330597889801
0 0.526953125 0.44431418522860494 0.01171875 0.008206330597889801
0 0.3921875 0.4425556858147714 0.0109375 0.008206330597889801
0 0.326953125 0.4372801875732708 0.01015625 0.007033997655334115
0 0.361328125 0.43669402110199296 0.01171875 0.008206330597889801
0 0.259375 0.43552168815943726 0.0109375 0.007033997655334115
0 0.512890625 0.43112543962485345 0.01171875 0.0076201641266119575
0 0.415234375 0.4305392731535756 0.01015625 0.0076201641266119575
0 0.640234375 0.42907385697538103 0.01171875 0.008206330597889801
0 0.380859375 0.4284876905041032 0.01171875 0.008206330597889801
0 0.2328125 0.4220398593200469 0.0109375 0.008206330597889801
0 0.698828125 0.41617819460726846 0.01171875 0.009378663540445486
0 0.476953125 0.40621336459554513 0.01171875 0.008206330597889801
0 0.714453125 0.402989449003517 0.01328125 0.008792497069167644
0 0.5546875 0.4026963657678781 0.0109375 0.008206330597889801
0 0.433984375 0.4000586166471278 0.01015625 0.0076201641266119575
0 0.75546875 0.399179366940211 0.0125 0.009378663540445486
0 0.691015625 0.3983001172332943 0.01171875 0.008792497069167644
0 0.255078125 0.39771395076201643 0.01171875 0.0076201641266119575
0 0.365625 0.3962485345838218 0.0109375 0.008206330597889801
0 0.775 0.3865767878077374 0.0125 0.008792497069167644
0 0.717578125 0.3704572098475967 0.01171875 0.008206330597889801
0 0.73515625 0.358147713950762 0.0125 0.009378663540445486
0 0.21953125 0.3578546307151231 0.0109375 0.008792497069167644
0 0.634375 0.32620164126611956 0.0109375 0.008792497069167644
0 0.345703125 0.32092614302461897 0.01171875 0.008792497069167644
0 0.403515625 0.317116060961313 0.01015625 0.008206330597889801
0 0.584765625 0.31623681125439623 0.01015625 0.008792497069167644
0 0.2703125 0.2995310668229777 0.0125 0.009378663540445486
0 0.304296875 0.29454865181711604 0.01171875 0.008792497069167644
0 0.3609375 0.29161781946072685 0.0109375 0.008792497069167644
0 0.25234375 0.29191090269636577 0.0125 0.009378663540445486
0 0.379296875 0.28077373974208675 0.01171875 0.009378663540445486
0 0.54453125 0.24355216881594371 0.0109375 0.00996483001172333
0 0.39609375 0.24120750293083235 0.0109375 0.00996483001172333
0 0.73671875 0.20955451348182885 0.0140625 0.00996483001172333
0 0.716015625 0.20369284876905042 0.01484375 0.011137162954279016
0 0.330859375 0.19607268464243846 0.01171875 0.00996483001172333
0 0.215625 0.17145369284876905 0.0109375 0.00996483001172333
0 0.549609375 0.13774912075029308 0.00390625 0.0035169988276670576
0 0.558984375 0.11635404454865182 0.01171875 0.011137162954279016
