0 0.668359375 0.7890625 0.00703125 0.009375
0 0.694921875 0.7859375 0.00703125 0.009375
0 0.53671875 0.7859375 0.00625 0.009375
0 0.6140625 0.784375 0.00625 0.008333333333333333
0 0.521875 0.7817708333333333 0.00625 0.009375
0 0.590625 0.7776041666666667 0.00625 0.009375
0 0.655859375 0.7755208333333333 0.00703125 0.009375
0 0.640234375 0.771875 0.00703125 0.008333333333333333
0 0.719140625 0.7708333333333334 0.00703125 0.008333333333333333
0 0.761328125 0.7697916666666667 0.00703125 0.008333333333333333
0 0.60390625 0.7697916666666667 0.00625 0.008333333333333333
0 0.702734375 0.7692708333333333 0.00703125 0.009375
0 0.53203125 0.7671875 0.00625 0.009375
0 0.407421875 0.7671875 0.00703125 0.009375
0 0.61875 0.7661458333333333 0.00625 0.009375
0 0.55078125 0.7640625 0.00625 0.009375
0 0.4578125 0.7630208333333334 0.00625 0.009375
0 0.678125 0.7609375 0.00625 0.009375
0 0.962109375 0.7520833333333333 0.00078125 0.0020833333333333333
0 0.39453125 0.75625 0.00625 0.010416666666666666
0 0.646875 0.7536458333333333 0.00625 0.009375
0 0.27578125 0.7541666666666667 0.0078125 0.010416666666666666
0 0.66484375 0.7515625 0.00625 0.009375
0 0.340234375 0.7510416666666667 0.00703125 0.010416666666666666
0 0.957421875 0.7453125 0.00078125 0.0010416666666666667
0 0.441796875 0.7489583333333333 0.00546875 0.008333333333333333
0 0.61015625 0.7479166666666667 0.00625 0.008333333333333333
0 0.38125 0.7484375 0.00625 0.009375
0 0.76640625 0.746875 0.00625 0.008333333333333333
0 0.73203125 0.7463541666666667 0.00625 0.007291666666666667
0 0.541015625 0.7473958333333334 0.00703125 0.009375
0 0.993359375 0.740625 0.00234375 0.0020833333333333333
0 0.9875 0.746875 0.0078125 0.014583333333333334
0 0.5921875 0.74375 0.00625 0.008333333333333333
0 0.969140625 0.7390625 0.00078125 0.0010416666666666667
0 0.63046875 0.7432291666666667 0.00625 0.009375
0 0.970703125 0.7380208333333333 0.00078125 0.0010416666666666667
0 0.960546875 0.7380208333333333 0.00078125 0.003125
0 0.460546875 0.7416666666666667 0.00703125 0.010416666666666666
0 0.69765625 0.7401041666666667 0.00625 0.009375
0 0.29765625 0.7359375 0.0078125 0.009375
0 0.280078125 0.7359375 0.00703125 0.009375
0 0.658203125 0.7348958333333333 0.00703125 0.009375
0 0.64296875 0.7333333333333333 0.00625 0.008333333333333333
0 0.674609375 0.73125 0.00703125 0.008333333333333333
0 0.618359375 0.7317708333333334 0.00703125 0.009375
0 0.43671875 0.7296875 0.00625 0.009375
0 0.71796875 0.728125 0.00625 0.008333333333333333
0 0.58359375 0.728125 0.00625 0.008333333333333333
0 0.60390625 0.7276041666666667 0.00625 0.009375
0 0.757421875 0.7255208333333333 0.00703125 0.007291666666666667
0 0.33203125 0.7265625 0.0078125 0.009375
0 0.6890625 0.7244791666666667 0.00625 0.007291666666666667
0 0.549609375 0.7255208333333333 0.00703125 0.009375
0 0.370703125 0.7255208333333333 0.00703125 0.009375
0 0.95703125 0.7229166666666667 0.0046875 0.00625
0 0.77578125 0.7223958333333333 0.00625 0.007291666666666667
0 0.459375 0.7239583333333334 0.00625 0.010416666666666666
0 0.664453125 0.7166666666666667 0.00703125 0.008333333333333333
0 0.628125 0.7171875 0.00625 0.009375
0 0.64921875 0.715625 0.00625 0.008333333333333333
0 0.3 0.7161458333333334 0.0078125 0.009375
0 0.957421875 0.7088541666666667 0.00078125 0.0010416666666666667
0 0.76328125 0.7088541666666667 0.00625 0.003125
0 0.74765625 0.7104166666666667 0.00625 0.008333333333333333
0 0.71171875 0.7109375 0.00625 0.009375
0 0.4265625 0.7088541666666667 0.00625 0.009375
0 0.6828125 0.70625 0.00625 0.008333333333333333
0 0.61484375 0.70625 0.00625 0.008333333333333333
0 0.46953125 0.7067708333333333 0.00625 0.011458333333333333
0 0.2875 0.7057291666666666 0.0078125 0.009375
0 0.7265625 0.7041666666666667 0.00625 0.008333333333333333
0 0.63828125 0.7036458333333333 0.00625 0.007291666666666667
0 0.6984375 0.7020833333333333 0.00625 0.008333333333333333
0 0.66796875 0.6989583333333333 0.00625 0.00625
0 0.43984375 0.7005208333333334 0.00625 0.009375
0 0.2640625 0.7005208333333334 0.0078125 0.009375
0 0.482421875 0.6979166666666666 0.00703125 0.008333333333333333
0 0.55 0.6963541666666667 0.00625 0.009375
0 0.60078125 0.6953125 0.00625 0.009375
0 0.65390625 0.6916666666666667 0.00625 0.008333333333333333
0 0.225 0.6921875 0.0078125 0.009375
0 0.3828125 0.6911458333333333 0.00625 0.009375
0 0.7125 0.6880208333333333 0.00625 0.005208333333333333
0 0.61875 0.6875 0.00625 0.008333333333333333
0 0.46953125 0.6885416666666667 0.00625 0.010416666666666666
0 0.987109375 0.6833333333333333 0.00234375 0.0020833333333333333
0 0.775 0.6848958333333334 0.00625 0.007291666666666667
0 0.743359375 0.6838541666666667 0.00546875 0.007291666666666667
0 0.72734375 0.684375 0.00625 0.008333333333333333
0 0.6390625 0.6833333333333333 0.00625 0.008333333333333333
0 0.291796875 0.6838541666666667 0.00703125 0.009375
0 0.276171875 0.6838541666666667 0.00703125 0.009375
0 0.675 0.6791666666666667 0.00625 0.008333333333333333
0 0.3296875 0.6786458333333333 0.0078125 0.009375
0 0.700390625 0.6755208333333333 0.00546875 0.007291666666666667
0 0.98828125 0.6708333333333333 0.0015625 0.0020833333333333333
0 0.9671875 0.6713541666666667 0.0046875 0.003125
0 0.961328125 0.6770833333333334 0.00859375 0.01875
0 0.62421875 0.6697916666666667 0.00625 0.008333333333333333
0 0.7671875 0.6677083333333333 0.00625 0.00625
0 0.996484375 0.6661458333333333 0.00703125 0.005208333333333333
0 0.409765625 0.6661458333333333 0.00703125 0.009375
0 0.958984375 0.6630208333333333 0.00234375 0.005208333333333333
0 0.6625 0.6635416666666667 0.00625 0.008333333333333333
0 0.53984375 0.6640625 0.00625 0.009375
0 0.308984375 0.6635416666666667 0.00703125 0.010416666666666666
0 0.680859375 0.6614583333333334 0.00703125 0.008333333333333333
0 0.324609375 0.6609375 0.00703125 0.009375
0 0.290625 0.6604166666666667 0.0078125 0.010416666666666666
0 0.994140625 0.6546875 0.00078125 0.0010416666666666667
0 0.637109375 0.6588541666666666 0.00703125 0.009375
0 0.17109375 0.6598958333333333 0.0078125 0.011458333333333333
0 0.983984375 0.6557291666666667 0.00546875 0.005208333333333333
0 0.780078125 0.6552083333333333 0.00546875 0.00625
0 0.69609375 0.65625 0.00625 0.008333333333333333
0 0.7484375 0.653125 0.00625 0.008333333333333333
0 0.99296875 0.6479166666666667 0.0015625 0.0020833333333333333
0 0.610546875 0.6505208333333333 0.00703125 0.009375
0 0.974609375 0.6463541666666667 0.00546875 0.003125
0 0.24375 0.6494791666666667 0.003125 0.009375
0 0.222265625 0.6484375 0.00390625 0.009375
0 0.301171875 0.646875 0.00703125 0.008333333333333333
0 0.70859375 0.6442708333333333 0.00625 0.007291666666666667
0 0.653125 0.6447916666666667 0.00625 0.008333333333333333
0 0.178515625 0.6463541666666667 0.00859375 0.011458333333333333
0 0.40703125 0.6416666666666667 0.00625 0.008333333333333333
0 0.723828125 0.6390625 0.00546875 0.007291666666666667
0 0.7390625 0.6375 0.00625 0.008333333333333333
0 0.69375 0.6369791666666667 0.00625 0.007291666666666667
0 0.208203125 0.6328125 0.00546875 0.009375
0 0.231640625 0.6307291666666667 0.00859375 0.009375
0 0.7125 0.6260416666666667 0.0046875 0.004166666666666667
0 0.6796875 0.628125 0.00625 0.008333333333333333
0 0.26015625 0.6255208333333333 0.0078125 0.009375
0 0.966015625 0.6213541666666667 0.00234375 0.003125
0 0.965234375 0.6182291666666667 0.00078125 0.0010416666666666667
0 0.6546875 0.6203125 0.00625 0.009375
0 0.728515625 0.6161458333333333 0.00546875 0.005208333333333333
0 0.69609375 0.6171875 0.00625 0.007291666666666667
0 0.198046875 0.6182291666666667 0.00859375 0.009375
0 0.237890625 0.6135416666666667 0.00703125 0.008333333333333333
0 0.221875 0.6119791666666666 0.00625 0.009375
0 0.962890625 0.6109375 0.00390625 0.009375
0 0.975 0.6057291666666667 0.0015625 0.0010416666666666667
0 0.993359375 0.6036458333333333 0.00078125 0.0010416666666666667
0 0.9640625 0.6041666666666666 0.0015625 0.0020833333333333333
0 0.712890625 0.6046875 0.00703125 0.007291666666666667
0 0.67734375 0.6052083333333333 0.00625 0.008333333333333333
0 0.963671875 0.6010416666666667 0.00078125 0.0020833333333333333
0 0.7453125 0.6036458333333333 0.00625 0.007291666666666667
0 0.6625 0.603125 0.00625 0.008333333333333333
0 0.176953125 0.603125 0.00859375 0.010416666666666666
0 0.9625 0.5979166666666667 0.003125 0.0020833333333333333
0 0.6265625 0.6 0.00625 0.008333333333333333
0 0.999609375 0.5963541666666666 0.00078125 0.003125
0 0.270703125 0.5984375 0.00859375 0.009375
0 0.36015625 0.5973958333333333 0.00625 0.009375
0 0.235546875 0.5942708333333333 0.00859375 0.009375
0 0.968359375 0.5869791666666667 0.00078125 0.0010416666666666667
0 0.73359375 0.590625 0.00625 0.008333333333333333
0 0.215625 0.5901041666666667 0.0078125 0.009375
0 0.762890625 0.5880208333333333 0.00546875 0.007291666666666667
0 0.990234375 0.5838541666666667 0.00078125 0.0010416666666666667
0 0.6984375 0.5864583333333333 0.00625 0.00625
0 0.198828125 0.5880208333333333 0.00859375 0.009375
0 0.669140625 0.5854166666666667 0.00703125 0.008333333333333333
0 0.7484375 0.5833333333333334 0.00625 0.00625
0 0.149609375 0.5807291666666666 0.00546875 0.003125
0 0.999609375 0.5786458333333333 0.00078125 0.0010416666666666667
0 0.98359375 0.5833333333333334 0.0046875 0.010416666666666666
0 0.6453125 0.58125 0.00625 0.008333333333333333
0 0.616796875 0.5807291666666666 0.00703125 0.009375
0 0.5171875 0.5791666666666667 0.00625 0.008333333333333333
0 0.96953125 0.5791666666666667 0.009375 0.0125
0 0.987109375 0.571875 0.00078125 0.0020833333333333333
0 0.716015625 0.5739583333333333 0.00546875 0.008333333333333333
0 0.238671875 0.5739583333333333 0.00859375 0.008333333333333333
0 0.73203125 0.5708333333333333 0.00625 0.00625
0 0.499609375 0.5697916666666667 0.00703125 0.008333333333333333
0 0.677734375 0.56875 0.00703125 0.008333333333333333
0 0.771484375 0.5671875 0.00546875 0.007291666666666667
0 0.755078125 0.5661458333333333 0.00546875 0.005208333333333333
0 0.693359375 0.5666666666666667 0.00703125 0.008333333333333333
0 0.969140625 0.5619791666666667 0.00078125 0.0010416666666666667
0 0.967578125 0.5609375 0.00078125 0.0010416666666666667
0 0.98359375 0.5635416666666667 0.0140625 0.016666666666666666
0 0.979296875 0.55625 0.00078125 0.0020833333333333333
0 0.178515625 0.5583333333333333 0.00859375 0.008333333333333333
0 0.141015625 0.5588541666666667 0.00859375 0.009375
0 0.211328125 0.5557291666666667 0.00859375 0.009375
0 0.705859375 0.5536458333333333 0.00703125 0.009375
0 0.586328125 0.553125 0.00703125 0.008333333333333333
0 0.766015625 0.5489583333333333 0.00390625 0.0020833333333333333
0 0.723828125 0.5526041666666667 0.00546875 0.009375
0 0.365234375 0.5505208333333333 0.00703125 0.009375
0 0.165234375 0.5484375 0.00859375 0.009375
0 0.974609375 0.5411458333333333 0.00078125 0.0010416666666666667
0 0.973046875 0.5411458333333333 0.00078125 0.0010416666666666667
0 0.969921875 0.5401041666666667 0.00078125 0.0010416666666666667
0 0.149609375 0.5416666666666666 0.00703125 0.004166666666666667
0 0.598046875 0.540625 0.00703125 0.008333333333333333
0 0.9921875 0.5364583333333334 0.0015625 0.0020833333333333333
0 0.694921875 0.5395833333333333 0.00703125 0.008333333333333333
0 0.735546875 0.5385416666666667 0.00703125 0.008333333333333333
0 0.751171875 0.5375 0.00703125 0.008333333333333333
0 0.983984375 0.5328125 0.00078125 0.0010416666666666667
0 0.7921875 0.5354166666666667 0.00625 0.008333333333333333
0 0.244140625 0.5348958333333333 0.00703125 0.009375
0 0.7203125 0.5333333333333333 0.00625 0.008333333333333333
0 0.58046875 0.5291666666666667 0.00625 0.00625
0 0.259765625 0.5307291666666667 0.00703125 0.009375
0 0.966015625 0.5234375 0.00078125 0.0010416666666666667
0 0.385546875 0.5276041666666667 0.00703125 0.009375
0 0.7609375 0.5229166666666667 0.00625 0.00625
0 0.815625 0.5213541666666667 0.0046875 0.007291666666666667
0 0.702734375 0.5208333333333334 0.00703125 0.008333333333333333
0 0.783203125 0.5197916666666667 0.00703125 0.008333333333333333
0 0.685546875 0.5203125 0.00703125 0.009375
0 0.733203125 0.51875 0.00546875 0.008333333333333333
0 0.233984375 0.5192708333333333 0.00859375 0.009375
0 0.8 0.5171875 0.00625 0.007291666666666667
0 0.986328125 0.515625 0.00703125 0.00625
0 0.975390625 0.5130208333333334 0.00234375 0.003125
0 0.974609375 0.5098958333333333 0.00078125 0.0010416666666666667
0 0.717578125 0.5125 0.00703125 0.008333333333333333
0 0.97421875 0.5072916666666667 0.0015625 0.0020833333333333333
0 0.257421875 0.5098958333333333 0.00859375 0.009375
0 0.746484375 0.5078125 0.00234375 0.007291666666666667
0 0.9703125 0.5046875 0.0046875 0.003125
0 0.771484375 0.5067708333333333 0.00703125 0.007291666666666667
0 0.17734375 0.5067708333333333 0.009375 0.009375
0 0.323828125 0.5036458333333333 0.00703125 0.009375
0 0.7875 0.5005208333333333 0.00625 0.005208333333333333
0 0.981640625 0.5005208333333333 0.00546875 0.007291666666666667
0 0.698828125 0.5010416666666667 0.00703125 0.008333333333333333
0 0.13046875 0.5 0.009375 0.008333333333333333
0 0.729296875 0.49895833333333334 0.00703125 0.008333333333333333
0 0.682421875 0.496875 0.00703125 0.008333333333333333
0 0.189453125 0.4953125 0.00859375 0.009375
0 0.606640625 0.4942708333333333 0.00703125 0.009375
0 0.71328125 0.49270833333333336 0.00625 0.008333333333333333
0 0.212890625 0.49322916666666666 0.00859375 0.009375
0 0.75859375 0.4921875 0.00625 0.009375
0 0.74296875 0.4890625 0.00625 0.005208333333333333
0 0.62265625 0.4901041666666667 0.00625 0.009375
0 0.99375 0.4901041666666667 0.0125 0.011458333333333333
0 0.668359375 0.48489583333333336 0.00703125 0.009375
0 0.14921875 0.48125 0.0078125 0.008333333333333333
0 0.132421875 0.48072916666666665 0.00703125 0.009375
0 0.770703125 0.4791666666666667 0.00546875 0.008333333333333333
0 0.724609375 0.4791666666666667 0.00703125 0.008333333333333333
0 0.69921875 0.4791666666666667 0.00625 0.008333333333333333
0 0.6828125 0.4765625 0.0078125 0.009375
0 0.981640625 0.47604166666666664 0.00546875 0.0125
0 0.755859375 0.4708333333333333 0.00234375 0.004166666666666667
0 0.997265625 0.46822916666666664 0.00078125 0.0010416666666666667
0 0.741015625 0.46822916666666664 0.00546875 0.005208333333333333
0 0.79765625 0.4630208333333333 0.00625 0.007291666666666667
0 0.709765625 0.4625 0.00703125 0.008333333333333333
0 0.7265625 0.459375 0.0046875 0.00625
0 0.6578125 0.4609375 0.00625 0.009375
0 0.693359375 0.45989583333333334 0.00703125 0.009375
0 0.77109375 0.4583333333333333 0.00625 0.008333333333333333
0 0.6734375 0.45729166666666665 0.0078125 0.008333333333333333
0 0.619921875 0.45625 0.00703125 0.008333333333333333
0 0.99921875 0.453125 0.0015625 0.00625
0 0.6390625 0.453125 0.0046875 0.008333333333333333
0 0.975 0.4505208333333333 0.00625 0.005208333333333333
0 0.741015625 0.4473958333333333 0.00546875 0.005208333333333333
0 0.59453125 0.44895833333333335 0.00625 0.008333333333333333
0 0.703515625 0.44375 0.00703125 0.008333333333333333
0 0.519921875 0.44427083333333334 0.00703125 0.009375
0 0.76015625 0.44114583333333335 0.00625 0.005208333333333333
0 0.718359375 0.440625 0.00390625 0.00625
0 0.663671875 0.44166666666666665 0.00703125 0.008333333333333333
0 0.991015625 0.4432291666666667 0.00546875 0.013541666666666667
0 0.687109375 0.44114583333333335 0.00703125 0.009375
0 0.628125 0.4390625 0.00625 0.009375
0 0.450390625 0.43802083333333336 0.00703125 0.009375
0 0.80078125 0.4328125 0.00625 0.007291666666666667
0 0.536328125 0.43072916666666666 0.00703125 0.009375
0 0.601171875 0.4296875 0.00703125 0.009375
0 0.646484375 0.4270833333333333 0.00703125 0.008333333333333333
0 0.1546875 0.4276041666666667 0.009375 0.009375
0 0.678515625 0.4244791666666667 0.00703125 0.009375
0 0.521875 0.4244791666666667 0.00625 0.009375
0 0.728515625 0.42239583333333336 0.00703125 0.009375
0 0.694921875 0.42239583333333336 0.00703125 0.009375
0 0.66171875 0.421875 0.00625 0.008333333333333333
0 0.712109375 0.42135416666666664 0.00703125 0.009375
0 0.630859375 0.41875 0.00703125 0.008333333333333333
0 0.585546875 0.4125 0.00703125 0.008333333333333333
0 0.423828125 0.409375 0.00703125 0.008333333333333333
0 0.393359375 0.4088541666666667 0.00703125 0.009375
0 0.685546875 0.40572916666666664 0.00703125 0.009375
0 0.161328125 0.40572916666666664 0.00859375 0.009375
0 0.669921875 0.4041666666666667 0.00703125 0.008333333333333333
0 0.651953125 0.4046875 0.00703125 0.009375
0 0.55234375 0.40260416666666665 0.00625 0.009375
0 0.70859375 0.4005208333333333 0.0078125 0.009375
0 0.30234375 0.4005208333333333 0.0078125 0.009375
0 0.601171875 0.39895833333333336 0.00703125 0.008333333333333333
0 0.724609375 0.3984375 0.00703125 0.009375
0 0.509765625 0.396875 0.00703125 0.008333333333333333
0 0.26015625 0.39739583333333334 0.0078125 0.009375
0 0.533984375 0.39427083333333335 0.00703125 0.009375
0 0.46015625 0.3932291666666667 0.0078125 0.009375
0 0.275390625 0.3921875 0.00703125 0.009375
0 0.1734375 0.39114583333333336 0.009375 0.009375
0 0.63046875 0.39010416666666664 0.00625 0.009375
0 0.695703125 0.3890625 0.00703125 0.009375
0 0.403515625 0.3890625 0.00703125 0.009375
0 0.209765625 0.3890625 0.00859375 0.009375
0 0.290234375 0.38697916666666665 0.00703125 0.009375
0 0.679296875 0.38645833333333335 0.00703125 0.010416666666666666
0 0.645703125 0.3859375 0.00703125 0.009375
0 0.564453125 0.3859375 0.00703125 0.009375
0 0.662109375 0.3854166666666667 0.00703125 0.010416666666666666
0 0.580078125 0.3828125 0.00703125 0.009375
0 0.424609375 0.38125 0.00703125 0.008333333333333333
0 0.761328125 0.3807291666666667 0.00703125 0.009375
0 0.7296875 0.37864583333333335 0.0078125 0.009375
0 0.47109375 0.37864583333333335 0.00625 0.009375
0 0.5953125 0.375 0.00625 0.008333333333333333
0 0.6203125 0.3734375 0.00625 0.009375
0 0.278515625 0.3723958333333333 0.00859375 0.009375
0 0.691015625 0.36875 0.00703125 0.010416666666666666
0 0.522265625 0.36822916666666666 0.00703125 0.009375
0 0.713671875 0.36770833333333336 0.00703125 0.010416666666666666
0 0.668359375 0.36614583333333334 0.00703125 0.009375
0 0.5625 0.365625 0.00625 0.008333333333333333
0 0.643359375 0.3645833333333333 0.00703125 0.010416666666666666
0 0.44765625 0.3609375 0.003125 0.007291666666666667
0 0.607421875 0.3609375 0.00703125 0.009375
0 0.424609375 0.3609375 0.00703125 0.009375
0 0.583203125 0.35989583333333336 0.00703125 0.009375
0 0.448828125 0.35572916666666665 0.00078125 0.0010416666666666667
0 0.39375 0.35989583333333336 0.00625 0.009375
0 0.178515625 0.3572916666666667 0.00859375 0.010416666666666666
0 0.26796875 0.35625 0.0078125 0.010416666666666666
0 0.510546875 0.3536458333333333 0.00703125 0.009375
0 0.481640625 0.3536458333333333 0.00390625 0.009375
0 0.463671875 0.3536458333333333 0.00703125 0.009375
0 0.68125 0.35260416666666666 0.0078125 0.009375
0 0.15390625 0.35208333333333336 0.009375 0.010416666666666666
0 0.632421875 0.3494791666666667 0.00703125 0.009375
0 0.230078125 0.3494791666666667 0.00859375 0.009375
0 0.252734375 0.3489583333333333 0.00859375 0.010416666666666666
0 0.541015625 0.346875 0.00703125 0.010416666666666666
0 0.66484375 0.3453125 0.0078125 0.009375
0 0.696484375 0.34479166666666666 0.00703125 0.010416666666666666
0 0.648046875 0.34427083333333336 0.00703125 0.009375
0 0.617578125 0.34427083333333336 0.00703125 0.009375
0 0.55625 0.34427083333333336 0.0078125 0.009375
0 0.590234375 0.3411458333333333 0.00703125 0.009375
0 0.57265625 0.3411458333333333 0.0078125 0.009375
0 0.497265625 0.3411458333333333 0.00703125 0.009375
0 0.442578125 0.3416666666666667 0.00703125 0.010416666666666666
0 0.526171875 0.34010416666666665 0.00703125 0.009375
0 0.215625 0.33958333333333335 0.0078125 0.010416666666666666
0 0.457421875 0.334375 0.00703125 0.010416666666666666
0 0.419921875 0.3338541666666667 0.00703125 0.009375
0 0.24140625 0.334375 0.0078125 0.010416666666666666
0 0.605078125 0.3328125 0.00703125 0.009375
0 0.511328125 0.3328125 0.00703125 0.009375
0 0.483984375 0.32760416666666664 0.00546875 0.009375
0 0.674609375 0.32708333333333334 0.00703125 0.010416666666666666
0 0.544140625 0.3260416666666667 0.00703125 0.010416666666666666
0 0.40546875 0.32447916666666665 0.00625 0.009375
0 0.358203125 0.32447916666666665 0.00703125 0.009375
0 0.255078125 0.325 0.00859375 0.010416666666666666
0 0.6546875 0.32395833333333335 0.0078125 0.010416666666666666
0 0.690625 0.3223958333333333 0.0078125 0.009375
0 0.638671875 0.3223958333333333 0.00703125 0.009375
0 0.578515625 0.32135416666666666 0.00703125 0.009375
0 0.787109375 0.3203125 0.00859375 0.009375
0 0.72265625 0.32083333333333336 0.0078125 0.010416666666666666
0 0.469140625 0.3203125 0.00703125 0.009375
0 0.437890625 0.31927083333333334 0.00703125 0.009375
0 0.70625 0.3182291666666667 0.0078125 0.009375
0 0.528515625 0.31875 0.00703125 0.010416666666666666
0 0.15390625 0.3177083333333333 0.009375 0.010416666666666666
0 0.771875 0.31666666666666665 0.009375 0.010416666666666666
0 0.620703125 0.31666666666666665 0.00703125 0.010416666666666666
0 0.453515625 0.31354166666666666 0.00703125 0.010416666666666666
0 0.599609375 0.3125 0.00703125 0.010416666666666666
0 0.51171875 0.31197916666666664 0.0078125 0.009375
0 0.383984375 0.3125 0.00703125 0.010416666666666666
0 0.419921875 0.31145833333333334 0.00703125 0.010416666666666666
0 0.270703125 0.31145833333333334 0.00859375 0.010416666666666666
0 0.24296875 0.31197916666666664 0.0078125 0.011458333333333333
0 0.49296875 0.3104166666666667 0.0078125 0.010416666666666666
0 0.5640625 0.3078125 0.0078125 0.009375
0 0.6765625 0.30416666666666664 0.0078125 0.010416666666666666
0 0.53984375 0.30416666666666664 0.00625 0.010416666666666666
0 0.334765625 0.30416666666666664 0.00703125 0.010416666666666666
0 0.477734375 0.3026041666666667 0.00703125 0.009375
0 0.39765625 0.303125 0.0078125 0.010416666666666666
0 0.65546875 0.3020833333333333 0.0078125 0.010416666666666666
0 0.584765625 0.3015625 0.00703125 0.009375
0 0.35625 0.30104166666666665 0.0078125 0.010416666666666666
0 0.44140625 0.2984375 0.0078125 0.009375
0 0.144921875 0.29791666666666666 0.00703125 0.008333333333333333
0 0.28359375 0.29791666666666666 0.0078125 0.010416666666666666
0 0.7796875 0.296875 0.0078125 0.010416666666666666
0 0.63515625 0.2953125 0.0078125 0.009375
0 0.4609375 0.2947916666666667 0.0078125 0.010416666666666666
0 0.503515625 0.29375 0.00703125 0.010416666666666666
0 0.552734375 0.29270833333333335 0.00703125 0.010416666666666666
0 0.41328125 0.2921875 0.0078125 0.009375
0 0.607421875 0.29010416666666666 0.00703125 0.009375
0 0.185546875 0.290625 0.00859375 0.010416666666666666
0 0.38515625 0.28958333333333336 0.0078125 0.010416666666666666
0 0.2421875 0.28958333333333336 0.00625 0.010416666666666666
0 0.487109375 0.28541666666666665 0.00703125 0.010416666666666666
0 0.340625 0.28489583333333335 0.0078125 0.009375
0 0.665625 0.284375 0.0078125 0.010416666666666666
0 0.428515625 0.284375 0.00703125 0.010416666666666666
0 0.648828125 0.2833333333333333 0.00703125 0.010416666666666666
0 0.53046875 0.28020833333333334 0.0046875 0.010416666666666666
0 0.515234375 0.28020833333333334 0.00703125 0.010416666666666666
0 0.4484375 0.28020833333333334 0.00625 0.010416666666666666
0 0.1609375 0.2786458333333333 0.0078125 0.007291666666666667
0 0.400390625 0.2791666666666667 0.00703125 0.010416666666666666
0 0.469921875 0.27708333333333335 0.00703125 0.010416666666666666
0 0.68203125 0.275 0.0078125 0.010416666666666666
0 0.499609375 0.2734375 0.00703125 0.009375
0 0.787109375 0.271875 0.00859375 0.010416666666666666
0 0.41484375 0.2708333333333333 0.0078125 0.010416666666666666
0 0.60859375 0.26875 0.0078125 0.010416666666666666
0 0.631640625 0.2677083333333333 0.00703125 0.010416666666666666
0 0.35 0.2682291666666667 0.0078125 0.011458333333333333
0 0.3828125 0.26666666666666666 0.0078125 0.010416666666666666
0 0.65859375 0.265625 0.0078125 0.010416666666666666
0 0.21875 0.26510416666666664 0.0078125 0.009375
0 0.30703125 0.2640625 0.0078125 0.009375
0 0.457421875 0.2625 0.00546875 0.010416666666666666
0 0.48046875 0.26145833333333335 0.0078125 0.010416666666666666
0 0.42890625 0.26145833333333335 0.0078125 0.010416666666666666
0 0.2421875 0.26145833333333335 0.0078125 0.010416666666666666
0 0.560546875 0.259375 0.00703125 0.010416666666666666
0 0.5765625 0.2578125 0.0078125 0.009375
0 0.516796875 0.25833333333333336 0.00703125 0.010416666666666666
0 0.984375 0.2552083333333333 0.003125 0.008333333333333333
0 0.3328125 0.25625 0.0078125 0.010416666666666666
0 0.3953125 0.25416666666666665 0.0078125 0.010416666666666666
0 0.619921875 0.253125 0.00703125 0.010416666666666666
0 0.598046875 0.2520833333333333 0.00703125 0.010416666666666666
0 0.15390625 0.25104166666666666 0.009375 0.010416666666666666
0 0.494921875 0.25 0.00703125 0.010416666666666666
0 0.3515625 0.24791666666666667 0.0078125 0.010416666666666666
0 0.44765625 0.246875 0.0078125 0.010416666666666666
0 0.410546875 0.246875 0.00703125 0.010416666666666666
0 0.466796875 0.2453125 0.00703125 0.009375
0 0.298828125 0.24479166666666666 0.00546875 0.010416666666666666
0 0.21640625 0.24322916666666666 0.0078125 0.009375
0 0.633984375 0.24166666666666667 0.00703125 0.010416666666666666
0 0.509765625 0.24010416666666667 0.00546875 0.009375
0 0.431640625 0.240625 0.00703125 0.010416666666666666
0 0.545703125 0.2375 0.00546875 0.00625
0 0.253515625 0.2390625 0.00703125 0.011458333333333333
0 0.481640625 0.2375 0.00703125 0.010416666666666666
0 0.385546875 0.23697916666666666 0.00703125 0.009375
0 0.57578125 0.23645833333333333 0.0078125 0.010416666666666666
0 0.338671875 0.23333333333333334 0.00703125 0.010416666666666666
0 0.26796875 0.23333333333333334 0.0078125 0.010416666666666666
0 0.40078125 0.22916666666666666 0.0078125 0.010416666666666666
0 0.15546875 0.2296875 0.0078125 0.011458333333333333
0 0.19140625 0.22760416666666666 0.0078125 0.009375
0 0.527734375 0.22604166666666667 0.00703125 0.010416666666666666
0 0.496484375 0.2265625 0.00703125 0.011458333333333333
0 0.803125 0.22552083333333334 0.009375 0.011458333333333333
0 0.358203125 0.22552083333333334 0.00546875 0.011458333333333333
0 0.559375 0.22395833333333334 0.0078125 0.010416666666666666
0 0.467578125 0.22395833333333334 0.00546875 0.010416666666666666
0 0.9984375 0.225 0.003125 0.020833333333333332
0 0.61875 0.21770833333333334 0.0078125 0.010416666666666666
0 0.3 0.2171875 0.0078125 0.011458333333333333
0 0.6 0.21458333333333332 0.0078125 0.010416666666666666
0 0.34375 0.21354166666666666 0.0078125 0.010416666666666666
0 0.25390625 0.21197916666666666 0.00625 0.007291666666666667
0 0.2703125 0.21041666666666667 0.0078125 0.010416666666666666
0 0.541015625 0.20833333333333334 0.00546875 0.010416666666666666
0 0.4046875 0.20833333333333334 0.00625 0.010416666666666666
0 0.31640625 0.20833333333333334 0.0078125 0.010416666666666666
0 0.490625 0.20625 0.00625 0.010416666666666666
0 0.198046875 0.20572916666666666 0.00859375 0.011458333333333333
0 0.577734375 0.20416666666666666 0.00703125 0.010416666666666666
0 0.388671875 0.20208333333333334 0.00546875 0.010416666666666666
0 0.555859375 0.2015625 0.00703125 0.011458333333333333
0 0.37109375 0.20104166666666667 0.00625 0.010416666666666666
0 0.116796875 0.20104166666666667 0.00703125 0.010416666666666666
0 0.474609375 0.20052083333333334 0.00546875 0.011458333333333333
0 0.084765625 0.2 0.00703125 0.010416666666666666
0 0.355078125 0.19895833333333332 0.00703125 0.010416666666666666
0 0.33203125 0.19895833333333332 0.0078125 0.010416666666666666
0 0.448828125 0.19791666666666666 0.00703125 0.010416666666666666
0 0.285546875 0.19791666666666666 0.00546875 0.010416666666666666
0 0.64453125 0.196875 0.0078125 0.010416666666666666
0 0.100390625 0.196875 0.00703125 0.010416666666666666
0 0.30234375 0.196875 0.0078125 0.0125
0 0.24609375 0.19270833333333334 0.00625 0.010416666666666666
0 0.261328125 0.19010416666666666 0.00546875 0.009375
0 0.503515625 0.18958333333333333 0.00703125 0.010416666666666666
0 0.625 0.18854166666666666 0.0078125 0.010416666666666666
0 0.411328125 0.18854166666666666 0.00703125 0.010416666666666666
0 0.125 0.18489583333333334 0.009375 0.011458333333333333
0 0.196875 0.18333333333333332 0.00625 0.010416666666666666
0 0.68828125 0.18229166666666666 0.0078125 0.010416666666666666
0 0.363671875 0.18125 0.00703125 0.010416666666666666
0 0.323046875 0.17916666666666667 0.00703125 0.010416666666666666
0 0.2921875 0.178125 0.0078125 0.010416666666666666
0 0.276171875 0.178125 0.00703125 0.010416666666666666
0 0.61171875 0.17604166666666668 0.0078125 0.010416666666666666
0 0.338671875 0.17604166666666668 0.00703125 0.010416666666666666
0 0.382421875 0.175 0.00703125 0.010416666666666666
0 0.704296875 0.17447916666666666 0.00703125 0.011458333333333333
0 0.595703125 0.17291666666666666 0.00703125 0.010416666666666666
0 0.24140625 0.17291666666666666 0.0078125 0.010416666666666666
0 0.309375 0.16927083333333334 0.00625 0.011458333333333333
