0 0.257421875 0.9425556858147714 0.01171875 0.010550996483001172
0 0.224609375 0.9314185228604924 0.01171875 0.007033997655334115
0 0.346484375 0.9237983587338804 0.00859375 0.007033997655334115
0 0.52421875 0.9152989449003517 0.0125 0.011137162954279016
0 0.189453125 0.9038686987104337 0.01171875 0.005861664712778429
0 0.67421875 0.9044548651817116 0.0125 0.010550996483001172
0 0.34140625 0.8959554513481829 0.0015625 0.0005861664712778429
0 0.35 0.8974208675263775 0.0046875 0.004689331770222743
0 0.5734375 0.8971277842907386 0.0125 0.00996483001172333
0 0.60703125 0.8924384525205158 0.0125 0.00996483001172333
0 0.5359375 0.8930246189917936 0.0125 0.011137162954279016
0 0.3765625 0.8903868698710434 0.0125 0.010550996483001172
0 0.640625 0.8871629542790153 0.0078125 0.005275498241500586
0 0.42421875 0.8807151230949589 0.0078125 0.006447831184056272
0 0.194140625 0.8789566236811255 0.00390625 0.0029308323563892145
0 0.585546875 0.8801289566236812 0.00859375 0.0076201641266119575
0 0.6234375 0.8792497069167644 0.0046875 0.007033997655334115
0 0.3453125 0.8789566236811255 0.0109375 0.00996483001172333
0 0.3140625 0.8777842907385698 0.0125 0.0076201641266119575
0 0.24375 0.8763188745603752 0.0125 0.007033997655334115
0 0.22109375 0.8710433763188745 0.0125 0.008206330597889801
0 0.3828125 0.8713364595545134 0.0125 0.00996483001172333
0 0.641015625 0.8631301289566237 0.00078125 0.0005861664712778429
0 0.4546875 0.8637162954279015 0.0109375 0.008792497069167644
0 0.634765625 0.8610785463071512 0.01171875 0.005861664712778429
0 0.484375 0.8634232121922626 0.0125 0.010550996483001172
0 0.5890625 0.8599062133645955 0.0125 0.009378663540445486
0 0.309375 0.8531652989449003 0.0046875 0.004103165298944901
0 0.302734375 0.8511137162954279 0.00703125 0.0023446658851113715
0 0.436328125 0.8525791324736225 0.01171875 0.011137162954279016
0 0.26171875 0.8511137162954279 0.0125 0.010550996483001172
0 0.353515625 0.8490621336459554 0.01328125 0.00996483001172333
0 0.46953125 0.8490621336459554 0.0125 0.011137162954279016
0 0.675 0.8440797186400938 0.0125 0.009378663540445486
0 0.600390625 0.8420281359906213 0.01171875 0.006447831184056272
0 0.280078125 0.839390386869871 0.01171875 0.007033997655334115
0 0.307421875 0.8344079718640094 0.01328125 0.00996483001172333
0 0.2171875 0.8323563892145369 0.0125 0.009378663540445486
0 0.64921875 0.8323563892145369 0.0125 0.010550996483001172
0 0.691015625 0.8288393903868698 0.01171875 0.009378663540445486
0 0.188671875 0.8244431418522861 0.00390625 0.0017584994138335288
0 0.671875 0.824736225087925 0.00625 0.007033997655334115
0 0.5359375 0.8267878077373975 0.0125 0.011137162954279016
0 0.61953125 0.824736225087925 0.0125 0.010550996483001172
0 0.33125 0.8220984759671747 0.0125 0.008792497069167644
0 0.29296875 0.8197538100820633 0.0125 0.00996483001172333
0 0.593359375 0.8182883939038686 0.01171875 0.010550996483001172
0 0.210546875 0.8150644783118406 0.01015625 0.0076201641266119575
0 0.68828125 0.8109613130128956 0.009375 0.006447831184056272
0 0.46328125 0.8109613130128956 0.0125 0.011137162954279016
0 0.50625 0.8074443141852286 0.0125 0.006447831184056272
0 0.237109375 0.8083235638921453 0.01171875 0.009378663540445486
0 0.619921875 0.8018757327080891 0.00078125 0.0011723329425556857
0 0.633984375 0.8053927315357562 0.01328125 0.010550996483001172
0 0.5484375 0.8048065650644783 0.0125 0.009378663540445486
0 0.2609375 0.8042203985932005 0.0125 0.008206330597889801
0 0.328515625 0.8030480656506448 0.01328125 0.009378663540445486
0 0.353515625 0.7963071512309496 0.00546875 0.004103165298944901
0 0.613671875 0.7963071512309496 0.01171875 0.005275498241500586
0 0.203125 0.7957209847596718 0.00625 0.006447831184056272
0 0.71015625 0.7966002344665886 0.0125 0.010550996483001172
0 0.487890625 0.7951348182883939 0.01171875 0.008792497069167644
0 0.162109375 0.7954279015240329 0.01171875 0.009378663540445486
0 0.4046875 0.7954279015240329 0.0125 0.010550996483001172
0 0.378125 0.7930832356389215 0.009375 0.008206330597889801
0 0.684765625 0.7924970691676436 0.01328125 0.009378663540445486
0 0.227734375 0.7922039859320047 0.01171875 0.008792497069167644
0 0.8078125 0.7904454865181711 0.0125 0.00996483001172333
0 0.75390625 0.7892731535756154 0.0125 0.00996483001172333
0 0.258984375 0.7860492379835874 0.01015625 0.008206330597889801
0 0.63125 0.7845838218053928 0.0125 0.0076201641266119575
0 0.30546875 0.779601406799531 0.0125 0.009378663540445486
0 0.728125 0.7790152403282532 0.0125 0.009378663540445486
0 0.28125 0.7793083235638921 0.0109375 0.00996483001172333
0 0.478515625 0.7787221570926143 0.01171875 0.00996483001172333
0 0.34765625 0.7787221570926143 0.0125 0.00996483001172333
0 0.2140625 0.7769636576787807 0.0109375 0.008792497069167644
0 0.240625 0.7737397420867527 0.0046875 0.008206330597889801
0 0.694921875 0.7740328253223916 0.01328125 0.00996483001172333
0 0.603125 0.7743259085580305 0.0125 0.010550996483001172
0 0.3734375 0.772274325908558 0.0046875 0.0076201641266119575
0 0.3953125 0.7672919109026963 0.0109375 0.007033997655334115
0 0.326953125 0.7678780773739742 0.01328125 0.009378663540445486
0 0.626953125 0.7669988276670574 0.01171875 0.008792497069167644
0 0.66328125 0.7669988276670574 0.0125 0.00996483001172333
0 0.2640625 0.7669988276670574 0.0125 0.00996483001172333
0 0.2953125 0.7628956623681126 0.0109375 0.008792497069167644
0 0.72890625 0.7617233294255569 0.0125 0.008792497069167644
0 0.2234375 0.7596717467760844 0.0125 0.009378663540445486
0 0.194140625 0.7596717467760844 0.01171875 0.009378663540445486
0 0.6109375 0.7535169988276671 0.0125 0.005275498241500586
0 0.811328125 0.7520515826494725 0.01328125 0.009378663540445486
0 0.65234375 0.7517584994138335 0.0125 0.00996483001172333
0 0.398828125 0.7497069167643611 0.01171875 0.009378663540445486
0 0.312890625 0.7464830011723329 0.00859375 0.0076201641266119575
0 0.25546875 0.7456037514654161 0.0125 0.009378663540445486
0 0.209375 0.7453106682297772 0.0125 0.008792497069167644
0 0.632421875 0.7447245017584995 0.01171875 0.00996483001172333
0 0.762890625 0.7432590855803048 0.01328125 0.009378663540445486
0 0.181640625 0.7423798358733881 0.01171875 0.00996483001172333
0 0.521484375 0.7415005861664713 0.01171875 0.009378663540445486
0 0.28671875 0.7391559202813599 0.0125 0.009378663540445486
0 0.365234375 0.7335873388042204 0.01171875 0.00996483001172333
0 0.74375 0.7318288393903869 0.0125 0.008792497069167644
0 0.22421875 0.7303634232121923 0.0125 0.009378663540445486
0 0.19921875 0.727725674091442 0.0125 0.00996483001172333
0 0.7921875 0.7268464243845252 0.0125 0.009378663540445486
0 0.248046875 0.7230363423212193 0.01171875 0.006447831184056272
0 0.620703125 0.720398593200469 0.01171875 0.009378663540445486
0 0.162109375 0.720398593200469 0.01171875 0.009378663540445486
0 0.770703125 0.7192262602579133 0.00859375 0.008206330597889801
0 0.31015625 0.7171746776084408 0.0125 0.00996483001172333
0 0.74453125 0.7142438452520515 0.0125 0.008792497069167644
0 0.7109375 0.7142438452520515 0.0125 0.008792497069167644
0 0.334375 0.7142438452520515 0.0125 0.00996483001172333
0 0.185546875 0.7133645955451349 0.01328125 0.009378663540445486
0 0.229296875 0.7116060961313013 0.01171875 0.009378663540445486
0 0.489453125 0.7110199296600235 0.01171875 0.009378663540445486
0 0.787109375 0.7069167643610785 0.01328125 0.009378663540445486
0 0.208203125 0.7036928487690504 0.01328125 0.00996483001172333
0 0.3609375 0.7022274325908558 0.0125 0.009378663540445486
0 0.73046875 0.7004689331770223 0.0125 0.008206330597889801
0 0.70078125 0.6987104337631888 0.0125 0.009378663540445486
0 0.3171875 0.6981242672919109 0.0125 0.009378663540445486
0 0.27734375 0.6963657678780774 0.0125 0.009378663540445486
0 0.653125 0.6943141852286049 0.0125 0.008792497069167644
0 0.765625 0.694021101992966 0.0125 0.009378663540445486
0 0.186328125 0.6931418522860492 0.01328125 0.00996483001172333
0 0.23046875 0.6899179366940211 0.0125 0.009378663540445486
0 0.298828125 0.6875732708089097 0.01328125 0.009378663540445486
0 0.74375 0.6861078546307151 0.0109375 0.008792497069167644
0 0.25546875 0.6861078546307151 0.0125 0.008792497069167644
0 0.719921875 0.6849355216881594 0.01171875 0.008792497069167644
0 0.7890625 0.6767291910902696 0.0125 0.008792497069167644
0 0.209765625 0.6773153575615475 0.01328125 0.00996483001172333
0 0.172265625 0.6767291910902696 0.01328125 0.00996483001172333
0 0.594140625 0.6737983587338804 0.01171875 0.008792497069167644
0 0.703125 0.6729191090269636 0.0125 0.008206330597889801
0 0.28359375 0.6729191090269636 0.0125 0.009378663540445486
0 0.33828125 0.6720398593200468 0.0125 0.00996483001172333
0 0.3078125 0.6702813599062134 0.0125 0.00996483001172333
0 0.2328125 0.6702813599062134 0.0125 0.00996483001172333
0 0.767578125 0.667936694021102 0.01171875 0.008792497069167644
0 0.258984375 0.6673505275498242 0.01328125 0.00996483001172333
0 0.72734375 0.6638335287221571 0.0125 0.008792497069167644
0 0.192578125 0.6638335287221571 0.01328125 0.008792497069167644
0 0.162109375 0.660609613130129 0.01328125 0.009378663540445486
0 0.81484375 0.6623681125439624 0.03125 0.016412661195779603
0 0.6953125 0.656799531066823 0.0125 0.008792497069167644
0 0.216796875 0.6565064478311841 0.01328125 0.009378663540445486
0 0.24296875 0.6547479484173505 0.0125 0.007033997655334115
0 0.326171875 0.6550410316529894 0.01171875 0.00996483001172333
0 0.278125 0.6547479484173505 0.0125 0.009378663540445486
0 0.30234375 0.6471277842907386 0.0125 0.009378663540445486
0 0.749609375 0.645662368112544 0.01171875 0.008792497069167644
0 0.724609375 0.6450762016412661 0.01171875 0.0076201641266119575
0 0.196484375 0.645369284876905 0.01328125 0.009378663540445486
0 0.80234375 0.641559202813599 0.009375 0.0076201641266119575
0 0.168359375 0.641559202813599 0.01328125 0.00996483001172333
0 0.226953125 0.6395076201641267 0.01328125 0.009378663540445486
0 0.2515625 0.6354044548651817 0.0125 0.009378663540445486
0 0.594140625 0.6339390386869871 0.01171875 0.008792497069167644
0 0.186328125 0.6277842907385698 0.01328125 0.007033997655334115
0 0.726171875 0.6277842907385698 0.01171875 0.008206330597889801
0 0.298828125 0.6280773739742087 0.01328125 0.00996483001172333
0 0.274609375 0.6266119577960141 0.01328125 0.009378663540445486
0 0.7921875 0.6254396248534584 0.0125 0.008206330597889801
0 0.2109375 0.6245603751465416 0.0109375 0.006447831184056272
0 0.75859375 0.6225087924970691 0.009375 0.008206330597889801
0 0.566015625 0.6222157092614302 0.01171875 0.008792497069167644
0 0.237109375 0.6210433763188745 0.01328125 0.008792497069167644
0 0.1546875 0.6186987104337632 0.0140625 0.0076201641266119575
0 0.33046875 0.6184056271981243 0.0125 0.009378663540445486
0 0.738671875 0.6137162954279015 0.01171875 0.008206330597889801
0 0.26796875 0.6090269636576788 0.0125 0.009378663540445486
0 0.21953125 0.6081477139507621 0.0125 0.00996483001172333
0 0.193359375 0.6072684642438453 0.01171875 0.008206330597889801
0 0.308984375 0.6060961313012896 0.01328125 0.007033997655334115
0 0.696484375 0.604337631887456 0.01171875 0.008206330597889801
0 0.558203125 0.6034583821805393 0.01171875 0.008792497069167644
0 0.244140625 0.6025791324736225 0.01328125 0.009378663540445486
0 0.171484375 0.5996483001172332 0.01328125 0.007033997655334115
0 0.80703125 0.5949589683470106 0.0125 0.008206330597889801
0 0.290234375 0.5923212192262602 0.01328125 0.0076201641266119575
0 0.713671875 0.5923212192262602 0.01171875 0.008792497069167644
0 0.261328125 0.5890973036342321 0.01328125 0.009378663540445486
0 0.225 0.5876318874560376 0.0125 0.0076201641266119575
0 0.6921875 0.5870457209847597 0.0125 0.008792497069167644
0 0.155859375 0.5861664712778429 0.01328125 0.009378663540445486
0 0.181640625 0.5832356389214537 0.01328125 0.008206330597889801
0 0.275 0.5764947245017585 0.0015625 0.0017584994138335288
0 0.283984375 0.5767878077373975 0.00546875 0.0035169988276670576
0 0.7515625 0.574736225087925 0.0125 0.006447831184056272
0 0.32578125 0.5741500586166471 0.0125 0.008792497069167644
0 0.203515625 0.5718053927315357 0.01015625 0.005275498241500586
0 0.2375 0.5726846424384525 0.0140625 0.009378663540445486
0 0.174609375 0.5685814771395076 0.00234375 0.0011723329425556857
0 0.64375 0.5679953106682297 0.0109375 0.008206330597889801
0 0.676953125 0.5656506447831184 0.01171875 0.008206330597889801
0 0.587109375 0.563305978898007 0.01171875 0.004689331770222743
0 0.3 0.5653575615474795 0.0125 0.008792497069167644
0 0.261328125 0.5650644783118406 0.01328125 0.009378663540445486
0 0.41484375 0.5586166471277842 0.00625 0.0035169988276670576
0 0.219921875 0.5589097303634232 0.01328125 0.0076201641266119575
0 0.5640625 0.5580304806565064 0.0125 0.007033997655334115
0 0.19453125 0.5545134818288394 0.0125 0.007033997655334115
0 0.80234375 0.5536342321219226 0.009375 0.0076201641266119575
0 0.30859375 0.5492379835873388 0.0125 0.005861664712778429
0 0.24609375 0.5477725674091442 0.0125 0.008792497069167644
0 0.78203125 0.5451348182883939 0.0109375 0.007033997655334115
0 0.283984375 0.5454279015240329 0.01328125 0.008792497069167644
0 0.569140625 0.5413247362250879 0.01171875 0.008792497069167644
0 0.403515625 0.5398593200468933 0.01171875 0.007033997655334115
0 0.265234375 0.5339976553341149 0.01328125 0.004689331770222743
0 0.365625 0.5351699882766706 0.0125 0.008206330597889801
0 0.1734375 0.5342907385697538 0.0125 0.0076201641266119575
0 0.199609375 0.5334114888628371 0.01328125 0.009378663540445486
0 0.29921875 0.5310668229777257 0.0125 0.009378663540445486
0 0.324609375 0.529601406799531 0.01328125 0.0076201641266119575
0 0.241015625 0.52989449003517 0.01328125 0.009378663540445486
0 0.79453125 0.5281359906213364 0.0125 0.008206330597889801
0 0.346875 0.5237397420867527 0.0125 0.008792497069167644
0 0.7390625 0.5190504103165299 0.0109375 0.0076201641266119575
0 0.280078125 0.518757327080891 0.01328125 0.008206330597889801
0 0.37265625 0.5175849941383353 0.0125 0.009378663540445486
0 0.164453125 0.5172919109026963 0.01328125 0.008792497069167644
0 0.255859375 0.5146541617819461 0.01328125 0.008206330597889801
0 0.304296875 0.5128956623681126 0.01328125 0.009378663540445486
0 0.23125 0.5128956623681126 0.0125 0.009378663540445486
0 0.32890625 0.5120164126611958 0.0125 0.008792497069167644
0 0.821484375 0.5099648300117233 0.01171875 0.008206330597889801
0 0.692578125 0.5102579132473622 0.01171875 0.008792497069167644
0 0.416796875 0.5084994138335287 0.01171875 0.005275498241500586
0 0.196875 0.5105509964830012 0.0140625 0.009378663540445486
0 0.547265625 0.5067409144196952 0.01171875 0.008792497069167644
0 0.3546875 0.5052754982415005 0.0125 0.009378663540445486
0 0.747265625 0.5032239155920282 0.01171875 0.008792497069167644
0 0.393359375 0.5032239155920282 0.01171875 0.008792497069167644
0 0.281640625 0.5008792497069168 0.01328125 0.008792497069167644
0 0.30703125 0.4967760844079719 0.0078125 0.004103165298944901
0 0.21328125 0.4967760844079719 0.0125 0.00996483001172333
0 0.239453125 0.49531066822977726 0.01328125 0.008206330597889801
0 0.780078125 0.49501758499413834 0.01328125 0.008792497069167644
0 0.331640625 0.4915005861664713 0.01171875 0.005275498241500586
0 0.818359375 0.4906213364595545 0.01328125 0.008206330597889801
0 0.494921875 0.4891559202813599 0.01171875 0.008792497069167644
0 0.463671875 0.48739742086752635 0.01171875 0.0076201641266119575
0 0.354296875 0.48651817116060964 0.01328125 0.008206330597889801
0 0.404296875 0.48534583821805394 0.01015625 0.007033997655334115
0 0.440625 0.4838804220398593 0.0109375 0.006447831184056272
0 0.262109375 0.48534583821805394 0.01328125 0.009378663540445486
0 0.287109375 0.48212192262602577 0.01328125 0.0076201641266119575
0 0.205859375 0.4806565064478312 0.01328125 0.007033997655334115
0 0.37734375 0.48007033997655335 0.0125 0.008206330597889801
0 0.840625 0.4797772567409144 0.0125 0.008792497069167644
0 0.79921875 0.4797772567409144 0.0125 0.008792497069167644
0 0.316796875 0.4783118405627198 0.01328125 0.009378663540445486
0 0.231640625 0.4783118405627198 0.01328125 0.009378663540445486
0 0.18125 0.4750879249706917 0.0140625 0.0076201641266119575
0 0.710546875 0.4750879249706917 0.01171875 0.008792497069167644
0 0.8203125 0.47332942555685814 0.0109375 0.0076201641266119575
0 0.47578125 0.47215709261430244 0.0109375 0.006447831184056272
0 0.33984375 0.4718640093786635 0.0125 0.009378663540445486
0 0.773828125 0.46922626025791325 0.01328125 0.008792497069167644
0 0.398046875 0.4671746776084408 0.01171875 0.008206330597889801
0 0.269921875 0.46600234466588514 0.01171875 0.005861664712778429
0 0.296875 0.466295427901524 0.0125 0.008792497069167644
0 0.36328125 0.4654161781946073 0.0125 0.009378663540445486
0 0.693359375 0.46365767878077374 0.01171875 0.008206330597889801
0 0.79921875 0.4601406799531067 0.0015625 0.0023446658851113715
0 0.434375 0.46248534583821804 0.0125 0.008206330597889801
0 0.164453125 0.46131301289566234 0.01484375 0.007033997655334115
0 0.724609375 0.46160609613130127 0.01015625 0.008792497069167644
0 0.805859375 0.45838218053927315 0.01171875 0.004689331770222743
0 0.320703125 0.4604337631887456 0.01328125 0.00996483001172333
0 0.832421875 0.4577960140679953 0.01328125 0.008206330597889801
0 0.344921875 0.45574443141852283 0.01015625 0.006447831184056272
0 0.33828125 0.4533997655334115 0.0015625 0.0017584994138335288
0 0.21953125 0.4575029308323564 0.0140625 0.00996483001172333
0 0.48828125 0.45545134818288396 0.0125 0.009378663540445486
0 0.673046875 0.4545720984759672 0.01171875 0.008792497069167644
0 0.74609375 0.45398593200468934 0.0109375 0.008792497069167644
0 0.2453125 0.45310668229777257 0.0125 0.008206330597889801
0 0.641796875 0.4522274325908558 0.01171875 0.008792497069167644
0 0.41953125 0.44871043376318875 0.0125 0.008792497069167644
0 0.18515625 0.44871043376318875 0.0140625 0.00996483001172333
0 0.29765625 0.447831184056272 0.0125 0.009378663540445486
0 0.36640625 0.4469519343493552 0.0125 0.008792497069167644
0 0.390625 0.4451934349355217 0.0109375 0.006447831184056272
0 0.273828125 0.444021101992966 0.01328125 0.006447831184056272
0 0.72734375 0.444021101992966 0.0125 0.008792497069167644
0 0.32421875 0.4416764361078546 0.0125 0.008792497069167644
0 0.478515625 0.43874560375146543 0.01171875 0.008792497069167644
0 0.2265625 0.4381594372801876 0.0140625 0.00996483001172333
0 0.655078125 0.4369871043376319 0.01171875 0.008792497069167644
0 0.748828125 0.43640093786635403 0.01171875 0.008792497069167644
0 0.576171875 0.4358147713950762 0.01171875 0.008792497069167644
0 0.348046875 0.4349355216881594 0.01171875 0.007033997655334115
0 0.305078125 0.43141852286049237 0.01328125 0.005861664712778429
0 0.844140625 0.4320046893317702 0.01328125 0.008206330597889801
0 0.500390625 0.43112543962485345 0.01171875 0.0076201641266119575
0 0.4140625 0.4308323563892145 0.0109375 0.008206330597889801
0 0.78671875 0.4305392731535756 0.0125 0.008792497069167644
0 0.253515625 0.4308323563892145 0.01328125 0.009378663540445486
0 0.184375 0.42995310668229775 0.0140625 0.00996483001172333
0 0.38828125 0.42790152403282533 0.0125 0.008206330597889801
0 0.328125 0.4235052754982415 0.0125 0.0076201641266119575
0 0.36484375 0.4232121922626026 0.0125 0.009378663540445486
0 0.280859375 0.4235052754982415 0.01328125 0.00996483001172333
0 0.163671875 0.417936694021102 0.01484375 0.010550996483001172
0 0.828125 0.4164712778429074 0.0125 0.008792497069167644
0 0.740234375 0.4152989449003517 0.01171875 0.008792497069167644
0 0.76171875 0.4144196951934349 0.0125 0.008206330597889801
0 0.716796875 0.4135404454865182 0.01171875 0.0076201641266119575
0 0.784765625 0.41295427901524034 0.01328125 0.008792497069167644
0 0.243359375 0.4135404454865182 0.01328125 0.00996483001172333
0 0.41328125 0.41207502930832357 0.0125 0.008206330597889801
0 0.299609375 0.41178194607268465 0.01328125 0.008792497069167644
0 0.192578125 0.4123681125439625 0.01484375 0.00996483001172333
0 0.4375 0.4100234466588511 0.0109375 0.0076201641266119575
0 0.218359375 0.41060961313012895 0.01328125 0.00996483001172333
0 0.3484375 0.40738569753810083 0.0125 0.009378663540445486
0 0.266796875 0.40738569753810083 0.01328125 0.009378663540445486
0 0.3234375 0.40533411488862836 0.0125 0.008792497069167644
0 0.3734375 0.4044548651817116 0.0125 0.008206330597889801
0 0.466015625 0.402989449003517 0.01171875 0.0076201641266119575
0 0.489453125 0.402989449003517 0.01171875 0.008792497069167644
0 0.838671875 0.40123094958968347 0.01328125 0.008792497069167644
0 0.81171875 0.3994724501758499 0.0125 0.008792497069167644
0 0.732421875 0.3988862837045721 0.01015625 0.008792497069167644
0 0.78125 0.39566236811254396 0.0015625 0.0035169988276670576
0 0.395703125 0.39771395076201643 0.01171875 0.008792497069167644
0 0.7921875 0.3936107854630715 0.0015625 0.0017584994138335288
0 0.16953125 0.39771395076201643 0.0140625 0.00996483001172333
0 0.762109375 0.39654161781946073 0.01171875 0.008792497069167644
0 0.709375 0.39566236811254396 0.0109375 0.008206330597889801
0 0.78828125 0.391852286049238 0.0046875 0.0017584994138335288
0 0.4265625 0.39419695193434934 0.0125 0.008792497069167644
0 0.304296875 0.3930246189917937 0.01328125 0.008792497069167644
0 0.1953125 0.3936107854630715 0.0140625 0.00996483001172333
0 0.508203125 0.39155920281359907 0.01171875 0.007033997655334115
0 0.246875 0.3930246189917937 0.0140625 0.00996483001172333
0 0.278515625 0.3909730363423212 0.01328125 0.009378663540445486
0 0.22109375 0.3906799531066823 0.0140625 0.00996483001172333
0 0.573046875 0.3895076201641266 0.01171875 0.008792497069167644
0 0.35859375 0.3895076201641266 0.0125 0.008792497069167644
0 0.33359375 0.38892145369284875 0.0125 0.008792497069167644
0 0.550390625 0.38569753810082064 0.01171875 0.007033997655334115
0 0.828515625 0.38599062133645956 0.01328125 0.008792497069167644
0 0.62734375 0.384232121922626 0.0109375 0.0076201641266119575
0 0.46953125 0.3854044548651817 0.0109375 0.00996483001172333
0 0.381640625 0.38276670574443145 0.01328125 0.009378663540445486
0 0.7734375 0.3813012895662368 0.0125 0.008792497069167644
0 0.733984375 0.3813012895662368 0.01171875 0.008792497069167644
0 0.6796875 0.3813012895662368 0.0109375 0.008792497069167644
0 0.797265625 0.3798358733880422 0.01171875 0.008206330597889801
0 0.415625 0.37778429073856973 0.0109375 0.008792497069167644
0 0.180078125 0.3783704572098476 0.01484375 0.00996483001172333
0 0.809765625 0.373094958968347 0.00078125 0.0005861664712778429
0 0.2609375 0.37778429073856973 0.0140625 0.00996483001172333
0 0.3140625 0.3766119577960141 0.0125 0.008792497069167644
0 0.235546875 0.3757327080890973 0.01328125 0.010550996483001172
0 0.509375 0.3733880422039859 0.0109375 0.007033997655334115
0 0.442578125 0.3742672919109027 0.01171875 0.00996483001172333
0 0.810546875 0.36723329425556855 0.00078125 0.0005861664712778429
0 0.359765625 0.3704572098475967 0.01171875 0.008206330597889801
0 0.816796875 0.3678194607268464 0.01015625 0.005275498241500586
0 0.612890625 0.36957796014067995 0.01171875 0.008792497069167644
0 0.2109375 0.3704572098475967 0.0140625 0.010550996483001172
0 0.55234375 0.36840562719812425 0.0125 0.0076201641266119575
0 0.2921875 0.36811254396248533 0.0125 0.009378663540445486
0 0.46484375 0.3669402110199297 0.0125 0.009378663540445486
0 0.33515625 0.3669402110199297 0.0125 0.009378663540445486
0 0.842578125 0.36547479484173506 0.01328125 0.008792497069167644
0 0.488671875 0.36547479484173506 0.01171875 0.008792497069167644
0 0.741015625 0.36430246189917936 0.01171875 0.008792497069167644
0 0.38203125 0.36400937866354044 0.0125 0.008206330597889801
0 0.771484375 0.3637162954279015 0.01171875 0.008792497069167644
0 0.676171875 0.3637162954279015 0.01171875 0.008792497069167644
0 0.795703125 0.3622508792497069 0.01171875 0.009378663540445486
0 0.65 0.36107854630715125 0.0109375 0.008206330597889801
0 0.526171875 0.3613716295427902 0.01171875 0.008792497069167644
0 0.40625 0.3604923798358734 0.0109375 0.008206330597889801
0 0.250390625 0.3607854630715123 0.01328125 0.00996483001172333
0 0.17265625 0.3593200468933177 0.0125 0.009378663540445486
0 0.31328125 0.3569753810082063 0.0125 0.007033997655334115
0 0.626953125 0.35580304806565066 0.01171875 0.008206330597889801
0 0.708203125 0.3549237983587339 0.01015625 0.008792497069167644
0 0.827734375 0.35433763188745604 0.01015625 0.008792497069167644
0 0.273828125 0.35433763188745604 0.01328125 0.00996483001172333
0 0.597265625 0.35345838218053927 0.01171875 0.009378663540445486
0 0.226171875 0.3537514654161782 0.01328125 0.00996483001172333
0 0.83984375 0.34876905041031653 0.0015625 0.0023446658851113715
0 0.42734375 0.35199296600234464 0.0125 0.008792497069167644
0 0.57421875 0.35140679953106685 0.0109375 0.008792497069167644
0 0.1953125 0.35199296600234464 0.0140625 0.00996483001172333
0 0.841015625 0.34671746776084406 0.00078125 0.0005861664712778429
0 0.505078125 0.3505275498241501 0.01171875 0.009378663540445486
0 0.75546875 0.3496483001172333 0.0125 0.008792497069167644
0 0.781640625 0.3484759671746776 0.01328125 0.008792497069167644
0 0.3359375 0.34788980070339975 0.009375 0.0076201641266119575
0 0.84921875 0.34583821805392734 0.0078125 0.004689331770222743
0 0.6875 0.347010550996483 0.0109375 0.007033997655334115
0 0.462890625 0.3481828839390387 0.01015625 0.009378663540445486
0 0.5484375 0.34642438452520513 0.0109375 0.009378663540445486
0 0.38671875 0.34613130128956626 0.0109375 0.008792497069167644
0 0.361328125 0.343200468933177 0.00703125 0.006447831184056272
0 0.16953125 0.34144196951934347 0.0015625 0.0029308323563892145
0 0.157421875 0.33909730363423213 0.00078125 0.0005861664712778429
0 0.659765625 0.34114888628370454 0.00859375 0.005861664712778429
0 0.29765625 0.3429073856975381 0.0125 0.009378663540445486
0 0.25234375 0.3417350527549824 0.0125 0.009378663540445486
0 0.616796875 0.3399765533411489 0.01171875 0.009378663540445486
0 0.16328125 0.3373388042203986 0.0109375 0.004103165298944901
0 0.5234375 0.33939038686987105 0.0109375 0.009378663540445486
0 0.81484375 0.3385111371629543 0.0125 0.008792497069167644
0 0.483984375 0.33792497069167643 0.01171875 0.008792497069167644
0 0.407421875 0.3376318874560375 0.01171875 0.009378663540445486
0 0.726171875 0.3361664712778429 0.01015625 0.008792497069167644
0 0.590625 0.3355803048065651 0.0109375 0.008792497069167644
0 0.704296875 0.3347010550996483 0.00859375 0.008206330597889801
0 0.27578125 0.33382180539273154 0.0125 0.0076201641266119575
0 0.212109375 0.3303048065650645 0.00078125 0.0005861664712778429
0 0.43125 0.3335287221570926 0.0109375 0.008206330597889801
0 0.834765625 0.3332356389214537 0.01328125 0.008792497069167644
0 0.769921875 0.3332356389214537 0.01171875 0.008792497069167644
0 0.79296875 0.33294255568581477 0.0109375 0.009378663540445486
0 0.748046875 0.33294255568581477 0.01171875 0.009378663540445486
0 0.566015625 0.33294255568581477 0.01015625 0.009378663540445486
0 0.188671875 0.33264947245017584 0.01171875 0.008792497069167644
0 0.678125 0.3308909730363423 0.009375 0.0076201641266119575
0 0.326171875 0.3305978898007034 0.01015625 0.008206330597889801
0 0.455078125 0.3300117233294256 0.01015625 0.008206330597889801
0 0.35234375 0.3267878077373974 0.003125 0.0029308323563892145
0 0.376171875 0.32854630715123095 0.00859375 0.0076201641266119575
0 0.241796875 0.32708089097303633 0.00234375 0.004689331770222743
0 0.541796875 0.32825322391559203 0.01171875 0.008206330597889801
0 0.507421875 0.32737397420867526 0.00546875 0.006447831184056272
0 0.2359375 0.32297772567409144 0.00625 0.0023446658851113715
0 0.65625 0.3238569753810082 0.009375 0.0076201641266119575
0 0.210546875 0.324736225087925 0.01171875 0.009378663540445486
0 0.30390625 0.3235638921453693 0.009375 0.008206330597889801
0 0.6296875 0.32297772567409144 0.009375 0.008206330597889801
0 0.60546875 0.3215123094958968 0.0109375 0.008792497069167644
0 0.808984375 0.32092614302461897 0.01171875 0.008792497069167644
0 0.476171875 0.32092614302461897 0.01015625 0.008792497069167644
0 0.39921875 0.3194607268464244 0.009375 0.007033997655334115
0 0.716015625 0.3194607268464244 0.01015625 0.008206330597889801
0 0.16875 0.32004689331770225 0.0140625 0.010550996483001172
0 0.785546875 0.31477139507620167 0.00234375 0.0011723329425556857
0 0.58203125 0.31858147713950763 0.009375 0.008792497069167644
0 0.781640625 0.3138921453692849 0.00390625 0.0005861664712778429
0 0.277734375 0.3156506447831184 0.01015625 0.004103165298944901
0 0.758984375 0.31740914419695193 0.01171875 0.008792497069167644
0 0.692578125 0.31652989449003516 0.00859375 0.007033997655334115
0 0.523828125 0.31652989449003516 0.01015625 0.008206330597889801
0 0.42265625 0.31623681125439623 0.0109375 0.008792497069167644
0 0.83828125 0.31535756154747946 0.0125 0.008206330597889801
0 0.558203125 0.3150644783118406 0.01171875 0.008792497069167644
0 0.4484375 0.3130128956623681 0.00625 0.004689331770222743
0 0.736328125 0.31008206330597887 0.00546875 0.0011723329425556857
0 0.254296875 0.31447831184056274 0.01328125 0.00996483001172333
0 0.32265625 0.3115474794841735 0.0078125 0.008792497069167644
0 0.494921875 0.31008206330597887 0.01015625 0.008206330597889801
0 0.345703125 0.30803048065650646 0.00703125 0.005275498241500586
0 0.64375 0.30890973036342323 0.009375 0.008206330597889801
0 0.225390625 0.30890973036342323 0.01015625 0.009378663540445486
0 0.173046875 0.3033411488862837 0.00078125 0.0005861664712778429
0 0.6203125 0.30656506447831183 0.009375 0.008206330597889801
0 0.3734375 0.30685814771395076 0.0109375 0.008792497069167644
0 0.821875 0.3030480656506448 0.0078125 0.0035169988276670576
0 0.797265625 0.305978898007034 0.01171875 0.009378663540445486
0 0.59765625 0.302168815943728 0.0078125 0.006447831184056272
0 0.540234375 0.3030480656506448 0.01015625 0.008206330597889801
0 0.70859375 0.30246189917936694 0.0078125 0.008206330597889801
0 0.471484375 0.30246189917936694 0.00703125 0.008206330597889801
0 0.770703125 0.302168815943728 0.01015625 0.008792497069167644
0 0.2984375 0.30246189917936694 0.009375 0.009378663540445486
0 0.5734375 0.3009964830011723 0.0109375 0.0076201641266119575
0 0.396875 0.30128956623681125 0.0109375 0.008206330597889801
0 0.834765625 0.29572098475967173 0.00078125 0.0005861664712778429
0 0.685546875 0.2995310668229777 0.01015625 0.008206330597889801
0 0.515234375 0.29835873388042206 0.00703125 0.007033997655334115
0 0.74921875 0.2977725674091442 0.009375 0.008206330597889801
0 0.420703125 0.2974794841735053 0.01015625 0.008792497069167644
0 0.26796875 0.2974794841735053 0.0125 0.008792497069167644
0 0.17421875 0.29806565064478313 0.009375 0.00996483001172333
0 0.4453125 0.29308323563892147 0.0078125 0.005861664712778429
0 0.328125 0.2933763188745604 0.0109375 0.0076201641266119575
0 0.83203125 0.2922039859320047 0.003125 0.006447831184056272
0 0.726171875 0.2933763188745604 0.01171875 0.008792497069167644
0 0.491796875 0.2922039859320047 0.00546875 0.006447831184056272
0 0.6609375 0.29191090269636577 0.009375 0.007033997655334115
0 0.6359375 0.2922039859320047 0.00625 0.0076201641266119575
0 0.834765625 0.28751465416178196 0.00078125 0.0005861664712778429
0 0.36015625 0.29073856975381007 0.009375 0.008206330597889801
0 0.810546875 0.2866354044548652 0.00390625 0.0011723329425556857
0 0.7875 0.2901524032825322 0.0109375 0.009378663540445486
0 0.555859375 0.2889800703399766 0.01015625 0.008206330597889801
0 0.534375 0.2857561547479484 0.00625 0.0076201641266119575
0 0.704296875 0.28487690504103164 0.00546875 0.007033997655334115
0 0.382421875 0.2857561547479484 0.01171875 0.008792497069167644
0 0.764453125 0.28516998827667056 0.01015625 0.008792497069167644
0 0.601171875 0.28487690504103164 0.00703125 0.008206330597889801
0 0.286328125 0.2842907385697538 0.01171875 0.008206330597889801
0 0.466015625 0.28311840562719814 0.00859375 0.007033997655334115
0 0.81796875 0.27989449003517 0.0015625 0.0017584994138335288
0 0.679296875 0.28223915592028137 0.00859375 0.008792497069167644
0 0.509765625 0.2801875732708089 0.00546875 0.005861664712778429
0 0.40703125 0.2816529894490035 0.0109375 0.008792497069167644
0 0.742578125 0.2804806565064478 0.01171875 0.008792497069167644
0 0.253125 0.28077373974208675 0.009375 0.009378663540445486
0 0.3109375 0.2787221570926143 0.0109375 0.0076201641266119575
0 0.579296875 0.27754982415005863 0.00703125 0.006447831184056272
0 0.6234375 0.27637749120750293 0.0046875 0.005275498241500586
0 0.8578125 0.27754982415005863 0.0125 0.008792497069167644
0 0.81796875 0.27403282532239154 0.0015625 0.0017584994138335288
0 0.823046875 0.27227432590855805 0.00234375 0.0005861664712778429
0 0.650390625 0.276084407971864 0.00859375 0.008206330597889801
0 0.344921875 0.2749120750293083 0.00546875 0.005861664712778429
0 0.721484375 0.27549824150058616 0.00859375 0.008206330597889801
0 0.434765625 0.2757913247362251 0.01015625 0.008792497069167644
0 0.79921875 0.2746189917936694 0.0109375 0.008792497069167644
0 0.48515625 0.2728604923798359 0.009375 0.0076201641266119575
0 0.365625 0.27110199296600235 0.0109375 0.0076201641266119575
0 0.77734375 0.26992966002344665 0.0109375 0.008792497069167644
0 0.27109375 0.2696365767878077 0.0125 0.009378663540445486
0 0.694140625 0.26817116060961316 0.00859375 0.0076201641266119575
0 0.3921875 0.2675849941383353 0.00625 0.006447831184056272
0 0.60078125 0.2661195779601407 0.0046875 0.005861664712778429
0 0.557421875 0.2661195779601407 0.00703125 0.008206330597889801
0 0.84140625 0.2661195779601407 0.0125 0.009378663540445486
0 0.75546875 0.26553341148886284 0.009375 0.008206330597889801
0 0.458984375 0.26553341148886284 0.01171875 0.008206330597889801
0 0.67109375 0.264947245017585 0.0078125 0.008206330597889801
0 0.294921875 0.2640679953106682 0.01171875 0.0076201641266119575
0 0.41484375 0.26348182883939036 0.009375 0.0076201641266119575
0 0.325 0.26318874560375144 0.0078125 0.008206330597889801
0 0.50390625 0.2623094958968347 0.009375 0.008792497069167644
0 0.733203125 0.261137162954279 0.01015625 0.008792497069167644
0 0.6265625 0.2593786635404455 0.0078125 0.0076201641266119575
0 0.81484375 0.2599648300117233 0.0109375 0.00996483001172333
0 0.579296875 0.2582063305978898 0.00703125 0.0076201641266119575
0 0.650390625 0.25732708089097306 0.00703125 0.007033997655334115
0 0.79296875 0.25703399765533413 0.0109375 0.008792497069167644
0 0.71171875 0.25703399765533413 0.009375 0.008792497069167644
0 0.35078125 0.25586166471277844 0.009375 0.0076201641266119575
0 0.533984375 0.2552754982415006 0.01015625 0.0076201641266119575
0 0.4375 0.25586166471277844 0.0109375 0.008792497069167644
0 0.48046875 0.25498241500586166 0.0109375 0.008206330597889801
0 0.828515625 0.2508792497069168 0.00078125 0.0023446658851113715
0 0.374609375 0.2523446658851114 0.00859375 0.0076201641266119575
0 0.771484375 0.2523446658851114 0.01015625 0.008792497069167644
0 0.68984375 0.2502930832356389 0.009375 0.008206330597889801
0 0.16796875 0.2508792497069168 0.0109375 0.010550996483001172
0 0.837109375 0.246189917936694 0.01015625 0.0035169988276670576
0 0.751953125 0.24765533411488863 0.00546875 0.0076201641266119575
0 0.55625 0.24706916764361078 0.0078125 0.0076201641266119575
0 0.667578125 0.24677608440797186 0.00859375 0.008206330597889801
0 0.600390625 0.24531066822977726 0.00546875 0.006447831184056272
0 0.458984375 0.2458968347010551 0.01015625 0.0076201641266119575
0 0.811328125 0.2417936694021102 0.00078125 0.0005861664712778429
0 0.321875 0.2447245017584994 0.00625 0.006447831184056272
0 0.415234375 0.24531066822977726 0.01171875 0.008792497069167644
0 0.5078125 0.24384525205158264 0.009375 0.007033997655334115
0 0.7265625 0.2429660023446659 0.009375 0.0076201641266119575
0 0.623828125 0.24091441969519342 0.00390625 0.004689331770222743
0 0.853515625 0.24150058616647127 0.01328125 0.009378663540445486
0 0.8109375 0.23827667057444316 0.0015625 0.0029308323563892145
0 0.821875 0.23622508792497068 0.0015625 0.0011723329425556857
0 0.64453125 0.23944900351699883 0.009375 0.0076201641266119575
0 0.813671875 0.23534583821805394 0.00078125 0.0005861664712778429
0 0.81640625 0.2347596717467761 0.003125 0.0005861664712778429
0 0.790625 0.23886283704572098 0.0125 0.008792497069167644
0 0.57734375 0.23681125439624853 0.0078125 0.007033997655334115
0 0.705078125 0.23710433763188746 0.00859375 0.008792497069167644
0 0.391796875 0.23681125439624853 0.01171875 0.008206330597889801
0 0.34375 0.23710433763188746 0.009375 0.008792497069167644
0 0.48046875 0.23593200468933176 0.009375 0.0076201641266119575
0 0.437890625 0.2365181711606096 0.00859375 0.008792497069167644
0 0.76640625 0.2347596717467761 0.0109375 0.008792497069167644
0 0.533203125 0.23417350527549824 0.00703125 0.0076201641266119575
0 0.3671875 0.2335873388042204 0.0109375 0.0076201641266119575
0 0.83515625 0.23124267291910902 0.0140625 0.008792497069167644
0 0.74609375 0.22889800703399765 0.0078125 0.0076201641266119575
0 0.168359375 0.23036342321219228 0.01328125 0.010550996483001172
0 0.66328125 0.22860492379835873 0.009375 0.008206330597889801
0 0.55625 0.2283118405627198 0.0078125 0.0076201641266119575
0 0.501953125 0.2268464243845252 0.00546875 0.004689331770222743
0 0.459375 0.22743259085580306 0.0078125 0.008206330597889801
0 0.2828125 0.22626025791324736 0.0109375 0.007033997655334115
0 0.6328125 0.22479484173505276 0.0046875 0.005275498241500586
0 0.317578125 0.22450175849941384 0.00703125 0.004689331770222743
0 0.687109375 0.22450175849941384 0.00703125 0.008206330597889801
0 0.862890625 0.22450175849941384 0.01328125 0.009378663540445486
0 0.724609375 0.22362250879249707 0.00703125 0.0076201641266119575
0 0.4125 0.22362250879249707 0.0078125 0.008792497069167644
0 0.802734375 0.22157092614302462 0.01171875 0.009378663540445486
0 0.77890625 0.22098475967174677 0.0109375 0.009378663540445486
0 0.580859375 0.21893317702227433 0.00859375 0.0076201641266119575
0 0.3484375 0.2186400937866354 0.009375 0.007033997655334115
0 0.521875 0.2174677608440797 0.0078125 0.007033997655334115
0 0.4796875 0.2174677608440797 0.0078125 0.008206330597889801
0 0.4359375 0.2171746776084408 0.0078125 0.008792497069167644
0 0.3734375 0.21570926143024619 0.0078125 0.008206330597889801
0 0.7578125 0.21541617819460726 0.0109375 0.008792497069167644
0 0.70390625 0.21365767878077374 0.00625 0.006447831184056272
0 0.84453125 0.21395076201641267 0.0125 0.008206330597889801
0 0.544921875 0.21189917936694022 0.00703125 0.0076201641266119575
0 0.602734375 0.21131301289566237 0.00703125 0.0076201641266119575
0 0.666796875 0.21072684642438452 0.00703125 0.0076201641266119575
0 0.457421875 0.20867526377491208 0.00390625 0.004689331770222743
0 0.499609375 0.20720984759671746 0.00859375 0.0076201641266119575
0 0.72421875 0.20574443141852286 0.00625 0.008206330597889801
0 0.410546875 0.20427901524032827 0.00859375 0.006447831184056272
0 0.56640625 0.20369284876905042 0.00625 0.006447831184056272
0 0.68671875 0.20046893317702227 0.0046875 0.005861664712778429
0 0.744140625 0.20105509964830012 0.01015625 0.009378663540445486
0 0.38671875 0.19929660023446658 0.0078125 0.007033997655334115
0 0.521484375 0.1981242672919109 0.00546875 0.005861664712778429
0 0.47734375 0.1981242672919109 0.00625 0.005861664712778429
0 0.43359375 0.19841735052754983 0.009375 0.0076201641266119575
0 0.761328125 0.1943141852286049 0.00078125 0.0005861664712778429
0 0.58671875 0.1969519343493552 0.009375 0.008206330597889801
0 0.76796875 0.19079718640093787 0.0015625 0.0005861664712778429
0 0.708203125 0.19284876905041032 0.00390625 0.004689331770222743
0 0.54453125 0.19343493552168817 0.0078125 0.007033997655334115
0 0.363671875 0.19079718640093787 0.00703125 0.005275498241500586
0 0.815625 0.19226260257913247 0.0125 0.009378663540445486
0 0.45546875 0.18874560375146543 0.00625 0.004689331770222743
0 0.73046875 0.18786635404454866 0.0046875 0.006447831184056272
0 0.499609375 0.1884525205158265 0.00859375 0.0076201641266119575
0 0.56640625 0.18522860492379836 0.00625 0.007033997655334115
0 0.677734375 0.182883939038687 0.00859375 0.007033997655334115
0 0.6265625 0.18317702227432592 0.009375 0.0076201641266119575
0 0.60078125 0.18112543962485345 0.0046875 0.0035169988276670576
0 0.776171875 0.179073856975381 0.00078125 0.0005861664712778429
0 0.748828125 0.17936694021101993 0.00546875 0.0011723329425556857
0 0.5296875 0.17966002344665885 0.0046875 0.0029308323563892145
0 0.781640625 0.17672919109026963 0.00234375 0.0005861664712778429
0 0.435546875 0.17702227432590856 0.00390625 0.0035169988276670576
0 0.316796875 0.17819460726846426 0.00703125 0.007033997655334115
0 0.6984375 0.1746776084407972 0.009375 0.005861664712778429
0 0.81171875 0.17409144196951934 0.0125 0.009378663540445486
0 0.50625 0.17057444314185227 0.009375 0.007033997655334115
0 0.579296875 0.1694021101992966 0.00859375 0.005861664712778429
0 0.482421875 0.16881594372801875 0.00859375 0.005861664712778429
0 0.72890625 0.16910902696365768 0.0109375 0.0076201641266119575
0 0.3796875 0.16471277842907386 0.0046875 0.0035169988276670576
0 0.54453125 0.1652989449003517 0.009375 0.005861664712778429
0 0.751171875 0.1611957796014068 0.00546875 0.0011723329425556857
0 0.840625 0.16266119577960142 0.0125 0.00996483001172333
0 0.80859375 0.1585580304806565 0.0015625 0.0017584994138335288
0 0.40859375 0.16090269636576787 0.0078125 0.006447831184056272
0 0.598828125 0.1570926143024619 0.00390625 0.004689331770222743
0 0.706640625 0.15826494724501758 0.00859375 0.008206330597889801
0 0.63125 0.15679953106682298 0.0046875 0.0076201641266119575
0 0.81640625 0.15328253223915592 0.0078125 0.0029308323563892145
0 0.769921875 0.15386869871043377 0.01171875 0.00996483001172333
0 0.651953125 0.15240328253223914 0.00859375 0.008206330597889801
0 0.53125 0.15093786635404455 0.0078125 0.0076201641266119575
0 0.507421875 0.1488862837045721 0.00546875 0.004689331770222743
0 0.3125 0.14859320046893318 0.0078125 0.0076201641266119575
0 0.793359375 0.14917936694021103 0.01171875 0.00996483001172333
0 0.565234375 0.1444900351699883 0.00703125 0.006447831184056272
0 0.745703125 0.13892145369284878 0.00859375 0.007033997655334115
0 0.286328125 0.13745603751465416 0.01171875 0.0076201641266119575
0 0.675390625 0.13569753810082064 0.01015625 0.008792497069167644
0 0.61484375 0.13188745603751464 0.0078125 0.007033997655334115
0 0.34765625 0.13042203985932005 0.00625 0.006447831184056272
0 0.309375 0.12895662368112543 0.009375 0.004689331770222743
0 0.2578125 0.13012895662368112 0.0125 0.009378663540445486
0 0.653515625 0.12778429073856976 0.00703125 0.005861664712778429
0 0.515234375 0.12690504103165298 0.00546875 0.005275498241500586
0 0.571484375 0.12602579132473624 0.00390625 0.004689331770222743
0 0.489453125 0.12162954279015241 0.00703125 0.006447831184056272
0 0.203515625 0.11137162954279015 0.01171875 0.011723329425556858
