
You are a global Reinforcement Learning policy optimizer, helping me find the global optimal policy in the following environment.

# Environment:
     In this robot cleaning environment, the swiffer duster is connected to the UR5e robot at the end-effector. The swiffer duster is used to clean a tabletop that is covered with light balls. The trajectory of the swiffer across 2D Plane ( x, y ) should follow a smooth motion to  clean all the balls from the tabletop. The dimension ( x ∈ [-1.350, 1.350], y ∈ [-0.700, 0.700] ) of tabletop is broken down in 2x3 grid. The number of balls in each segment of the grid is  based on the motion of the swiffer.
     The policy used for generating the trajectory of the swiffer is a dynamic movement primitives (dmp) with number of basis function (n_bfs = 25) for each degree of freedom ( x, y ). The cost is calculated as total number of balls on the tabletop are 197  which is broken down spatially based on the number of balls in each segment of the grid (represented as: rows=y high→low, cols=x left→right). 
# Regarding the parameters : Weights for the dmp policy are flattened [x then y] with total length 50. You will help me find optimal weights that minimize the cost. 

# Here's how we will interact :
    1) I will provide you max steps (510) along with a couple of training examples which includes weights for the policy, cost, x-y trajectories for each example 
    2) You will provide the response in exact following format: 
        Output: STRICTLY one JSON object on a single line (no code fences). Include a brief "reason" and the "weights":
        {"reason": "one sentence explaining coverage, bounds adherence, and trajectory improvements", "weights": [exactly 50 floats]}
    3) I will then provide the cost in two representations (total ball count, grid ball count) and the x-y trajectories at that point and the current iteration.
    4) You will repeat the steps from 2-3 until we will reach a maximum number of iteration.

# Remember :
    1) XY WORKSPACE LIMITS (meters): x ∈ [-1.350, 1.350], y ∈ [-0.700, 0.700]. Any path implied by your weights must keep the 2D trajectory strictly within these bounds.
    2) When creating weights, use the trajectory feedback to understand:
      * If previous motions stayed in bounds
      * Which areas were actually covered vs missed
      * How smooth/erratic the motion was
      * Where the robot spent time vs where balls remain
    3) Balance between exploration and exploitation. 
    4) Search both the positive and the negative values.
    5) The global optimum should be at 0 balls in each grid segment (0 total balls). If you are below that, this is just a local optimum. You should explore rather than exploiting.

Next :
     You will see examples of the dmp weights and their corresponding trajectory and cost.
     weights = [84.993855, 69.885069, 55.206646, 42.306527, 32.309473, 24.273628, 12.420855, -7.368554, -24.351259, -28.730552, -34.305447, -50.96178, -73.563352, -95.873989, -116.474452, -135.129149, -149.577451, -159.238397, -166.375785, -171.873775, -173.325799, -168.103406, -154.11261, -132.871615, -110.755176, -90.821882, -71.419665, -52.33974, -35.634237, -21.18727, -7.303905, 6.098977, 19.240626, 33.455577, 50.216669, 69.857061, 91.259438, 111.596813, 129.704331, 145.486411, 157.232589, 165.402812, 170.847044, 172.445849, 169.429601, 162.092667, 149.79719, 133.344939, 116.11635, 100.117687, 34.254739, 29.930115, 24.678004, 18.37642, 11.170079, 2.594627, -11.680548, -38.735428, -61.330785, -54.551031, -39.820681, -36.935136, -39.02968, -40.045511, -39.303201, -36.18576, -29.635765, -20.488875, -9.569289, 2.788452, 14.835595, 24.992636, 31.936633, 35.02832, 35.098438, 32.884945, 28.724358, 23.129088, 16.82561, 10.515734, 4.220914, -2.627085, -10.225675, -18.073946, -25.517172, -31.15169, -34.177154, -35.122555, -33.961812, -30.347473, -23.521878, -13.65379, -2.620972, 8.878889, 20.748335, 31.418109, 38.337951, 40.379633, 39.578511, 37.560793] and [65.370776, 52.45726, 40.6369, 29.605392, 18.033523, 5.931341, -6.326353, -17.461541, -26.223187, -34.197609, -43.399004, -54.797347, -68.689981, -82.694078, -94.078938, -103.69877, -112.681819, -119.626482, -123.539309, -125.587927, -126.502001, -125.569174, -121.310892, -113.123039, -102.857885, -92.476709, -81.730354, -69.824577, -57.163148, -43.903959, -30.130638, -16.832759, -5.461248, 3.898699, 13.039037, 24.292207, 38.638945, 54.356717, 69.000578, 81.899959, 95.212694, 109.469252, 120.0602, 125.02996, 125.826018, 121.888043, 112.735371, 100.636731, 88.93199, 77.724505, 19.196539, 20.155751, 20.191332, 19.36449, 17.515903, 13.783372, 4.013372, -16.789299, -35.348693, -32.588751, -23.101339, -21.806064, -24.332201, -25.823497, -25.295929, -22.72066, -17.556588, -10.202657, -2.521874, 4.979672, 12.367861, 18.321992, 22.457555, 25.042474, 26.014404, 25.853485, 24.864491, 23.192582, 21.340527, 19.428395, 17.001096, 13.072102, 7.107368, -0.352414, -8.055547, -14.14084, -18.052256, -20.831035, -22.672769, -23.392738, -23.288176, -22.075108, -18.524282, -12.418171, -5.340101, 1.58115, 8.114919, 13.18374, 15.986256, 17.655942],
     Trajectory = 20
     Total cost = 197
     Grid cost = [[42, 34], [29, 27], [25, 40]]
     
     
# Historical Feedback Summary (last 10 iterations)
# Iteration Performance Summary (last 8 iterations):
  1st iteration: total_balls=192, waypoints_executed=1571, grid_distribution=[42, 30, 27, 22, 30, 41]
  2nd iteration: total_balls=197, waypoints_executed=1571, grid_distribution=[42, 34, 28, 27, 26, 40]
  3rd iteration: total_balls=189, waypoints_executed=1571, grid_distribution=[47, 36, 20, 17, 28, 41]
  4th iteration: total_balls=194, waypoints_executed=1570, grid_distribution=[56, 45, 22, 23, 27, 21]
  5th iteration: total_balls=191, waypoints_executed=1571, grid_distribution=[34, 34, 30, 25, 32, 36]
  6th iteration: total_balls=193, waypoints_executed=1571, grid_distribution=[36, 30, 30, 29, 23, 45]
  7th iteration: total_balls=193, waypoints_executed=1571, grid_distribution=[51, 36, 17, 20, 27, 42]
  8th iteration: total_balls=198, waypoints_executed=41, grid_distribution=[37, 36, 27, 30, 32, 36]

# Trajectory Path Analysis (last 4 iterations):
  1st iteration: path_start=[(0.011, -0.173), (0.01, -0.173), (0.01, -0.173), (0.01, -0.173), (0.01, -0.174), (0.01, -0.174), (0.01, -0.175), (0.01, -0.175), (0.01, -0.176), (0.009, -0.177), (0.009, -0.178), (0.009, -0.178), (0.009, -0.179), (0.008, -0.18), (0.008, -0.181), (0.008, -0.182), (0.007, -0.183), (0.007, -0.184), (0.007, -0.186), (0.006, -0.187), (0.006, -0.188), (0.005, -0.189), (0.005, -0.19), (0.004, -0.192), (0.004, -0.193), (0.003, -0.194), (0.003, -0.196), (0.002, -0.197), (0.002, -0.198), (0.001, -0.2), (0.001, -0.201), (0.0, -0.202), (-0.0, -0.204), (-0.001, -0.205), (-0.002, -0.207), (-0.002, -0.208), (-0.003, -0.21), (-0.004, -0.211), (-0.004, -0.213), (-0.005, -0.214), (-0.006, -0.215), (-0.006, -0.217), (-0.007, -0.218), (-0.008, -0.22), (-0.008, -0.221), (-0.009, -0.223), (-0.01, -0.224), (-0.011, -0.226), (-0.011, -0.227), (-0.012, -0.229), (-0.013, -0.23), (-0.014, -0.231), (-0.014, -0.233), (-0.015, -0.234), (-0.016, -0.236), (-0.017, -0.237), (-0.018, -0.238), (-0.019, -0.24), (-0.019, -0.241), (-0.02, -0.243), (-0.021, -0.244), (-0.022, -0.245), (-0.023, -0.247), (-0.024, -0.248), (-0.025, -0.249), (-0.026, -0.251), (-0.027, -0.252), (-0.027, -0.253), (-0.028, -0.254), (-0.029, -0.256), (-0.03, -0.257), (-0.031, -0.258), (-0.032, -0.259), (-0.033, -0.26), (-0.034, -0.262), (-0.035, -0.263), (-0.036, -0.264), (-0.037, -0.265), (-0.038, -0.266), (-0.039, -0.267), (-0.04, -0.268), (-0.041, -0.269), (-0.042, -0.27), (-0.043, -0.272), (-0.044, -0.273), (-0.045, -0.274), (-0.046, -0.275), (-0.047, -0.276), (-0.048, -0.277), (-0.049, -0.278), (-0.05, -0.278), (-0.051, -0.279), (-0.052, -0.28), (-0.053, -0.281), (-0.054, -0.282), (-0.055, -0.283), (-0.056, -0.284), (-0.057, -0.285), (-0.058, -0.286), (-0.06, -0.286), (-0.061, -0.287), (-0.062, -0.288), (-0.063, -0.289), (-0.064, -0.289), (-0.065, -0.29), (-0.066, -0.291), (-0.067, -0.292), (-0.068, -0.292), (-0.069, -0.293), (-0.07, -0.294), (-0.072, -0.294), (-0.073, -0.295), (-0.074, -0.296), (-0.075, -0.296), (-0.076, -0.297), (-0.077, -0.297), (-0.078, -0.298), (-0.079, -0.299), (-0.081, -0.299), (-0.082, -0.3), (-0.083, -0.3), (-0.084, -0.301), (-0.085, -0.301), (-0.086, -0.302), (-0.088, -0.302), (-0.089, -0.303), (-0.09, -0.303), (-0.091, -0.304), (-0.092, -0.304), (-0.093, -0.305), (-0.095, -0.305), (-0.096, -0.305), (-0.097, -0.306), (-0.098, -0.306), (-0.099, -0.306), (-0.101, -0.307), (-0.102, -0.307), (-0.103, -0.308), (-0.104, -0.308), (-0.106, -0.308), (-0.107, -0.308), (-0.108, -0.309), (-0.109, -0.309), (-0.11, -0.309), (-0.112, -0.31), (-0.113, -0.31), (-0.114, -0.31), (-0.115, -0.31), (-0.117, -0.311), (-0.118, -0.311), (-0.119, -0.311), (-0.12, -0.311), (-0.122, -0.311), (-0.123, -0.312), (-0.124, -0.312), (-0.126, -0.312), (-0.127, -0.312), (-0.128, -0.312), (-0.129, -0.312), (-0.131, -0.313), (-0.132, -0.313), (-0.133, -0.313), (-0.135, -0.313), (-0.136, -0.313), (-0.137, -0.313), (-0.139, -0.313), (-0.14, -0.313), (-0.141, -0.313), (-0.143, -0.314), (-0.144, -0.314), (-0.145, -0.314), (-0.147, -0.314), (-0.148, -0.314), (-0.149, -0.314), (-0.151, -0.314), (-0.152, -0.314), (-0.153, -0.314), (-0.155, -0.314), (-0.156, -0.314), (-0.157, -0.314), (-0.159, -0.314), (-0.16, -0.314), (-0.162, -0.314), (-0.163, -0.314), (-0.164, -0.314), (-0.166, -0.314), (-0.167, -0.314), (-0.169, -0.314), (-0.17, -0.314), (-0.171, -0.314), (-0.173, -0.314), (-0.174, -0.314), (-0.176, -0.314), (-0.177, -0.314), (-0.179, -0.314), (-0.18, -0.314), (-0.182, -0.313), (-0.183, -0.313), (-0.184, -0.313), (-0.186, -0.313), (-0.187, -0.313), (-0.189, -0.313), (-0.19, -0.313), (-0.192, -0.313), (-0.193, -0.313), (-0.195, -0.313), (-0.196, -0.313), (-0.198, -0.313), (-0.199, -0.313), (-0.201, -0.312), (-0.202, -0.312), (-0.204, -0.312), (-0.205, -0.312), (-0.207, -0.312), (-0.208, -0.312), (-0.21, -0.312), (-0.212, -0.312), (-0.213, -0.312), (-0.215, -0.311), (-0.216, -0.311), (-0.218, -0.311), (-0.219, -0.311), (-0.221, -0.311), (-0.222, -0.311), (-0.224, -0.311), (-0.226, -0.311), (-0.227, -0.31), (-0.229, -0.31), (-0.23, -0.31), (-0.232, -0.31), (-0.234, -0.31), (-0.235, -0.31), (-0.237, -0.31), (-0.238, -0.31), (-0.24, -0.309), (-0.242, -0.309), (-0.243, -0.309), (-0.245, -0.309), (-0.247, -0.309), (-0.248, -0.309), (-0.25, -0.309), (-0.252, -0.308), (-0.253, -0.308), (-0.255, -0.308), (-0.256, -0.308), (-0.258, -0.308), (-0.26, -0.308), (-0.262, -0.308), (-0.263, -0.307), (-0.265, -0.307), (-0.267, -0.307), (-0.268, -0.307), (-0.27, -0.307), (-0.272, -0.307), (-0.273, -0.306), (-0.275, -0.306), (-0.277, -0.306), (-0.279, -0.306), (-0.28, -0.306), (-0.282, -0.306), (-0.284, -0.306), (-0.285, -0.305), (-0.287, -0.305), (-0.289, -0.305), (-0.291, -0.305), (-0.292, -0.305), (-0.294, -0.305), (-0.296, -0.304), (-0.298, -0.304), (-0.299, -0.304), (-0.301, -0.304), (-0.303, -0.304), (-0.305, -0.304), (-0.307, -0.304), (-0.308, -0.303), (-0.31, -0.303), (-0.312, -0.303), (-0.314, -0.303), (-0.316, -0.303), (-0.317, -0.303), (-0.319, -0.303), (-0.321, -0.302), (-0.323, -0.302), (-0.325, -0.302), (-0.326, -0.302), (-0.328, -0.302), (-0.33, -0.302), (-0.332, -0.301), (-0.334, -0.301), (-0.335, -0.301), (-0.337, -0.301), (-0.339, -0.301), (-0.341, -0.301), (-0.343, -0.301), (-0.345, -0.3), (-0.347, -0.3), (-0.348, -0.3), (-0.35, -0.3), (-0.352, -0.3), (-0.354, -0.3), (-0.356, -0.3), (-0.358, -0.299), (-0.36, -0.299), (-0.361, -0.299), (-0.363, -0.299), (-0.365, -0.299), (-0.367, -0.299), (-0.369, -0.298), (-0.371, -0.298), (-0.373, -0.298), (-0.375, -0.298), (-0.376, -0.298), (-0.378, -0.298), (-0.38, -0.298), (-0.382, -0.297), (-0.384, -0.297), (-0.386, -0.297), (-0.388, -0.297), (-0.39, -0.297), (-0.392, -0.297), (-0.394, -0.297), (-0.395, -0.296), (-0.397, -0.296), (-0.399, -0.296), (-0.401, -0.296), (-0.403, -0.296), (-0.405, -0.296), (-0.407, -0.295), (-0.409, -0.295), (-0.411, -0.295), (-0.413, -0.295), (-0.415, -0.295), (-0.417, -0.295), (-0.418, -0.295), (-0.42, -0.294), (-0.422, -0.294), (-0.424, -0.294), (-0.426, -0.294), (-0.428, -0.294), (-0.43, -0.294), (-0.432, -0.293), (-0.434, -0.293), (-0.436, -0.293), (-0.438, -0.293), (-0.44, -0.293), (-0.442, -0.293), (-0.444, -0.292), (-0.445, -0.292), (-0.447, -0.292), (-0.449, -0.292), (-0.451, -0.292), (-0.453, -0.292), (-0.455, -0.291), (-0.457, -0.291), (-0.459, -0.291), (-0.461, -0.291), (-0.463, -0.291), (-0.465, -0.291), (-0.467, -0.29), (-0.469, -0.29), (-0.471, -0.29), (-0.473, -0.29), (-0.475, -0.29), (-0.476, -0.29), (-0.478, -0.289), (-0.48, -0.289), (-0.482, -0.289), (-0.484, -0.289), (-0.486, -0.289), (-0.488, -0.288), (-0.49, -0.288), (-0.492, -0.288), (-0.494, -0.288), (-0.496, -0.288), (-0.498, -0.287), (-0.5, -0.287), (-0.502, -0.287), (-0.504, -0.287), (-0.506, -0.287), (-0.507, -0.286), (-0.509, -0.286), (-0.511, -0.286), (-0.513, -0.286), (-0.515, -0.286), (-0.517, -0.285), (-0.519, -0.285), (-0.521, -0.285), (-0.523, -0.285), (-0.525, -0.285), (-0.527, -0.284), (-0.529, -0.284), (-0.531, -0.284), (-0.533, -0.284), (-0.534, -0.283), (-0.536, -0.283), (-0.538, -0.283), (-0.54, -0.283), (-0.542, -0.283), (-0.544, -0.282), (-0.546, -0.282), (-0.548, -0.282), (-0.55, -0.282), (-0.552, -0.281), (-0.554, -0.281), (-0.555, -0.281), (-0.557, -0.281), (-0.559, -0.28), (-0.561, -0.28), (-0.563, -0.28), (-0.565, -0.28), (-0.567, -0.279), (-0.569, -0.279), (-0.571, -0.279), (-0.572, -0.279), (-0.574, -0.278), (-0.576, -0.278), (-0.578, -0.278), (-0.58, -0.277), (-0.582, -0.277), (-0.584, -0.277), (-0.586, -0.277), (-0.587, -0.276), (-0.589, -0.276), (-0.591, -0.276), (-0.593, -0.275), (-0.595, -0.275), (-0.597, -0.275), (-0.599, -0.275), (-0.6, -0.274), (-0.602, -0.274), (-0.604, -0.274), (-0.606, -0.273), (-0.608, -0.273), (-0.61, -0.273), (-0.611, -0.272), (-0.613, -0.272), (-0.615, -0.272), (-0.617, -0.271), (-0.619, -0.271), (-0.621, -0.271), (-0.622, -0.27), (-0.624, -0.27), (-0.626, -0.27), (-0.628, -0.269), (-0.63, -0.269), (-0.631, -0.269), (-0.633, -0.268), (-0.635, -0.268), (-0.637, -0.268), (-0.639, -0.267), (-0.64, -0.267), (-0.642, -0.266), (-0.644, -0.266), (-0.646, -0.266), (-0.647, -0.265), (-0.649, -0.265), (-0.651, -0.265), (-0.653, -0.264), (-0.654, -0.264), (-0.656, -0.263), (-0.658, -0.263), (-0.66, -0.263), (-0.661, -0.262), (-0.663, -0.262), (-0.665, -0.261), (-0.667, -0.261), (-0.668, -0.261), (-0.67, -0.26), (-0.672, -0.26), (-0.673, -0.259), (-0.675, -0.259), (-0.677, -0.258), (-0.679, -0.258), (-0.68, -0.258), (-0.682, -0.257), (-0.684, -0.257), (-0.685, -0.256), (-0.687, -0.256), (-0.689, -0.255), (-0.69, -0.255), (-0.692, -0.254), (-0.694, -0.254), (-0.695, -0.253), (-0.697, -0.253), (-0.699, -0.253), (-0.7, -0.252), (-0.702, -0.252), (-0.704, -0.251), (-0.705, -0.251), (-0.707, -0.25), (-0.709, -0.25), (-0.71, -0.249), (-0.712, -0.249), (-0.713, -0.248), (-0.715, -0.248), (-0.717, -0.247), (-0.718, -0.247), (-0.72, -0.246), (-0.721, -0.246), (-0.723, -0.245)], path_end=[(0.715, 0.182), (0.713, 0.182), (0.712, 0.182), (0.711, 0.181), (0.71, 0.181), (0.708, 0.181), (0.707, 0.181), (0.706, 0.181), (0.705, 0.18), (0.704, 0.18), (0.702, 0.18), (0.701, 0.18), (0.7, 0.18), (0.699, 0.179), (0.698, 0.179), (0.696, 0.179), (0.695, 0.179), (0.694, 0.178), (0.693, 0.178), (0.692, 0.178), (0.69, 0.178), (0.689, 0.177), (0.688, 0.177), (0.687, 0.177), (0.686, 0.177), (0.684, 0.176), (0.683, 0.176), (0.682, 0.176), (0.681, 0.176), (0.68, 0.175), (0.678, 0.175), (0.677, 0.175), (0.676, 0.175), (0.675, 0.174), (0.673, 0.174), (0.672, 0.174), (0.671, 0.174), (0.67, 0.173), (0.669, 0.173), (0.667, 0.173), (0.666, 0.173), (0.665, 0.172), (0.664, 0.172), (0.663, 0.172), (0.661, 0.171), (0.66, 0.171), (0.659, 0.171), (0.658, 0.171), (0.657, 0.17), (0.655, 0.17), (0.654, 0.17), (0.653, 0.169), (0.652, 0.169), (0.651, 0.169), (0.649, 0.168), (0.648, 0.168), (0.647, 0.168), (0.646, 0.168), (0.644, 0.167), (0.643, 0.167), (0.642, 0.167), (0.641, 0.166), (0.64, 0.166), (0.638, 0.166), (0.637, 0.165), (0.636, 0.165), (0.635, 0.165), (0.633, 0.164), (0.632, 0.164), (0.631, 0.164), (0.63, 0.163), (0.629, 0.163), (0.627, 0.163), (0.626, 0.162), (0.625, 0.162), (0.624, 0.162), (0.622, 0.161), (0.621, 0.161), (0.62, 0.161), (0.619, 0.16), (0.618, 0.16), (0.616, 0.16), (0.615, 0.159), (0.614, 0.159), (0.613, 0.158), (0.611, 0.158), (0.61, 0.158), (0.609, 0.157), (0.608, 0.157), (0.606, 0.157), (0.605, 0.156), (0.604, 0.156), (0.603, 0.156), (0.601, 0.155), (0.6, 0.155), (0.599, 0.154), (0.598, 0.154), (0.596, 0.154), (0.595, 0.153), (0.594, 0.153), (0.593, 0.152), (0.591, 0.152), (0.59, 0.152), (0.589, 0.151), (0.588, 0.151), (0.586, 0.15), (0.585, 0.15), (0.584, 0.15), (0.583, 0.149), (0.581, 0.149), (0.58, 0.148), (0.579, 0.148), (0.578, 0.147), (0.576, 0.147), (0.575, 0.147), (0.574, 0.146), (0.573, 0.146), (0.571, 0.145), (0.57, 0.145), (0.569, 0.144), (0.567, 0.144), (0.566, 0.144), (0.565, 0.143), (0.564, 0.143), (0.562, 0.142), (0.561, 0.142), (0.56, 0.141), (0.559, 0.141), (0.557, 0.14), (0.556, 0.14), (0.555, 0.14), (0.554, 0.139), (0.552, 0.139), (0.551, 0.138), (0.55, 0.138), (0.548, 0.137), (0.547, 0.137), (0.546, 0.136), (0.545, 0.136), (0.543, 0.135), (0.542, 0.135), (0.541, 0.134), (0.539, 0.134), (0.538, 0.133), (0.537, 0.133), (0.536, 0.132), (0.534, 0.132), (0.533, 0.131), (0.532, 0.131), (0.531, 0.13), (0.529, 0.13), (0.528, 0.129), (0.527, 0.129), (0.525, 0.128), (0.524, 0.128), (0.523, 0.127), (0.522, 0.127), (0.52, 0.126), (0.519, 0.126), (0.518, 0.125), (0.516, 0.125), (0.515, 0.124), (0.514, 0.124), (0.513, 0.123), (0.511, 0.123), (0.51, 0.122), (0.509, 0.121), (0.507, 0.121), (0.506, 0.12), (0.505, 0.12), (0.504, 0.119), (0.502, 0.119), (0.501, 0.118), (0.5, 0.118), (0.498, 0.117), (0.497, 0.116), (0.496, 0.116), (0.495, 0.115), (0.493, 0.115), (0.492, 0.114), (0.491, 0.114), (0.49, 0.113), (0.488, 0.112), (0.487, 0.112), (0.486, 0.111), (0.484, 0.111), (0.483, 0.11), (0.482, 0.11), (0.481, 0.109), (0.479, 0.108), (0.478, 0.108), (0.477, 0.107), (0.475, 0.107), (0.474, 0.106), (0.473, 0.105), (0.472, 0.105), (0.47, 0.104), (0.469, 0.103), (0.468, 0.103), (0.466, 0.102), (0.465, 0.102), (0.464, 0.101), (0.463, 0.1), (0.461, 0.1), (0.46, 0.099), (0.459, 0.098), (0.458, 0.098), (0.456, 0.097), (0.455, 0.097), (0.454, 0.096), (0.452, 0.095), (0.451, 0.095), (0.45, 0.094), (0.449, 0.093), (0.447, 0.093), (0.446, 0.092), (0.445, 0.091), (0.444, 0.091), (0.442, 0.09), (0.441, 0.089), (0.44, 0.089), (0.438, 0.088), (0.437, 0.087), (0.436, 0.086), (0.435, 0.086), (0.433, 0.085), (0.432, 0.084), (0.431, 0.084), (0.43, 0.083), (0.428, 0.082), (0.427, 0.082), (0.426, 0.081), (0.425, 0.08), (0.423, 0.079), (0.422, 0.079), (0.421, 0.078), (0.42, 0.077), (0.418, 0.077), (0.417, 0.076), (0.416, 0.075), (0.415, 0.074), (0.413, 0.074), (0.412, 0.073), (0.411, 0.072), (0.41, 0.071), (0.408, 0.071), (0.407, 0.07), (0.406, 0.069), (0.404, 0.068), (0.403, 0.067), (0.402, 0.067), (0.401, 0.066), (0.399, 0.065), (0.398, 0.064), (0.397, 0.064), (0.396, 0.063), (0.395, 0.062), (0.393, 0.061), (0.392, 0.06), (0.391, 0.06), (0.39, 0.059), (0.388, 0.058), (0.387, 0.057), (0.386, 0.056), (0.385, 0.056), (0.383, 0.055), (0.382, 0.054), (0.381, 0.053), (0.38, 0.052), (0.378, 0.051), (0.377, 0.051), (0.376, 0.05), (0.375, 0.049), (0.373, 0.048), (0.372, 0.047), (0.371, 0.046), (0.37, 0.045), (0.368, 0.045), (0.367, 0.044), (0.366, 0.043), (0.365, 0.042), (0.363, 0.041), (0.362, 0.04), (0.361, 0.039), (0.36, 0.038), (0.359, 0.038), (0.357, 0.037), (0.356, 0.036), (0.355, 0.035), (0.354, 0.034), (0.352, 0.033), (0.351, 0.032), (0.35, 0.031), (0.349, 0.03), (0.347, 0.029), (0.346, 0.028), (0.345, 0.027), (0.344, 0.027), (0.343, 0.026), (0.341, 0.025), (0.34, 0.024), (0.339, 0.023), (0.338, 0.022), (0.336, 0.021), (0.335, 0.02), (0.334, 0.019), (0.333, 0.018), (0.331, 0.017), (0.33, 0.016), (0.329, 0.015), (0.328, 0.014), (0.326, 0.013), (0.325, 0.012), (0.324, 0.011), (0.323, 0.01), (0.322, 0.009), (0.32, 0.008), (0.319, 0.007), (0.318, 0.006), (0.317, 0.005), (0.315, 0.004), (0.314, 0.003), (0.313, 0.002), (0.312, 0.001), (0.31, -0.0), (0.309, -0.001), (0.308, -0.002), (0.307, -0.003), (0.306, -0.005), (0.304, -0.006), (0.303, -0.007), (0.302, -0.008), (0.301, -0.009), (0.299, -0.01), (0.298, -0.011), (0.297, -0.012), (0.296, -0.013), (0.294, -0.014), (0.293, -0.015), (0.292, -0.016), (0.291, -0.018), (0.289, -0.019), (0.288, -0.02), (0.287, -0.021), (0.286, -0.022), (0.284, -0.023), (0.283, -0.024), (0.282, -0.026), (0.281, -0.027), (0.279, -0.028), (0.278, -0.029), (0.277, -0.03), (0.276, -0.031), (0.274, -0.032), (0.273, -0.034), (0.272, -0.035), (0.271, -0.036), (0.269, -0.037), (0.268, -0.038), (0.267, -0.04), (0.266, -0.041), (0.264, -0.042), (0.263, -0.043), (0.262, -0.044), (0.261, -0.046), (0.259, -0.047), (0.258, -0.048), (0.257, -0.049), (0.256, -0.05), (0.254, -0.052), (0.253, -0.053), (0.252, -0.054), (0.251, -0.055), (0.249, -0.057), (0.248, -0.058), (0.247, -0.059), (0.246, -0.06), (0.244, -0.062), (0.243, -0.063), (0.242, -0.064), (0.24, -0.065), (0.239, -0.067), (0.238, -0.068), (0.237, -0.069), (0.235, -0.071), (0.234, -0.072), (0.233, -0.073), (0.231, -0.074), (0.23, -0.076), (0.229, -0.077), (0.228, -0.078), (0.226, -0.08), (0.225, -0.081), (0.224, -0.082), (0.222, -0.084), (0.221, -0.085), (0.22, -0.086), (0.219, -0.087), (0.217, -0.089), (0.216, -0.09), (0.215, -0.091), (0.213, -0.093), (0.212, -0.094), (0.211, -0.096), (0.209, -0.097), (0.208, -0.098), (0.207, -0.1), (0.206, -0.101), (0.204, -0.102), (0.203, -0.104), (0.202, -0.105), (0.2, -0.106), (0.199, -0.108), (0.198, -0.109), (0.196, -0.11), (0.195, -0.112), (0.194, -0.113), (0.192, -0.115), (0.191, -0.116), (0.19, -0.117), (0.188, -0.119), (0.187, -0.12), (0.186, -0.121), (0.185, -0.123), (0.183, -0.124), (0.182, -0.126), (0.181, -0.127), (0.179, -0.128), (0.178, -0.13), (0.177, -0.131), (0.175, -0.133), (0.174, -0.134), (0.173, -0.135), (0.171, -0.137), (0.17, -0.138), (0.169, -0.14), (0.167, -0.141), (0.166, -0.142), (0.165, -0.144), (0.163, -0.145), (0.162, -0.147), (0.16, -0.148), (0.159, -0.149), (0.158, -0.151), (0.156, -0.152), (0.155, -0.154), (0.154, -0.155), (0.152, -0.156), (0.151, -0.158), (0.15, -0.159), (0.148, -0.161), (0.147, -0.162), (0.146, -0.163), (0.144, -0.165), (0.143, -0.166), (0.142, -0.168), (0.14, -0.169), (0.139, -0.17), (0.138, -0.172), (0.136, -0.173), (0.135, -0.175), (0.133, -0.176), (0.132, -0.177), (0.131, -0.179), (0.129, -0.18), (0.128, -0.181), (0.127, -0.183), (0.125, -0.184), (0.124, -0.186), (0.123, -0.187), (0.121, -0.188), (0.12, -0.19), (0.119, -0.191), (0.117, -0.192), (0.116, -0.194), (0.114, -0.195), (0.113, -0.196), (0.112, -0.198), (0.11, -0.199), (0.109, -0.2), (0.108, -0.202), (0.106, -0.203), (0.105, -0.204), (0.104, -0.206), (0.102, -0.207), (0.101, -0.208), (0.099, -0.21), (0.098, -0.211), (0.097, -0.212), (0.095, -0.214), (0.094, -0.215), (0.093, -0.216), (0.091, -0.217), (0.09, -0.219), (0.089, -0.22), (0.087, -0.221), (0.086, -0.223), (0.085, -0.224), (0.083, -0.225), (0.082, -0.226)], total_steps=3141
  3rd iteration: path_start=[(0.011, -0.172), (0.011, -0.172), (0.012, -0.172), (0.012, -0.172), (0.013, -0.172), (0.014, -0.172), (0.015, -0.172), (0.016, -0.172), (0.017, -0.172), (0.018, -0.172), (0.02, -0.172), (0.021, -0.171), (0.023, -0.171), (0.025, -0.171), (0.026, -0.171), (0.028, -0.171), (0.03, -0.17), (0.032, -0.17), (0.034, -0.17), (0.036, -0.17), (0.038, -0.169), (0.04, -0.169), (0.042, -0.169), (0.044, -0.169), (0.046, -0.168), (0.049, -0.168), (0.051, -0.168), (0.053, -0.167), (0.056, -0.167), (0.058, -0.167), (0.06, -0.167), (0.063, -0.166), (0.065, -0.166), (0.067, -0.166), (0.07, -0.165), (0.072, -0.165), (0.074, -0.164), (0.077, -0.164), (0.079, -0.164), (0.081, -0.163), (0.084, -0.163), (0.086, -0.162), (0.088, -0.162), (0.091, -0.162), (0.093, -0.161), (0.095, -0.161), (0.098, -0.16), (0.1, -0.16), (0.102, -0.16), (0.104, -0.159), (0.107, -0.159), (0.109, -0.158), (0.111, -0.158), (0.113, -0.157), (0.115, -0.157), (0.117, -0.156), (0.119, -0.156), (0.122, -0.156), (0.124, -0.155), (0.126, -0.155), (0.128, -0.154), (0.13, -0.154), (0.132, -0.153), (0.133, -0.153), (0.135, -0.152), (0.137, -0.152), (0.139, -0.151), (0.141, -0.151), (0.143, -0.15), (0.145, -0.15), (0.146, -0.149), (0.148, -0.149), (0.15, -0.148), (0.152, -0.148), (0.153, -0.147), (0.155, -0.147), (0.156, -0.146), (0.158, -0.146), (0.16, -0.145), (0.161, -0.144), (0.163, -0.144), (0.164, -0.143), (0.166, -0.143), (0.167, -0.142), (0.168, -0.142), (0.17, -0.141), (0.171, -0.141), (0.172, -0.14), (0.174, -0.14), (0.175, -0.139), (0.176, -0.139), (0.178, -0.138), (0.179, -0.137), (0.18, -0.137), (0.181, -0.136), (0.182, -0.136), (0.183, -0.135), (0.184, -0.135), (0.185, -0.134), (0.186, -0.134), (0.188, -0.133), (0.189, -0.132), (0.189, -0.132), (0.19, -0.131), (0.191, -0.131), (0.192, -0.13), (0.193, -0.13), (0.194, -0.129), (0.195, -0.129), (0.196, -0.128), (0.197, -0.127), (0.197, -0.127), (0.198, -0.126), (0.199, -0.126), (0.2, -0.125), (0.2, -0.125), (0.201, -0.124), (0.202, -0.123), (0.202, -0.123), (0.203, -0.122), (0.204, -0.122), (0.204, -0.121), (0.205, -0.121), (0.205, -0.12), (0.206, -0.119), (0.206, -0.119), (0.207, -0.118), (0.207, -0.118), (0.208, -0.117), (0.208, -0.117), (0.209, -0.116), (0.209, -0.115), (0.21, -0.115), (0.21, -0.114), (0.21, -0.114), (0.211, -0.113), (0.211, -0.112), (0.211, -0.112), (0.212, -0.111), (0.212, -0.111), (0.212, -0.11), (0.213, -0.11), (0.213, -0.109), (0.213, -0.108), (0.213, -0.108), (0.214, -0.107), (0.214, -0.107), (0.214, -0.106), (0.214, -0.105), (0.215, -0.105), (0.215, -0.104), (0.215, -0.104), (0.215, -0.103), (0.215, -0.102), (0.215, -0.102), (0.215, -0.101), (0.216, -0.101), (0.216, -0.1), (0.216, -0.1), (0.216, -0.099), (0.216, -0.098), (0.216, -0.098), (0.216, -0.097), (0.216, -0.097), (0.216, -0.096), (0.216, -0.095), (0.216, -0.095), (0.216, -0.094), (0.216, -0.094), (0.216, -0.093), (0.216, -0.092), (0.216, -0.092), (0.216, -0.091), (0.216, -0.091), (0.216, -0.09), (0.216, -0.089), (0.216, -0.089), (0.216, -0.088), (0.216, -0.088), (0.215, -0.087), (0.215, -0.086), (0.215, -0.086), (0.215, -0.085), (0.215, -0.085), (0.215, -0.084), (0.215, -0.083), (0.215, -0.083), (0.214, -0.082), (0.214, -0.082), (0.214, -0.081), (0.214, -0.08), (0.214, -0.08), (0.213, -0.079), (0.213, -0.079), (0.213, -0.078), (0.213, -0.077), (0.213, -0.077), (0.212, -0.076), (0.212, -0.076), (0.212, -0.075), (0.212, -0.074), (0.212, -0.074), (0.211, -0.073), (0.211, -0.073), (0.211, -0.072), (0.211, -0.071), (0.21, -0.071), (0.21, -0.07), (0.21, -0.07), (0.209, -0.069), (0.209, -0.068), (0.209, -0.068), (0.209, -0.067), (0.208, -0.067), (0.208, -0.066), (0.208, -0.065), (0.207, -0.065), (0.207, -0.064), (0.207, -0.064), (0.206, -0.063), (0.206, -0.062), (0.206, -0.062), (0.205, -0.061), (0.205, -0.061), (0.205, -0.06), (0.204, -0.059), (0.204, -0.059), (0.204, -0.058), (0.203, -0.057), (0.203, -0.057), (0.203, -0.056), (0.202, -0.056), (0.202, -0.055), (0.201, -0.054), (0.201, -0.054), (0.201, -0.053), (0.2, -0.053), (0.2, -0.052), (0.199, -0.051), (0.199, -0.051), (0.199, -0.05), (0.198, -0.05), (0.198, -0.049), (0.197, -0.048), (0.197, -0.048), (0.197, -0.047), (0.196, -0.046), (0.196, -0.046), (0.195, -0.045), (0.195, -0.045), (0.194, -0.044), (0.194, -0.043), (0.194, -0.043), (0.193, -0.042), (0.193, -0.042), (0.192, -0.041), (0.192, -0.04), (0.191, -0.04), (0.191, -0.039), (0.19, -0.038), (0.19, -0.038), (0.189, -0.037), (0.189, -0.037), (0.189, -0.036), (0.188, -0.035), (0.188, -0.035), (0.187, -0.034), (0.187, -0.033), (0.186, -0.033), (0.186, -0.032), (0.185, -0.032), (0.185, -0.031), (0.184, -0.03), (0.184, -0.03), (0.183, -0.029), (0.183, -0.028), (0.182, -0.028), (0.182, -0.027), (0.181, -0.027), (0.181, -0.026), (0.18, -0.025), (0.18, -0.025), (0.179, -0.024), (0.179, -0.023), (0.178, -0.023), (0.178, -0.022), (0.177, -0.022), (0.177, -0.021), (0.176, -0.02), (0.175, -0.02), (0.175, -0.019), (0.174, -0.018), (0.174, -0.018), (0.173, -0.017), (0.173, -0.017), (0.172, -0.016), (0.172, -0.015), (0.171, -0.015), (0.171, -0.014), (0.17, -0.013), (0.17, -0.013), (0.169, -0.012), (0.168, -0.012), (0.168, -0.011), (0.167, -0.01), (0.167, -0.01), (0.166, -0.009), (0.166, -0.008), (0.165, -0.008), (0.164, -0.007), (0.164, -0.007), (0.163, -0.006), (0.163, -0.005), (0.162, -0.005), (0.162, -0.004), (0.161, -0.003), (0.16, -0.003), (0.16, -0.002), (0.159, -0.001), (0.159, -0.001), (0.158, -0.0), (0.158, 0.0), (0.157, 0.001), (0.156, 0.002), (0.156, 0.002), (0.155, 0.003), (0.155, 0.004), (0.154, 0.004), (0.153, 0.005), (0.153, 0.006), (0.152, 0.006), (0.152, 0.007), (0.151, 0.007), (0.15, 0.008), (0.15, 0.009), (0.149, 0.009), (0.149, 0.01), (0.148, 0.011), (0.147, 0.011), (0.147, 0.012), (0.146, 0.013), (0.145, 0.013), (0.145, 0.014), (0.144, 0.014), (0.144, 0.015), (0.143, 0.016), (0.142, 0.016), (0.142, 0.017), (0.141, 0.018), (0.14, 0.018), (0.14, 0.019), (0.139, 0.02), (0.139, 0.02), (0.138, 0.021), (0.137, 0.022), (0.137, 0.022), (0.136, 0.023), (0.135, 0.023), (0.135, 0.024), (0.134, 0.025), (0.133, 0.025), (0.133, 0.026), (0.132, 0.027), (0.132, 0.027), (0.131, 0.028), (0.13, 0.029), (0.13, 0.029), (0.129, 0.03), (0.128, 0.031), (0.128, 0.031), (0.127, 0.032), (0.126, 0.033), (0.126, 0.033), (0.125, 0.034), (0.124, 0.034), (0.124, 0.035), (0.123, 0.036), (0.122, 0.036), (0.122, 0.037), (0.121, 0.038), (0.12, 0.038), (0.12, 0.039), (0.119, 0.04), (0.118, 0.04), (0.118, 0.041), (0.117, 0.042), (0.116, 0.042), (0.116, 0.043), (0.115, 0.044), (0.114, 0.044), (0.114, 0.045), (0.113, 0.046), (0.112, 0.046), (0.112, 0.047), (0.111, 0.048), (0.11, 0.048), (0.11, 0.049), (0.109, 0.05), (0.108, 0.05), (0.108, 0.051), (0.107, 0.052), (0.106, 0.052), (0.106, 0.053), (0.105, 0.054), (0.104, 0.054), (0.104, 0.055), (0.103, 0.056), (0.102, 0.056), (0.102, 0.057), (0.101, 0.058), (0.1, 0.058), (0.1, 0.059), (0.099, 0.06), (0.098, 0.06), (0.097, 0.061), (0.097, 0.062), (0.096, 0.062), (0.095, 0.063), (0.095, 0.064), (0.094, 0.064), (0.093, 0.065), (0.093, 0.066), (0.092, 0.066), (0.091, 0.067), (0.091, 0.068), (0.09, 0.068), (0.089, 0.069), (0.089, 0.07), (0.088, 0.07), (0.087, 0.071), (0.087, 0.072), (0.086, 0.072), (0.085, 0.073), (0.084, 0.074), (0.084, 0.074), (0.083, 0.075), (0.082, 0.076), (0.082, 0.076), (0.081, 0.077), (0.08, 0.078), (0.08, 0.079), (0.079, 0.079), (0.078, 0.08), (0.078, 0.081), (0.077, 0.081), (0.076, 0.082), (0.076, 0.083), (0.075, 0.083), (0.074, 0.084), (0.074, 0.085), (0.073, 0.085), (0.072, 0.086), (0.072, 0.087), (0.071, 0.087), (0.07, 0.088), (0.069, 0.089), (0.069, 0.09), (0.068, 0.09), (0.067, 0.091), (0.067, 0.092), (0.066, 0.092), (0.065, 0.093), (0.065, 0.094), (0.064, 0.094), (0.063, 0.095), (0.063, 0.096), (0.062, 0.097), (0.061, 0.097), (0.061, 0.098), (0.06, 0.099), (0.059, 0.099), (0.059, 0.1), (0.058, 0.101), (0.057, 0.101), (0.057, 0.102), (0.056, 0.103), (0.055, 0.104), (0.055, 0.104), (0.054, 0.105), (0.053, 0.106), (0.053, 0.106), (0.052, 0.107), (0.051, 0.108), (0.051, 0.108), (0.05, 0.109), (0.049, 0.11), (0.049, 0.111), (0.048, 0.111), (0.047, 0.112), (0.047, 0.113), (0.046, 0.113), (0.045, 0.114), (0.045, 0.115), (0.044, 0.116), (0.043, 0.116), (0.043, 0.117), (0.042, 0.118), (0.042, 0.118), (0.041, 0.119), (0.04, 0.12)], path_end=[(-0.051, -0.006), (-0.046, -0.01), (-0.042, -0.013), (-0.037, -0.017), (-0.033, -0.02), (-0.028, -0.024), (-0.024, -0.027), (-0.02, -0.031), (-0.015, -0.034), (-0.011, -0.038), (-0.007, -0.041), (-0.002, -0.045), (0.002, -0.048), (0.006, -0.052), (0.011, -0.055), (0.015, -0.058), (0.019, -0.062), (0.024, -0.065), (0.028, -0.069), (0.032, -0.072), (0.037, -0.075), (0.041, -0.079), (0.045, -0.082), (0.049, -0.086), (0.054, -0.089), (0.058, -0.092), (0.062, -0.096), (0.066, -0.099), (0.071, -0.102), (0.075, -0.106), (0.079, -0.109), (0.083, -0.112), (0.087, -0.115), (0.091, -0.119), (0.095, -0.122), (0.099, -0.125), (0.103, -0.128), (0.108, -0.131), (0.112, -0.135), (0.116, -0.138), (0.12, -0.141), (0.124, -0.144), (0.128, -0.147), (0.131, -0.15), (0.135, -0.153), (0.139, -0.156), (0.143, -0.16), (0.147, -0.163), (0.151, -0.166), (0.155, -0.169), (0.159, -0.172), (0.162, -0.175), (0.166, -0.178), (0.17, -0.18), (0.174, -0.183), (0.177, -0.186), (0.181, -0.189), (0.185, -0.192), (0.188, -0.195), (0.192, -0.198), (0.196, -0.2), (0.199, -0.203), (0.203, -0.206), (0.206, -0.209), (0.21, -0.212), (0.213, -0.214), (0.217, -0.217), (0.22, -0.22), (0.223, -0.222), (0.227, -0.225), (0.23, -0.227), (0.234, -0.23), (0.237, -0.233), (0.24, -0.235), (0.243, -0.238), (0.247, -0.24), (0.25, -0.243), (0.253, -0.245), (0.256, -0.247), (0.259, -0.25), (0.263, -0.252), (0.266, -0.255), (0.269, -0.257), (0.272, -0.259), (0.275, -0.262), (0.278, -0.264), (0.281, -0.266), (0.284, -0.268), (0.286, -0.271), (0.289, -0.273), (0.292, -0.275), (0.295, -0.277), (0.298, -0.279), (0.301, -0.281), (0.303, -0.283), (0.306, -0.285), (0.309, -0.287), (0.311, -0.289), (0.314, -0.291), (0.317, -0.293), (0.319, -0.295), (0.322, -0.297), (0.324, -0.299), (0.327, -0.301), (0.329, -0.303), (0.332, -0.305), (0.334, -0.306), (0.337, -0.308), (0.339, -0.31), (0.341, -0.312), (0.344, -0.313), (0.346, -0.315), (0.348, -0.317), (0.35, -0.318), (0.352, -0.32), (0.355, -0.322), (0.357, -0.323), (0.359, -0.325), (0.361, -0.326), (0.363, -0.328), (0.365, -0.329), (0.367, -0.331), (0.369, -0.332), (0.371, -0.334), (0.373, -0.335), (0.375, -0.336), (0.377, -0.338), (0.379, -0.339), (0.381, -0.34), (0.382, -0.342), (0.384, -0.343), (0.386, -0.344), (0.388, -0.345), (0.389, -0.346), (0.391, -0.348), (0.393, -0.349), (0.394, -0.35), (0.396, -0.351), (0.397, -0.352), (0.399, -0.353), (0.401, -0.354), (0.402, -0.355), (0.404, -0.356), (0.405, -0.357), (0.406, -0.358), (0.408, -0.359), (0.409, -0.36), (0.411, -0.361), (0.412, -0.362), (0.413, -0.363), (0.415, -0.364), (0.416, -0.364), (0.417, -0.365), (0.418, -0.366), (0.419, -0.367), (0.421, -0.368), (0.422, -0.368), (0.423, -0.369), (0.424, -0.37), (0.425, -0.37), (0.426, -0.371), (0.427, -0.372), (0.428, -0.372), (0.429, -0.373), (0.43, -0.373), (0.431, -0.374), (0.432, -0.375), (0.433, -0.375), (0.434, -0.376), (0.435, -0.376), (0.436, -0.377), (0.437, -0.377), (0.437, -0.378), (0.438, -0.378), (0.439, -0.378), (0.44, -0.379), (0.44, -0.379), (0.441, -0.38), (0.442, -0.38), (0.443, -0.38), (0.443, -0.381), (0.444, -0.381), (0.444, -0.381), (0.445, -0.381), (0.446, -0.382), (0.446, -0.382), (0.447, -0.382), (0.447, -0.382), (0.448, -0.383), (0.448, -0.383), (0.449, -0.383), (0.449, -0.383), (0.45, -0.383), (0.45, -0.384), (0.451, -0.384), (0.451, -0.384), (0.451, -0.384), (0.452, -0.384), (0.452, -0.384), (0.453, -0.384), (0.453, -0.384), (0.453, -0.384), (0.453, -0.384), (0.454, -0.384), (0.454, -0.384), (0.454, -0.384), (0.455, -0.384), (0.455, -0.384), (0.455, -0.384), (0.455, -0.384), (0.455, -0.384), (0.456, -0.384), (0.456, -0.384), (0.456, -0.384), (0.456, -0.384), (0.456, -0.384), (0.456, -0.383), (0.456, -0.383), (0.456, -0.383), (0.456, -0.383), (0.457, -0.383), (0.457, -0.383), (0.457, -0.382), (0.457, -0.382), (0.457, -0.382), (0.457, -0.382), (0.457, -0.382), (0.457, -0.381), (0.457, -0.381), (0.457, -0.381), (0.456, -0.381), (0.456, -0.38), (0.456, -0.38), (0.456, -0.38), (0.456, -0.379), (0.456, -0.379), (0.456, -0.379), (0.456, -0.379), (0.456, -0.378), (0.456, -0.378), (0.455, -0.378), (0.455, -0.377), (0.455, -0.377), (0.455, -0.377), (0.455, -0.376), (0.455, -0.376), (0.454, -0.375), (0.454, -0.375), (0.454, -0.375), (0.454, -0.374), (0.453, -0.374), (0.453, -0.373), (0.453, -0.373), (0.453, -0.373), (0.452, -0.372), (0.452, -0.372), (0.452, -0.371), (0.452, -0.371), (0.451, -0.37), (0.451, -0.37), (0.451, -0.369), (0.45, -0.369), (0.45, -0.369), (0.45, -0.368), (0.449, -0.368), (0.449, -0.367), (0.449, -0.367), (0.448, -0.366), (0.448, -0.366), (0.448, -0.365), (0.447, -0.365), (0.447, -0.364), (0.447, -0.363), (0.446, -0.363), (0.446, -0.362), (0.445, -0.362), (0.445, -0.361), (0.445, -0.361), (0.444, -0.36), (0.444, -0.36), (0.443, -0.359), (0.443, -0.359), (0.442, -0.358), (0.442, -0.357), (0.442, -0.357), (0.441, -0.356), (0.441, -0.356), (0.44, -0.355), (0.44, -0.355), (0.439, -0.354), (0.439, -0.353), (0.438, -0.353), (0.438, -0.352), (0.437, -0.352), (0.437, -0.351), (0.436, -0.35), (0.436, -0.35), (0.435, -0.349), (0.435, -0.349), (0.434, -0.348), (0.434, -0.347), (0.433, -0.347), (0.433, -0.346), (0.432, -0.345), (0.432, -0.345), (0.431, -0.344), (0.431, -0.344), (0.43, -0.343), (0.43, -0.342), (0.429, -0.342), (0.429, -0.341), (0.428, -0.34), (0.428, -0.34), (0.427, -0.339), (0.427, -0.338), (0.426, -0.338), (0.426, -0.337), (0.425, -0.336), (0.424, -0.336), (0.424, -0.335), (0.423, -0.334), (0.423, -0.334), (0.422, -0.333), (0.422, -0.332), (0.421, -0.332), (0.421, -0.331), (0.42, -0.33), (0.419, -0.33), (0.419, -0.329), (0.418, -0.328), (0.418, -0.328), (0.417, -0.327), (0.417, -0.326), (0.416, -0.326), (0.415, -0.325), (0.415, -0.324), (0.414, -0.323), (0.414, -0.323), (0.413, -0.322), (0.412, -0.321), (0.412, -0.321), (0.411, -0.32), (0.411, -0.319), (0.41, -0.319), (0.41, -0.318), (0.409, -0.317), (0.408, -0.316), (0.408, -0.316), (0.407, -0.315), (0.407, -0.314), (0.406, -0.314), (0.405, -0.313), (0.405, -0.312), (0.404, -0.312), (0.404, -0.311), (0.403, -0.31), (0.402, -0.309), (0.402, -0.309), (0.401, -0.308), (0.401, -0.307), (0.4, -0.307), (0.399, -0.306), (0.399, -0.305), (0.398, -0.304), (0.398, -0.304), (0.397, -0.303), (0.396, -0.302), (0.396, -0.301), (0.395, -0.301), (0.395, -0.3), (0.394, -0.299), (0.393, -0.299), (0.393, -0.298), (0.392, -0.297), (0.392, -0.296), (0.391, -0.296), (0.39, -0.295), (0.39, -0.294), (0.389, -0.293), (0.388, -0.293), (0.388, -0.292), (0.387, -0.291), (0.387, -0.291), (0.386, -0.29), (0.385, -0.289), (0.385, -0.288), (0.384, -0.288), (0.384, -0.287), (0.383, -0.286), (0.382, -0.285), (0.382, -0.285), (0.381, -0.284), (0.381, -0.283), (0.38, -0.282), (0.379, -0.282), (0.379, -0.281), (0.378, -0.28), (0.378, -0.28), (0.377, -0.279), (0.376, -0.278), (0.376, -0.277), (0.375, -0.277), (0.375, -0.276), (0.374, -0.275), (0.373, -0.274), (0.373, -0.274), (0.372, -0.273), (0.372, -0.272), (0.371, -0.271), (0.37, -0.271), (0.37, -0.27), (0.369, -0.269), (0.369, -0.268), (0.368, -0.268), (0.367, -0.267), (0.367, -0.266), (0.366, -0.265), (0.366, -0.265), (0.365, -0.264), (0.364, -0.263), (0.364, -0.263), (0.363, -0.262), (0.363, -0.261), (0.362, -0.26), (0.361, -0.26), (0.361, -0.259), (0.36, -0.258), (0.36, -0.257), (0.359, -0.257), (0.358, -0.256), (0.358, -0.255), (0.357, -0.254), (0.357, -0.254), (0.356, -0.253), (0.355, -0.252), (0.355, -0.251), (0.354, -0.251), (0.354, -0.25), (0.353, -0.249), (0.353, -0.249), (0.352, -0.248), (0.351, -0.247), (0.351, -0.246), (0.35, -0.246), (0.35, -0.245), (0.349, -0.244), (0.349, -0.243), (0.348, -0.243), (0.347, -0.242), (0.347, -0.241), (0.346, -0.24), (0.346, -0.24), (0.345, -0.239), (0.344, -0.238), (0.344, -0.237), (0.343, -0.237), (0.343, -0.236), (0.342, -0.235), (0.342, -0.235), (0.341, -0.234), (0.341, -0.233), (0.34, -0.232), (0.339, -0.232), (0.339, -0.231), (0.338, -0.23), (0.338, -0.229), (0.337, -0.229), (0.337, -0.228), (0.336, -0.227), (0.335, -0.227), (0.335, -0.226), (0.334, -0.225), (0.334, -0.224), (0.333, -0.224), (0.333, -0.223), (0.332, -0.222), (0.332, -0.221), (0.331, -0.221), (0.33, -0.22), (0.33, -0.219), (0.329, -0.219), (0.329, -0.218), (0.328, -0.217), (0.328, -0.216), (0.327, -0.216), (0.327, -0.215), (0.326, -0.214), (0.326, -0.214), (0.325, -0.213), (0.324, -0.212), (0.324, -0.211), (0.323, -0.211), (0.323, -0.21), (0.322, -0.209), (0.322, -0.209), (0.321, -0.208), (0.321, -0.207), (0.32, -0.206), (0.32, -0.206), (0.319, -0.205)], total_steps=3141
  5th iteration: path_start=[(0.011, -0.173), (0.01, -0.173), (0.01, -0.173), (0.01, -0.173), (0.01, -0.174), (0.01, -0.174), (0.01, -0.175), (0.01, -0.175), (0.01, -0.176), (0.01, -0.177), (0.009, -0.177), (0.009, -0.178), (0.009, -0.179), (0.009, -0.18), (0.008, -0.181), (0.008, -0.182), (0.008, -0.183), (0.007, -0.184), (0.007, -0.185), (0.007, -0.186), (0.006, -0.187), (0.006, -0.188), (0.006, -0.19), (0.005, -0.191), (0.005, -0.192), (0.004, -0.193), (0.004, -0.195), (0.003, -0.196), (0.003, -0.197), (0.002, -0.199), (0.002, -0.2), (0.001, -0.201), (0.001, -0.203), (0.0, -0.204), (-0.0, -0.205), (-0.001, -0.207), (-0.001, -0.208), (-0.002, -0.209), (-0.002, -0.211), (-0.003, -0.212), (-0.004, -0.214), (-0.004, -0.215), (-0.005, -0.217), (-0.006, -0.218), (-0.006, -0.219), (-0.007, -0.221), (-0.008, -0.222), (-0.008, -0.223), (-0.009, -0.225), (-0.01, -0.226), (-0.011, -0.228), (-0.011, -0.229), (-0.012, -0.23), (-0.013, -0.232), (-0.014, -0.233), (-0.014, -0.234), (-0.015, -0.236), (-0.016, -0.237), (-0.017, -0.238), (-0.017, -0.24), (-0.018, -0.241), (-0.019, -0.242), (-0.02, -0.244), (-0.021, -0.245), (-0.022, -0.246), (-0.022, -0.247), (-0.023, -0.249), (-0.024, -0.25), (-0.025, -0.251), (-0.026, -0.252), (-0.027, -0.253), (-0.028, -0.255), (-0.029, -0.256), (-0.029, -0.257), (-0.03, -0.258), (-0.031, -0.259), (-0.032, -0.26), (-0.033, -0.261), (-0.034, -0.262), (-0.035, -0.263), (-0.036, -0.264), (-0.037, -0.266), (-0.038, -0.267), (-0.039, -0.268), (-0.04, -0.269), (-0.041, -0.27), (-0.042, -0.27), (-0.043, -0.271), (-0.044, -0.272), (-0.045, -0.273), (-0.046, -0.274), (-0.047, -0.275), (-0.048, -0.276), (-0.049, -0.277), (-0.05, -0.278), (-0.051, -0.279), (-0.052, -0.279), (-0.053, -0.28), (-0.054, -0.281), (-0.055, -0.282), (-0.056, -0.283), (-0.057, -0.283), (-0.058, -0.284), (-0.059, -0.285), (-0.06, -0.285), (-0.061, -0.286), (-0.062, -0.287), (-0.063, -0.288), (-0.065, -0.288), (-0.066, -0.289), (-0.067, -0.289), (-0.068, -0.29), (-0.069, -0.291), (-0.07, -0.291), (-0.071, -0.292), (-0.072, -0.292), (-0.073, -0.293), (-0.074, -0.294), (-0.076, -0.294), (-0.077, -0.295), (-0.078, -0.295), (-0.079, -0.296), (-0.08, -0.296), (-0.081, -0.297), (-0.082, -0.297), (-0.083, -0.297), (-0.085, -0.298), (-0.086, -0.298), (-0.087, -0.299), (-0.088, -0.299), (-0.089, -0.3), (-0.09, -0.3), (-0.092, -0.3), (-0.093, -0.301), (-0.094, -0.301), (-0.095, -0.301), (-0.096, -0.302), (-0.098, -0.302), (-0.099, -0.302), (-0.1, -0.303), (-0.101, -0.303), (-0.102, -0.303), (-0.104, -0.303), (-0.105, -0.304), (-0.106, -0.304), (-0.107, -0.304), (-0.109, -0.304), (-0.11, -0.305), (-0.111, -0.305), (-0.112, -0.305), (-0.113, -0.305), (-0.115, -0.306), (-0.116, -0.306), (-0.117, -0.306), (-0.118, -0.306), (-0.12, -0.306), (-0.121, -0.306), (-0.122, -0.306), (-0.124, -0.307), (-0.125, -0.307), (-0.126, -0.307), (-0.127, -0.307), (-0.129, -0.307), (-0.13, -0.307), (-0.131, -0.307), (-0.133, -0.307), (-0.134, -0.307), (-0.135, -0.308), (-0.137, -0.308), (-0.138, -0.308), (-0.139, -0.308), (-0.141, -0.308), (-0.142, -0.308), (-0.143, -0.308), (-0.145, -0.308), (-0.146, -0.308), (-0.147, -0.308), (-0.149, -0.308), (-0.15, -0.308), (-0.151, -0.308), (-0.153, -0.308), (-0.154, -0.308), (-0.156, -0.308), (-0.157, -0.308), (-0.158, -0.308), (-0.16, -0.308), (-0.161, -0.308), (-0.163, -0.308), (-0.164, -0.308), (-0.165, -0.308), (-0.167, -0.308), (-0.168, -0.308), (-0.17, -0.308), (-0.171, -0.308), (-0.173, -0.307), (-0.174, -0.307), (-0.175, -0.307), (-0.177, -0.307), (-0.178, -0.307), (-0.18, -0.307), (-0.181, -0.307), (-0.183, -0.307), (-0.184, -0.307), (-0.186, -0.307), (-0.187, -0.307), (-0.189, -0.307), (-0.19, -0.307), (-0.192, -0.306), (-0.193, -0.306), (-0.195, -0.306), (-0.196, -0.306), (-0.198, -0.306), (-0.199, -0.306), (-0.201, -0.306), (-0.202, -0.306), (-0.204, -0.306), (-0.205, -0.305), (-0.207, -0.305), (-0.208, -0.305), (-0.21, -0.305), (-0.211, -0.305), (-0.213, -0.305), (-0.215, -0.305), (-0.216, -0.305), (-0.218, -0.304), (-0.219, -0.304), (-0.221, -0.304), (-0.223, -0.304), (-0.224, -0.304), (-0.226, -0.304), (-0.227, -0.304), (-0.229, -0.304), (-0.231, -0.303), (-0.232, -0.303), (-0.234, -0.303), (-0.235, -0.303), (-0.237, -0.303), (-0.239, -0.303), (-0.24, -0.303), (-0.242, -0.302), (-0.244, -0.302), (-0.245, -0.302), (-0.247, -0.302), (-0.249, -0.302), (-0.25, -0.302), (-0.252, -0.302), (-0.254, -0.301), (-0.255, -0.301), (-0.257, -0.301), (-0.259, -0.301), (-0.26, -0.301), (-0.262, -0.301), (-0.264, -0.3), (-0.265, -0.3), (-0.267, -0.3), (-0.269, -0.3), (-0.27, -0.3), (-0.272, -0.3), (-0.274, -0.3), (-0.276, -0.299), (-0.277, -0.299), (-0.279, -0.299), (-0.281, -0.299), (-0.283, -0.299), (-0.284, -0.299), (-0.286, -0.298), (-0.288, -0.298), (-0.29, -0.298), (-0.291, -0.298), (-0.293, -0.298), (-0.295, -0.298), (-0.297, -0.298), (-0.298, -0.297), (-0.3, -0.297), (-0.302, -0.297), (-0.304, -0.297), (-0.306, -0.297), (-0.307, -0.297), (-0.309, -0.296), (-0.311, -0.296), (-0.313, -0.296), (-0.315, -0.296), (-0.316, -0.296), (-0.318, -0.296), (-0.32, -0.296), (-0.322, -0.295), (-0.324, -0.295), (-0.325, -0.295), (-0.327, -0.295), (-0.329, -0.295), (-0.331, -0.295), (-0.333, -0.295), (-0.335, -0.294), (-0.336, -0.294), (-0.338, -0.294), (-0.34, -0.294), (-0.342, -0.294), (-0.344, -0.294), (-0.346, -0.293), (-0.348, -0.293), (-0.349, -0.293), (-0.351, -0.293), (-0.353, -0.293), (-0.355, -0.293), (-0.357, -0.293), (-0.359, -0.292), (-0.361, -0.292), (-0.363, -0.292), (-0.364, -0.292), (-0.366, -0.292), (-0.368, -0.292), (-0.37, -0.292), (-0.372, -0.291), (-0.374, -0.291), (-0.376, -0.291), (-0.378, -0.291), (-0.38, -0.291), (-0.381, -0.291), (-0.383, -0.29), (-0.385, -0.29), (-0.387, -0.29), (-0.389, -0.29), (-0.391, -0.29), (-0.393, -0.29), (-0.395, -0.29), (-0.397, -0.289), (-0.399, -0.289), (-0.401, -0.289), (-0.402, -0.289), (-0.404, -0.289), (-0.406, -0.289), (-0.408, -0.288), (-0.41, -0.288), (-0.412, -0.288), (-0.414, -0.288), (-0.416, -0.288), (-0.418, -0.288), (-0.42, -0.287), (-0.422, -0.287), (-0.424, -0.287), (-0.426, -0.287), (-0.427, -0.287), (-0.429, -0.287), (-0.431, -0.287), (-0.433, -0.286), (-0.435, -0.286), (-0.437, -0.286), (-0.439, -0.286), (-0.441, -0.286), (-0.443, -0.286), (-0.445, -0.285), (-0.447, -0.285), (-0.449, -0.285), (-0.451, -0.285), (-0.453, -0.285), (-0.455, -0.285), (-0.457, -0.284), (-0.458, -0.284), (-0.46, -0.284), (-0.462, -0.284), (-0.464, -0.284), (-0.466, -0.283), (-0.468, -0.283), (-0.47, -0.283), (-0.472, -0.283), (-0.474, -0.283), (-0.476, -0.283), (-0.478, -0.282), (-0.48, -0.282), (-0.482, -0.282), (-0.484, -0.282), (-0.486, -0.282), (-0.488, -0.281), (-0.489, -0.281), (-0.491, -0.281), (-0.493, -0.281), (-0.495, -0.281), (-0.497, -0.28), (-0.499, -0.28), (-0.501, -0.28), (-0.503, -0.28), (-0.505, -0.28), (-0.507, -0.279), (-0.509, -0.279), (-0.511, -0.279), (-0.513, -0.279), (-0.515, -0.279), (-0.517, -0.278), (-0.518, -0.278), (-0.52, -0.278), (-0.522, -0.278), (-0.524, -0.277), (-0.526, -0.277), (-0.528, -0.277), (-0.53, -0.277), (-0.532, -0.277), (-0.534, -0.276), (-0.536, -0.276), (-0.538, -0.276), (-0.54, -0.276), (-0.541, -0.275), (-0.543, -0.275), (-0.545, -0.275), (-0.547, -0.275), (-0.549, -0.274), (-0.551, -0.274), (-0.553, -0.274), (-0.555, -0.274), (-0.557, -0.273), (-0.558, -0.273), (-0.56, -0.273), (-0.562, -0.273), (-0.564, -0.272), (-0.566, -0.272), (-0.568, -0.272), (-0.57, -0.272), (-0.572, -0.271), (-0.574, -0.271), (-0.575, -0.271), (-0.577, -0.27), (-0.579, -0.27), (-0.581, -0.27), (-0.583, -0.27), (-0.585, -0.269), (-0.587, -0.269), (-0.588, -0.269), (-0.59, -0.268), (-0.592, -0.268), (-0.594, -0.268), (-0.596, -0.267), (-0.598, -0.267), (-0.6, -0.267), (-0.601, -0.267), (-0.603, -0.266), (-0.605, -0.266), (-0.607, -0.266), (-0.609, -0.265), (-0.61, -0.265), (-0.612, -0.265), (-0.614, -0.264), (-0.616, -0.264), (-0.618, -0.264), (-0.62, -0.263), (-0.621, -0.263), (-0.623, -0.263), (-0.625, -0.262), (-0.627, -0.262), (-0.629, -0.262), (-0.63, -0.261), (-0.632, -0.261), (-0.634, -0.26), (-0.636, -0.26), (-0.637, -0.26), (-0.639, -0.259), (-0.641, -0.259), (-0.643, -0.259), (-0.645, -0.258), (-0.646, -0.258), (-0.648, -0.257), (-0.65, -0.257), (-0.652, -0.257), (-0.653, -0.256), (-0.655, -0.256), (-0.657, -0.255), (-0.658, -0.255), (-0.66, -0.255), (-0.662, -0.254), (-0.664, -0.254), (-0.665, -0.253), (-0.667, -0.253), (-0.669, -0.252), (-0.671, -0.252), (-0.672, -0.252), (-0.674, -0.251), (-0.676, -0.251), (-0.677, -0.25), (-0.679, -0.25), (-0.681, -0.249), (-0.682, -0.249), (-0.684, -0.248), (-0.686, -0.248), (-0.687, -0.248), (-0.689, -0.247), (-0.691, -0.247), (-0.692, -0.246), (-0.694, -0.246), (-0.696, -0.245), (-0.697, -0.245), (-0.699, -0.244), (-0.701, -0.244), (-0.702, -0.243), (-0.704, -0.243), (-0.705, -0.242), (-0.707, -0.242), (-0.709, -0.241), (-0.71, -0.241), (-0.712, -0.24), (-0.713, -0.24), (-0.715, -0.239), (-0.717, -0.239)], path_end=[(0.721, 0.188), (0.72, 0.188), (0.718, 0.188), (0.717, 0.188), (0.716, 0.188), (0.715, 0.187), (0.714, 0.187), (0.712, 0.187), (0.711, 0.187), (0.71, 0.187), (0.709, 0.186), (0.708, 0.186), (0.706, 0.186), (0.705, 0.186), (0.704, 0.185), (0.703, 0.185), (0.702, 0.185), (0.7, 0.185), (0.699, 0.185), (0.698, 0.184), (0.697, 0.184), (0.696, 0.184), (0.694, 0.184), (0.693, 0.183), (0.692, 0.183), (0.691, 0.183), (0.69, 0.183), (0.688, 0.182), (0.687, 0.182), (0.686, 0.182), (0.685, 0.182), (0.684, 0.181), (0.682, 0.181), (0.681, 0.181), (0.68, 0.181), (0.679, 0.18), (0.677, 0.18), (0.676, 0.18), (0.675, 0.18), (0.674, 0.179), (0.673, 0.179), (0.671, 0.179), (0.67, 0.178), (0.669, 0.178), (0.668, 0.178), (0.667, 0.178), (0.665, 0.177), (0.664, 0.177), (0.663, 0.177), (0.662, 0.176), (0.661, 0.176), (0.659, 0.176), (0.658, 0.176), (0.657, 0.175), (0.656, 0.175), (0.654, 0.175), (0.653, 0.174), (0.652, 0.174), (0.651, 0.174), (0.65, 0.173), (0.648, 0.173), (0.647, 0.173), (0.646, 0.172), (0.645, 0.172), (0.644, 0.172), (0.642, 0.171), (0.641, 0.171), (0.64, 0.171), (0.639, 0.17), (0.637, 0.17), (0.636, 0.17), (0.635, 0.169), (0.634, 0.169), (0.633, 0.169), (0.631, 0.168), (0.63, 0.168), (0.629, 0.168), (0.628, 0.167), (0.626, 0.167), (0.625, 0.167), (0.624, 0.166), (0.623, 0.166), (0.621, 0.166), (0.62, 0.165), (0.619, 0.165), (0.618, 0.165), (0.616, 0.164), (0.615, 0.164), (0.614, 0.163), (0.613, 0.163), (0.612, 0.163), (0.61, 0.162), (0.609, 0.162), (0.608, 0.162), (0.607, 0.161), (0.605, 0.161), (0.604, 0.16), (0.603, 0.16), (0.602, 0.16), (0.6, 0.159), (0.599, 0.159), (0.598, 0.158), (0.597, 0.158), (0.595, 0.158), (0.594, 0.157), (0.593, 0.157), (0.592, 0.156), (0.59, 0.156), (0.589, 0.156), (0.588, 0.155), (0.587, 0.155), (0.585, 0.154), (0.584, 0.154), (0.583, 0.153), (0.581, 0.153), (0.58, 0.153), (0.579, 0.152), (0.578, 0.152), (0.576, 0.151), (0.575, 0.151), (0.574, 0.15), (0.573, 0.15), (0.571, 0.15), (0.57, 0.149), (0.569, 0.149), (0.568, 0.148), (0.566, 0.148), (0.565, 0.147), (0.564, 0.147), (0.562, 0.146), (0.561, 0.146), (0.56, 0.145), (0.559, 0.145), (0.557, 0.145), (0.556, 0.144), (0.555, 0.144), (0.554, 0.143), (0.552, 0.143), (0.551, 0.142), (0.55, 0.142), (0.548, 0.141), (0.547, 0.141), (0.546, 0.14), (0.545, 0.14), (0.543, 0.139), (0.542, 0.139), (0.541, 0.138), (0.539, 0.138), (0.538, 0.137), (0.537, 0.137), (0.536, 0.136), (0.534, 0.136), (0.533, 0.135), (0.532, 0.135), (0.531, 0.134), (0.529, 0.134), (0.528, 0.133), (0.527, 0.133), (0.525, 0.132), (0.524, 0.132), (0.523, 0.131), (0.522, 0.131), (0.52, 0.13), (0.519, 0.129), (0.518, 0.129), (0.516, 0.128), (0.515, 0.128), (0.514, 0.127), (0.513, 0.127), (0.511, 0.126), (0.51, 0.126), (0.509, 0.125), (0.507, 0.125), (0.506, 0.124), (0.505, 0.123), (0.504, 0.123), (0.502, 0.122), (0.501, 0.122), (0.5, 0.121), (0.498, 0.121), (0.497, 0.12), (0.496, 0.119), (0.495, 0.119), (0.493, 0.118), (0.492, 0.118), (0.491, 0.117), (0.489, 0.117), (0.488, 0.116), (0.487, 0.115), (0.486, 0.115), (0.484, 0.114), (0.483, 0.114), (0.482, 0.113), (0.481, 0.112), (0.479, 0.112), (0.478, 0.111), (0.477, 0.11), (0.475, 0.11), (0.474, 0.109), (0.473, 0.109), (0.472, 0.108), (0.47, 0.107), (0.469, 0.107), (0.468, 0.106), (0.466, 0.105), (0.465, 0.105), (0.464, 0.104), (0.463, 0.104), (0.461, 0.103), (0.46, 0.102), (0.459, 0.102), (0.458, 0.101), (0.456, 0.1), (0.455, 0.1), (0.454, 0.099), (0.452, 0.098), (0.451, 0.098), (0.45, 0.097), (0.449, 0.096), (0.447, 0.096), (0.446, 0.095), (0.445, 0.094), (0.444, 0.094), (0.442, 0.093), (0.441, 0.092), (0.44, 0.091), (0.439, 0.091), (0.437, 0.09), (0.436, 0.089), (0.435, 0.089), (0.434, 0.088), (0.432, 0.087), (0.431, 0.087), (0.43, 0.086), (0.428, 0.085), (0.427, 0.084), (0.426, 0.084), (0.425, 0.083), (0.423, 0.082), (0.422, 0.081), (0.421, 0.081), (0.42, 0.08), (0.418, 0.079), (0.417, 0.078), (0.416, 0.078), (0.415, 0.077), (0.413, 0.076), (0.412, 0.075), (0.411, 0.075), (0.41, 0.074), (0.408, 0.073), (0.407, 0.072), (0.406, 0.072), (0.405, 0.071), (0.403, 0.07), (0.402, 0.069), (0.401, 0.068), (0.4, 0.068), (0.398, 0.067), (0.397, 0.066), (0.396, 0.065), (0.395, 0.064), (0.393, 0.064), (0.392, 0.063), (0.391, 0.062), (0.39, 0.061), (0.388, 0.06), (0.387, 0.059), (0.386, 0.059), (0.385, 0.058), (0.383, 0.057), (0.382, 0.056), (0.381, 0.055), (0.38, 0.054), (0.379, 0.054), (0.377, 0.053), (0.376, 0.052), (0.375, 0.051), (0.374, 0.05), (0.372, 0.049), (0.371, 0.048), (0.37, 0.048), (0.369, 0.047), (0.367, 0.046), (0.366, 0.045), (0.365, 0.044), (0.364, 0.043), (0.362, 0.042), (0.361, 0.041), (0.36, 0.04), (0.359, 0.039), (0.358, 0.039), (0.356, 0.038), (0.355, 0.037), (0.354, 0.036), (0.353, 0.035), (0.351, 0.034), (0.35, 0.033), (0.349, 0.032), (0.348, 0.031), (0.346, 0.03), (0.345, 0.029), (0.344, 0.028), (0.343, 0.027), (0.342, 0.026), (0.34, 0.025), (0.339, 0.024), (0.338, 0.023), (0.337, 0.022), (0.335, 0.021), (0.334, 0.02), (0.333, 0.019), (0.332, 0.018), (0.33, 0.017), (0.329, 0.016), (0.328, 0.015), (0.327, 0.014), (0.326, 0.013), (0.324, 0.012), (0.323, 0.011), (0.322, 0.01), (0.321, 0.009), (0.319, 0.008), (0.318, 0.007), (0.317, 0.006), (0.316, 0.005), (0.314, 0.004), (0.313, 0.003), (0.312, 0.002), (0.311, 0.001), (0.309, -0.0), (0.308, -0.001), (0.307, -0.002), (0.306, -0.003), (0.305, -0.005), (0.303, -0.006), (0.302, -0.007), (0.301, -0.008), (0.3, -0.009), (0.298, -0.01), (0.297, -0.011), (0.296, -0.012), (0.295, -0.013), (0.293, -0.015), (0.292, -0.016), (0.291, -0.017), (0.29, -0.018), (0.288, -0.019), (0.287, -0.02), (0.286, -0.021), (0.285, -0.023), (0.283, -0.024), (0.282, -0.025), (0.281, -0.026), (0.28, -0.027), (0.278, -0.028), (0.277, -0.03), (0.276, -0.031), (0.275, -0.032), (0.273, -0.033), (0.272, -0.034), (0.271, -0.036), (0.27, -0.037), (0.268, -0.038), (0.267, -0.039), (0.266, -0.04), (0.265, -0.042), (0.263, -0.043), (0.262, -0.044), (0.261, -0.045), (0.26, -0.046), (0.258, -0.048), (0.257, -0.049), (0.256, -0.05), (0.254, -0.051), (0.253, -0.053), (0.252, -0.054), (0.251, -0.055), (0.249, -0.056), (0.248, -0.058), (0.247, -0.059), (0.246, -0.06), (0.244, -0.062), (0.243, -0.063), (0.242, -0.064), (0.24, -0.065), (0.239, -0.067), (0.238, -0.068), (0.237, -0.069), (0.235, -0.071), (0.234, -0.072), (0.233, -0.073), (0.231, -0.075), (0.23, -0.076), (0.229, -0.077), (0.228, -0.078), (0.226, -0.08), (0.225, -0.081), (0.224, -0.082), (0.222, -0.084), (0.221, -0.085), (0.22, -0.086), (0.218, -0.088), (0.217, -0.089), (0.216, -0.09), (0.215, -0.092), (0.213, -0.093), (0.212, -0.095), (0.211, -0.096), (0.209, -0.097), (0.208, -0.099), (0.207, -0.1), (0.205, -0.101), (0.204, -0.103), (0.203, -0.104), (0.201, -0.105), (0.2, -0.107), (0.199, -0.108), (0.198, -0.11), (0.196, -0.111), (0.195, -0.112), (0.194, -0.114), (0.192, -0.115), (0.191, -0.116), (0.19, -0.118), (0.188, -0.119), (0.187, -0.121), (0.186, -0.122), (0.184, -0.123), (0.183, -0.125), (0.182, -0.126), (0.18, -0.128), (0.179, -0.129), (0.178, -0.13), (0.176, -0.132), (0.175, -0.133), (0.174, -0.135), (0.172, -0.136), (0.171, -0.137), (0.17, -0.139), (0.168, -0.14), (0.167, -0.142), (0.166, -0.143), (0.164, -0.144), (0.163, -0.146), (0.162, -0.147), (0.16, -0.149), (0.159, -0.15), (0.157, -0.151), (0.156, -0.153), (0.155, -0.154), (0.153, -0.156), (0.152, -0.157), (0.151, -0.158), (0.149, -0.16), (0.148, -0.161), (0.147, -0.163), (0.145, -0.164), (0.144, -0.165), (0.143, -0.167), (0.141, -0.168), (0.14, -0.169), (0.139, -0.171), (0.137, -0.172), (0.136, -0.174), (0.134, -0.175), (0.133, -0.176), (0.132, -0.178), (0.13, -0.179), (0.129, -0.181), (0.128, -0.182), (0.126, -0.183), (0.125, -0.185), (0.124, -0.186), (0.122, -0.187), (0.121, -0.189), (0.119, -0.19), (0.118, -0.191), (0.117, -0.193), (0.115, -0.194), (0.114, -0.195), (0.113, -0.197), (0.111, -0.198), (0.11, -0.199), (0.109, -0.201), (0.107, -0.202), (0.106, -0.203), (0.105, -0.205), (0.103, -0.206), (0.102, -0.207), (0.1, -0.209), (0.099, -0.21), (0.098, -0.211), (0.096, -0.212), (0.095, -0.214), (0.094, -0.215), (0.092, -0.216), (0.091, -0.217), (0.09, -0.219), (0.088, -0.22)], total_steps=3141
  7th iteration: path_start=[(0.011, -0.172), (0.011, -0.172), (0.012, -0.172), (0.012, -0.173), (0.013, -0.173), (0.014, -0.173), (0.015, -0.173), (0.016, -0.173), (0.018, -0.173), (0.019, -0.173), (0.021, -0.173), (0.022, -0.173), (0.024, -0.173), (0.026, -0.173), (0.028, -0.173), (0.03, -0.173), (0.032, -0.173), (0.034, -0.173), (0.036, -0.173), (0.038, -0.173), (0.04, -0.173), (0.043, -0.174), (0.045, -0.174), (0.048, -0.174), (0.05, -0.174), (0.052, -0.174), (0.055, -0.174), (0.057, -0.174), (0.06, -0.174), (0.062, -0.174), (0.065, -0.174), (0.068, -0.174), (0.07, -0.174), (0.073, -0.174), (0.075, -0.174), (0.078, -0.174), (0.08, -0.174), (0.083, -0.174), (0.086, -0.174), (0.088, -0.174), (0.091, -0.174), (0.093, -0.173), (0.096, -0.173), (0.098, -0.173), (0.101, -0.173), (0.103, -0.173), (0.106, -0.173), (0.108, -0.173), (0.111, -0.173), (0.113, -0.173), (0.116, -0.173), (0.118, -0.172), (0.121, -0.172), (0.123, -0.172), (0.125, -0.172), (0.128, -0.172), (0.13, -0.172), (0.132, -0.172), (0.135, -0.171), (0.137, -0.171), (0.139, -0.171), (0.141, -0.171), (0.143, -0.171), (0.145, -0.17), (0.148, -0.17), (0.15, -0.17), (0.152, -0.17), (0.154, -0.169), (0.156, -0.169), (0.158, -0.169), (0.16, -0.169), (0.161, -0.168), (0.163, -0.168), (0.165, -0.168), (0.167, -0.168), (0.169, -0.167), (0.171, -0.167), (0.172, -0.167), (0.174, -0.166), (0.176, -0.166), (0.177, -0.166), (0.179, -0.165), (0.181, -0.165), (0.182, -0.165), (0.184, -0.164), (0.185, -0.164), (0.187, -0.164), (0.188, -0.163), (0.19, -0.163), (0.191, -0.162), (0.192, -0.162), (0.194, -0.162), (0.195, -0.161), (0.196, -0.161), (0.198, -0.16), (0.199, -0.16), (0.2, -0.16), (0.201, -0.159), (0.202, -0.159), (0.203, -0.158), (0.205, -0.158), (0.206, -0.158), (0.207, -0.157), (0.208, -0.157), (0.209, -0.156), (0.21, -0.156), (0.211, -0.155), (0.212, -0.155), (0.213, -0.154), (0.214, -0.154), (0.214, -0.153), (0.215, -0.153), (0.216, -0.152), (0.217, -0.152), (0.218, -0.151), (0.218, -0.151), (0.219, -0.15), (0.22, -0.15), (0.221, -0.149), (0.221, -0.149), (0.222, -0.148), (0.223, -0.148), (0.223, -0.147), (0.224, -0.147), (0.224, -0.146), (0.225, -0.146), (0.226, -0.145), (0.226, -0.145), (0.227, -0.144), (0.227, -0.144), (0.228, -0.143), (0.228, -0.143), (0.229, -0.142), (0.229, -0.141), (0.229, -0.141), (0.23, -0.14), (0.23, -0.14), (0.231, -0.139), (0.231, -0.139), (0.231, -0.138), (0.232, -0.137), (0.232, -0.137), (0.232, -0.136), (0.232, -0.136), (0.233, -0.135), (0.233, -0.135), (0.233, -0.134), (0.233, -0.133), (0.234, -0.133), (0.234, -0.132), (0.234, -0.132), (0.234, -0.131), (0.234, -0.13), (0.234, -0.13), (0.234, -0.129), (0.235, -0.129), (0.235, -0.128), (0.235, -0.127), (0.235, -0.127), (0.235, -0.126), (0.235, -0.126), (0.235, -0.125), (0.235, -0.124), (0.235, -0.124), (0.235, -0.123), (0.235, -0.123), (0.235, -0.122), (0.235, -0.121), (0.235, -0.121), (0.235, -0.12), (0.235, -0.119), (0.235, -0.119), (0.235, -0.118), (0.235, -0.118), (0.235, -0.117), (0.235, -0.116), (0.234, -0.116), (0.234, -0.115), (0.234, -0.114), (0.234, -0.114), (0.234, -0.113), (0.234, -0.112), (0.234, -0.112), (0.233, -0.111), (0.233, -0.111), (0.233, -0.11), (0.233, -0.109), (0.233, -0.109), (0.232, -0.108), (0.232, -0.107), (0.232, -0.107), (0.232, -0.106), (0.232, -0.105), (0.231, -0.105), (0.231, -0.104), (0.231, -0.103), (0.231, -0.103), (0.23, -0.102), (0.23, -0.101), (0.23, -0.101), (0.229, -0.1), (0.229, -0.099), (0.229, -0.099), (0.228, -0.098), (0.228, -0.097), (0.228, -0.097), (0.228, -0.096), (0.227, -0.095), (0.227, -0.095), (0.226, -0.094), (0.226, -0.094), (0.226, -0.093), (0.225, -0.092), (0.225, -0.092), (0.225, -0.091), (0.224, -0.09), (0.224, -0.09), (0.224, -0.089), (0.223, -0.088), (0.223, -0.088), (0.222, -0.087), (0.222, -0.086), (0.221, -0.086), (0.221, -0.085), (0.221, -0.084), (0.22, -0.084), (0.22, -0.083), (0.219, -0.082), (0.219, -0.082), (0.218, -0.081), (0.218, -0.08), (0.218, -0.08), (0.217, -0.079), (0.217, -0.078), (0.216, -0.078), (0.216, -0.077), (0.215, -0.076), (0.215, -0.075), (0.214, -0.075), (0.214, -0.074), (0.213, -0.073), (0.213, -0.073), (0.212, -0.072), (0.212, -0.071), (0.211, -0.071), (0.211, -0.07), (0.21, -0.069), (0.21, -0.069), (0.209, -0.068), (0.209, -0.067), (0.208, -0.067), (0.208, -0.066), (0.207, -0.065), (0.206, -0.065), (0.206, -0.064), (0.205, -0.063), (0.205, -0.063), (0.204, -0.062), (0.204, -0.061), (0.203, -0.061), (0.203, -0.06), (0.202, -0.059), (0.201, -0.059), (0.201, -0.058), (0.2, -0.057), (0.2, -0.057), (0.199, -0.056), (0.198, -0.055), (0.198, -0.055), (0.197, -0.054), (0.197, -0.053), (0.196, -0.053), (0.195, -0.052), (0.195, -0.051), (0.194, -0.05), (0.194, -0.05), (0.193, -0.049), (0.192, -0.048), (0.192, -0.048), (0.191, -0.047), (0.191, -0.046), (0.19, -0.046), (0.189, -0.045), (0.189, -0.044), (0.188, -0.044), (0.187, -0.043), (0.187, -0.042), (0.186, -0.042), (0.185, -0.041), (0.185, -0.04), (0.184, -0.04), (0.183, -0.039), (0.183, -0.038), (0.182, -0.038), (0.181, -0.037), (0.181, -0.036), (0.18, -0.036), (0.179, -0.035), (0.179, -0.034), (0.178, -0.033), (0.177, -0.033), (0.177, -0.032), (0.176, -0.031), (0.175, -0.031), (0.175, -0.03), (0.174, -0.029), (0.173, -0.029), (0.172, -0.028), (0.172, -0.027), (0.171, -0.027), (0.17, -0.026), (0.17, -0.025), (0.169, -0.025), (0.168, -0.024), (0.168, -0.023), (0.167, -0.023), (0.166, -0.022), (0.165, -0.021), (0.165, -0.021), (0.164, -0.02), (0.163, -0.019), (0.162, -0.019), (0.162, -0.018), (0.161, -0.017), (0.16, -0.016), (0.159, -0.016), (0.159, -0.015), (0.158, -0.014), (0.157, -0.014), (0.157, -0.013), (0.156, -0.012), (0.155, -0.012), (0.154, -0.011), (0.153, -0.01), (0.153, -0.01), (0.152, -0.009), (0.151, -0.008), (0.15, -0.008), (0.15, -0.007), (0.149, -0.006), (0.148, -0.006), (0.147, -0.005), (0.147, -0.004), (0.146, -0.003), (0.145, -0.003), (0.144, -0.002), (0.144, -0.001), (0.143, -0.001), (0.142, -0.0), (0.141, 0.001), (0.14, 0.001), (0.14, 0.002), (0.139, 0.003), (0.138, 0.003), (0.137, 0.004), (0.136, 0.005), (0.136, 0.005), (0.135, 0.006), (0.134, 0.007), (0.133, 0.007), (0.132, 0.008), (0.132, 0.009), (0.131, 0.01), (0.13, 0.01), (0.129, 0.011), (0.128, 0.012), (0.128, 0.012), (0.127, 0.013), (0.126, 0.014), (0.125, 0.014), (0.124, 0.015), (0.124, 0.016), (0.123, 0.016), (0.122, 0.017), (0.121, 0.018), (0.12, 0.018), (0.119, 0.019), (0.119, 0.02), (0.118, 0.021), (0.117, 0.021), (0.116, 0.022), (0.115, 0.023), (0.115, 0.023), (0.114, 0.024), (0.113, 0.025), (0.112, 0.025), (0.111, 0.026), (0.11, 0.027), (0.11, 0.027), (0.109, 0.028), (0.108, 0.029), (0.107, 0.029), (0.106, 0.03), (0.105, 0.031), (0.105, 0.032), (0.104, 0.032), (0.103, 0.033), (0.102, 0.034), (0.101, 0.034), (0.1, 0.035), (0.1, 0.036), (0.099, 0.036), (0.098, 0.037), (0.097, 0.038), (0.096, 0.039), (0.095, 0.039), (0.095, 0.04), (0.094, 0.041), (0.093, 0.041), (0.092, 0.042), (0.091, 0.043), (0.09, 0.043), (0.09, 0.044), (0.089, 0.045), (0.088, 0.045), (0.087, 0.046), (0.086, 0.047), (0.085, 0.048), (0.085, 0.048), (0.084, 0.049), (0.083, 0.05), (0.082, 0.05), (0.081, 0.051), (0.08, 0.052), (0.08, 0.052), (0.079, 0.053), (0.078, 0.054), (0.077, 0.055), (0.076, 0.055), (0.075, 0.056), (0.074, 0.057), (0.074, 0.057), (0.073, 0.058), (0.072, 0.059), (0.071, 0.059), (0.07, 0.06), (0.069, 0.061), (0.069, 0.062), (0.068, 0.062), (0.067, 0.063), (0.066, 0.064), (0.065, 0.064), (0.064, 0.065), (0.064, 0.066), (0.063, 0.067), (0.062, 0.067), (0.061, 0.068), (0.06, 0.069), (0.06, 0.069), (0.059, 0.07), (0.058, 0.071), (0.057, 0.071), (0.056, 0.072), (0.055, 0.073), (0.055, 0.074), (0.054, 0.074), (0.053, 0.075), (0.052, 0.076), (0.051, 0.076), (0.05, 0.077), (0.05, 0.078), (0.049, 0.079), (0.048, 0.079), (0.047, 0.08), (0.046, 0.081), (0.046, 0.081), (0.045, 0.082), (0.044, 0.083), (0.043, 0.084), (0.042, 0.084), (0.042, 0.085), (0.041, 0.086), (0.04, 0.087), (0.039, 0.087), (0.038, 0.088), (0.038, 0.089), (0.037, 0.089), (0.036, 0.09), (0.035, 0.091), (0.034, 0.092), (0.034, 0.092), (0.033, 0.093), (0.032, 0.094), (0.031, 0.094), (0.03, 0.095), (0.03, 0.096), (0.029, 0.097), (0.028, 0.097), (0.027, 0.098), (0.027, 0.099), (0.026, 0.1), (0.025, 0.1), (0.024, 0.101), (0.024, 0.102), (0.023, 0.103), (0.022, 0.103), (0.021, 0.104), (0.02, 0.105), (0.02, 0.105), (0.019, 0.106)], path_end=[(-0.082, 0.067), (-0.078, 0.063), (-0.073, 0.058), (-0.068, 0.054), (-0.063, 0.049), (-0.058, 0.044), (-0.054, 0.04), (-0.049, 0.035), (-0.044, 0.031), (-0.039, 0.026), (-0.034, 0.022), (-0.03, 0.017), (-0.025, 0.013), (-0.02, 0.008), (-0.015, 0.004), (-0.011, -0.001), (-0.006, -0.005), (-0.001, -0.01), (0.003, -0.014), (0.008, -0.018), (0.013, -0.023), (0.018, -0.027), (0.022, -0.032), (0.027, -0.036), (0.031, -0.041), (0.036, -0.045), (0.041, -0.049), (0.045, -0.054), (0.05, -0.058), (0.054, -0.062), (0.059, -0.067), (0.063, -0.071), (0.068, -0.075), (0.072, -0.079), (0.077, -0.084), (0.081, -0.088), (0.086, -0.092), (0.09, -0.096), (0.095, -0.1), (0.099, -0.105), (0.103, -0.109), (0.108, -0.113), (0.112, -0.117), (0.116, -0.121), (0.121, -0.125), (0.125, -0.129), (0.129, -0.133), (0.134, -0.137), (0.138, -0.141), (0.142, -0.145), (0.146, -0.149), (0.15, -0.153), (0.154, -0.157), (0.159, -0.161), (0.163, -0.164), (0.167, -0.168), (0.171, -0.172), (0.175, -0.176), (0.179, -0.18), (0.183, -0.183), (0.187, -0.187), (0.191, -0.191), (0.194, -0.194), (0.198, -0.198), (0.202, -0.202), (0.206, -0.205), (0.21, -0.209), (0.214, -0.212), (0.217, -0.216), (0.221, -0.219), (0.225, -0.223), (0.228, -0.226), (0.232, -0.229), (0.236, -0.233), (0.239, -0.236), (0.243, -0.239), (0.246, -0.243), (0.25, -0.246), (0.253, -0.249), (0.257, -0.252), (0.26, -0.256), (0.264, -0.259), (0.267, -0.262), (0.27, -0.265), (0.274, -0.268), (0.277, -0.271), (0.28, -0.274), (0.283, -0.277), (0.286, -0.28), (0.29, -0.283), (0.293, -0.286), (0.296, -0.289), (0.299, -0.292), (0.302, -0.294), (0.305, -0.297), (0.308, -0.3), (0.311, -0.303), (0.314, -0.305), (0.317, -0.308), (0.32, -0.311), (0.323, -0.313), (0.325, -0.316), (0.328, -0.319), (0.331, -0.321), (0.334, -0.324), (0.336, -0.326), (0.339, -0.328), (0.342, -0.331), (0.344, -0.333), (0.347, -0.336), (0.349, -0.338), (0.352, -0.34), (0.354, -0.342), (0.357, -0.345), (0.359, -0.347), (0.362, -0.349), (0.364, -0.351), (0.367, -0.353), (0.369, -0.355), (0.371, -0.358), (0.373, -0.36), (0.376, -0.362), (0.378, -0.364), (0.38, -0.366), (0.382, -0.367), (0.384, -0.369), (0.386, -0.371), (0.388, -0.373), (0.391, -0.375), (0.393, -0.377), (0.395, -0.378), (0.396, -0.38), (0.398, -0.382), (0.4, -0.383), (0.402, -0.385), (0.404, -0.387), (0.406, -0.388), (0.408, -0.39), (0.409, -0.391), (0.411, -0.393), (0.413, -0.394), (0.415, -0.396), (0.416, -0.397), (0.418, -0.399), (0.419, -0.4), (0.421, -0.401), (0.423, -0.403), (0.424, -0.404), (0.426, -0.405), (0.427, -0.407), (0.429, -0.408), (0.43, -0.409), (0.431, -0.41), (0.433, -0.411), (0.434, -0.413), (0.436, -0.414), (0.437, -0.415), (0.438, -0.416), (0.439, -0.417), (0.441, -0.418), (0.442, -0.419), (0.443, -0.42), (0.444, -0.421), (0.445, -0.422), (0.446, -0.423), (0.448, -0.423), (0.449, -0.424), (0.45, -0.425), (0.451, -0.426), (0.452, -0.427), (0.453, -0.428), (0.454, -0.428), (0.455, -0.429), (0.456, -0.43), (0.456, -0.43), (0.457, -0.431), (0.458, -0.432), (0.459, -0.432), (0.46, -0.433), (0.461, -0.433), (0.461, -0.434), (0.462, -0.435), (0.463, -0.435), (0.464, -0.436), (0.464, -0.436), (0.465, -0.436), (0.466, -0.437), (0.466, -0.437), (0.467, -0.438), (0.468, -0.438), (0.468, -0.439), (0.469, -0.439), (0.469, -0.439), (0.47, -0.44), (0.47, -0.44), (0.471, -0.44), (0.471, -0.44), (0.472, -0.441), (0.472, -0.441), (0.473, -0.441), (0.473, -0.441), (0.474, -0.441), (0.474, -0.442), (0.474, -0.442), (0.475, -0.442), (0.475, -0.442), (0.475, -0.442), (0.476, -0.442), (0.476, -0.442), (0.476, -0.442), (0.477, -0.442), (0.477, -0.442), (0.477, -0.442), (0.477, -0.442), (0.477, -0.442), (0.478, -0.442), (0.478, -0.442), (0.478, -0.442), (0.478, -0.442), (0.478, -0.442), (0.478, -0.442), (0.479, -0.442), (0.479, -0.442), (0.479, -0.442), (0.479, -0.442), (0.479, -0.441), (0.479, -0.441), (0.479, -0.441), (0.479, -0.441), (0.479, -0.441), (0.479, -0.44), (0.479, -0.44), (0.479, -0.44), (0.479, -0.44), (0.479, -0.44), (0.479, -0.439), (0.479, -0.439), (0.479, -0.439), (0.479, -0.438), (0.479, -0.438), (0.479, -0.438), (0.479, -0.437), (0.478, -0.437), (0.478, -0.437), (0.478, -0.436), (0.478, -0.436), (0.478, -0.436), (0.478, -0.435), (0.478, -0.435), (0.477, -0.435), (0.477, -0.434), (0.477, -0.434), (0.477, -0.433), (0.477, -0.433), (0.476, -0.432), (0.476, -0.432), (0.476, -0.432), (0.476, -0.431), (0.475, -0.431), (0.475, -0.43), (0.475, -0.43), (0.475, -0.429), (0.474, -0.429), (0.474, -0.428), (0.474, -0.428), (0.473, -0.427), (0.473, -0.427), (0.473, -0.426), (0.472, -0.426), (0.472, -0.425), (0.472, -0.424), (0.471, -0.424), (0.471, -0.423), (0.471, -0.423), (0.47, -0.422), (0.47, -0.422), (0.47, -0.421), (0.469, -0.42), (0.469, -0.42), (0.469, -0.419), (0.468, -0.419), (0.468, -0.418), (0.467, -0.417), (0.467, -0.417), (0.467, -0.416), (0.466, -0.416), (0.466, -0.415), (0.465, -0.414), (0.465, -0.414), (0.464, -0.413), (0.464, -0.412), (0.464, -0.412), (0.463, -0.411), (0.463, -0.41), (0.462, -0.41), (0.462, -0.409), (0.461, -0.408), (0.461, -0.408), (0.46, -0.407), (0.46, -0.406), (0.459, -0.406), (0.459, -0.405), (0.458, -0.404), (0.458, -0.404), (0.457, -0.403), (0.457, -0.402), (0.456, -0.401), (0.456, -0.401), (0.455, -0.4), (0.455, -0.399), (0.454, -0.399), (0.454, -0.398), (0.453, -0.397), (0.453, -0.396), (0.452, -0.396), (0.452, -0.395), (0.451, -0.394), (0.451, -0.393), (0.45, -0.393), (0.45, -0.392), (0.449, -0.391), (0.449, -0.39), (0.448, -0.39), (0.448, -0.389), (0.447, -0.388), (0.447, -0.387), (0.446, -0.387), (0.445, -0.386), (0.445, -0.385), (0.444, -0.384), (0.444, -0.384), (0.443, -0.383), (0.443, -0.382), (0.442, -0.381), (0.442, -0.381), (0.441, -0.38), (0.44, -0.379), (0.44, -0.378), (0.439, -0.377), (0.439, -0.377), (0.438, -0.376), (0.438, -0.375), (0.437, -0.374), (0.436, -0.373), (0.436, -0.373), (0.435, -0.372), (0.435, -0.371), (0.434, -0.37), (0.434, -0.37), (0.433, -0.369), (0.432, -0.368), (0.432, -0.367), (0.431, -0.366), (0.431, -0.366), (0.43, -0.365), (0.429, -0.364), (0.429, -0.363), (0.428, -0.362), (0.428, -0.362), (0.427, -0.361), (0.426, -0.36), (0.426, -0.359), (0.425, -0.358), (0.425, -0.358), (0.424, -0.357), (0.424, -0.356), (0.423, -0.355), (0.422, -0.354), (0.422, -0.354), (0.421, -0.353), (0.421, -0.352), (0.42, -0.351), (0.419, -0.35), (0.419, -0.349), (0.418, -0.349), (0.418, -0.348), (0.417, -0.347), (0.416, -0.346), (0.416, -0.345), (0.415, -0.345), (0.415, -0.344), (0.414, -0.343), (0.413, -0.342), (0.413, -0.341), (0.412, -0.341), (0.412, -0.34), (0.411, -0.339), (0.41, -0.338), (0.41, -0.337), (0.409, -0.337), (0.409, -0.336), (0.408, -0.335), (0.407, -0.334), (0.407, -0.333), (0.406, -0.332), (0.406, -0.332), (0.405, -0.331), (0.404, -0.33), (0.404, -0.329), (0.403, -0.328), (0.403, -0.328), (0.402, -0.327), (0.401, -0.326), (0.401, -0.325), (0.4, -0.324), (0.4, -0.324), (0.399, -0.323), (0.398, -0.322), (0.398, -0.321), (0.397, -0.32), (0.397, -0.319), (0.396, -0.319), (0.395, -0.318), (0.395, -0.317), (0.394, -0.316), (0.394, -0.315), (0.393, -0.315), (0.392, -0.314), (0.392, -0.313), (0.391, -0.312), (0.391, -0.311), (0.39, -0.311), (0.39, -0.31), (0.389, -0.309), (0.388, -0.308), (0.388, -0.307), (0.387, -0.307), (0.387, -0.306), (0.386, -0.305), (0.385, -0.304), (0.385, -0.303), (0.384, -0.303), (0.384, -0.302), (0.383, -0.301), (0.382, -0.3), (0.382, -0.299), (0.381, -0.299), (0.381, -0.298), (0.38, -0.297), (0.38, -0.296), (0.379, -0.295), (0.378, -0.295), (0.378, -0.294), (0.377, -0.293), (0.377, -0.292), (0.376, -0.291), (0.375, -0.291), (0.375, -0.29), (0.374, -0.289), (0.374, -0.288), (0.373, -0.287), (0.373, -0.287), (0.372, -0.286), (0.371, -0.285), (0.371, -0.284), (0.37, -0.283), (0.37, -0.283), (0.369, -0.282), (0.369, -0.281), (0.368, -0.28), (0.367, -0.279), (0.367, -0.279), (0.366, -0.278), (0.366, -0.277), (0.365, -0.276), (0.365, -0.276), (0.364, -0.275), (0.364, -0.274), (0.363, -0.273), (0.362, -0.272), (0.362, -0.272), (0.361, -0.271), (0.361, -0.27), (0.36, -0.269), (0.36, -0.268), (0.359, -0.268), (0.358, -0.267), (0.358, -0.266), (0.357, -0.265), (0.357, -0.265), (0.356, -0.264), (0.356, -0.263), (0.355, -0.262), (0.355, -0.261), (0.354, -0.261), (0.354, -0.26), (0.353, -0.259), (0.352, -0.258), (0.352, -0.258), (0.351, -0.257), (0.351, -0.256), (0.35, -0.255), (0.35, -0.254), (0.349, -0.254), (0.349, -0.253), (0.348, -0.252), (0.347, -0.251), (0.347, -0.251), (0.346, -0.25), (0.346, -0.249)], total_steps=3141

# Recent Trend: WORSENING (ball count increasing) - Last 3 iterations: [192, 197, 189, 194, 191, 193, 193, 198]



Now you are at iteration 9 out of 510.  Please provide the results in the indicated format. Do not provide any additional texts.


