
    You are a good global optimizer, helping me find the global minimum of a mathematical function
    f(weights). I will give you the function evaluation f(weights) and the current iteration number at each step. Your
    goal is to propose input values that efficiently lead us to the global minimum within a limited number
    of iterations (400).

    # Here's how we will interact :
        1) I will provide you max steps (400) along with a couple of training examples which includes weights for the policy, and its corresponding function value f(weights) for each example. 
        2) You will provide the response in exact following format: 
            Output: STRICTLY one JSON object on a single line (no code fences). Include a brief "reason" and the "weights":
            {"reason": "one sentence explaining coverage, bounds adherence", "weights": [exactly 50 floats]}
        3) I will then provide the function evaluation f(weights) at that point and the current iteration.
        4) You will repeat the steps from 2-3 until we will reach a maximum number of iteration.
        

    # Remember :
        1) XY WORKSPACE LIMITS (meters): x ∈ [-1.050, 1.050], y ∈ [-0.650, 0.650]. Any path implied by your weights must keep the 2D path strictly within these bounds.
        2) Balance between exploration and exploitation. 
        3) Search both the positive and the negative values.
        4) The global optimum corresponds to the minimum function value, which is close to f(weights). If your current f(weights) is significantly higher than that, you should prioritize exploration over exploitation.
        5)You must avoid proposing weights that result in trajectories going outside the defined XY WORKSPACE LIMITS (meters): x ∈ [-1.050, 1.050], y ∈ [-0.650, 0.650], as trajectories with waypoints out of bounds are invalid and fail to execute correctly. Analyze the `Historical Feedback Summary` to understand which past weights caused poor bounds compliance and avoid similar solutions.

    Next :
         You will see examples of the dmp weights and their corresponding function value f(weights):
          (WORKSPACE LIMITS (meters): x ∈ [-0.976, 1.175], y ∈ [-0.327, 0.198])
          # Example 1:
         weights =  [84.993855, 69.885069, 55.206646, 42.306527, 32.309473, 24.273628, 12.420855, -7.368554, -24.351259, -28.730552, -34.305447, -50.96178, -73.563352, -95.873989, -116.474452, -135.129149, -149.577451, -159.238397, -166.375785, -171.873775, -173.325799, -168.103406, -154.11261, -132.871615, -110.755176, -90.821882, -71.419665, -52.33974, -35.634237, -21.18727, -7.303905, 6.098977, 19.240626, 33.455577, 50.216669, 69.857061, 91.259438, 111.596813, 129.704331, 145.486411, 157.232589, 165.402812, 170.847044, 172.445849, 169.429601, 162.092667, 149.79719, 133.344939, 116.11635, 100.117687, 34.254739, 29.930115, 24.678004, 18.37642, 11.170079, 2.594627, -11.680548, -38.735428, -61.330785, -54.551031, -39.820681, -36.935136, -39.02968, -40.045511, -39.303201, -36.18576, -29.635765, -20.488875, -9.569289, 2.788452, 14.835595, 24.992636, 31.936633, 35.02832, 35.098438, 32.884945, 28.724358, 23.129088, 16.82561, 10.515734, 4.220914, -2.627085, -10.225675, -18.073946, -25.517172, -31.15169, -34.177154, -35.122555, -33.961812, -30.347473, -23.521878, -13.65379, -2.620972, 8.878889, 20.748335, 31.418109, 38.337951, 40.379633, 39.578511, 37.560793] 
        f(weights) =  [150.0] 
            
            
          # Example 2:
          (WORKSPACE LIMITS (meters): x ∈ [-0.697, 0.695], y ∈ [-0.213, 0.116])
         weights =  [65.370776, 52.45726, 40.6369, 29.605392, 18.033523, 5.931341, -6.326353, -17.461541, -26.223187, -34.197609, -43.399004, -54.797347, -68.689981, -82.694078, -94.078938, -103.69877, -112.681819, -119.626482, -123.539309, -125.587927, -126.502001, -125.569174, -121.310892, -113.123039, -102.857885, -92.476709, -81.730354, -69.824577, -57.163148, -43.903959, -30.130638, -16.832759, -5.461248, 3.898699, 13.039037, 24.292207, 38.638945, 54.356717, 69.000578, 81.899959, 95.212694, 109.469252, 120.0602, 125.02996, 125.826018, 121.888043, 112.735371, 100.636731, 88.93199, 77.724505, 19.196539, 20.155751, 20.191332, 19.36449, 17.515903, 13.783372, 4.013372, -16.789299, -35.348693, -32.588751, -23.101339, -21.806064, -24.332201, -25.823497, -25.295929, -22.72066, -17.556588, -10.202657, -2.521874, 4.979672, 12.367861, 18.321992, 22.457555, 25.042474, 26.014404, 25.853485, 24.864491, 23.192582, 21.340527, 19.428395, 17.001096, 13.072102, 7.107368, -0.352414, -8.055547, -14.14084, -18.052256, -20.831035, -22.672769, -23.392738, -23.288176, -22.075108, -18.524282, -12.418171, -5.340101, 1.58115, 8.114919, 13.18374, 15.986256, 17.655942],
        f(weights) =  [148.0]



# Historical Feedback Summary (Full History Up to Iteration 70):
     
# Iteration Performance Summary (last 70 iterations):
  1st iteration: f(weights)=135 (FAILURE: Out of Bounds ❌)
  2nd iteration: f(weights)=148 (FAILURE: Out of Bounds ❌)
  3rd iteration: f(weights)=150,   4th iteration: f(weights)=149,   5th iteration: f(weights)=148,   6th iteration: f(weights)=145 (FAILURE: Out of Bounds ❌)
  7th iteration: f(weights)=149,   8th iteration: f(weights)=138 (FAILURE: Out of Bounds ❌)
  9th iteration: f(weights)=145,   10th iteration: f(weights)=150,   11th iteration: f(weights)=143,   12th iteration: f(weights)=140 (FAILURE: Out of Bounds ❌)
  13th iteration: f(weights)=150,   14th iteration: f(weights)=150,   15th iteration: f(weights)=148,   16th iteration: f(weights)=148,   17th iteration: f(weights)=137 (FAILURE: Out of Bounds ❌)
  18th iteration: f(weights)=136 (FAILURE: Out of Bounds ❌)
  19th iteration: f(weights)=145,   20th iteration: f(weights)=150,   21st iteration: f(weights)=146,   22nd iteration: f(weights)=146,   23rd iteration: f(weights)=148,   24th iteration: f(weights)=150,   25th iteration: f(weights)=144,   26th iteration: f(weights)=149,   27th iteration: f(weights)=149,   28th iteration: f(weights)=135 (FAILURE: Out of Bounds ❌)
  29th iteration: f(weights)=147,   30th iteration: f(weights)=150,   31st iteration: f(weights)=146 (FAILURE: Out of Bounds ❌)
  32nd iteration: f(weights)=148 (FAILURE: Out of Bounds ❌)
  33rd iteration: f(weights)=150,   34th iteration: f(weights)=150,   35th iteration: f(weights)=150,   36th iteration: f(weights)=150,   37th iteration: f(weights)=150,   38th iteration: f(weights)=146 (FAILURE: Out of Bounds ❌)
  39th iteration: f(weights)=150,   40th iteration: f(weights)=146,   41st iteration: f(weights)=149,   42nd iteration: f(weights)=146 (FAILURE: Out of Bounds ❌)
  43rd iteration: f(weights)=150,   44th iteration: f(weights)=144,   45th iteration: f(weights)=150,   46th iteration: f(weights)=150,   47th iteration: f(weights)=147,   48th iteration: f(weights)=148 (FAILURE: Out of Bounds ❌)
  49th iteration: f(weights)=150,   50th iteration: f(weights)=138 (FAILURE: Out of Bounds ❌)
  51st iteration: f(weights)=142 (FAILURE: Out of Bounds ❌)
  52nd iteration: f(weights)=150,   53rd iteration: f(weights)=143,   54th iteration: f(weights)=150,   55th iteration: f(weights)=150,   56th iteration: f(weights)=150,   57th iteration: f(weights)=149,   58th iteration: f(weights)=150,   59th iteration: f(weights)=147,   60th iteration: f(weights)=133 (FAILURE: Out of Bounds ❌)
  61st iteration: f(weights)=150,   62nd iteration: f(weights)=150,   63rd iteration: f(weights)=149,   64th iteration: f(weights)=150,   65th iteration: f(weights)=144,   66th iteration: f(weights)=141 (FAILURE: Out of Bounds ❌)
  67th iteration: f(weights)=150,   68th iteration: f(weights)=149,   69th iteration: f(weights)=150,   70th iteration: f(weights)=150, 
# Executed Weights History (last 71 executed iterations):
  0th iteration: weights=[84.9939, 54.6691, 31.6398, 9.9472, -25.0811, -37.7755, -79.141, -121.9154, -152.7978, -168.4375, -171.1498, -144.3772, -100.7885, -61.0847, -27.2068, 1.0729, 28.7173, 64.1286, 106.5125, 142.1985, 164.0411, 172.246, 162.7041, 134.0304, 100.1177, 34.2547, 24.4154, 10.4555, -15.0624, -60.2008, -39.2195, -39.2836, -38.3939, -26.5868, -4.9351, 19.0677, 33.3537, 33.9917, 25.6936, 13.1448, -0.0591, -15.4579, -29.5083, -34.8862, -31.1005, -15.2985, 7.4414, 30.529, 40.2946, 37.5608]

 f(weights) : N/A  1st iteration: weights=[84.9939, 54.6691, 31.6398, 9.9472, -25.0811, -37.7755, -79.141, -121.9154, -152.7978, -168.4375, -171.1498, -144.3772, -100.7885, -61.0847, -27.2068, 1.0729, 28.7173, 64.1286, 106.5125, 142.1985, 164.0411, 172.246, 162.7041, 134.0304, 100.1177, 34.2547, 24.4154, 10.4555, -15.0624, -60.2008, -39.2195, -39.2836, -38.3939, -26.5868, -4.9351, 19.0677, 33.3537, 33.9917, 25.6936, 13.1448, -0.0591, -15.4579, -29.5083, -34.8862, -31.1005, -15.2985, 7.4414, 30.529, 40.2946, 37.5608]
, **OUT-OF-BOUNDS FAILURE**: x_range=[-0.9489, 1.1545], y_range=[-0.314, 0.1922]
 f(weights) : 135  2nd iteration: weights=[150.0, 148.0673, 142.3684, 133.0077, 120.209, 104.3033, 85.727, 65.0, 42.6841, 19.4006, -4.2404, -27.2068, -48.602, -67.6698, -83.7998, -96.5399, -105.5396, -110.5138, -111.2962, -107.8398, -100.209, -88.6792, -73.6934, -55.7998, -35.6342, -13.9174, 8.8789, 31.4181, 52.9378, 72.69, 90.0, 104.2006, 114.7596, 121.2962, 123.5399, 121.2962, 114.7596, 104.2006, 90.0, 72.69, 52.9378, 31.4181, 8.8789, -13.9174, -35.6342, -55.7998, -73.6934, -88.6792, -100.209, 150.0]
, **OUT-OF-BOUNDS FAILURE**: x_range=[-0.6031, 1.0023], y_range=[-0.5493, 0.7352]
 f(weights) : 148  3rd iteration: weights=[85.0, 84.3205, 82.2907, 79.0041, 74.5708, 69.131, 62.8028, 55.7318, 48.0504, 39.8923, 31.3908, 22.6801, 13.8907, 5.1611, -3.4607, -11.9005, -20.0308, -27.7318, -34.9028, -41.431, -47.2308, -52.2241, -56.3307, -59.5005, -61.6908, -62.8618, -62.9928, -62.071, -60.1208, -57.1741, -53.2707, -48.4805, -42.8708, -36.5218, -29.5228, -21.961, -13.9408, -5.5741, 2.9607, 11.5305, 19.9908, 28.2418, 36.1628, 43.631, 50.5508, 56.8141, 62.3107, 66.9605, 70.6708, 73.3618]
, x_range=[-0.2619, 0.6181], y_range=[-0.4336, 0.3876]
 f(weights) : 150  4th iteration: weights=[0.0, 8.75, 17.4005, 25.8571, 34.0205, 41.7947, 49.0886, 55.8167, 61.9, 67.2663, 70.0, 67.2663, 61.9, 55.8167, 49.0886, 41.7947, 34.0205, 25.8571, 17.4005, 8.75, 0.0, -8.75, -17.4005, -25.8571, -34.0205, -41.7947, -49.0886, -55.8167, -61.9, -67.2663, -70.0, -67.2663, -61.9, -55.8167, -49.0886, -41.7947, -34.0205, -25.8571, -17.4005, -8.75, 0.0, 8.75, 17.4005, 25.8571, 34.0205, 41.7947, 49.0886, 55.8167, 61.9, 67.2663]
, x_range=[-0.0598, 0.534], y_range=[-0.4726, 0.3279]
 f(weights) : 149  5th iteration: weights=[100.0, 95.9184, 91.8367, 87.7551, 83.6735, 79.5918, 75.5102, 71.4286, 67.3469, 63.2653, 59.1837, 55.102, 51.0204, 46.9388, 42.8571, 38.7755, 34.6939, 30.6122, 26.5306, 22.449, 18.3673, 14.2857, 10.2041, 6.1224, 2.0408, -2.0408, -6.1224, -10.2041, -14.2857, -18.3673, -22.449, -26.5306, -30.6122, -34.6939, -38.7755, -42.8571, -46.9388, -51.0204, -55.102, -59.1837, -63.2653, -67.3469, -71.4286, -75.5102, -79.5918, -83.6735, -87.7551, -91.8367, -95.9184, -100.0]
, x_range=[0.0109, 0.6893], y_range=[-0.639, -0.1061]
 f(weights) : 148  6th iteration: weights=[0.0, 10.2057, 20.0891, 29.2963, 37.5029, 44.4174, 49.7845, 53.4868, 55.4414, 55.5947, 53.9235, 50.4378, 45.1765, 38.2045, 29.6043, 19.4843, 8.0646, -4.5685, -18.0673, -31.9015, -45.5492, -58.4985, -70.252, -80.3236, -88.2495, -93.6068, -96.0306, -95.2308, -91.0069, -83.2798, -72.1098, -57.6, -40.0, -19.5, 2.0, 24.5, 47.0, 68.5, 88.0, 104.5, 117.0, 124.5, 126.0, 121.5, 111.0, 94.5, 72.0, 43.5, 9.0, -30.5]
, **OUT-OF-BOUNDS FAILURE**: x_range=[-0.3864, 0.4509], y_range=[-0.6435, 0.7479]
 f(weights) : 145  7th iteration: weights=[0.0, 10.4357, 20.6105, 30.435, 39.8289, 48.7119, 57.0, 64.6201, 71.4988, 77.579, 82.8191, 87.1846, 90.6485, 93.1908, 94.7997, 95.4697, 95.1998, 93.9943, 91.8617, 88.8156, 84.8739, 80.0594, 74.3999, 67.9287, 60.6828, 80.0, 79.3142, 77.2662, 73.9085, 69.3105, 63.5509, 56.7276, 48.9472, 40.3256, 30.9868, 21.0635, 10.6968, 0.0, -10.6968, -21.0635, -30.9868, -40.3256, -48.9472, -56.7276, -63.5509, -69.3105, -73.9085, -77.2662, -79.3142, -80.0]
, x_range=[0.0108, 0.7076], y_range=[-0.5346, 0.4429]
 f(weights) : 149  8th iteration: weights=[120.0, 119.0042, 116.0306, 111.1276, 104.3706, 95.8618, 85.727, 74.1208, 61.2004, 47.1302, 32.0838, 16.2425, -0.0, -16.2425, -32.0838, -47.1302, -61.2004, -74.1208, -85.727, -95.8618, -104.3706, -111.1276, -116.0306, -119.0042, -120.0, -119.0042, -116.0306, -111.1276, -104.3706, -95.8618, -85.727, -74.1208, -61.2004, -47.1302, -32.0838, -16.2425, -0.0, 16.2425, 32.0838, 47.1302, 61.2004, 74.1208, 85.727, 95.8618, 104.3706, 111.1276, 116.0306, 119.0042, 120.0, 120.0]
, **OUT-OF-BOUNDS FAILURE**: x_range=[-0.6386, 0.8292], y_range=[-0.7446, 0.7112]
 f(weights) : 138  9th iteration: weights=[95.0, 94.2121, 91.8944, 88.1066, 82.9305, 76.4521, 68.77, 60.0, 50.2679, 39.7033, 28.4485, 16.6497, 4.4543, -7.9543, -20.1497, -31.9485, -43.1733, -53.6579, -63.25, -71.8021, -79.1705, -85.2266, -89.8544, -93.0521, -94.8191, -94.8191, -93.0521, -89.8544, -85.2266, -79.1705, -71.8021, -63.25, -53.6579, -43.1733, -31.9485, -20.1497, -7.9543, 4.4543, 16.6497, 28.4485, 39.7033, 50.2679, 60.0, 68.77, 76.4521, 82.9305, 88.1066, 91.8944, 94.2121, 95.0]
, x_range=[-0.474, 0.6774], y_range=[-0.6096, 0.5409]
 f(weights) : 145  10th iteration: weights=[85.0, 84.3205, 82.2907, 79.0041, 74.5708, 69.131, 62.8028, 55.7318, 48.0504, 39.8923, 31.3908, 22.6801, 13.8907, 5.1611, -3.4607, -11.9005, -20.0308, -27.7318, -34.9028, -41.431, -47.2308, -52.2241, -56.3307, -59.5005, -61.6908, -62.8618, -62.9928, -62.071, -60.1208, -57.1741, -53.2707, -48.4805, -42.8708, -36.5218, -29.5228, -21.961, -13.9408, -5.5741, 2.9607, 11.5305, 19.9908, 28.2418, 36.1628, 43.631, 50.5508, 56.8141, 62.3107, 66.9605, 70.6708, 73.3618]
, x_range=[-0.2619, 0.6181], y_range=[-0.4336, 0.3876]
 f(weights) : 150  11th iteration: weights=[92.2519, 91.4915, 89.2997, 85.6983, 80.783, 74.6295, 66.8615, 58.077, 48.7505, 38.6181, 27.6761, 16.0967, 4.2211, -7.5566, -19.1447, -30.5186, -41.2146, -51.0001, -60.0275, -68.0115, -75.2305, -81.0803, -85.3522, -88.1965, -89.9681, -90.0246, -89.2069, -85.397, -81.1872, -75.2319, -68.0673, -60.0894, -51.045, -41.2726, -30.5485, -19.1877, -7.5878, 4.225, 16.1037, 27.6823, 38.6186, 48.7583, 58.078, 66.8615, 74.6305, 80.783, 85.6983, 89.2997, 91.4915, 92.2519]
, x_range=[-0.4449, 0.6612], y_range=[-0.583, 0.5244]
 f(weights) : 143  12th iteration: weights=[0.0, 11.4939, 22.6842, 33.3887, 43.4338, 52.6586, 60.9169, 68.0792, 74.0323, 78.6706, 81.908, 83.6687, 83.8967, 82.5559, 79.6294, 75.1205, 69.052, 61.4651, 52.42, 42.0032, 30.3205, 17.506, 3.7, -10.9419, -26.0469, -41.2721, -56.1266, -69.9602, -82.1691, -92.1956, -99.5393, -103.7848, -104.6095, -101.8021, -95.3582, -85.4741, -72.4498, -56.6829, -38.6575, -18.8576, 2.7667, 25.6881, 49.256, 72.69, 95.0, 115.0, 131.0, 142.0, 147.0, 145.0]
, **OUT-OF-BOUNDS FAILURE**: x_range=[0.0106, 0.6323], y_range=[-0.7038, 0.8593]
 f(weights) : 140  13th iteration: weights=[80.0, 79.3445, 77.3821, 74.1539, 69.7202, 64.1539, 57.5405, 50.0, 41.66, 32.6102, 22.95, 12.7937, 2.26, -8.57, -19.5, -29.99, -39.71, -48.5, -56.2, -62.6, -67.6, -71.1, -73.1, -73.6, -72.6, -70.1, -66.2, -60.9, -54.3, -46.5, -37.6, -27.8, -17.2, -6.0, 5.5, 17.2, 28.6, 39.4, 49.3, 58.1, 65.7, 71.9, 76.6, 79.7, 80.0, 79.3445, 77.3821, 74.1539, 69.7202, 64.1539]
, x_range=[-0.3635, 0.5863], y_range=[-0.4332, 0.4653]
 f(weights) : 150  14th iteration: weights=[0.0, 11.4348, 22.5694, 33.0902, 42.7925, 51.4816, 59.0733, 65.4947, 70.6841, 74.5915, 77.1793, 78.4222, 78.3087, 76.8402, 74.0305, 69.9056, 64.5029, 57.8797, 50.0998, 41.2335, 31.3562, 20.5579, 8.9332, -2.3061, -13.9345, -25.7001, -37.3197, -48.5146, -59.0143, -68.5583, -76.8996, -83.8197, -89.1246, -92.6489, -94.2618, -93.8749, -91.4316, -86.9069, -80.3106, -71.6888, -61.1106, -48.6656, -34.4633, -18.6225, -1.2676, 17.2001, 36.6321, 56.4026, 75.7601, 90.0]
, x_range=[0.0108, 0.598], y_range=[-0.6417, 0.4]
 f(weights) : 150  15th iteration: weights=[75.0, 74.0323, 71.0417, 66.1267, 59.4201, 51.0902, 41.3392, 30.3958, 18.499, 5.8903, -7.0, -19.6843, -31.908, -43.4338, -54.0495, -63.5583, -71.7908, -78.6087, -83.8967, -87.5678, -89.5501, -89.7997, -88.2907, -85.0205, -80.0, -73.253, -64.8141, -54.7478, -43.1497, -30.1306, -15.8205, -0.3673, 15.8205, 30.1306, 43.1497, 54.7478, 64.8141, 73.253, 80.0, 85.0205, 88.2907, 89.7997, 89.5501, 87.5678, 83.8967, 78.6087, 71.7908, 63.5583, 54.0495, 43.4338]
, x_range=[-0.4717, 0.5454], y_range=[-0.4165, 0.5273]
 f(weights) : 148  16th iteration: weights=[90.0, 75.5906, 61.7899, 48.5981, 36.0151, 24.0409, 12.6756, 1.9192, -8.2305, -17.7669, -26.7099, -35.0596, -42.8159, -50.0, -56.5709, -62.5486, -67.9331, -72.7244, -76.9224, -80.5272, -83.5387, -85.9571, -87.7821, -89.0139, -89.6525, -89.6525, -89.0139, -87.7821, -85.9571, -83.5387, -80.5272, -76.9224, -72.7244, -67.9331, -62.5486, -56.5709, -50.0, -42.8159, -35.0596, -26.7099, -17.7669, -8.2305, 1.9192, 12.6756, 24.0409, 36.0151, 48.5981, 61.7899, 75.5906, 90.0]
, x_range=[-0.4597, 0.5268], y_range=[-0.5981, 0.3971]
 f(weights) : 148  17th iteration: weights=[0.0, 11.4939, 22.6842, 33.3887, 43.4338, 52.6586, 60.9169, 68.0792, 74.0323, 78.6706, 81.908, 83.6687, 83.8967, 82.5559, 79.6294, 75.1205, 69.052, 61.4651, 52.42, 42.0032, 30.3205, 17.506, 3.7, -10.9419, -26.0469, -41.2721, -56.1266, -69.9602, -82.1691, -92.1956, -99.5393, -103.7848, -104.6095, -101.8021, -95.3582, -85.4741, -72.4498, -56.6829, -38.6575, -18.8576, 2.7667, 25.6881, 49.256, 72.69, 95.0, 115.0, 131.0, 142.0, 147.0, 145.0]
, **OUT-OF-BOUNDS FAILURE**: x_range=[0.0106, 0.6323], y_range=[-0.7038, 0.8593]
 f(weights) : 137  18th iteration: weights=[90.0, 89.2905, 87.1648, 83.6702, 78.8805, 72.8837, 65.783, 57.6946, 48.745, 39.079, 28.8509, 18.2195, 7.3486, -3.606, -14.456, -25.068, -35.3197, -45.0935, -54.277, -62.766, -70.469, -77.307, -83.209, -88.11, -91.954, -94.7001, -96.319, -96.7905, -96.115, -94.305, -91.382, -87.377, -82.333, -76.299, -69.336, -61.512, -52.906, -43.601, -33.687, -23.264, -12.435, -1.304, 9.907, 21.096, 32.008, 42.502, 52.45, 61.73, 70.229, 77.848]
, **OUT-OF-BOUNDS FAILURE**: x_range=[-0.437, 0.6476], y_range=[-0.6569, 0.3694]
 f(weights) : 136  19th iteration: weights=[56.5685, 63.2, 69.0, 73.73, 77.33, 79.75, 80.96, 80.96, 79.75, 77.33, 73.73, 69.0, 63.2, 56.5685, 49.19, 41.11, 32.4, 23.15, 13.45, 3.39, -6.8, -17.0, -27.0, -36.6, -45.6, -53.8, -61.2, -67.6, -72.9, -77.0, -79.9, -81.5, -81.8, -80.8, -78.5, -74.9, -70.0, -63.9, -56.6, -48.2, -38.8, -28.5, -17.4, -5.6, 6.7, 19.4, 32.0, 44.0, 55.0, 64.8]
, x_range=[-0.1071, 0.6145], y_range=[-0.5635, 0.2751]
 f(weights) : 145  20th iteration: weights=[0.0, 8.9009, 17.4005, 25.3908, 32.7876, 39.5165, 45.5099, 50.6997, 55.0298, 58.4526, 60.9298, 62.4338, 62.9472, 62.463, 61.0039, 58.5997, 55.2899, 51.123, 46.155, 40.4503, 34.0805, 27.123, 19.6593, 11.7744, 0.0, -11.7743, -19.6592, -27.1229, -34.0804, -40.4502, -46.1549, -51.1229, -55.2898, -58.5996, -61.0038, -62.4629, -62.9471, -62.4337, -60.9297, -58.4525, -55.0297, -50.6996, -45.5098, -39.5164, -32.7875, -25.3907, -17.4004, -8.9008, 0.0, 0.0]
, x_range=[0.0107, 0.4991], y_range=[-0.4435, -0.0608]
 f(weights) : 150  21st iteration: weights=[0.0, 12.6056, 24.869, 36.4678, 47.2809, 57.2001, 66.129, 73.9749, 80.6528, 86.089, 90.2136, 93.0617, 94.6738, 95.1009, 94.3987, 92.6309, 89.8767, 86.2223, 81.761, 76.5926, 70.8241, 64.5694, 57.9472, 51.079, 44.088, 37.098, 30.231, 23.606, 17.348, 11.569, 6.376, 1.868, -1.868, -6.376, -11.569, -17.348, -23.606, -30.231, -37.098, -44.088, -51.079, -57.9472, -64.5694, -70.8241, -76.5926, -81.761, -86.2223, -89.8767, -92.6309, -94.3987]
, x_range=[0.0108, 0.7046], y_range=[-0.6185, 0.1157]
 f(weights) : 146  22nd iteration: weights=[70.0, 69.5648, 68.2676, 66.1265, 63.1679, 59.4262, 54.944, 49.77, 43.96, 37.576, 30.686, 23.365, 15.693, 7.755, -0.3, -8.4, -16.4, -24.2, -31.7, -38.8, -45.4, -51.4, -56.7, -61.2, -64.8, -67.4, -68.9, -69.3, -68.5, -66.5, -63.3, -59.0, -53.5, -46.9, -39.3, -30.7, -21.2, -10.9, -0.0, 11.4, 23.2, 35.2, 47.2, 59.0, 70.4, 81.2, 91.2, 100.2, 108.0, 114.4]
, x_range=[-0.2691, 0.5294], y_range=[-0.4804, 0.6111]
 f(weights) : 146  23rd iteration: weights=[70.0, 69.1172, 66.471, 62.1333, 56.1969, 48.7749, 40.0, 30.0131, 19.0558, 7.3714, -4.7292, -16.5187, -27.675, -37.9546, -47.1352, -55.0119, -61.4024, -66.1558, -69.1578, -70.3201, -69.5855, -66.9248, -62.3433, -55.8706, -47.5528, -37.4607, -25.6807, -12.3169, 2.3714, 17.9558, 33.675, 48.8187, 62.6292, 74.3714, 83.3558, 89.0131, 91.0, 89.0131, 83.3558, 74.3714, 62.6292, 48.8187, 33.675, 17.9558, 2.3714, -12.3169, -25.6807, -37.4607, -47.5528, -55.8706]
, x_range=[-0.346, 0.5184], y_range=[-0.3512, 0.5284]
 f(weights) : 148  24th iteration: weights=[0.0, 15.895, 30.9017, 44.088, 54.7478, 62.3611, 66.5866, 67.2966, 64.5694, 58.6533, 50.0, 39.018, 26.2023, 12.0615, -2.0408, -15.895, -29.0177, -40.6737, -50.0, -56.4026, -59.5492, -59.2982, -55.6679, -48.7851, -38.8918, -26.4194, -12.0615, 2.0408, 15.895, 29.0177, 40.6737, 50.0, 56.4026, 59.5492, 59.2982, 55.6679, 48.7851, 38.8918, 26.4194, 12.0615, -2.0408, -15.895, -29.0177, -40.6737, -50.0, -56.4026, -59.5492, -59.2982, -55.6679, -48.7851]
, x_range=[-0.2748, 0.5211], y_range=[-0.4172, 0.3305]
 f(weights) : 150  25th iteration: weights=[100.0, 99.2118, 96.8583, 93.0, 87.7208, 81.1208, 73.3151, 64.4208, 54.5649, 43.8792, 32.492, 20.5342, 8.1397, -4.4367, -17.0, -29.3893, -41.4608, -53.0805, -64.1208, -74.4661, -84.0192, -92.6975, -100.0, -100.0, -92.6975, -84.0192, -74.4661, -64.1208, -53.0805, -41.4608, -29.3893, -17.0, -4.4367, 8.1397, 20.5342, 32.492, 43.8792, 54.5649, 64.4208, 73.3151, 81.1208, 87.7208, 93.0, 96.8583, 99.2118, 100.0, 99.2118, 96.8583, 93.0, 87.7208]
, x_range=[-0.5228, 0.709], y_range=[-0.4689, 0.5924]
 f(weights) : 144  26th iteration: weights=[70.0, 69.4266, 67.7126, 64.8968, 61.0305, 56.1871, 50.449, 43.9104, 36.675, 28.8576, 20.5822, 11.973, 3.1539, -5.7001, -14.456, -22.9806, -31.1501, -38.8489, -45.9698, -52.4173, -58.101, -62.9468, -66.8876, -69.8637, -70.0, -69.8637, -66.8876, -62.9468, -58.101, -52.4173, -45.9698, -38.8489, -31.1501, -22.9806, -14.456, -5.7001, 3.1539, 11.973, 20.5822, 28.8576, 36.675, 43.9104, 50.449, 56.1871, 61.0305, 64.8968, 67.7126, 69.4266, 70.0, 70.0]
, x_range=[-0.3281, 0.5252], y_range=[-0.4428, 0.3969]
 f(weights) : 149  27th iteration: weights=[0.0, 14.3129, 28.1389, 40.9997, 52.5448, 62.4631, 70.4901, 76.4061, 80.0, 81.1071, 79.6001, 75.4191, 68.6046, 59.2274, 47.4891, 33.619, 17.9576, 0.8657, -16.4845, -33.0034, -48.0685, -61.1071, -71.6967, -79.6, -84.6095, -86.6025, -85.6089, -81.7089, -75.0, -65.6989, -54.0298, -40.2796, -24.7748, -7.8768, 9.7788, 27.0135, 43.1997, 57.7736, 70.3105, 80.4226, 87.7785, 92.1265, 93.3013, 91.2001, 85.8089, 77.2543, 65.73, 51.4901, 34.8657, 16.2071]
, x_range=[-0.3822, 0.611], y_range=[-0.5627, 0.5451]
 f(weights) : 149  28th iteration: weights=[0.0, 12.5333, 24.869, 36.8125, 48.1754, 58.7785, 68.4547, 77.0403, 84.3854, 90.354, 94.825, 97.7, 98.9, 98.354, 96.0, 91.8, 85.8, 78.0, 68.5, 57.4, 44.8, 30.9, 15.9, 0.0, -15.9, -30.9, -44.8, -57.4, -68.5, -78.0, -85.8, -91.8, -96.0, -98.354, -98.9, -97.7, -94.825, -90.354, -84.3854, -77.0403, -68.4547, -58.7785, -48.1754, -36.8125, -24.869, -12.5333, -0.0, 12.5333, 24.869, 36.8125]
, **OUT-OF-BOUNDS FAILURE**: x_range=[0.0108, 0.7274], y_range=[-0.6717, 0.0979]
 f(weights) : 135  29th iteration: weights=[80.0, 79.3432, 77.376, 74.1311, 69.6672, 64.0534, 57.3704, 49.7107, 41.1764, 31.8808, 21.947, 11.507, 0.6923, -10.208, -20.803, -30.9804, -40.638, -49.679, -58.012, -65.553, -72.223, -77.949, -82.666, -86.319, -88.86, -90.246, -90.444, -89.435, -87.21, -83.78, -79.17, -73.41, -66.54, -58.61, -49.68, -39.82, -29.11, -17.63, -5.48, 7.21, 19.95, 32.5, 44.6, 56.0, 66.5, 75.9, 84.0, 90.7, 95.9, 99.5]
, x_range=[-0.4305, 0.5856], y_range=[-0.6067, 0.5402]
 f(weights) : 147  30th iteration: weights=[50.0, 47.9592, 45.9184, 43.8776, 41.8367, 39.7959, 37.7551, 35.7143, 33.6735, 31.6327, 29.5918, 27.551, 25.5102, 23.4694, 21.4286, 19.3878, 17.3469, 15.3061, 13.2653, 11.2245, 9.1837, 7.1429, 5.102, 3.0612, 1.0204, -1.0204, -3.0612, -5.102, -7.1429, -9.1837, -11.2245, -13.2653, -15.3061, -17.3469, -19.3878, -21.4286, -23.4694, -25.5102, -27.551, -29.5918, -31.6327, -33.6735, -35.7143, -37.7551, -39.7959, -41.8367, -43.8776, -45.9184, -47.9592, -50.0]
, x_range=[0.0108, 0.3941], y_range=[-0.3412, -0.0747]
 f(weights) : 150  31st iteration: weights=[100.0, 99.1727, 96.7028, 92.6841, 87.2014, 80.3698, 72.3242, 63.2166, 53.2177, 42.4967, 31.2299, 19.5925, 7.757, -4.1039, -15.8696, -27.309, -38.3015, -48.7303, -58.4899, -67.478, -75.5996, -82.766, -88.8999, -93.9286, -97.7896, -99.7093, -99.7093, -97.7896, -93.9286, -88.8999, -82.766, -75.5996, -67.478, -58.4899, -48.7303, -38.3015, -27.309, -15.8696, -4.1039, 7.757, 19.5925, 31.2299, 42.4967, 53.2177, 63.2166, 72.3242, 80.3698, 87.2014, 92.6841, 96.7028]
, **OUT-OF-BOUNDS FAILURE**: x_range=[-0.4728, 0.7078], y_range=[-0.6581, 0.5186]
 f(weights) : 146  32nd iteration: weights=[0.0, 12.1245, 24.0047, 35.4058, 46.2004, 56.2765, 65.5386, 73.9023, 81.2989, 87.6757, 92.9864, 97.2034, 100.0, 100.0, 97.2034, 92.9864, 87.6757, 81.2989, 73.9023, 65.5386, 56.2765, 46.2004, 35.4058, 24.0047, 12.1245, 0.0, -12.1245, -24.0047, -35.4058, -46.2004, -56.2765, -65.5386, -73.9023, -81.2989, -87.6757, -92.9864, -97.2034, -100.0, -100.0, -97.2034, -92.9864, -87.6757, -81.2989, -73.9023, -65.5386, -56.2765, -46.2004, -35.4058, -24.0047, -12.1245]
, **OUT-OF-BOUNDS FAILURE**: x_range=[0.0108, 0.7338], y_range=[-0.6782, -0.0938]
 f(weights) : 148  33rd iteration: weights=[80.0, 79.3445, 77.3821, 74.1539, 69.7202, 64.1539, 57.5405, 50.0, 41.66, 32.6102, 22.95, 12.7937, 2.26, -8.57, -19.5, -29.99, -39.71, -48.5, -56.2, -62.6, -67.6, -71.1, -73.1, -73.6, -72.6, -70.1, -66.2, -60.9, -54.3, -46.5, -37.6, -27.8, -17.2, -6.0, 5.5, 17.2, 28.6, 39.4, 49.3, 58.1, 65.7, 71.9, 76.6, 79.7, 79.92, 79.28, 76.72, 71.92, 63.76, 80.0]
, x_range=[-0.3635, 0.5863], y_range=[-0.4318, 0.4648]
 f(weights) : 150  34th iteration: weights=[80.0, 79.8808, 79.5248, 78.934, 78.1107, 77.0577, 75.7782, 74.2758, 72.5542, 70.6174, 68.4701, 66.1169, 63.563, 60.814, 57.876, 54.7554, 51.459, 47.994, 44.3676, 40.5874, 36.661, 32.5964, 28.4018, 24.0858, 19.657, 15.1246, 10.498, 5.786, 0.998, -3.864, -8.788, -13.666, -18.49, -23.252, -27.944, -32.558, -37.086, -41.52, -45.852, -50.074, -54.178, -58.156, -61.999, -65.701, -69.253, -72.648, -75.878, -78.934, -80.0, -78.934]
, x_range=[0.0109, 0.6055], y_range=[-0.5442, -0.0013]
 f(weights) : 150  35th iteration: weights=[0.0, 3.1795, 6.3198, 9.3929, 12.362, 15.191, 17.8462, 20.2959, 22.5107, 24.4637, 26.131, 27.4917, 28.5281, 29.2254, 29.572, 29.5607, 29.19, 28.4647, 27.3934, 25.9891, 24.2677, 22.2506, 19.96, 17.42, 14.6568, 11.6978, 8.572, 5.3081, 1.9359, -1.509, -4.902, -8.1939, -11.3558, -14.3595, -17.1777, -19.7847, -22.156, -24.2677, -26.1004, -27.6371, -28.863, -29.7667, -30.3407, -30.5792, -30.481, -30.048, -29.2849, -28.2008, -26.8075, -25.119]
, x_range=[0.0107, 0.2875], y_range=[-0.2382, -0.001]
 f(weights) : 150  36th iteration: weights=[90.0, 89.9213, 89.6853, 89.2934, 88.7471, 88.0483, 87.199, 86.2016, 85.0589, 83.7739, 82.3497, 80.7997, 79.1373, 77.376, 75.5295, 73.6115, 71.6359, 69.6167, 67.5678, 65.4997, 63.4239, 61.352, 59.2954, 57.2654, 55.273, 53.329, 51.444, 49.6289, 47.8944, 46.251, 44.709, 43.278, 41.967, 40.784, 39.736, 38.83, 38.072, 37.467, 37.02, 36.735, 36.617, 36.67, 36.9, 37.31, 37.902, 38.68, 39.646, 40.803, 42.153, 43.697]
, x_range=[0.011, 0.6715], y_range=[-0.1721, 0.283]
 f(weights) : 150  37th iteration: weights=[0.0, 5.0, 10.0, 15.0, 20.0, 25.0, 30.0, 35.0, 40.0, 45.0, 50.0, 55.0, 60.0, 55.2, 50.4, 45.6, 40.8, 36.0, 31.2, 26.4, 21.6, 16.8, 12.0, 7.2, 2.4, -2.4, -7.2, -12.0, -16.8, -21.6, -26.4, -31.2, -36.0, -40.8, -45.6, -50.4, -55.2, -60.0, -55.0, -50.0, -45.0, -40.0, -35.0, -30.0, -25.0, -20.0, -15.0, -10.0, -5.0, 0.0]
, x_range=[0.0107, 0.4625], y_range=[-0.4069, -0.0588]
 f(weights) : 150  38th iteration: weights=[100.0, 99.1802, 96.7356, 92.776, 87.3917, 80.6976, 72.8228, 63.8966, 54.053, 43.4302, 32.1749, 20.4394, 8.3795, -3.737, -15.7001, -27.243, -38.2016, -48.4988, -58.067, -66.837, -74.747, -81.7432, -87.779, -92.8166, -96.8279, -99.7945, -100.0, -99.7945, -96.8279, -92.8166, -87.779, -81.7432, -74.747, -66.837, -58.067, -48.4988, -38.2016, -27.243, -15.7001, -3.737, 8.3795, 20.4394, 32.1749, 43.4302, 54.053, 63.8966, 72.8228, 80.6976, 87.3917, 92.776]
, **OUT-OF-BOUNDS FAILURE**: x_range=[-0.466, 0.7081], y_range=[-0.67, 0.4815]
 f(weights) : 146  39th iteration: weights=[0.0, 13.091, 25.666, 36.914, 46.069, 52.597, 56.126, 56.467, 53.606, 47.702, 39.066, 28.093, 15.246, 1.054, -13.091, -25.666, -36.914, -46.069, -52.597, -56.126, -56.467, -53.606, -47.702, -39.066, -28.093, -15.246, -1.054, 13.091, 25.666, 36.914, 46.069, 52.597, 56.126, 56.467, 53.606, 47.702, 39.066, 28.093, 15.246, 1.054, -13.091, -25.666, -36.914, -46.069, -52.597, -56.126, -56.467, -53.606, -47.702, -39.066]
, x_range=[-0.2553, 0.4531], y_range=[-0.3976, 0.3109]
 f(weights) : 150  40th iteration: weights=[10.8715, 10.8715, 10.8715, 10.8715, 10.8715, 10.8715, 10.8715, 3.4621, 12.5336, 21.6051, 30.6766, 39.7481, 48.8196, 57.8911, 66.9626, 76.0341, 85.1056, 94.1771, 99.4184, 93.1837, 86.949, 80.7143, 74.4796, 68.2449, 62.0102, 55.7755, 49.5408, 43.3061, 37.0714, 30.8367, 24.602, 18.3673, 12.1327, 5.898, -0.3367, -6.5714, -12.8061, -19.0408, -25.2755, -31.5102, -37.7449, -43.9796, -50.2143, -56.449, -62.6837, -68.9184, -75.1531, -81.3878, -87.6224, -93.8571]
, x_range=[0.0106, 0.71], y_range=[-0.5763, 0.2377]
 f(weights) : 146  41st iteration: weights=[0.0, 7.6041, 15.0489, 22.2559, 29.1477, 35.6477, 41.6806, 47.173, 52.0538, 56.254, 59.7077, 62.3526, 64.1396, 65.0242, 64.9678, 63.9406, 61.928, 58.922, 54.9205, 49.937, 43.999, 37.1408, 29.401, 20.822, 11.449, 1.332, -9.096, -19.664, -29.296, -37.928, -45.504, -51.976, -57.304, -61.456, -64.416, -66.176, -66.736, -66.104, -64.296, -61.336, -57.256, -52.104, -45.936, -38.816, -30.816, -21.992, -12.424, -2.192, 8.488, 19.328]
, x_range=[0.0107, 0.5131], y_range=[-0.4672, 0.0247]
 f(weights) : 149  42nd iteration: weights=[0.0, 11.1897, 22.1897, 32.8989, 43.2203, 53.06, 62.3297, 70.9469, 78.8349, 85.9229, 92.1449, 97.4397, 101.7597, 105.0597, 107.3097, 108.4897, 108.5897, 107.5997, 105.5297, 102.3997, 98.2297, 92.9997, 86.7397, 79.4897, 71.2997, 62.2397, 52.3797, 41.7997, 30.5997, 18.8897, 6.7897, -5.6703, -18.4903, -31.5703, -44.8103, -58.1103, -71.3703, -84.5003, -97.4003, -110.0003, -122.2003, -133.9003, -145.0003, -155.4003, -165.0003, -173.8003, -181.7003, -188.6003, -194.4003, -199.0003]
, **OUT-OF-BOUNDS FAILURE**: x_range=[0.0108, 0.7916], y_range=[-1.2525, 0.2287]
 f(weights) : 146  43rd iteration: weights=[50.0, 49.8797, 49.5191, 48.9197, 48.084, 47.015, 45.7164, 44.1923, 42.4475, 40.4876, 38.3187, 35.9478, 33.382, 30.6302, 27.6999, 24.599, 21.335, 17.9157, 14.3501, 10.6473, 6.8166, 2.8673, -1.1712, -5.3082, -9.5303, -13.824, -18.1758, -22.572, -27.0001, -31.4473, -35.9008, -40.3478, -44.7758, -49.172, -53.5238, -57.818, -62.0423, -66.184, -70.2312, -69.9999, -69.5191, -68.7909, -67.818, -66.604, -65.153, -63.469, -61.557, -59.422, -57.07, -54.507]
, x_range=[0.0108, 0.4135], y_range=[-0.4893, -0.1725]
 f(weights) : 150  44th iteration: weights=[90.0, 89.2644, 87.0673, 83.4754, 78.5701, 72.4578, 65.2599, 57.0984, 48.099, 38.3899, 28.1064, 17.3898, 6.3846, -4.7077, -15.7001, -26.4018, -36.631, -46.219, -55.0039, -62.8398, -69.6008, -75.1788, -79.4777, -82.4137, -83.9149, -83.9149, -82.4137, -79.4777, -75.1788, -69.6008, -62.8398, -55.0039, -46.219, -36.631, -26.4018, -15.7001, -4.7077, 6.3846, 17.3898, 28.1064, 38.3899, 48.099, 57.0984, 65.2599, 72.4578, 78.5701, 83.4754, 87.0673, 89.2644, 90.0]
, x_range=[-0.4077, 0.6473], y_range=[-0.5438, 0.5104]
 f(weights) : 144  45th iteration: weights=[0.0, 8.9, 17.4005, 25.3908, 32.7876, 39.5165, 45.5099, 50.6997, 55.0298, 58.4526, 60.9298, 62.4338, 62.9472, 62.463, 61.0039, 58.5997, 55.2899, 51.123, 46.155, 40.4503, 34.0805, 27.123, 19.6593, 11.7744, 3.56, -3.56, -11.7744, -19.6593, -27.123, -34.0805, -40.4503, -46.155, -51.123, -55.2899, -58.5997, -61.0039, -62.463, -62.9472, -62.4338, -60.9298, -58.4526, -55.0298, -50.6997, -45.5099, -39.5165, -32.7876, -25.3908, -17.4005, -8.9, 0.0]
, x_range=[0.0107, 0.4991], y_range=[-0.4435, -0.0687]
 f(weights) : 150  46th iteration: weights=[80.0, 79.832, 79.33, 78.502, 77.355, 75.897, 74.138, 72.086, 69.75, 67.14, 64.268, 61.146, 57.786, 54.199, 50.398, 46.395, 42.203, 37.835, 33.304, 28.624, 23.809, 18.873, 13.83, 8.694, 3.478, -1.815, -7.102, -12.368, -17.601, -22.787, -27.914, -32.97, -37.943, -42.822, -47.596, -52.254, -56.786, -61.182, -65.432, -69.526, -73.455, -77.209, -80.0, -77.209, -73.455, -69.526, -65.432, -61.182, -56.786, -52.254]
, x_range=[0.0109, 0.6035], y_range=[-0.5431, -0.1062]
 f(weights) : 150  47th iteration: weights=[0.0, 10.0, 19.8863, 29.4938, 38.7206, 47.4697, 55.6413, 63.1419, 69.8829, 75.7766, 80.0, 75.7766, 69.8829, 63.1419, 55.6413, 47.4697, 38.7206, 29.4938, 19.8863, 10.0, 0.0, -10.0, -19.8863, -29.4938, -38.7206, -47.4697, -55.6413, -63.1419, -69.8829, -75.7766, -80.0, -75.7766, -69.8829, -63.1419, -55.6413, -47.4697, -38.7206, -29.4938, -19.8863, -10.0, 0.0, 10.0, 19.8863, 29.4938, 38.7206, 47.4697, 55.6413, 63.1419, 69.8829, 75.7766]
, x_range=[-0.082, 0.5923], y_range=[-0.5296, 0.3759]
 f(weights) : 147  48th iteration: weights=[80.075, 65.675, 52.075, 39.275, 27.275, 16.075, 5.675, -3.925, -12.725, -20.725, -27.925, -34.325, -39.925, -44.725, -48.725, -51.925, -54.325, -55.925, -56.725, -56.725, -55.925, -54.325, -51.925, -48.725, -44.725, -39.925, -34.325, -27.925, -20.725, -12.725, -3.925, 5.675, 16.075, 27.275, 39.275, 52.075, 65.675, 80.075, 95.275, 111.275, 128.075, 145.675, 164.075, 183.275, 203.275, 224.075, 245.675, 268.075, 291.275, 315.275]
, **OUT-OF-BOUNDS FAILURE**: x_range=[-0.2625, 0.4776], y_range=[-0.2102, 1.7397]
 f(weights) : 148  49th iteration: weights=[85.0, 84.3205, 82.2907, 79.0041, 74.5708, 69.131, 62.8028, 55.7318, 48.0504, 39.8923, 31.3908, 22.6801, 13.8907, 5.1611, -3.4607, -11.9005, -20.0308, -27.7318, -34.9028, -41.431, -47.2308, -52.2241, -56.3307, -59.5005, -61.6908, -62.8618, -62.9928, -62.071, -60.1208, -57.1741, -53.2707, -48.4805, -42.8708, -36.5218, -29.5228, -21.961, -13.9408, -5.5741, 2.9607, 11.5305, 19.9908, 28.2418, 36.1628, 43.631, 50.5508, 56.8141, 62.3107, 66.9605, 70.6708, 73.3618]
, x_range=[-0.2619, 0.6181], y_range=[-0.4336, 0.3876]
 f(weights) : 150  50th iteration: weights=[0.0, 12.5333, 24.869, 36.8125, 48.1754, 58.7785, 68.4547, 77.0403, 84.3854, 90.354, 94.825, 97.7, 98.9, 98.354, 96.0, 91.8, 85.8, 78.0, 68.5, 57.4, 44.8, 30.9, 15.9, 0.0, -15.9, -30.9, -44.8, -57.4, -68.5, -78.0, -85.8, -91.8, -96.0, -98.354, -98.9, -97.7, -94.825, -90.354, -84.3854, -77.0403, -68.4547, -58.7785, -48.1754, -36.8125, -24.869, -12.5333, -0.0, 12.5333, 24.869, 36.8125]
, **OUT-OF-BOUNDS FAILURE**: x_range=[0.0108, 0.7274], y_range=[-0.6717, 0.0979]
 f(weights) : 138  51st iteration: weights=[80.0, 78.4719, 73.9515, 66.6961, 56.994, 45.1765, 31.6066, 16.6667, 0.7415, -14.9387, -29.994, -43.9189, -56.3307, -66.8797, -75.253, -81.1897, -84.5003, -85.0, -82.5559, -77.1793, -68.9262, -57.9472, -44.506, -28.876, -11.376, 7.0, 25.0, 42.0, 57.0, 70.0, 80.0, 87.0, 91.0, 92.0, 90.0, 85.0, 77.0, 66.0, 52.0, 35.0, 15.0, -8.0, -33.0, -59.0, -86.0, -110.0, -110.0, -86.0, -59.0, -33.0]
, **OUT-OF-BOUNDS FAILURE**: x_range=[-0.4381, 0.5721], y_range=[-0.7048, 0.5375]
 f(weights) : 142  52nd iteration: weights=[60.0, 59.8805, 59.5222, 58.9272, 58.0988, 57.0403, 55.7553, 54.2476, 52.5211, 50.58, 48.4287, 46.0715, 43.5131, 40.7581, 37.8112, 34.6774, 31.3616, 27.8691, 24.2052, 20.3754, 16.3852, 12.2404, 7.9469, 3.5106, -0.9985, -5.5074, -9.9985, -14.4564, -18.866, -23.2127, -27.4815, -31.6579, -35.7272, -39.6751, -43.4873, -47.15, -50.65, -53.9741, -57.1193, -60.0731, -59.8805, -59.5222, -58.9272, -58.0988, -57.0403, -55.7553, -54.2476, -52.5211, -50.58, -48.4287]
, x_range=[0.0108, 0.4775], y_range=[-0.4251, -0.1221]
 f(weights) : 150  53rd iteration: weights=[100.0, 99.5067, 98.0785, 95.7348, 92.5, 88.4027, 83.471, 77.7409, 71.25, 64.0403, 56.1555, 47.6409, 38.5435, 28.9138, 18.8038, 8.2669, -2.5067, -13.6167, -25.0, -36.598, -48.3585, -60.2298, -72.1598, -84.0963, -95.987, -100.0, -95.987, -84.0963, -72.1598, -60.2298, -48.3585, -36.598, -25.0, -13.6167, -2.5067, 8.2669, 18.8038, 28.9138, 38.5435, 47.6409, 56.1555, 64.0403, 71.25, 77.7409, 83.471, 88.4027, 92.5, 95.7348, 98.0785, 99.5067]
, x_range=[-0.3949, 0.7182], y_range=[-0.5921, 0.5665]
 f(weights) : 143  54th iteration: weights=[0.0, 14.0041, 27.641, 40.6083, 52.62, 63.4094, 72.7291, 80.3548, 86.0899, 89.772, 91.279, 90.511, 87.4101, 82.0499, 74.5368, 65.0076, 53.6266, 40.5843, 26.0964, 10.3952, -5.5, -21.2, -36.0, -49.2, -60.2, -68.4, -73.2, -74.0, -70.2, -61.2, -46.4, -25.2, -1.2, 25.2, 46.4, 61.2, 70.2, 74.0, 73.2, 68.4, 60.2, 49.2, 36.0, 21.2, 5.5, -10.3952, -26.0964, -40.5843, -53.6266, -65.0076]
, x_range=[-0.1972, 0.6772], y_range=[-0.5068, 0.4195]
 f(weights) : 150  55th iteration: weights=[80.0, 79.368, 77.512, 74.4, 70.208, 64.72, 58.128, 50.56, 42.128, 32.96, 23.168, 12.88, 2.208, -8.72, -19.92, -30.96, -41.52, -51.36, -60.24, -67.92, -74.24, -79.04, -80.0, -79.04, -74.24, -67.92, -60.24, -51.36, -41.52, -30.96, -19.92, -8.72, 2.208, 12.88, 23.168, 32.96, 42.128, 50.56, 58.128, 64.72, 70.208, 74.4, 77.512, 79.368, 80.0, 79.368, 77.512, 74.4, 70.208, 64.72]
, x_range=[-0.4057, 0.5871], y_range=[-0.3868, 0.4652]
 f(weights) : 150  56th iteration: weights=[80.0, 79.832, 79.33, 78.502, 77.355, 75.897, 74.138, 72.086, 69.75, 67.14, 64.268, 61.146, 57.786, 54.199, 50.398, 46.395, 42.203, 37.835, 33.304, 28.624, 23.809, 18.873, 13.83, 8.694, 3.478, -1.815, -7.102, -12.368, -17.601, -22.787, -27.914, -32.97, -37.943, -42.822, -47.596, -52.254, -56.786, -61.182, -65.432, -69.526, -73.455, -77.209, -79.832, -80.0, -79.832, -77.209, -73.455, -69.526, -65.432, -61.182]
, x_range=[0.0109, 0.6035], y_range=[-0.5531, -0.1086]
 f(weights) : 150  57th iteration: weights=[0.0, 25.2001, 47.5528, 65.4865, 78.2088, 80.0, 75.099, 63.6657, 46.4011, 24.5888, 0.0, -24.5888, -46.4011, -63.6657, -75.099, -80.0, -78.2088, -65.4865, -47.5528, -25.2001, 0.0, 25.2001, 47.5528, 65.4865, 78.2088, 80.0, 78.2088, 65.4865, 47.5528, 25.2001, 0.0, -25.2001, -47.5528, -65.4865, -78.2088, -80.0, -78.2088, -65.4865, -47.5528, -25.2001, 0.0, 25.2001, 47.5528, 65.4865, 78.2088, 80.0, 78.2088, 65.4865, 47.5528, 25.2001]
, x_range=[-0.3942, 0.5783], y_range=[-0.5411, 0.4544]
 f(weights) : 149  58th iteration: weights=[80.0, 76.7347, 73.4694, 70.2041, 66.9388, 63.6735, 60.4082, 57.1429, 53.8776, 50.6122, 47.3469, 44.0816, 40.8163, 37.551, 34.2857, 31.0204, 27.7551, 24.4898, 21.2245, 17.9592, 14.6939, 11.4286, 8.1633, 4.898, 1.6327, -1.6327, -4.898, -8.1633, -11.4286, -14.6939, -17.9592, -21.2245, -24.4898, -27.7551, -31.0204, -34.2857, -37.551, -40.8163, -44.0816, -47.3469, -50.6122, -53.8776, -57.1429, -60.4082, -63.6735, -66.9388, -70.2041, -73.4694, -76.7347, -80.0]
, x_range=[0.0109, 0.5712], y_range=[-0.5199, -0.0936]
 f(weights) : 150  59th iteration: weights=[75.0, 74.403, 72.6346, 69.7365, 65.7656, 60.7915, 54.8963, 48.1738, 40.7296, 32.6788, 24.1466, 15.2669, 6.1793, -2.9389, -12.009, -20.941, -29.6176, -37.9276, -45.7699, -53.0487, -59.6796, -65.5898, -70.7107, -75.0, -78.446, -80.9996, -82.6698, -83.4705, -83.4246, -82.556, -80.895, -78.4719, -75.323, -71.488, -66.9996, -61.8949, -56.213, -49.994, -43.2806, -36.116, -28.544, -20.6105, -12.361, -3.842, 4.902, 13.794, 22.67, 31.45, 40.05, 48.39]
, x_range=[-0.357, 0.5561], y_range=[-0.575, 0.1822]
 f(weights) : 147  60th iteration: weights=[100.0, 99.1802, 96.7356, 92.776, 87.3917, 80.6976, 72.8228, 63.8966, 54.053, 43.4302, 32.1749, 20.4394, 8.3795, -3.7371, -15.7002, -27.2431, -38.2017, -48.4989, -58.0671, -66.8371, -74.7471, -81.7433, -87.7791, -92.8167, -96.828, -99.7946, -100.0, -99.7946, -96.828, -92.8167, -87.7791, -81.7433, -74.7471, -66.8371, -58.0671, -48.4989, -38.2017, -27.2431, -15.7002, -3.7371, 8.3795, 20.4394, 32.1749, 43.4302, 54.053, 63.8966, 72.8228, 80.6976, 87.3917, 92.776]
, **OUT-OF-BOUNDS FAILURE**: x_range=[-0.466, 0.7081], y_range=[-0.67, 0.4815]
 f(weights) : 133  61st iteration: weights=[0.0, 7.5, 14.88, 21.99, 28.73, 35.0, 40.7, 45.75, 50.09, 53.66, 56.4, 58.26, 59.19, 59.19, 58.26, 56.4, 53.66, 50.09, 45.75, 40.7, 35.0, 28.73, 21.99, 14.88, 7.5, 0.0, -7.5, -14.88, -21.99, -28.73, -35.0, -40.7, -45.75, -50.09, -53.66, -56.4, -58.26, -59.19, -59.19, -58.26, -56.4, -53.66, -50.09, -45.75, -40.7, -35.0, -28.73, -21.99, -14.88, -7.5]
, x_range=[0.0107, 0.476], y_range=[-0.4204, -0.0746]
 f(weights) : 150  62nd iteration: weights=[85.0, 84.3205, 82.2907, 79.0041, 74.5708, 69.131, 62.8028, 55.7318, 48.0504, 39.8923, 31.3908, 22.6801, 13.8907, 5.1611, -3.4607, -11.9005, -20.0308, -27.7318, -34.9028, -41.431, -47.2308, -52.2241, -56.3307, -59.5005, -61.6908, -62.8618, -62.9928, -62.071, -60.1208, -57.1741, -53.2707, -48.4805, -42.8708, -36.5218, -29.5228, -21.961, -13.9408, -5.5741, 2.9607, 11.5305, 19.9908, 28.2418, 36.1628, 43.631, 50.5508, 56.8141, 62.3107, 66.9605, 70.6708, 73.3618]
, x_range=[-0.2619, 0.6181], y_range=[-0.4336, 0.3876]
 f(weights) : 150  63rd iteration: weights=[90.0, 88.8502, 85.455, 80.0, 72.6941, 63.7, 53.19, 41.39, 28.52, 14.86, 0.69, -13.49, -27.2, -40.1, -51.9, -62.4, -71.4, -78.7, -84.2, -87.8, -89.5, -89.2, -87.0, -82.9, -77.0, -69.4, -60.2, -49.6, -37.8, -25.0, -11.4, 2.5, 16.5, 30.0, 42.6, 54.0, 64.0, 72.4, 79.0, 83.7, 86.6, 87.6, 86.6, 83.7, 79.0, 72.4, 64.0, 54.0, 42.6, 30.0]
, x_range=[-0.4692, 0.6373], y_range=[-0.3912, 0.5119]
 f(weights) : 149  64th iteration: weights=[0.0, 11.4348, 22.5694, 33.0902, 42.7925, 51.4816, 59.0733, 65.4947, 70.6841, 74.5915, 77.1793, 78.4222, 78.3087, 76.8402, 74.0305, 69.9056, 64.5029, 57.8797, 50.0998, 41.2335, 31.3562, 20.5579, 8.9332, -2.3061, -13.9345, -25.7001, -37.3197, -48.5146, -59.0143, -68.5583, -76.8996, -83.8197, -89.1246, -92.6489, -94.2618, -93.8749, -91.4316, -86.9069, -80.3106, -71.6888, -61.1106, -48.6656, -34.4633, -18.6225, -1.2676, 17.2001, 36.6321, 56.4026, 75.7601, 90.0]
, x_range=[0.0108, 0.598], y_range=[-0.6417, 0.4]
 f(weights) : 150  65th iteration: weights=[20.0, 32.229, 44.088, 55.4878, 66.3592, 76.618, 86.1838, 94.9791, 102.9298, 110.0656, 116.4189, 121.8997, 126.5249, 130.3176, 133.3074, 135.5291, 136.9224, 137.43, 137.0, 135.69, 133.5609, 130.6826, 127.1374, 122.9103, 118.0002, 112.4102, 106.1403, 99.2902, 91.9609, 84.25, 76.25, 68.05, 59.75, 51.45, 43.25, 35.25, 27.55, 20.25, 13.45, 7.25, 1.65, -3.25, -7.45, -11.05, -14.05, -16.45, -18.25, -19.45, -20.05, -20.0]
, x_range=[0.0109, 0.976], y_range=[-0.172, 0.5994]
 f(weights) : 144  66th iteration: weights=[0.0, 7.6201, 15.1802, 22.5903, 29.7604, 36.6005, 43.0206, 48.9307, 54.2408, 58.8609, 62.701, 65.6711, 67.6812, 68.6413, 68.4614, 67.0515, 64.3216, 60.2017, 54.6118, 47.4819, 38.742, 28.3221, 16.1522, 2.1623, -13.6778, -31.2977, -48.5176, -64.9375, -79.9674, -93.0173, -103.5072, -110.8571, -114.507, -113.9869, -108.8268, -98.6567, -83.1966, -62.2665, -35.7864, -3.7763, 32.2538, 72.1739, 115.084, 159.9941, 205.9042, 251.8143, 296.7244, 339.6345, 379.5446, 415.4547]
, **OUT-OF-BOUNDS FAILURE**: x_range=[0.0107, 0.5356], y_range=[-0.7664, 2.2618]
 f(weights) : 141  67th iteration: weights=[70.0, 69.419, 67.682, 64.821, 60.871, 55.881, 49.907, 43.016, 35.281, 26.786, 17.621, 7.882, -2.208, -12.607, -22.215, -30.949, -38.739, -45.526, -51.261, -55.909, -59.444, -61.85, -63.12, -63.259, -62.279, -60.199, -57.042, -52.836, -47.616, -41.423, -34.309, -26.331, -17.555, -8.051, 1.907, 12.115, 21.492, 29.967, 37.476, 43.96, 49.368, 53.66, 56.804, 58.78, 59.584, 59.22, 57.703, 55.053, 51.296, 70.0]
, x_range=[-0.3007, 0.5253], y_range=[-0.3795, 0.3349]
 f(weights) : 150  68th iteration: weights=[70.0, 69.131, 66.5061, 62.1969, 56.3137, 49.0963, 40.798, 31.6865, 21.8596, 11.4326, 0.528, -10.3705, -20.9796, -31.0569, -40.4079, -48.8778, -56.3407, -62.693, -67.8596, -71.7774, -74.403, -75.7196, -75.7201, -74.403, -71.7774, -67.8596, -62.693, -56.3407, -48.8778, -40.4079, -31.0569, -20.9796, -10.3705, 0.528, 11.4326, 21.8596, 31.6865, 40.798, 49.0963, 56.3137, 62.1969, 66.5061, 69.131, 70.0, 69.131, 66.5061, 62.1969, 56.3137, 49.0963, 40.798]
, x_range=[-0.3829, 0.5171], y_range=[-0.4115, 0.3999]
 f(weights) : 149  69th iteration: weights=[0.0, 8.8981, 17.4005, 25.3908, 32.7876, 39.5165, 45.5099, 50.6997, 55.0298, 58.4526, 60.9298, 62.4338, 62.9472, 62.463, 61.0039, 58.5997, 55.2899, 51.123, 46.155, 40.4503, 34.0805, 27.123, 19.6593, 11.7744, 3.5605, -4.2404, -12.317, -20.558, -28.8221, -36.97, -44.8605, -52.3504, -59.3002, -65.5701, -70.9901, -75.4002, -78.6401, -80.5601, -81.0201, -79.9001, -77.1001, -72.54, -66.14, -57.84, -47.6, -35.4, -21.2, -5.0, 13.2, 33.4]
, x_range=[0.0107, 0.4991], y_range=[-0.5578, 0.0641]
 f(weights) : 150  70th iteration: weights=[85.0, 84.3205, 82.2907, 79.0041, 74.5708, 69.131, 62.8028, 55.7318, 48.0504, 39.8923, 31.3908, 22.6801, 13.8907, 5.1611, -3.4607, -11.9005, -20.0308, -27.7318, -34.9028, -41.431, -47.2308, -52.2241, -56.3307, -59.5005, -61.6908, -62.8618, -62.9928, -62.071, -60.1208, -57.1741, -53.2707, -48.4805, -42.8708, -36.5218, -29.5228, -21.961, -13.9408, -5.5741, 2.9607, 11.5305, 19.9908, 28.2418, 36.1628, 43.631, 50.5508, 56.8141, 62.3107, 66.9605, 70.6708, 73.3618]
, x_range=[-0.2619, 0.6181], y_range=[-0.4336, 0.3876]
 f(weights) : 150
# Historical Weight Performance Feedback:
# Weight Range Insight:
  Weight range = [-170,170]  (Δ = 340.000) → Suggested MAX_STEP = 28.333



    Now you are at iteration 71 out of 400.  Please provide the results in the indicated format. Do not provide any additional texts.
    