0 0.346484375 0.903125 0.01015625 0.014583333333333334
0 0.447265625 0.8057291666666667 0.00859375 0.013541666666666667
0 0.69609375 0.8036458333333333 0.009375 0.011458333333333333
0 0.519140625 0.79375 0.00859375 0.0125
0 0.58359375 0.7895833333333333 0.009375 0.0125
0 0.604296875 0.7864583333333334 0.00859375 0.0125
0 0.535546875 0.784375 0.00859375 0.0125
0 0.34609375 0.784375 0.009375 0.0125
0 0.716015625 0.7833333333333333 0.01015625 0.0125
0 0.641015625 0.7838541666666666 0.01015625 0.013541666666666667
0 0.7453125 0.778125 0.009375 0.0125
0 0.20234375 0.7776041666666667 0.0078125 0.011458333333333333
0 0.698046875 0.7760416666666666 0.00859375 0.0125
0 0.55234375 0.7744791666666667 0.009375 0.011458333333333333
0 0.871875 0.7682291666666666 0.0109375 0.013541666666666667
0 0.679296875 0.7677083333333333 0.01015625 0.0125
0 0.577734375 0.7635416666666667 0.00859375 0.0125
0 0.646484375 0.7614583333333333 0.00859375 0.0125
0 0.62890625 0.7604166666666666 0.009375 0.0125
0 0.507421875 0.7541666666666667 0.00859375 0.0125
0 0.7734375 0.7520833333333333 0.009375 0.0125
0 0.69375 0.7510416666666667 0.009375 0.0125
0 0.55859375 0.7494791666666667 0.009375 0.011458333333333333
0 0.6671875 0.7489583333333333 0.009375 0.0125
0 0.59765625 0.7479166666666667 0.009375 0.0125
0 0.61484375 0.7453125 0.009375 0.011458333333333333
0 0.7234375 0.7395833333333334 0.009375 0.0125
0 0.522265625 0.7395833333333334 0.00859375 0.0125
0 0.4484375 0.7385416666666667 0.009375 0.0125
0 0.75546875 0.7364583333333333 0.0109375 0.0125
0 0.412890625 0.7364583333333333 0.00859375 0.0125
0 0.8953125 0.734375 0.0109375 0.0125
0 0.83359375 0.7348958333333333 0.009375 0.013541666666666667
0 0.64765625 0.734375 0.009375 0.0125
0 0.630859375 0.7333333333333333 0.01015625 0.0125
0 0.682421875 0.7307291666666667 0.01015625 0.011458333333333333
0 0.469921875 0.73125 0.00859375 0.0125
0 0.7078125 0.7286458333333333 0.009375 0.011458333333333333
0 0.377734375 0.728125 0.00859375 0.0125
0 0.73828125 0.7270833333333333 0.009375 0.0125
0 0.6640625 0.725 0.009375 0.0125
0 0.566796875 0.7234375 0.00859375 0.011458333333333333
0 0.85546875 0.7229166666666667 0.0109375 0.0125
0 0.455859375 0.7161458333333334 0.00859375 0.011458333333333333
0 0.722265625 0.715625 0.01015625 0.0125
0 0.602734375 0.7135416666666666 0.00859375 0.0125
0 0.639453125 0.7119791666666667 0.00859375 0.011458333333333333
0 0.694921875 0.7109375 0.01015625 0.011458333333333333
0 0.582421875 0.7119791666666667 0.00859375 0.013541666666666667
0 0.49375 0.7114583333333333 0.009375 0.0125
0 0.5453125 0.7104166666666667 0.009375 0.0125
0 0.512890625 0.7083333333333334 0.00859375 0.0125
0 0.675 0.7067708333333333 0.009375 0.011458333333333333
0 0.3890625 0.7072916666666667 0.009375 0.0125
0 0.65625 0.6994791666666667 0.009375 0.011458333333333333
0 0.85390625 0.6989583333333333 0.0109375 0.0125
0 0.815625 0.696875 0.0109375 0.0125
0 0.37265625 0.696875 0.009375 0.0125
0 0.611328125 0.6932291666666667 0.00859375 0.011458333333333333
0 0.719921875 0.6921875 0.01015625 0.011458333333333333
0 0.3546875 0.6921875 0.009375 0.011458333333333333
0 0.590234375 0.6911458333333333 0.00859375 0.011458333333333333
0 0.501953125 0.6901041666666666 0.00859375 0.011458333333333333
0 0.57265625 0.6869791666666667 0.009375 0.011458333333333333
0 0.5390625 0.6833333333333333 0.0078125 0.0125
0 0.4703125 0.678125 0.0078125 0.010416666666666666
0 0.518359375 0.675 0.00859375 0.0125
0 0.6734375 0.6723958333333333 0.009375 0.011458333333333333
0 0.369921875 0.671875 0.00859375 0.0125
0 0.34765625 0.6697916666666667 0.0078125 0.010416666666666666
0 0.559375 0.66875 0.009375 0.0125
0 0.316015625 0.6651041666666667 0.00859375 0.011458333333333333
0 0.542578125 0.6609375 0.00859375 0.011458333333333333
0 0.844921875 0.6588541666666666 0.01015625 0.013541666666666667
0 0.57578125 0.6557291666666667 0.009375 0.011458333333333333
0 0.8015625 0.6546875 0.0109375 0.011458333333333333
0 0.441015625 0.6546875 0.00859375 0.011458333333333333
0 0.5015625 0.6536458333333334 0.0078125 0.011458333333333333
0 0.519921875 0.6515625 0.00859375 0.011458333333333333
0 0.280859375 0.6473958333333333 0.00859375 0.011458333333333333
0 0.398046875 0.6447916666666667 0.00859375 0.010416666666666666
0 0.6671875 0.6442708333333333 0.009375 0.011458333333333333
0 0.81640625 0.6432291666666666 0.0109375 0.011458333333333333
0 0.458203125 0.6432291666666666 0.00859375 0.011458333333333333
0 0.3171875 0.6416666666666667 0.009375 0.0125
0 0.532421875 0.6348958333333333 0.00859375 0.011458333333333333
0 0.41640625 0.6348958333333333 0.0078125 0.011458333333333333
0 0.581640625 0.6333333333333333 0.00859375 0.0125
0 0.385546875 0.6276041666666666 0.00859375 0.011458333333333333
0 0.273046875 0.6260416666666667 0.00859375 0.0125
0 0.330078125 0.6239583333333333 0.00859375 0.010416666666666666
0 0.291015625 0.6213541666666667 0.00859375 0.011458333333333333
0 0.3484375 0.61875 0.009375 0.010416666666666666
0 0.565234375 0.6177083333333333 0.00859375 0.0125
0 0.520703125 0.6140625 0.00859375 0.011458333333333333
0 0.588671875 0.6130208333333333 0.00859375 0.011458333333333333
0 0.5484375 0.6130208333333333 0.009375 0.011458333333333333
0 0.8234375 0.6125 0.0109375 0.0125
0 0.846484375 0.6098958333333333 0.01015625 0.011458333333333333
0 0.650390625 0.6 0.00859375 0.010416666666666666
0 0.534765625 0.5984375 0.00859375 0.011458333333333333
0 0.35546875 0.5963541666666666 0.009375 0.011458333333333333
0 0.570703125 0.5953125 0.00859375 0.011458333333333333
0 0.832421875 0.59375 0.01171875 0.0125
0 0.33515625 0.5927083333333333 0.0078125 0.010416666666666666
0 0.553515625 0.5880208333333333 0.00859375 0.011458333333333333
0 0.232421875 0.5848958333333333 0.00859375 0.011458333333333333
0 0.369140625 0.5802083333333333 0.00859375 0.0125
0 0.4375 0.5677083333333334 0.0078125 0.010416666666666666
0 0.540625 0.565625 0.0078125 0.010416666666666666
0 0.415234375 0.5640625 0.00859375 0.011458333333333333
0 0.51796875 0.5630208333333333 0.0078125 0.011458333333333333
0 0.3796875 0.5614583333333333 0.0078125 0.010416666666666666
0 0.58046875 0.5604166666666667 0.0078125 0.010416666666666666
0 0.460546875 0.5609375 0.00859375 0.011458333333333333
0 0.808984375 0.5598958333333334 0.01015625 0.011458333333333333
0 0.565234375 0.5489583333333333 0.00859375 0.010416666666666666
0 0.822265625 0.5479166666666667 0.01015625 0.0125
0 0.4953125 0.546875 0.0078125 0.010416666666666666
0 0.306640625 0.5473958333333333 0.00859375 0.011458333333333333
0 0.403515625 0.5463541666666667 0.00859375 0.011458333333333333
0 0.280078125 0.5453125 0.00859375 0.011458333333333333
0 0.333203125 0.5411458333333333 0.00859375 0.011458333333333333
0 0.46484375 0.5369791666666667 0.0078125 0.011458333333333333
0 0.437890625 0.5348958333333333 0.00859375 0.011458333333333333
0 0.4203125 0.534375 0.009375 0.0125
0 0.508203125 0.5322916666666667 0.00703125 0.010416666666666666
0 0.369921875 0.5322916666666667 0.00859375 0.010416666666666666
0 0.259765625 0.5307291666666667 0.00859375 0.011458333333333333
0 0.865625 0.5260416666666666 0.009375 0.010416666666666666
0 0.404296875 0.5239583333333333 0.00859375 0.010416666666666666
0 0.388671875 0.5145833333333333 0.00859375 0.010416666666666666
0 0.201171875 0.5114583333333333 0.00703125 0.010416666666666666
0 0.42265625 0.5109375 0.0078125 0.011458333333333333
0 0.626953125 0.5083333333333333 0.00859375 0.010416666666666666
0 0.26015625 0.5072916666666667 0.009375 0.010416666666666666
0 0.456640625 0.5067708333333333 0.00859375 0.011458333333333333
0 0.22578125 0.5067708333333333 0.009375 0.011458333333333333
0 0.279296875 0.5036458333333333 0.00859375 0.011458333333333333
0 0.471875 0.49635416666666665 0.0078125 0.011458333333333333
0 0.434765625 0.4953125 0.00859375 0.011458333333333333
0 0.240625 0.49270833333333336 0.0078125 0.00625
0 0.212109375 0.49166666666666664 0.00859375 0.008333333333333333
0 0.5671875 0.48489583333333336 0.0078125 0.009375
0 0.228515625 0.4796875 0.00859375 0.011458333333333333
0 0.53203125 0.478125 0.0078125 0.010416666666666666
0 0.455078125 0.47760416666666666 0.00703125 0.011458333333333333
0 0.483203125 0.47552083333333334 0.00859375 0.011458333333333333
0 0.24609375 0.471875 0.009375 0.010416666666666666
0 0.425 0.4703125 0.0078125 0.009375
0 0.72421875 0.4640625 0.009375 0.011458333333333333
0 0.217578125 0.4625 0.00859375 0.010416666666666666
0 0.683203125 0.4588541666666667 0.01015625 0.011458333333333333
0 0.370703125 0.4583333333333333 0.00859375 0.010416666666666666
0 0.45234375 0.4557291666666667 0.0078125 0.011458333333333333
0 0.412890625 0.4546875 0.00859375 0.011458333333333333
0 0.6984375 0.453125 0.009375 0.010416666666666666
0 0.578125 0.44895833333333335 0.0078125 0.010416666666666666
0 0.195703125 0.44947916666666665 0.00859375 0.011458333333333333
0 0.418359375 0.43333333333333335 0.00859375 0.010416666666666666
0 0.36171875 0.4317708333333333 0.0078125 0.011458333333333333
0 0.8484375 0.4276041666666667 0.009375 0.009375
0 0.54765625 0.428125 0.0078125 0.010416666666666666
0 0.43984375 0.42552083333333335 0.0078125 0.009375
0 0.866015625 0.42552083333333335 0.01015625 0.011458333333333333
0 0.24296875 0.42552083333333335 0.0078125 0.011458333333333333
0 0.46171875 0.4244791666666667 0.0078125 0.011458333333333333
0 0.31484375 0.42239583333333336 0.0078125 0.011458333333333333
0 0.402734375 0.42083333333333334 0.00703125 0.010416666666666666
0 0.28515625 0.42135416666666664 0.0078125 0.011458333333333333
0 0.477734375 0.41510416666666666 0.00703125 0.011458333333333333
0 0.42578125 0.4140625 0.0078125 0.011458333333333333
0 0.78828125 0.41302083333333334 0.0109375 0.011458333333333333
0 0.53671875 0.4114583333333333 0.0078125 0.010416666666666666
0 0.682421875 0.4041666666666667 0.00859375 0.010416666666666666
0 0.553515625 0.40260416666666665 0.00703125 0.009375
0 0.63203125 0.4010416666666667 0.0078125 0.010416666666666666
0 0.4390625 0.4 0.0078125 0.010416666666666666
0 0.344921875 0.3984375 0.00859375 0.011458333333333333
0 0.3859375 0.396875 0.0078125 0.010416666666666666
0 0.813671875 0.3953125 0.01015625 0.011458333333333333
0 0.59921875 0.3927083333333333 0.0078125 0.010416666666666666
0 0.47734375 0.3927083333333333 0.0078125 0.0125
0 0.628125 0.3796875 0.0078125 0.011458333333333333
0 0.198046875 0.37916666666666665 0.00859375 0.010416666666666666
0 0.898828125 0.37604166666666666 0.01015625 0.00625
0 0.833203125 0.37395833333333334 0.00859375 0.008333333333333333
0 0.52890625 0.37135416666666665 0.0078125 0.011458333333333333
0 0.478515625 0.37135416666666665 0.00703125 0.011458333333333333
0 0.223828125 0.37083333333333335 0.00859375 0.010416666666666666
0 0.816015625 0.3692708333333333 0.00859375 0.011458333333333333
0 0.6140625 0.36770833333333336 0.0078125 0.010416666666666666
0 0.883203125 0.3572916666666667 0.02578125 0.014583333333333334
0 0.277734375 0.35520833333333335 0.00859375 0.010416666666666666
0 0.4984375 0.3541666666666667 0.0078125 0.010416666666666666
0 0.5359375 0.35104166666666664 0.0078125 0.010416666666666666
0 0.5609375 0.3494791666666667 0.0078125 0.011458333333333333
0 0.7796875 0.353125 0.0203125 0.027083333333333334
0 0.56796875 0.33125 0.0078125 0.010416666666666666
0 0.498046875 0.32916666666666666 0.00703125 0.010416666666666666
0 0.7078125 0.328125 0.01875 0.0125
0 0.36640625 0.3265625 0.0078125 0.011458333333333333
0 0.7203125 0.3203125 0.003125 0.0010416666666666667
0 0.288671875 0.3255208333333333 0.00859375 0.011458333333333333
0 0.839453125 0.32447916666666665 0.01015625 0.011458333333333333
0 0.4625 0.321875 0.0078125 0.010416666666666666
0 0.80625 0.3203125 0.0078125 0.011458333333333333
0 0.58046875 0.30104166666666665 0.0078125 0.010416666666666666
0 0.35234375 0.29322916666666665 0.0078125 0.011458333333333333
0 0.3984375 0.28802083333333334 0.0078125 0.011458333333333333
0 0.523828125 0.28541666666666665 0.00703125 0.010416666666666666
0 0.80546875 0.2765625 0.009375 0.011458333333333333
0 0.509765625 0.275 0.00859375 0.010416666666666666
0 0.76171875 0.2713541666666667 0.009375 0.011458333333333333
0 0.7234375 0.26666666666666666 0.009375 0.010416666666666666
0 0.7015625 0.2635416666666667 0.0078125 0.010416666666666666
0 0.2515625 0.25677083333333334 0.009375 0.013541666666666667
0 0.778125 0.25052083333333336 0.009375 0.011458333333333333
0 0.29375 0.24895833333333334 0.0078125 0.010416666666666666
0 0.255859375 0.23802083333333332 0.00859375 0.013541666666666667
0 0.528125 0.23229166666666667 0.0078125 0.010416666666666666
0 0.36875 0.2328125 0.0078125 0.011458333333333333
0 0.515234375 0.21927083333333333 0.00859375 0.011458333333333333
0 0.257421875 0.20677083333333332 0.00859375 0.011458333333333333
