0 0.753515625 0.8654747948417351 0.00703125 0.00996483001172333
0 0.43125 0.8200468933177022 0.0109375 0.008206330597889801
0 0.362890625 0.8194607268464243 0.01015625 0.008206330597889801
0 0.49140625 0.8130128956623681 0.0109375 0.008206330597889801
0 0.47265625 0.8030480656506448 0.0109375 0.008206330597889801
0 0.443359375 0.7986518171160609 0.01015625 0.008792497069167644
0 0.486328125 0.7898593200468933 0.01171875 0.008792497069167644
0 0.46015625 0.7881008206330598 0.0109375 0.008792497069167644
0 0.812109375 0.7842907385697538 0.01328125 0.009378663540445486
0 0.561328125 0.7816529894490035 0.01171875 0.008792497069167644
0 0.375390625 0.7790152403282532 0.01015625 0.008206330597889801
0 0.473828125 0.7749120750293084 0.01015625 0.008206330597889801
0 0.28046875 0.7731535756154748 0.0109375 0.008206330597889801
0 0.452734375 0.7711019929660023 0.01015625 0.008792497069167644
0 0.487109375 0.7567409144196952 0.01171875 0.008206330597889801
0 0.50859375 0.7549824150058617 0.0125 0.008206330597889801
0 0.599609375 0.742672919109027 0.01171875 0.008206330597889801
0 0.48125 0.7382766705744431 0.0109375 0.008792497069167644
0 0.619921875 0.7341735052754983 0.01171875 0.008792497069167644
0 0.3640625 0.7236225087924971 0.009375 0.0076201641266119575
0 0.402734375 0.7054513481828839 0.01015625 0.0076201641266119575
0 0.49921875 0.7039859320046893 0.0109375 0.008206330597889801
0 0.580078125 0.7010550996483002 0.01171875 0.009378663540445486
0 0.612890625 0.6992966002344666 0.01171875 0.008206330597889801
0 0.376953125 0.6966588511137163 0.01015625 0.0076201641266119575
0 0.590234375 0.6858147713950762 0.01171875 0.009378663540445486
0 0.346484375 0.6799531066822978 0.01015625 0.007033997655334115
0 0.672265625 0.6735052754982415 0.01171875 0.008206330597889801
0 0.364453125 0.6714536928487691 0.01015625 0.0076201641266119575
0 0.27578125 0.6711606096131302 0.0109375 0.007033997655334115
0 0.585546875 0.6682297772567409 0.01171875 0.008206330597889801
0 0.741015625 0.6635404454865181 0.01171875 0.008206330597889801
0 0.333984375 0.6620750293083235 0.01015625 0.006447831184056272
0 0.30859375 0.656799531066823 0.0109375 0.006447831184056272
0 0.56015625 0.6547479484173505 0.0109375 0.008206330597889801
0 0.641796875 0.6488862837045721 0.01171875 0.008206330597889801
0 0.666015625 0.6444900351699883 0.01171875 0.008792497069167644
0 0.579296875 0.6433177022274326 0.01171875 0.0076201641266119575
0 0.426953125 0.6430246189917936 0.01015625 0.007033997655334115
0 0.558203125 0.6374560375146542 0.01015625 0.0076201641266119575
0 0.794921875 0.6354044548651817 0.01328125 0.008206330597889801
0 0.6 0.6336459554513482 0.0109375 0.008206330597889801
0 0.683203125 0.6330597889800703 0.01171875 0.009378663540445486
0 0.5296875 0.6298358733880423 0.009375 0.0076201641266119575
0 0.707421875 0.6260257913247362 0.01171875 0.008206330597889801
0 0.548046875 0.6210433763188745 0.01015625 0.0076201641266119575
0 0.676953125 0.6160609613130129 0.01171875 0.008206330597889801
0 0.613671875 0.6128370457209847 0.01171875 0.0076201641266119575
0 0.521484375 0.611957796014068 0.01015625 0.008206330597889801
0 0.418359375 0.6090269636576788 0.01015625 0.007033997655334115
0 0.45625 0.6066822977725674 0.0109375 0.008206330597889801
0 0.501171875 0.5952520515826495 0.01015625 0.0076201641266119575
0 0.437109375 0.5946658851113716 0.01015625 0.0076201641266119575
0 0.670703125 0.5923212192262602 0.01015625 0.0076201641266119575
0 0.594921875 0.5888042203985931 0.01015625 0.0076201641266119575
0 0.457421875 0.5882180539273154 0.01015625 0.0076201641266119575
0 0.640625 0.5870457209847597 0.0109375 0.0076201641266119575
0 0.401953125 0.5791324736225087 0.01015625 0.007033997655334115
0 0.5453125 0.5756154747948418 0.009375 0.007033997655334115
0 0.475 0.5715123094958968 0.009375 0.007033997655334115
0 0.691796875 0.570926143024619 0.01171875 0.008206330597889801
0 0.624609375 0.57063305978898 0.01015625 0.0076201641266119575
0 0.585546875 0.5685814771395076 0.01015625 0.007033997655334115
0 0.781640625 0.563305978898007 0.01171875 0.009378663540445486
0 0.4453125 0.5530480656506448 0.009375 0.006447831184056272
0 0.8765625 0.5518757327080891 0.0125 0.008792497069167644
0 0.6859375 0.5430832356389215 0.0109375 0.0076201641266119575
0 0.600390625 0.52989449003517 0.01015625 0.007033997655334115
0 0.48203125 0.5304806565064478 0.009375 0.008206330597889801
0 0.783984375 0.5293083235638921 0.01171875 0.008206330597889801
0 0.258203125 0.5205158264947245 0.01015625 0.007033997655334115
0 0.4171875 0.5193434935521688 0.009375 0.007033997655334115
0 0.480859375 0.5146541617819461 0.01015625 0.007033997655334115
0 0.617578125 0.5046893317702228 0.01015625 0.008206330597889801
0 0.2140625 0.5017584994138335 0.0109375 0.007033997655334115
0 0.810546875 0.4947245017584994 0.01171875 0.008206330597889801
0 0.632421875 0.49267291910902694 0.01015625 0.0076201641266119575
0 0.740625 0.48974208675263775 0.0109375 0.0076201641266119575
0 0.83046875 0.48563892145369286 0.0125 0.008792497069167644
0 0.690234375 0.47860492379835873 0.01171875 0.0076201641266119575
0 0.625 0.4683470105509965 0.0109375 0.007033997655334115
0 0.707421875 0.4674677608440797 0.01171875 0.0076201641266119575
0 0.819140625 0.4671746776084408 0.01171875 0.008206330597889801
0 0.759375 0.45955451348182885 0.0109375 0.008206330597889801
0 0.7546875 0.4425556858147714 0.0125 0.008206330597889801
0 0.7765625 0.4361078546307151 0.0125 0.008206330597889801
0 0.837890625 0.42584994138335286 0.01171875 0.0076201641266119575
0 0.793359375 0.4223329425556858 0.01328125 0.008792497069167644
0 0.629296875 0.41178194607268465 0.01015625 0.0076201641266119575
0 0.426953125 0.41031652989449 0.01015625 0.007033997655334115
0 0.841015625 0.40533411488862836 0.01328125 0.008792497069167644
0 0.62265625 0.3962485345838218 0.0109375 0.007033997655334115
0 0.321484375 0.39683470105509966 0.01015625 0.008206330597889801
0 0.56015625 0.3962485345838218 0.009375 0.008206330597889801
0 0.273828125 0.38481828839390386 0.01015625 0.0076201641266119575
0 0.30390625 0.3821805392731536 0.0109375 0.008206330597889801
0 0.568359375 0.3810082063305979 0.01015625 0.007033997655334115
0 0.768359375 0.3801289566236811 0.01171875 0.008792497069167644
0 0.7 0.3795427901524033 0.0109375 0.008792497069167644
0 0.876171875 0.3766119577960141 0.01328125 0.008792497069167644
0 0.249609375 0.3716295427901524 0.01015625 0.008206330597889801
0 0.672265625 0.3686987104337632 0.01171875 0.008206330597889801
0 0.693359375 0.3625439624853458 0.01171875 0.008792497069167644
0 0.772265625 0.35668229777256744 0.01171875 0.008792497069167644
0 0.70859375 0.35023446658851115 0.0125 0.006447831184056272
0 0.37421875 0.350820633059789 0.009375 0.0076201641266119575
0 0.745703125 0.34613130128956626 0.01171875 0.008792497069167644
0 0.685546875 0.34583821805392734 0.01171875 0.009378663540445486
0 0.4265625 0.33792497069167643 0.009375 0.0076201641266119575
0 0.7640625 0.33528722157092616 0.0109375 0.007033997655334115
0 0.25703125 0.3276670574443142 0.0109375 0.008206330597889801
0 0.69140625 0.32327080890973037 0.0125 0.008792497069167644
0 0.712890625 0.3191676436107855 0.01328125 0.008792497069167644
0 0.78046875 0.3182883939038687 0.0125 0.009378663540445486
0 0.748828125 0.3156506447831184 0.01171875 0.008792497069167644
0 0.7578125 0.28927315357561545 0.0109375 0.008792497069167644
0 0.30625 0.2869284876905041 0.0109375 0.008792497069167644
0 0.71640625 0.2801875732708089 0.0109375 0.009378663540445486
0 0.3515625 0.276084407971864 0.0125 0.009378663540445486
0 0.772265625 0.261137162954279 0.01171875 0.008792497069167644
0 0.330078125 0.2623094958968347 0.02734375 0.016998827667057445
0 0.28125 0.2543962485345838 0.0109375 0.009378663540445486
0 0.38515625 0.2514654161781946 0.0109375 0.009378663540445486
0 0.624609375 0.24677608440797186 0.01171875 0.008206330597889801
0 0.5265625 0.2347596717467761 0.0109375 0.005275498241500586
0 0.24921875 0.2321219226260258 0.009375 0.007033997655334115
0 0.34375 0.2294841735052755 0.0109375 0.00996483001172333
0 0.57421875 0.22450175849941384 0.0015625 0.0011723329425556857
0 0.626171875 0.22743259085580306 0.01171875 0.009378663540445486
0 0.65625 0.2268464243845252 0.0125 0.009378663540445486
0 0.5140625 0.21951934349355218 0.009375 0.008792497069167644
0 0.576953125 0.21776084407971863 0.00859375 0.006447831184056272
0 0.5578125 0.21101992966002345 0.0109375 0.010550996483001172
0 0.346875 0.20955451348182885 0.0109375 0.00996483001172333
0 0.30078125 0.2033997655334115 0.0109375 0.009378663540445486
0 0.569140625 0.19753810082063306 0.00390625 0.0023446658851113715
0 0.6203125 0.20017584994138335 0.0125 0.00996483001172333
0 0.65703125 0.1910902696365768 0.0125 0.010550996483001172
0 0.39765625 0.18815943728018758 0.0109375 0.023446658851113716
0 0.49453125 0.17995310668229778 0.0109375 0.008206330597889801
0 0.3328125 0.16969519343493553 0.0109375 0.00996483001172333
0 0.72734375 0.1667643610785463 0.0140625 0.00996483001172333
0 0.7078125 0.1611957796014068 0.0125 0.010550996483001172
0 0.345703125 0.14917936694021103 0.00859375 0.00996483001172333
