0 0.611328125 0.7954279015240329 0.00859375 0.009378663540445486
0 0.27578125 0.7945486518171161 0.0140625 0.00996483001172333
0 0.256640625 0.7898593200468933 0.01328125 0.00996483001172333
0 0.18671875 0.7793083235638921 0.0125 0.00996483001172333
0 0.62265625 0.7757913247362251 0.009375 0.008792497069167644
0 0.474609375 0.7711019929660023 0.01015625 0.0076201641266119575
0 0.699609375 0.7667057444314185 0.01015625 0.008206330597889801
0 0.323046875 0.7646541617819461 0.01171875 0.00996483001172333
0 0.400390625 0.7558616647127784 0.00703125 0.008792497069167644
0 0.357421875 0.7558616647127784 0.01171875 0.00996483001172333
0 0.56328125 0.7620164126611958 0.0109375 0.023446658851113716
0 0.65078125 0.7438452520515827 0.009375 0.008206330597889801
0 0.41484375 0.7429660023446659 0.0109375 0.008792497069167644
0 0.608984375 0.7391559202813599 0.01015625 0.008206330597889801
0 0.398046875 0.7353458382180539 0.01171875 0.008792497069167644
0 0.4546875 0.7332942555685815 0.0109375 0.008206330597889801
0 0.370703125 0.7309495896834701 0.01171875 0.009378663540445486
0 0.323046875 0.7309495896834701 0.01171875 0.009378663540445486
0 0.443359375 0.7221570926143025 0.01015625 0.009378663540445486
0 0.611328125 0.7212778429073857 0.01015625 0.008792497069167644
0 0.36015625 0.7174677608440797 0.0109375 0.009378663540445486
0 0.69140625 0.713071512309496 0.0109375 0.0076201641266119575
0 0.573046875 0.7013481828839391 0.01015625 0.008792497069167644
0 0.2125 0.701641266119578 0.0125 0.009378663540445486
0 0.6671875 0.6963657678780774 0.009375 0.008206330597889801
0 0.623828125 0.6913833528722158 0.02421875 0.016998827667057445
0 0.26484375 0.6828839390386869 0.0109375 0.009378663540445486
0 0.601953125 0.6781946072684643 0.01015625 0.008206330597889801
0 0.22578125 0.6749706916764361 0.0125 0.008792497069167644
0 0.644921875 0.6667643610785463 0.01015625 0.0076201641266119575
0 0.23359375 0.6491793669402111 0.0125 0.008792497069167644
0 0.203515625 0.6480070339976554 0.01328125 0.008792497069167644
0 0.2671875 0.6447831184056272 0.0125 0.008206330597889801
0 0.2875 0.6412661195779601 0.0125 0.008206330597889801
0 0.217578125 0.6321805392731535 0.01171875 0.0076201641266119575
0 0.687890625 0.6280773739742087 0.01015625 0.006447831184056272
0 0.53359375 0.6225087924970691 0.009375 0.007033997655334115
0 0.349609375 0.6204572098475967 0.01015625 0.0076201641266119575
0 0.23515625 0.6204572098475967 0.0109375 0.008792497069167644
0 0.292578125 0.61957796014068 0.01171875 0.008206330597889801
0 0.270703125 0.6166471277842908 0.01171875 0.008206330597889801
0 0.209765625 0.6113716295427901 0.01171875 0.009378663540445486
0 0.58125 0.6093200468933178 0.009375 0.0076201641266119575
0 0.527734375 0.6093200468933178 0.01015625 0.0076201641266119575
0 0.284765625 0.604630715123095 0.01171875 0.008792497069167644
0 0.30390625 0.5981828839390387 0.0109375 0.0076201641266119575
0 0.41015625 0.597303634232122 0.009375 0.007033997655334115
0 0.108984375 0.5940797186400938 0.01328125 0.008792497069167644
0 0.18984375 0.5905627198124267 0.0109375 0.0076201641266119575
0 0.27734375 0.5885111371629543 0.0109375 0.008206330597889801
0 0.69375 0.5876318874560376 0.009375 0.0076201641266119575
0 0.644921875 0.5791324736225087 0.01015625 0.007033997655334115
0 0.230859375 0.5794255568581477 0.01015625 0.0076201641266119575
0 0.671484375 0.5759085580304807 0.01015625 0.0076201641266119575
0 0.350390625 0.5712192262602579 0.01015625 0.0076201641266119575
0 0.141796875 0.5659437280187574 0.01171875 0.0076201641266119575
0 0.6296875 0.5653575615474795 0.009375 0.0076201641266119575
0 0.53828125 0.5650644783118406 0.009375 0.007033997655334115
0 0.5671875 0.5498241500586166 0.009375 0.007033997655334115
0 0.187109375 0.5489449003516998 0.01171875 0.0076201641266119575
0 0.144140625 0.5468933177022274 0.01171875 0.008206330597889801
0 0.3140625 0.5445486518171161 0.0109375 0.007033997655334115
0 0.20234375 0.5357561547479485 0.0125 0.008206330597889801
0 0.223046875 0.5293083235638921 0.01171875 0.008206330597889801
0 0.33671875 0.5205158264947245 0.0109375 0.007033997655334115
0 0.664453125 0.5155334114888629 0.00859375 0.006447831184056272
0 0.21875 0.5134818288393904 0.0109375 0.008206330597889801
0 0.564453125 0.5105509964830012 0.01015625 0.007033997655334115
0 0.161328125 0.5067409144196952 0.01171875 0.0076201641266119575
0 0.267578125 0.5055685814771395 0.01171875 0.0076201641266119575
0 0.34609375 0.503810082063306 0.0109375 0.0076201641266119575
0 0.283984375 0.4944314185228605 0.01171875 0.0076201641266119575
0 0.59375 0.4932590855803048 0.009375 0.006447831184056272
0 0.419140625 0.4932590855803048 0.01015625 0.0076201641266119575
0 0.391796875 0.4915005861664713 0.01015625 0.0076201641266119575
0 0.14765625 0.4894490035169988 0.009375 0.008206330597889801
0 0.321875 0.48739742086752635 0.0109375 0.0076201641266119575
0 0.23515625 0.4847596717467761 0.0109375 0.008206330597889801
0 0.168359375 0.4806565064478312 0.01171875 0.008206330597889801
0 0.380859375 0.4780187573270809 0.01015625 0.0076201641266119575
0 0.34921875 0.4686400937866354 0.0109375 0.0076201641266119575
0 0.72421875 0.4671746776084408 0.009375 0.007033997655334115
0 0.437890625 0.45164126611957794 0.01015625 0.0076201641266119575
0 0.32421875 0.4504689331770223 0.0109375 0.0076201641266119575
0 0.684375 0.44958968347010553 0.009375 0.007033997655334115
0 0.193359375 0.44636576787807736 0.01171875 0.0076201641266119575
0 0.465625 0.43903868698710435 0.009375 0.007033997655334115
0 0.37421875 0.43464243845252054 0.0109375 0.0076201641266119575
0 0.6125 0.4331770222743259 0.009375 0.007033997655334115
0 0.286328125 0.43259085580304807 0.01171875 0.008206330597889801
0 0.10234375 0.4264361078546307 0.0125 0.008792497069167644
0 0.494140625 0.425263774912075 0.01015625 0.0076201641266119575
0 0.514453125 0.4211606096131301 0.01015625 0.0076201641266119575
0 0.575 0.4167643610785463 0.009375 0.007033997655334115
0 0.194140625 0.414126611957796 0.01171875 0.008792497069167644
0 0.544140625 0.4079718640093787 0.01015625 0.007033997655334115
0 0.2796875 0.40621336459554513 0.0109375 0.008206330597889801
0 0.337109375 0.40386869871043374 0.01171875 0.008206330597889801
0 0.4546875 0.40240328253223917 0.009375 0.0076201641266119575
0 0.417578125 0.4006447831184056 0.01015625 0.0076201641266119575
0 0.352734375 0.39331770222743256 0.01171875 0.008206330597889801
0 0.483203125 0.3921453692848769 0.01015625 0.007033997655334115
0 0.552734375 0.3895076201641266 0.01015625 0.0076201641266119575
0 0.3265625 0.3892145369284877 0.0109375 0.008206330597889801
0 0.298828125 0.3854044548651817 0.01015625 0.0076201641266119575
0 0.369921875 0.3824736225087925 0.01015625 0.0076201641266119575
0 0.47734375 0.376905041031653 0.0109375 0.008206330597889801
0 0.458203125 0.37602579132473624 0.01171875 0.0076201641266119575
0 0.43984375 0.365767878077374 0.0109375 0.008206330597889801
0 0.35234375 0.36547479484173506 0.0109375 0.0076201641266119575
0 0.2921875 0.36283704572098474 0.0109375 0.008206330597889801
0 0.572265625 0.3593200468933177 0.01015625 0.007033997655334115
0 0.414453125 0.35726846424384523 0.01015625 0.0076201641266119575
0 0.54140625 0.3540445486518171 0.0109375 0.007033997655334115
0 0.262890625 0.3537514654161782 0.01171875 0.008792497069167644
0 0.431640625 0.3484759671746776 0.01015625 0.0076201641266119575
0 0.285546875 0.34613130128956626 0.01171875 0.008792497069167644
0 0.36484375 0.3452520515826495 0.0109375 0.008206330597889801
0 0.1796875 0.34495896834701056 0.0125 0.008792497069167644
0 0.4046875 0.3417350527549824 0.0109375 0.008206330597889801
0 0.542578125 0.3388042203985932 0.01015625 0.008206330597889801
0 0.384765625 0.3361664712778429 0.01171875 0.0076201641266119575
0 0.301953125 0.33528722157092616 0.01171875 0.008206330597889801
0 0.325390625 0.3311840562719812 0.01171875 0.008206330597889801
0 0.526171875 0.3291324736225088 0.01015625 0.0076201641266119575
0 0.4015625 0.324736225087925 0.0109375 0.008206330597889801
0 0.636328125 0.3223915592028136 0.01015625 0.007033997655334115
0 0.23046875 0.31740914419695193 0.0125 0.008792497069167644
0 0.37734375 0.31242672919109027 0.0109375 0.008206330597889801
0 0.665625 0.3083235638921454 0.009375 0.007033997655334115
0 0.295703125 0.3074443141852286 0.01171875 0.008792497069167644
0 0.462890625 0.3048065650644783 0.01015625 0.008206330597889801
0 0.57109375 0.30392731535756157 0.0109375 0.0076201641266119575
0 0.3953125 0.2977725674091442 0.0109375 0.008206330597889801
0 0.36640625 0.29454865181711604 0.0109375 0.008792497069167644
0 0.351171875 0.28223915592028137 0.01171875 0.008792497069167644
0 0.372265625 0.2790152403282532 0.01171875 0.009378663540445486
0 0.54765625 0.276084407971864 0.009375 0.007033997655334115
0 0.4453125 0.2620164126611958 0.0109375 0.008206330597889801
0 0.634375 0.2508792497069168 0.009375 0.007033997655334115
0 0.548046875 0.24912075029308323 0.01015625 0.008206330597889801
0 0.34375 0.24912075029308323 0.0125 0.009378663540445486
0 0.473828125 0.24531066822977726 0.01015625 0.008792497069167644
0 0.607421875 0.24120750293083235 0.01015625 0.0076201641266119575
0 0.362890625 0.24120750293083235 0.01171875 0.008792497069167644
0 0.712890625 0.23710433763188746 0.01015625 0.0076201641266119575
0 0.76015625 0.2309495896834701 0.009375 0.007033997655334115
0 0.4484375 0.22801875732708088 0.0109375 0.008206330597889801
0 0.469140625 0.22743259085580306 0.01015625 0.008206330597889801
0 0.69609375 0.21541617819460726 0.009375 0.0076201641266119575
0 0.50078125 0.21395076201641267 0.0109375 0.008206330597889801
0 0.543359375 0.2104337631887456 0.01015625 0.008206330597889801
0 0.480078125 0.21014067995310667 0.01015625 0.008792497069167644
0 0.3984375 0.20369284876905042 0.0109375 0.008792497069167644
0 0.157421875 0.20134818288393905 0.01328125 0.006447831184056272
0 0.49296875 0.19783118405627198 0.0109375 0.008792497069167644
0 0.468359375 0.19636576787807739 0.01171875 0.008206330597889801
0 0.59140625 0.19167643610785462 0.0109375 0.008206330597889801
0 0.508203125 0.18786635404454866 0.01015625 0.008792497069167644
0 0.480859375 0.18347010550996484 0.01015625 0.008206330597889801
0 0.46328125 0.17438452520515826 0.0109375 0.008792497069167644
0 0.583203125 0.1682297772567409 0.01015625 0.008206330597889801
0 0.519140625 0.16735052754982416 0.01015625 0.008792497069167644
0 0.2140625 0.12075029308323564 0.003125 0.007033997655334115
