0 0.11171875 0.9047479484173505 0.009375 0.00996483001172333
0 0.673046875 0.8458382180539273 0.01171875 0.007033997655334115
0 0.55390625 0.8250293083235639 0.0109375 0.011137162954279016
0 0.525 0.7391559202813599 0.0109375 0.009378663540445486
0 0.498046875 0.738862837045721 0.01015625 0.00996483001172333
0 0.75859375 0.7288980070339977 0.0125 0.008792497069167644
0 0.627734375 0.7242086752637749 0.01171875 0.008792497069167644
0 0.573828125 0.7221570926143025 0.01015625 0.008206330597889801
0 0.6078125 0.716295427901524 0.0109375 0.009378663540445486
0 0.75234375 0.6872801875732708 0.0109375 0.0076201641266119575
0 0.612109375 0.6711606096131302 0.01015625 0.008206330597889801
0 0.6984375 0.6629542790152403 0.0109375 0.008206330597889801
0 0.12109375 0.6512309495896834 0.0125 0.008206330597889801
0 0.638671875 0.645662368112544 0.01015625 0.0076201641266119575
0 0.600390625 0.6392145369284877 0.01015625 0.0076201641266119575
0 0.148828125 0.626905041031653 0.01015625 0.008792497069167644
0 0.459375 0.6145955451348183 0.0109375 0.0076201641266119575
0 0.62734375 0.6081477139507621 0.0109375 0.0076201641266119575
0 0.723828125 0.5984759671746777 0.01015625 0.008206330597889801
0 0.61640625 0.5923212192262602 0.0125 0.0076201641266119575
0 0.596484375 0.5926143024618992 0.01328125 0.008206330597889801
0 0.64140625 0.5852872215709262 0.0109375 0.0076201641266119575
0 0.524609375 0.5841148886283705 0.01015625 0.0076201641266119575
0 0.6078125 0.5779601406799532 0.0109375 0.008206330597889801
0 0.338671875 0.5767878077373975 0.01171875 0.008206330597889801
0 0.509765625 0.5718053927315357 0.01171875 0.0076201641266119575
0 0.5375 0.5647713950762017 0.0109375 0.0076201641266119575
0 0.43984375 0.537221570926143 0.0109375 0.0076201641266119575
0 0.83203125 0.5228604923798359 0.0109375 0.007033997655334115
0 0.348046875 0.522274325908558 0.01171875 0.008206330597889801
0 0.503125 0.515240328253224 0.0109375 0.007033997655334115
0 0.74140625 0.5120164126611958 0.0109375 0.0076201641266119575
0 0.82578125 0.5041031652989449 0.0109375 0.007033997655334115
0 0.56640625 0.4967760844079719 0.0109375 0.0076201641266119575
0 0.383984375 0.4917936694021102 0.01171875 0.008206330597889801
0 0.4203125 0.4847596717467761 0.0109375 0.008206330597889801
0 0.446875 0.4780187573270809 0.0109375 0.0076201641266119575
0 0.569921875 0.473915592028136 0.01015625 0.0076201641266119575
0 0.724609375 0.4683470105509965 0.01015625 0.008206330597889801
0 0.457421875 0.4633645955451348 0.01015625 0.008792497069167644
0 0.3765625 0.4548651817116061 0.0125 0.008206330597889801
0 0.395703125 0.43141852286049237 0.01171875 0.008206330597889801
0 0.510546875 0.4276084407971864 0.01015625 0.0076201641266119575
0 0.605078125 0.4264361078546307 0.01015625 0.0076201641266119575
0 0.21875 0.40328253223915594 0.0140625 0.009378663540445486
0 0.72890625 0.3974208675263775 0.009375 0.007033997655334115
0 0.715625 0.37778429073856973 0.009375 0.0076201641266119575
0 0.367578125 0.3607854630715123 0.01171875 0.0076201641266119575
0 0.409375 0.35463071512309496 0.0109375 0.008206330597889801
0 0.337109375 0.3525791324736225 0.01171875 0.008792497069167644
0 0.4375 0.3499413833528722 0.0109375 0.008206330597889801
0 0.555859375 0.34261430246189917 0.01015625 0.0076201641266119575
0 0.6625 0.3212192262602579 0.0109375 0.007033997655334115
0 0.542578125 0.31330597889800704 0.01015625 0.008792497069167644
0 0.361328125 0.3086166471277843 0.01171875 0.008792497069167644
0 0.6328125 0.3045134818288394 0.0109375 0.0076201641266119575
0 0.55390625 0.2977725674091442 0.0109375 0.008206330597889801
0 0.588671875 0.29073856975381007 0.01015625 0.008206330597889801
0 0.533984375 0.2781359906213365 0.01015625 0.0076201641266119575
0 0.676953125 0.2708089097303634 0.01015625 0.008206330597889801
0 0.795703125 0.26699882766705746 0.01015625 0.0076201641266119575
0 0.567578125 0.26582649472450176 0.01015625 0.0076201641266119575
0 0.658203125 0.25381008206330596 0.01015625 0.008206330597889801
0 0.578515625 0.24941383352872215 0.01015625 0.008792497069167644
0 0.425 0.24237983587338804 0.0109375 0.0076201641266119575
0 0.4875 0.16090269636576787 0.0109375 0.008792497069167644
0 0.66328125 0.13276670574443142 0.0109375 0.008792497069167644
0 0.3625 0.12338804220398593 0.0109375 0.00996483001172333
0 0.431640625 0.10052754982415006 0.01171875 0.00996483001172333
