0 0.361328125 0.8760416666666667 0.01015625 0.014583333333333334
0 0.459375 0.78125 0.009375 0.0125
0 0.70390625 0.7791666666666667 0.0109375 0.0125
0 0.530078125 0.7697916666666667 0.01015625 0.0125
0 0.594921875 0.7651041666666667 0.00859375 0.013541666666666667
0 0.613671875 0.7619791666666667 0.01015625 0.013541666666666667
0 0.546484375 0.7604166666666666 0.00859375 0.0125
0 0.72421875 0.7598958333333333 0.009375 0.013541666666666667
0 0.65 0.7598958333333333 0.0109375 0.013541666666666667
0 0.360546875 0.7598958333333333 0.00859375 0.013541666666666667
0 0.752734375 0.7546875 0.01171875 0.013541666666666667
0 0.220703125 0.7541666666666667 0.00859375 0.0125
0 0.70546875 0.7526041666666666 0.009375 0.013541666666666667
0 0.56484375 0.7505208333333333 0.00625 0.013541666666666667
0 0.878125 0.7442708333333333 0.0125 0.013541666666666667
0 0.687890625 0.7442708333333333 0.01015625 0.013541666666666667
0 0.587890625 0.7401041666666667 0.01015625 0.013541666666666667
0 0.655859375 0.7375 0.00859375 0.0125
0 0.6375 0.7369791666666666 0.009375 0.013541666666666667
0 0.518359375 0.73125 0.01015625 0.0125
0 0.78046875 0.7286458333333333 0.0109375 0.013541666666666667
0 0.701953125 0.7276041666666667 0.01015625 0.013541666666666667
0 0.67578125 0.7260416666666667 0.0109375 0.0125
0 0.569921875 0.7255208333333333 0.00859375 0.013541666666666667
0 0.606640625 0.7244791666666667 0.01015625 0.013541666666666667
0 0.624609375 0.721875 0.00859375 0.0125
0 0.731640625 0.7161458333333334 0.00859375 0.009375
0 0.5328125 0.7161458333333334 0.009375 0.011458333333333333
0 0.461328125 0.715625 0.01015625 0.0125
0 0.76328125 0.7140625 0.0109375 0.013541666666666667
0 0.42578125 0.7130208333333333 0.009375 0.013541666666666667
0 0.840625 0.7114583333333333 0.0125 0.0125
0 0.65703125 0.7098958333333333 0.0078125 0.009375
0 0.9015625 0.7114583333333333 0.0125 0.014583333333333334
0 0.6390625 0.7104166666666667 0.009375 0.0125
0 0.691015625 0.7083333333333334 0.01015625 0.0125
0 0.48125 0.7083333333333334 0.009375 0.0125
0 0.746875 0.7052083333333333 0.009375 0.0125
0 0.715234375 0.7052083333333333 0.00859375 0.0125
0 0.39140625 0.7052083333333333 0.009375 0.0125
0 0.67265625 0.7020833333333333 0.009375 0.0125
0 0.578515625 0.7010416666666667 0.00546875 0.0125
0 0.862109375 0.7005208333333334 0.01171875 0.013541666666666667
0 0.730078125 0.6932291666666667 0.01015625 0.011458333333333333
0 0.467578125 0.69375 0.00859375 0.0125
0 0.612109375 0.690625 0.01015625 0.0125
0 0.6484375 0.6895833333333333 0.0109375 0.0125
0 0.59375 0.6895833333333333 0.0078125 0.0125
0 0.5046875 0.6890625 0.009375 0.011458333333333333
0 0.703125 0.6885416666666667 0.0109375 0.0125
0 0.555859375 0.6885416666666667 0.01015625 0.0125
0 0.526171875 0.6864583333333333 0.00546875 0.0125
0 0.402734375 0.6854166666666667 0.00859375 0.0125
0 0.68359375 0.684375 0.0109375 0.0125
0 0.664453125 0.6770833333333334 0.01015625 0.0125
0 0.8609375 0.6765625 0.0125 0.013541666666666667
0 0.823046875 0.675 0.01171875 0.0125
0 0.386328125 0.675 0.00859375 0.0125
0 0.728125 0.6703125 0.0109375 0.011458333333333333
0 0.62109375 0.6708333333333333 0.009375 0.0125
0 0.368359375 0.6692708333333334 0.00859375 0.011458333333333333
0 0.600390625 0.66875 0.00859375 0.0125
0 0.5125 0.6682291666666667 0.009375 0.011458333333333333
0 0.582421875 0.6645833333333333 0.01015625 0.0125
0 0.549609375 0.6614583333333334 0.01015625 0.0125
0 0.482421875 0.65625 0.00859375 0.0125
0 0.530859375 0.653125 0.00546875 0.0125
0 0.681640625 0.6510416666666666 0.01015625 0.0125
0 0.383203125 0.6505208333333333 0.00859375 0.011458333333333333
0 0.36171875 0.6473958333333333 0.0078125 0.011458333333333333
0 0.569921875 0.646875 0.01015625 0.0125
0 0.330859375 0.64375 0.00859375 0.0125
0 0.552734375 0.6390625 0.00859375 0.011458333333333333
0 0.851953125 0.6369791666666667 0.01171875 0.013541666666666667
0 0.5859375 0.634375 0.009375 0.0125
0 0.453125 0.6328125 0.009375 0.011458333333333333
0 0.808984375 0.6322916666666667 0.01171875 0.0125
0 0.512890625 0.6317708333333333 0.01015625 0.011458333333333333
0 0.530859375 0.6302083333333334 0.00859375 0.0125
0 0.296484375 0.6265625 0.00859375 0.011458333333333333
0 0.4109375 0.6229166666666667 0.009375 0.010416666666666666
0 0.676171875 0.6229166666666667 0.01015625 0.0125
0 0.469921875 0.6223958333333334 0.00859375 0.011458333333333333
0 0.824609375 0.621875 0.01171875 0.0125
0 0.331640625 0.6203125 0.00859375 0.011458333333333333
0 0.54296875 0.6140625 0.009375 0.011458333333333333
0 0.42890625 0.6140625 0.009375 0.011458333333333333
0 0.59140625 0.6125 0.009375 0.0125
0 0.398828125 0.6072916666666667 0.00859375 0.010416666666666666
0 0.28828125 0.6057291666666667 0.009375 0.011458333333333333
0 0.344921875 0.6036458333333333 0.00859375 0.011458333333333333
0 0.30625 0.6010416666666667 0.009375 0.010416666666666666
0 0.362109375 0.5979166666666667 0.00859375 0.0125
0 0.57578125 0.596875 0.009375 0.0125
0 0.53125 0.59375 0.009375 0.0125
0 0.5984375 0.5921875 0.009375 0.011458333333333333
0 0.558203125 0.5921875 0.00859375 0.011458333333333333
0 0.829296875 0.5895833333333333 0.01015625 0.008333333333333333
0 0.855078125 0.5880208333333333 0.00703125 0.011458333333333333
0 0.659765625 0.5796875 0.01015625 0.011458333333333333
0 0.5453125 0.5776041666666667 0.009375 0.011458333333333333
0 0.369140625 0.5755208333333334 0.00859375 0.011458333333333333
0 0.58125 0.5744791666666667 0.009375 0.011458333333333333
0 0.839453125 0.5729166666666666 0.01171875 0.0125
0 0.349609375 0.5723958333333333 0.00859375 0.011458333333333333
0 0.564453125 0.5677083333333334 0.01015625 0.0125
0 0.248828125 0.5651041666666666 0.00859375 0.011458333333333333
0 0.382421875 0.5604166666666667 0.00859375 0.0125
0 0.45 0.5473958333333333 0.009375 0.011458333333333333
0 0.55078125 0.5453125 0.0078125 0.011458333333333333
0 0.529296875 0.5432291666666667 0.00859375 0.011458333333333333
0 0.428125 0.5432291666666667 0.0078125 0.011458333333333333
0 0.392578125 0.5416666666666666 0.00859375 0.010416666666666666
0 0.471875 0.5411458333333333 0.009375 0.011458333333333333
0 0.590234375 0.5401041666666667 0.00859375 0.011458333333333333
0 0.8140625 0.5390625 0.00625 0.011458333333333333
0 0.575390625 0.5291666666666667 0.00859375 0.010416666666666666
0 0.321484375 0.5286458333333334 0.00859375 0.011458333333333333
0 0.830859375 0.5276041666666667 0.01015625 0.011458333333333333
0 0.50625 0.5276041666666667 0.009375 0.011458333333333333
0 0.41640625 0.5276041666666667 0.009375 0.011458333333333333
0 0.295703125 0.5260416666666666 0.00859375 0.0125
0 0.347265625 0.5223958333333333 0.00859375 0.011458333333333333
0 0.4765625 0.5177083333333333 0.009375 0.010416666666666666
0 0.45 0.5151041666666667 0.0078125 0.011458333333333333
0 0.432421875 0.5151041666666667 0.00859375 0.011458333333333333
0 0.383203125 0.5135416666666667 0.00859375 0.010416666666666666
0 0.51875 0.5125 0.0078125 0.010416666666666666
0 0.275390625 0.5119791666666667 0.00859375 0.011458333333333333
0 0.873828125 0.5057291666666667 0.01171875 0.009375
0 0.4171875 0.5046875 0.009375 0.011458333333333333
0 0.401171875 0.49635416666666665 0.00859375 0.011458333333333333
0 0.218359375 0.49375 0.00859375 0.010416666666666666
0 0.434765625 0.49166666666666664 0.00859375 0.010416666666666666
0 0.6359375 0.48854166666666665 0.009375 0.010416666666666666
0 0.275390625 0.4890625 0.00859375 0.011458333333333333
0 0.241796875 0.48854166666666665 0.00859375 0.010416666666666666
0 0.468359375 0.48802083333333335 0.00859375 0.011458333333333333
0 0.294140625 0.484375 0.00859375 0.010416666666666666
0 0.483203125 0.47760416666666666 0.00859375 0.011458333333333333
0 0.446875 0.4765625 0.009375 0.011458333333333333
0 0.257421875 0.4744791666666667 0.00703125 0.007291666666666667
0 0.228125 0.475 0.0078125 0.010416666666666666
0 0.576953125 0.465625 0.00859375 0.010416666666666666
0 0.24453125 0.46197916666666666 0.009375 0.011458333333333333
0 0.542578125 0.459375 0.00859375 0.010416666666666666
0 0.466796875 0.4588541666666667 0.00859375 0.011458333333333333
0 0.494140625 0.45677083333333335 0.00859375 0.011458333333333333
0 0.261328125 0.45416666666666666 0.00859375 0.010416666666666666
0 0.43671875 0.45260416666666664 0.0078125 0.011458333333333333
0 0.233203125 0.44479166666666664 0.00859375 0.010416666666666666
0 0.733203125 0.44427083333333334 0.01171875 0.011458333333333333
0 0.69296875 0.4401041666666667 0.0125 0.011458333333333333
0 0.38359375 0.4395833333333333 0.0078125 0.010416666666666666
0 0.4640625 0.43697916666666664 0.009375 0.011458333333333333
0 0.425 0.43697916666666664 0.009375 0.011458333333333333
0 0.704296875 0.434375 0.00703125 0.010416666666666666
0 0.707421875 0.42864583333333334 0.00078125 0.0010416666666666667
0 0.212109375 0.4317708333333333 0.00859375 0.011458333333333333
0 0.587890625 0.43020833333333336 0.00859375 0.010416666666666666
0 0.430078125 0.415625 0.00859375 0.010416666666666666
0 0.374609375 0.4140625 0.00859375 0.011458333333333333
0 0.558203125 0.40989583333333335 0.00859375 0.011458333333333333
0 0.258203125 0.4083333333333333 0.00859375 0.010416666666666666
0 0.451953125 0.40729166666666666 0.00859375 0.010416666666666666
0 0.857421875 0.40729166666666666 0.01171875 0.0125
0 0.473046875 0.40677083333333336 0.00859375 0.011458333333333333
0 0.873046875 0.40572916666666664 0.01171875 0.011458333333333333
0 0.328515625 0.4046875 0.00859375 0.011458333333333333
0 0.415625 0.40260416666666665 0.009375 0.009375
0 0.299609375 0.4036458333333333 0.00859375 0.011458333333333333
0 0.48828125 0.396875 0.0078125 0.010416666666666666
0 0.4375 0.3958333333333333 0.0078125 0.010416666666666666
0 0.796484375 0.39427083333333335 0.01171875 0.011458333333333333
0 0.54765625 0.3927083333333333 0.009375 0.010416666666666666
0 0.691796875 0.3859375 0.01015625 0.011458333333333333
0 0.563671875 0.38385416666666666 0.00859375 0.011458333333333333
0 0.642578125 0.3828125 0.01015625 0.011458333333333333
0 0.451171875 0.3828125 0.00859375 0.011458333333333333
0 0.358203125 0.3807291666666667 0.00859375 0.011458333333333333
0 0.398828125 0.37864583333333335 0.00859375 0.011458333333333333
0 0.821875 0.3765625 0.0109375 0.011458333333333333
0 0.488671875 0.375 0.00859375 0.010416666666666666
0 0.60859375 0.37447916666666664 0.009375 0.011458333333333333
0 0.213671875 0.3625 0.00859375 0.010416666666666666
0 0.8390625 0.3578125 0.003125 0.003125
0 0.637890625 0.3609375 0.00859375 0.011458333333333333
0 0.90390625 0.3572916666666667 0.00625 0.010416666666666666
0 0.906640625 0.3515625 0.00078125 0.0010416666666666667
0 0.840234375 0.3484375 0.00078125 0.0010416666666666667
0 0.539453125 0.3536458333333333 0.00859375 0.011458333333333333
0 0.489453125 0.3541666666666667 0.00859375 0.0125
0 0.238671875 0.3536458333333333 0.00859375 0.011458333333333333
0 0.82421875 0.35104166666666664 0.009375 0.0125
0 0.625 0.35 0.00625 0.010416666666666666
0 0.291796875 0.3385416666666667 0.00859375 0.010416666666666666
0 0.88828125 0.3385416666666667 0.021875 0.014583333333333334
0 0.509765625 0.33645833333333336 0.00859375 0.010416666666666666
0 0.546875 0.3338541666666667 0.009375 0.011458333333333333
0 0.57109375 0.33229166666666665 0.009375 0.0125
0 0.78828125 0.334375 0.021875 0.027083333333333334
0 0.578125 0.3140625 0.009375 0.013541666666666667
0 0.508984375 0.31197916666666664 0.00859375 0.011458333333333333
0 0.71796875 0.3098958333333333 0.021875 0.013541666666666667
0 0.379296875 0.309375 0.00859375 0.0125
0 0.302734375 0.30885416666666665 0.00859375 0.011458333333333333
0 0.845703125 0.3067708333333333 0.00703125 0.011458333333333333
0 0.848828125 0.30052083333333335 0.00078125 0.0010416666666666667
0 0.473828125 0.3046875 0.00859375 0.011458333333333333
0 0.815625 0.3020833333333333 0.0109375 0.0125
0 0.59140625 0.2838541666666667 0.009375 0.011458333333333333
0 0.365234375 0.2760416666666667 0.00859375 0.0125
0 0.41015625 0.271875 0.0078125 0.0125
0 0.534765625 0.2682291666666667 0.00859375 0.011458333333333333
0 0.814453125 0.25885416666666666 0.01015625 0.011458333333333333
0 0.519921875 0.2578125 0.00859375 0.011458333333333333
0 0.7703125 0.253125 0.0109375 0.0125
0 0.729296875 0.25 0.00546875 0.010416666666666666
0 0.710546875 0.24583333333333332 0.01015625 0.0125
0 0.266015625 0.24010416666666667 0.00859375 0.015625
0 0.784765625 0.23385416666666667 0.00546875 0.011458333333333333
0 0.787109375 0.22760416666666666 0.00078125 0.0010416666666666667
0 0.307421875 0.23333333333333334 0.00859375 0.0125
0 0.2703125 0.22291666666666668 0.009375 0.016666666666666666
0 0.381640625 0.21666666666666667 0.00859375 0.0125
0 0.540234375 0.21510416666666668 0.00703125 0.013541666666666667
0 0.52578125 0.203125 0.009375 0.0125
0 0.270703125 0.19322916666666667 0.00703125 0.009375
0 0.268359375 0.18697916666666667 0.00078125 0.0010416666666666667
