0 0.224609375 0.9446072684642438 0.00859375 0.004103165298944901
0 0.25 0.9390386869871044 0.0109375 0.005861664712778429
0 0.2171875 0.9287807737397421 0.0125 0.005275498241500586
0 0.339453125 0.925263774912075 0.00859375 0.004103165298944901
0 0.516796875 0.9158851113716295 0.01171875 0.011137162954279016
0 0.187109375 0.9047479484173505 0.00234375 0.0017584994138335288
0 0.184765625 0.9035756154747948 0.00078125 0.0005861664712778429
0 0.178125 0.9032825322391559 0.003125 0.0011723329425556857
0 0.66640625 0.9059202813599062 0.0125 0.011137162954279016
0 0.342578125 0.8965416178194607 0.00546875 0.004103165298944901
0 0.56640625 0.8977139507620164 0.0125 0.00996483001172333
0 0.6015625 0.8950762016412661 0.009375 0.007033997655334115
0 0.52890625 0.8939038686987104 0.0125 0.010550996483001172
0 0.371484375 0.8889214536928488 0.00859375 0.004103165298944901
0 0.63125 0.8906799531066822 0.0109375 0.00996483001172333
0 0.417578125 0.8821805392731535 0.00703125 0.0035169988276670576
0 0.61640625 0.8807151230949589 0.003125 0.0029308323563892145
0 0.578515625 0.8807151230949589 0.00703125 0.008792497069167644
0 0.33828125 0.8789566236811255 0.0125 0.00996483001172333
0 0.3078125 0.8771981242672919 0.0125 0.0076201641266119575
0 0.237890625 0.8757327080890973 0.01171875 0.005861664712778429
0 0.218359375 0.8716295427901524 0.00234375 0.0035169988276670576
0 0.2125 0.8689917936694022 0.0078125 0.0017584994138335288
0 0.3765625 0.8713364595545134 0.0125 0.00996483001172333
0 0.628125 0.8645955451348183 0.0125 0.010550996483001172
0 0.448046875 0.8640093786635404 0.01171875 0.009378663540445486
0 0.477734375 0.8640093786635404 0.01171875 0.010550996483001172
0 0.584375 0.861957796014068 0.0078125 0.008792497069167644
0 0.29921875 0.8540445486518171 0.0125 0.009378663540445486
0 0.430078125 0.8525791324736225 0.01171875 0.011137162954279016
0 0.255859375 0.8508206330597889 0.01171875 0.008792497069167644
0 0.34765625 0.8499413833528722 0.0125 0.009378663540445486
0 0.463671875 0.8490621336459554 0.01171875 0.00996483001172333
0 0.59375 0.8458382180539273 0.0046875 0.009378663540445486
0 0.667578125 0.8452520515826495 0.01171875 0.009378663540445486
0 0.2765625 0.8344079718640094 0.0015625 0.0017584994138335288
0 0.301953125 0.8341148886283705 0.01328125 0.009378663540445486
0 0.642578125 0.8335287221570926 0.01171875 0.010550996483001172
0 0.684375 0.8308909730363423 0.0109375 0.008792497069167644
0 0.211328125 0.8311840562719812 0.01328125 0.009378663540445486
0 0.184765625 0.8232708089097304 0.00703125 0.0017584994138335288
0 0.530078125 0.8273739742086753 0.01171875 0.011137162954279016
0 0.6640625 0.8244431418522861 0.0078125 0.0076201641266119575
0 0.61328125 0.8259085580304807 0.0125 0.010550996483001172
0 0.32578125 0.8218053927315357 0.0125 0.008206330597889801
0 0.287890625 0.8194607268464243 0.01328125 0.009378663540445486
0 0.588671875 0.8194607268464243 0.00859375 0.010550996483001172
0 0.20625 0.8141852286049238 0.009375 0.007033997655334115
0 0.681640625 0.8124267291910903 0.00859375 0.005861664712778429
0 0.458203125 0.8112543962485346 0.01171875 0.010550996483001172
0 0.500390625 0.8106682297772567 0.01171875 0.010550996483001172
0 0.2328125 0.8071512309495897 0.0109375 0.009378663540445486
0 0.627734375 0.8065650644783119 0.01171875 0.010550996483001172
0 0.542578125 0.805978898007034 0.01171875 0.010550996483001172
0 0.25625 0.8030480656506448 0.0125 0.008206330597889801
0 0.3234375 0.8030480656506448 0.0125 0.009378663540445486
0 0.608203125 0.8004103165298945 0.01015625 0.011137162954279016
0 0.703125 0.7986518171160609 0.0125 0.00996483001172333
0 0.35 0.7960140679953107 0.003125 0.004689331770222743
0 0.199609375 0.794841735052755 0.00546875 0.005861664712778429
0 0.484375 0.7954279015240329 0.0078125 0.008206330597889801
0 0.39921875 0.7957209847596718 0.0125 0.00996483001172333
0 0.3734375 0.7939624853458382 0.009375 0.006447831184056272
0 0.678125 0.7942555685814772 0.0125 0.009378663540445486
0 0.159375 0.7936694021101993 0.0078125 0.009378663540445486
0 0.80078125 0.7927901524032825 0.0125 0.00996483001172333
0 0.747265625 0.7916178194607268 0.01171875 0.00996483001172333
0 0.223828125 0.791031652989449 0.01015625 0.008792497069167644
0 0.625390625 0.7857561547479485 0.01171875 0.0076201641266119575
0 0.251953125 0.7851699882766706 0.01015625 0.0076201641266119575
0 0.721484375 0.7816529894490035 0.01171875 0.008792497069167644
0 0.473046875 0.779601406799531 0.01171875 0.009378663540445486
0 0.3 0.7793083235638921 0.0109375 0.008792497069167644
0 0.34296875 0.7778429073856975 0.0125 0.008206330597889801
0 0.276953125 0.7775498241500586 0.01171875 0.0076201641266119575
0 0.2109375 0.776084407971864 0.0078125 0.008206330597889801
0 0.688671875 0.7757913247362251 0.01171875 0.00996483001172333
0 0.597265625 0.7754982415005862 0.01171875 0.010550996483001172
0 0.23671875 0.772274325908558 0.003125 0.004103165298944901
0 0.367578125 0.7728604923798359 0.00859375 0.008792497069167644
0 0.623046875 0.768757327080891 0.00859375 0.0076201641266119575
0 0.392578125 0.7669988276670574 0.00859375 0.005275498241500586
0 0.657421875 0.768757327080891 0.01171875 0.00996483001172333
0 0.32265625 0.7672919109026963 0.0125 0.009378663540445486
0 0.259375 0.7661195779601406 0.0109375 0.009378663540445486
0 0.72265625 0.7634818288393904 0.0125 0.008792497069167644
0 0.290625 0.7620164126611958 0.0109375 0.008206330597889801
0 0.219921875 0.7576201641266119 0.01171875 0.0076201641266119575
0 0.188671875 0.757327080890973 0.01015625 0.007033997655334115
0 0.605078125 0.7567409144196952 0.01171875 0.009378663540445486
0 0.804296875 0.7546893317702228 0.01328125 0.00996483001172333
0 0.64765625 0.7532239155920282 0.0109375 0.009378663540445486
0 0.394921875 0.7494138335287222 0.01171875 0.008792497069167644
0 0.308984375 0.7464830011723329 0.01015625 0.0076201641266119575
0 0.75625 0.7456037514654161 0.0125 0.009378663540445486
0 0.626953125 0.7458968347010551 0.01171875 0.00996483001172333
0 0.2515625 0.7441383352872216 0.0125 0.008792497069167644
0 0.20625 0.7438452520515827 0.0109375 0.009378663540445486
0 0.516796875 0.7423798358733881 0.01171875 0.00996483001172333
0 0.17734375 0.7409144196951934 0.0109375 0.009378663540445486
0 0.2828125 0.7382766705744431 0.0125 0.008792497069167644
0 0.737890625 0.7344665885111371 0.01171875 0.008206330597889801
0 0.361328125 0.7332942555685815 0.01171875 0.009378663540445486
0 0.2203125 0.7288980070339977 0.0125 0.0076201641266119575
0 0.78671875 0.7294841735052755 0.0109375 0.00996483001172333
0 0.195703125 0.7262602579132473 0.01328125 0.008206330597889801
0 0.245703125 0.7221570926143025 0.01015625 0.007033997655334115
0 0.616015625 0.7221570926143025 0.01171875 0.009378663540445486
0 0.76328125 0.7209847596717468 0.0109375 0.009378663540445486
0 0.15859375 0.7186400937866354 0.0109375 0.009378663540445486
0 0.738671875 0.7165885111371629 0.01171875 0.008792497069167644
0 0.70546875 0.7165885111371629 0.0125 0.008792497069167644
0 0.30703125 0.7165885111371629 0.0125 0.00996483001172333
0 0.330859375 0.7142438452520515 0.01171875 0.00996483001172333
0 0.485546875 0.7118991793669402 0.01171875 0.008792497069167644
0 0.18125 0.7118991793669402 0.0109375 0.008792497069167644
0 0.2265625 0.7107268464243846 0.0125 0.008792497069167644
0 0.78125 0.7095545134818289 0.0125 0.008792497069167644
0 0.724609375 0.7025205158264948 0.01171875 0.008792497069167644
0 0.3578125 0.7022274325908558 0.0125 0.009378663540445486
0 0.2046875 0.7022274325908558 0.0125 0.009378663540445486
0 0.6953125 0.7007620164126612 0.0109375 0.008792497069167644
0 0.3140625 0.697831184056272 0.0125 0.00996483001172333
0 0.759765625 0.6969519343493552 0.01171875 0.009378663540445486
0 0.6484375 0.6963657678780774 0.0109375 0.009378663540445486
0 0.273828125 0.6949003516998827 0.01328125 0.0076201641266119575
0 0.18359375 0.6919695193434936 0.0125 0.00996483001172333
0 0.73828125 0.6884525205158265 0.0109375 0.008792497069167644
0 0.227734375 0.6887456037514654 0.01328125 0.009378663540445486
0 0.7140625 0.6872801875732708 0.0109375 0.008792497069167644
0 0.295703125 0.6869871043376319 0.01328125 0.009378663540445486
0 0.252734375 0.6852286049237983 0.01328125 0.009378663540445486
0 0.783203125 0.67936694021102 0.01328125 0.009378663540445486
0 0.276953125 0.6737983587338804 0.00078125 0.0005861664712778429
0 0.275 0.6726260257913247 0.0015625 0.0017584994138335288
0 0.6984375 0.675263774912075 0.0109375 0.008206330597889801
0 0.20703125 0.6758499413833529 0.0125 0.009378663540445486
0 0.58984375 0.675263774912075 0.0109375 0.009378663540445486
0 0.169921875 0.675263774912075 0.01328125 0.009378663540445486
0 0.282421875 0.6735052754982415 0.00859375 0.007033997655334115
0 0.3046875 0.671746776084408 0.0125 0.004689331770222743
0 0.33515625 0.671746776084408 0.0125 0.009378663540445486
0 0.76171875 0.6708675263774913 0.0109375 0.008792497069167644
0 0.816796875 0.6691090269636577 0.01484375 0.008792497069167644
0 0.808203125 0.6650058616647128 0.00078125 0.0005861664712778429
0 0.23046875 0.6694021101992966 0.0125 0.009378663540445486
0 0.72265625 0.6661781946072685 0.0109375 0.008792497069167644
0 0.256640625 0.6664712778429074 0.01328125 0.009378663540445486
0 0.18984375 0.6629542790152403 0.0125 0.009378663540445486
0 0.800390625 0.6611957796014069 0.01328125 0.008206330597889801
0 0.690234375 0.6588511137162955 0.01171875 0.008206330597889801
0 0.159765625 0.6588511137162955 0.01328125 0.009378663540445486
0 0.23515625 0.652696365767878 0.0015625 0.0017584994138335288
0 0.24296875 0.6541617819460727 0.0078125 0.005861664712778429
0 0.214453125 0.6553341148886284 0.01328125 0.009378663540445486
0 0.3234375 0.6547479484173505 0.0125 0.009378663540445486
0 0.275390625 0.6541617819460727 0.01328125 0.009378663540445486
0 0.744921875 0.6483001172332943 0.01015625 0.008206330597889801
0 0.719140625 0.6477139507620164 0.01171875 0.008206330597889801
0 0.300390625 0.6465416178194607 0.01328125 0.009378663540445486
0 0.79453125 0.6444900351699883 0.0125 0.0076201641266119575
0 0.194140625 0.6441969519343493 0.01171875 0.009378663540445486
0 0.166015625 0.6392145369284877 0.01328125 0.0076201641266119575
0 0.224609375 0.6386283704572099 0.01171875 0.008792497069167644
0 0.590625 0.6356975381008206 0.0109375 0.008792497069167644
0 0.249609375 0.6336459554513482 0.01171875 0.007033997655334115
0 0.72109375 0.6307151230949589 0.0109375 0.008206330597889801
0 0.78671875 0.6286635404454866 0.0125 0.008792497069167644
0 0.296875 0.6277842907385698 0.0125 0.009378663540445486
0 0.184375 0.6266119577960141 0.0125 0.007033997655334115
0 0.272265625 0.6263188745603752 0.01328125 0.008792497069167644
0 0.75390625 0.6254396248534584 0.0078125 0.008206330597889801
0 0.209765625 0.623094958968347 0.01015625 0.005861664712778429
0 0.56328125 0.6239742086752638 0.0109375 0.008792497069167644
0 0.23515625 0.6207502930832356 0.0125 0.009378663540445486
0 0.32890625 0.6184056271981243 0.0125 0.009378663540445486
0 0.152734375 0.6175263774912075 0.01328125 0.008792497069167644
0 0.734375 0.6166471277842908 0.0109375 0.008206330597889801
0 0.266015625 0.6081477139507621 0.01328125 0.008792497069167644
0 0.69296875 0.6072684642438453 0.0109375 0.008206330597889801
0 0.218359375 0.6066822977725674 0.01328125 0.008206330597889801
0 0.19296875 0.6058030480656507 0.009375 0.006447831184056272
0 0.55546875 0.6052168815943728 0.0109375 0.008792497069167644
0 0.3078125 0.604337631887456 0.0125 0.009378663540445486
0 0.242578125 0.6019929660023446 0.01328125 0.009378663540445486
0 0.169921875 0.5984759671746777 0.01328125 0.007033997655334115
0 0.8015625 0.5984759671746777 0.0125 0.008206330597889801
0 0.708984375 0.5952520515826495 0.01171875 0.008792497069167644
0 0.2890625 0.5920281359906213 0.0125 0.007033997655334115
0 0.258203125 0.5899765533411488 0.01015625 0.005275498241500586
0 0.265234375 0.5879249706916765 0.00234375 0.0023446658851113715
0 0.688671875 0.589390386869871 0.01171875 0.008792497069167644
0 0.22421875 0.5867526377491208 0.0109375 0.005861664712778429
0 0.155078125 0.5829425556858148 0.01328125 0.006447831184056272
0 0.18046875 0.5823563892145369 0.0140625 0.008792497069167644
0 0.747265625 0.578253223915592 0.01171875 0.006447831184056272
0 0.27890625 0.5744431418522861 0.0125 0.005861664712778429
0 0.324609375 0.5741500586166471 0.01171875 0.008792497069167644
0 0.235546875 0.57063305978898 0.01171875 0.006447831184056272
0 0.640625 0.5703399765533411 0.0109375 0.008206330597889801
0 0.6734375 0.5685814771395076 0.0109375 0.008206330597889801
0 0.29921875 0.5665298944900352 0.0125 0.005275498241500586
0 0.17265625 0.563305978898007 0.009375 0.005861664712778429
0 0.58515625 0.5641852286049238 0.0109375 0.008792497069167644
0 0.56328125 0.5624267291910903 0.009375 0.005275498241500586
0 0.556640625 0.5600820633059789 0.00078125 0.0005861664712778429
0 0.260546875 0.5644783118405627 0.01328125 0.009378663540445486
0 0.410546875 0.5586166471277842 0.01171875 0.008206330597889801
0 0.219921875 0.5580304806565064 0.01328125 0.008206330597889801
0 0.796875 0.5571512309495897 0.009375 0.0076201641266119575
0 0.19453125 0.5542203985932005 0.0125 0.008792497069167644
0 0.77734375 0.5492379835873388 0.0109375 0.008206330597889801
0 0.308203125 0.5480656506447831 0.01171875 0.009378663540445486
0 0.245703125 0.5468933177022274 0.01328125 0.008206330597889801
0 0.283984375 0.5442555685814772 0.01328125 0.006447831184056272
0 0.566796875 0.5436694021101993 0.01171875 0.008792497069167644
0 0.403125 0.5413247362250879 0.0109375 0.0076201641266119575
0 0.36484375 0.5354630715123095 0.0125 0.0076201641266119575
0 0.173828125 0.5328253223915592 0.01328125 0.007033997655334115
0 0.265234375 0.533704572098476 0.01328125 0.00996483001172333
0 0.790625 0.5325322391559203 0.0109375 0.008792497069167644
0 0.199609375 0.5325322391559203 0.01328125 0.00996483001172333
0 0.29921875 0.5307737397420867 0.0125 0.008792497069167644
0 0.32421875 0.5301875732708089 0.0125 0.008792497069167644
0 0.241015625 0.5293083235638921 0.01328125 0.009378663540445486
0 0.3484375 0.5254982415005862 0.009375 0.005275498241500586
0 0.73515625 0.5234466588511137 0.0109375 0.008206330597889801
0 0.28046875 0.518464243845252 0.0125 0.0076201641266119575
0 0.37265625 0.518464243845252 0.0125 0.008792497069167644
0 0.16484375 0.5164126611957796 0.0125 0.009378663540445486
0 0.81640625 0.5143610785463072 0.0125 0.0076201641266119575
0 0.25625 0.514947245017585 0.0125 0.008792497069167644
0 0.689453125 0.5134818288393904 0.01171875 0.008206330597889801
0 0.30390625 0.5126025791324736 0.0125 0.0076201641266119575
0 0.420703125 0.5090855803048066 0.00234375 0.0017584994138335288
0 0.328515625 0.5123094958968347 0.01328125 0.009378663540445486
0 0.23125 0.5117233294255569 0.0125 0.008206330597889801
0 0.196875 0.5087924970691676 0.0125 0.007033997655334115
0 0.546484375 0.5087924970691676 0.01171875 0.008206330597889801
0 0.74375 0.507327080890973 0.0109375 0.008792497069167644
0 0.3546875 0.5055685814771395 0.0125 0.008792497069167644
0 0.393359375 0.5043962485345839 0.01171875 0.008792497069167644
0 0.28203125 0.5008792497069168 0.0125 0.008792497069167644
0 0.776171875 0.4988276670574443 0.01171875 0.008206330597889801
0 0.2140625 0.4976553341148886 0.0125 0.007033997655334115
0 0.814453125 0.49531066822977726 0.01171875 0.008206330597889801
0 0.30546875 0.49384525205158264 0.009375 0.006447831184056272
0 0.240234375 0.49501758499413834 0.01328125 0.008792497069167644
0 0.460546875 0.4903282532239156 0.00078125 0.0005861664712778429
0 0.33203125 0.4917936694021102 0.0109375 0.004689331770222743
0 0.465625 0.49091441969519345 0.0078125 0.005275498241500586
0 0.494140625 0.4912075029308324 0.01171875 0.008206330597889801
0 0.355859375 0.4894490035169988 0.01015625 0.005861664712778429
0 0.34921875 0.48739742086752635 0.0015625 0.0017584994138335288
0 0.40390625 0.48651817116060964 0.0109375 0.007033997655334115
0 0.440625 0.4847596717467761 0.0109375 0.005861664712778429
0 0.836328125 0.4847596717467761 0.01171875 0.008206330597889801
0 0.262890625 0.48534583821805394 0.01328125 0.009378663540445486
0 0.7953125 0.48446658851113716 0.0125 0.008792497069167644
0 0.287890625 0.4827080890973036 0.01328125 0.008792497069167644
0 0.37734375 0.4809495896834701 0.0125 0.0076201641266119575
0 0.206640625 0.4797772567409144 0.01328125 0.006447831184056272
0 0.232421875 0.4783118405627198 0.01328125 0.005861664712778429
0 0.7078125 0.47889800703399765 0.0109375 0.008206330597889801
0 0.317578125 0.47860492379835873 0.01328125 0.008792497069167644
0 0.816015625 0.47772567409144195 0.01171875 0.008206330597889801
0 0.1828125 0.47450175849941384 0.0140625 0.0076201641266119575
0 0.7703125 0.47362250879249707 0.0125 0.008206330597889801
0 0.475390625 0.4727432590855803 0.01171875 0.008792497069167644
0 0.340625 0.47215709261430244 0.0125 0.0076201641266119575
0 0.3984375 0.4686400937866354 0.0125 0.0076201641266119575
0 0.365234375 0.46776084407971863 0.01015625 0.005861664712778429
0 0.358203125 0.46512309495896836 0.00078125 0.0005861664712778429
0 0.271875 0.46688159437280186 0.0125 0.006447831184056272
0 0.69140625 0.4671746776084408 0.0109375 0.008206330597889801
0 0.2984375 0.466295427901524 0.0125 0.008792497069167644
0 0.8015625 0.4654161781946073 0.0125 0.008206330597889801
0 0.72109375 0.4657092614302462 0.0109375 0.008792497069167644
0 0.434765625 0.46395076201641267 0.01171875 0.0076201641266119575
0 0.321875 0.4621922626025791 0.0125 0.005275498241500586
0 0.82890625 0.4630715123094959 0.0125 0.008206330597889801
0 0.487890625 0.45926143024618993 0.01171875 0.006447831184056272
0 0.74296875 0.45838218053927315 0.0109375 0.008206330597889801
0 0.670703125 0.45838218053927315 0.01171875 0.008206330597889801
0 0.166015625 0.4586752637749121 0.01484375 0.00996483001172333
0 0.2203125 0.45720984759671746 0.0125 0.009378663540445486
0 0.640625 0.45574443141852283 0.0109375 0.008792497069167644
0 0.34453125 0.4545720984759672 0.0125 0.008792497069167644
0 0.246484375 0.4522274325908558 0.01171875 0.006447831184056272
0 0.3671875 0.4492966002344666 0.0125 0.005275498241500586
0 0.419921875 0.4504689331770223 0.01171875 0.008792497069167644
0 0.724609375 0.4481242672919109 0.01171875 0.008792497069167644
0 0.391015625 0.4466588511137163 0.01171875 0.005861664712778429
0 0.29921875 0.44841735052754983 0.0125 0.009378663540445486
0 0.18671875 0.44841735052754983 0.0140625 0.009378663540445486
0 0.326953125 0.4437280187573271 0.01015625 0.004689331770222743
0 0.3203125 0.44226260257913247 0.0015625 0.0017584994138335288
0 0.274609375 0.44431418522860494 0.01328125 0.005861664712778429
0 0.74609375 0.4413833528722157 0.0125 0.008206330597889801
0 0.653125 0.4405041031652989 0.0109375 0.0076201641266119575
0 0.479296875 0.44109026963657677 0.01171875 0.008792497069167644
0 0.228125 0.4396248534583822 0.0140625 0.007033997655334115
0 0.575 0.43903868698710435 0.0109375 0.008206330597889801
0 0.840625 0.4372801875732708 0.0125 0.008206330597889801
0 0.348828125 0.4361078546307151 0.01171875 0.008206330597889801
0 0.78359375 0.43552168815943726 0.0125 0.008206330597889801
0 0.50078125 0.4331770222743259 0.0109375 0.007033997655334115
0 0.25546875 0.432883939038687 0.0140625 0.006447831184056272
0 0.414453125 0.4320046893317702 0.01171875 0.007033997655334115
0 0.38984375 0.4308323563892145 0.0125 0.004689331770222743
0 0.306640625 0.4308323563892145 0.01328125 0.009378663540445486
0 0.1859375 0.4296600234466589 0.0140625 0.010550996483001172
0 0.36640625 0.4243845252051583 0.0125 0.008206330597889801
0 0.330078125 0.4249706916764361 0.01171875 0.009378663540445486
0 0.282421875 0.42409144196951937 0.01328125 0.00996483001172333
0 0.825 0.4220398593200469 0.0125 0.008206330597889801
0 0.737890625 0.4199882766705744 0.01171875 0.008792497069167644
0 0.758984375 0.4191090269636577 0.01328125 0.008206330597889801
0 0.715234375 0.41852286049237986 0.01171875 0.008206330597889801
0 0.78125 0.41822977725674093 0.0140625 0.008792497069167644
0 0.166015625 0.41735052754982416 0.01484375 0.010550996483001172
0 0.41484375 0.4144196951934349 0.0125 0.009378663540445486
0 0.2453125 0.414126611957796 0.0140625 0.00996483001172333
0 0.43828125 0.41324736225087927 0.0109375 0.009378663540445486
0 0.301953125 0.4126611957796014 0.01328125 0.009378663540445486
0 0.19453125 0.41178194607268465 0.0140625 0.00996483001172333
0 0.466796875 0.4070926143024619 0.01171875 0.0029308323563892145
0 0.220703125 0.41060961313012895 0.01328125 0.00996483001172333
0 0.325390625 0.4082649472450176 0.01328125 0.006447831184056272
0 0.349609375 0.40855803048065653 0.01171875 0.009378663540445486
0 0.269140625 0.4082649472450176 0.01328125 0.00996483001172333
0 0.83515625 0.4070926143024619 0.0125 0.008792497069167644
0 0.375390625 0.40650644783118406 0.01171875 0.008792497069167644
0 0.490234375 0.4059202813599062 0.01171875 0.008792497069167644
0 0.80859375 0.40504103165298944 0.0125 0.008206330597889801
0 0.7296875 0.40416178194607266 0.0109375 0.008792497069167644
0 0.759765625 0.40211019929660025 0.01171875 0.008206330597889801
0 0.783984375 0.40093786635404455 0.01171875 0.008206330597889801
0 0.707421875 0.4006447831184056 0.01171875 0.008792497069167644
0 0.4296875 0.39800703399765536 0.009375 0.004689331770222743
0 0.166015625 0.3959554513481829 0.00078125 0.0005861664712778429
0 0.423046875 0.39536928487690504 0.00078125 0.0005861664712778429
0 0.397265625 0.39976553341148885 0.01171875 0.009378663540445486
0 0.30625 0.3959554513481829 0.0125 0.006447831184056272
0 0.17265625 0.39683470105509966 0.0125 0.009378663540445486
0 0.819140625 0.39243845252051585 0.00078125 0.0017584994138335288
0 0.508203125 0.39449003516998826 0.01171875 0.007033997655334115
0 0.819921875 0.3906799531066823 0.00078125 0.0005861664712778429
0 0.5734375 0.3930246189917937 0.0109375 0.008792497069167644
0 0.24921875 0.3936107854630715 0.0140625 0.00996483001172333
0 0.1984375 0.3936107854630715 0.0140625 0.00996483001172333
0 0.8265625 0.3892145369284877 0.009375 0.0035169988276670576
0 0.28125 0.39126611957796015 0.0125 0.0076201641266119575
0 0.3609375 0.39126611957796015 0.0125 0.008792497069167644
0 0.55078125 0.39009378663540445 0.0109375 0.008792497069167644
0 0.336328125 0.3903868698710434 0.01328125 0.009378663540445486
0 0.223828125 0.3906799531066823 0.01328125 0.00996483001172333
0 0.6265625 0.3883352872215709 0.0109375 0.0076201641266119575
0 0.470703125 0.388042203985932 0.01171875 0.009378663540445486
0 0.771484375 0.38716295427901526 0.01171875 0.008792497069167644
0 0.799609375 0.3824736225087925 0.00078125 0.0005861664712778429
0 0.732421875 0.3865767878077374 0.01171875 0.008792497069167644
0 0.791796875 0.38188745603751467 0.00078125 0.0005861664712778429
0 0.678515625 0.38569753810082064 0.01171875 0.008206330597889801
0 0.38359375 0.384232121922626 0.0125 0.008792497069167644
0 0.80703125 0.3783704572098476 0.0015625 0.0017584994138335288
0 0.416796875 0.3801289566236811 0.01171875 0.008792497069167644
0 0.263671875 0.3786635404454865 0.01328125 0.009378663540445486
0 0.818359375 0.37397420867526376 0.00078125 0.0011723329425556857
0 0.316796875 0.37807737397420865 0.01328125 0.009378663540445486
0 0.183203125 0.37749120750293086 0.01328125 0.008206330597889801
0 0.510546875 0.37631887456037516 0.01015625 0.007033997655334115
0 0.44375 0.3766119577960141 0.0109375 0.008792497069167644
0 0.812890625 0.37221570926143027 0.00703125 0.0011723329425556857
0 0.238671875 0.37602579132473624 0.01328125 0.00996483001172333
0 0.6125 0.37368112543962484 0.0109375 0.0076201641266119575
0 0.552734375 0.37221570926143027 0.01171875 0.008206330597889801
0 0.36171875 0.37192262602579135 0.0125 0.0076201641266119575
0 0.839453125 0.3716295427901524 0.01328125 0.008206330597889801
0 0.798828125 0.36664712778429076 0.00078125 0.0005861664712778429
0 0.213671875 0.37075029308323565 0.01328125 0.00996483001172333
0 0.76953125 0.36957796014067995 0.0109375 0.008792497069167644
0 0.739453125 0.36957796014067995 0.01171875 0.008792497069167644
0 0.466015625 0.36957796014067995 0.01171875 0.008792497069167644
0 0.2953125 0.3689917936694021 0.0125 0.008792497069167644
0 0.67578125 0.36811254396248533 0.0109375 0.008206330597889801
0 0.48984375 0.36840562719812425 0.0109375 0.008792497069167644
0 0.3375 0.36840562719812425 0.0125 0.008792497069167644
0 0.794140625 0.36430246189917936 0.00546875 0.0017584994138335288
0 0.64921875 0.365767878077374 0.0109375 0.008206330597889801
0 0.383984375 0.3660609613130129 0.01171875 0.008792497069167644
0 0.52734375 0.3645955451348183 0.0109375 0.008206330597889801
0 0.408203125 0.36283704572098474 0.01171875 0.009378663540445486
0 0.823046875 0.3604923798358734 0.01171875 0.008206330597889801
0 0.253515625 0.3613716295427902 0.01328125 0.00996483001172333
0 0.707421875 0.35990621336459555 0.01015625 0.008206330597889801
0 0.62734375 0.35990621336459555 0.0109375 0.008206330597889801
0 0.316015625 0.358147713950762 0.01328125 0.007033997655334115
0 0.175 0.3596131301289566 0.0140625 0.00996483001172333
0 0.59765625 0.35726846424384523 0.0109375 0.0076201641266119575
0 0.837890625 0.35316529894490034 0.00078125 0.0005861664712778429
0 0.753515625 0.35550996483001174 0.01171875 0.008792497069167644
0 0.57421875 0.3552168815943728 0.0109375 0.008206330597889801
0 0.4296875 0.35463071512309496 0.0109375 0.008206330597889801
0 0.276953125 0.3552168815943728 0.01328125 0.009378663540445486
0 0.846484375 0.35228604923798357 0.00703125 0.004689331770222743
0 0.7796875 0.35433763188745604 0.0125 0.008792497069167644
0 0.505859375 0.3537514654161782 0.01171875 0.008792497069167644
0 0.230078125 0.3540445486518171 0.01171875 0.009378663540445486
0 0.68671875 0.3528722157092614 0.0109375 0.008206330597889801
0 0.337890625 0.3499413833528722 0.01015625 0.005861664712778429
0 0.198828125 0.3516998827667057 0.01328125 0.009378663540445486
0 0.4640625 0.350820633059789 0.0109375 0.008792497069167644
0 0.548828125 0.35023446658851115 0.01171875 0.008792497069167644
0 0.659375 0.34671746776084406 0.0078125 0.006447831184056272
0 0.388671875 0.34788980070339975 0.01171875 0.008792497069167644
0 0.363671875 0.34583821805392734 0.00859375 0.004689331770222743
0 0.8125 0.34466588511137164 0.0125 0.008206330597889801
0 0.616796875 0.3443728018757327 0.01171875 0.008792497069167644
0 0.30078125 0.34349355216881594 0.0125 0.008206330597889801
0 0.525 0.3429073856975381 0.0109375 0.009378663540445486
0 0.255859375 0.3429073856975381 0.01328125 0.009378663540445486
0 0.724609375 0.3420281359906213 0.01015625 0.008792497069167644
0 0.4859375 0.34144196951934347 0.0109375 0.008792497069167644
0 0.8265625 0.33909730363423213 0.0046875 0.005275498241500586
0 0.830078125 0.3361664712778429 0.00078125 0.0005861664712778429
0 0.70234375 0.3399765533411489 0.0109375 0.008206330597889801
0 0.591015625 0.3399765533411489 0.01171875 0.008206330597889801
0 0.410546875 0.3402696365767878 0.01015625 0.008792497069167644
0 0.1671875 0.34056271981242675 0.0125 0.010550996483001172
0 0.791015625 0.33909730363423213 0.01171875 0.008792497069167644
0 0.76796875 0.33909730363423213 0.0109375 0.008792497069167644
0 0.74609375 0.33909730363423213 0.0125 0.008792497069167644
0 0.676953125 0.33704572098475966 0.00859375 0.008206330597889801
0 0.566015625 0.33704572098475966 0.01171875 0.008206330597889801
0 0.433984375 0.3364595545134818 0.01015625 0.008206330597889801
0 0.2796875 0.335873388042204 0.0109375 0.007033997655334115
0 0.187109375 0.3303048065650645 0.00078125 0.0005861664712778429
0 0.4578125 0.33294255568581477 0.009375 0.008206330597889801
0 0.192578125 0.3323563892145369 0.00859375 0.007033997655334115
0 0.543359375 0.3323563892145369 0.01171875 0.008206330597889801
0 0.3296875 0.33177022274325907 0.0109375 0.008206330597889801
0 0.50859375 0.3308909730363423 0.00625 0.0076201641266119575
0 0.3796875 0.3308909730363423 0.0078125 0.0076201641266119575
0 0.35546875 0.32854630715123095 0.00625 0.004103165298944901
0 0.2453125 0.3279601406799531 0.0015625 0.004103165298944901
0 0.65625 0.3291324736225088 0.009375 0.0076201641266119575
0 0.629296875 0.32825322391559203 0.01015625 0.008206330597889801
0 0.80703125 0.32737397420867526 0.0125 0.008792497069167644
0 0.773828125 0.32327080890973037 0.00078125 0.0005861664712778429
0 0.2390625 0.3238569753810082 0.00625 0.0017584994138335288
0 0.774609375 0.32209847596717467 0.00078125 0.0005861664712778429
0 0.60625 0.32590855803048063 0.0109375 0.008206330597889801
0 0.306640625 0.3250293083235639 0.01015625 0.0076201641266119575
0 0.783984375 0.3212192262602579 0.00234375 0.0011723329425556857
0 0.71484375 0.3250293083235639 0.0109375 0.008792497069167644
0 0.214453125 0.3256154747948417 0.01328125 0.00996483001172333
0 0.780078125 0.3203399765533411 0.00390625 0.0005861664712778429
0 0.478515625 0.32444314185228607 0.00859375 0.008792497069167644
0 0.7578125 0.3238569753810082 0.0109375 0.008792497069167644
0 0.582421875 0.32297772567409144 0.01015625 0.008206330597889801
0 0.8359375 0.32209847596717467 0.0125 0.0076201641266119575
0 0.69140625 0.32209847596717467 0.009375 0.0076201641266119575
0 0.401171875 0.3223915592028136 0.01171875 0.008206330597889801
0 0.525390625 0.32063305978898005 0.01015625 0.009378663540445486
0 0.7359375 0.3194607268464244 0.0109375 0.008206330597889801
0 0.559375 0.31975381008206333 0.0109375 0.008792497069167644
0 0.28203125 0.31770222743259086 0.0078125 0.004689331770222743
0 0.424609375 0.3191676436107855 0.01171875 0.008792497069167644
0 0.173046875 0.31975381008206333 0.01484375 0.00996483001172333
0 0.45 0.3159437280187573 0.00625 0.007033997655334115
0 0.2578125 0.31535756154747946 0.0125 0.009378663540445486
0 0.64375 0.3141852286049238 0.009375 0.008206330597889801
0 0.496484375 0.3138921453692849 0.01015625 0.0076201641266119575
0 0.324609375 0.3130128956623681 0.01015625 0.008206330597889801
0 0.81796875 0.3127198124267292 0.0109375 0.008792497069167644
0 0.795703125 0.31242672919109027 0.01171875 0.009378663540445486
0 0.62109375 0.3115474794841735 0.009375 0.0076201641266119575
0 0.35 0.30978898007034 0.00625 0.005275498241500586
0 0.3765625 0.30978898007034 0.0109375 0.008792497069167644
0 0.227734375 0.31008206330597887 0.01328125 0.009378663540445486
0 0.76953125 0.3086166471277843 0.0109375 0.008792497069167644
0 0.7078125 0.3083235638921454 0.009375 0.008206330597889801
0 0.598828125 0.30685814771395076 0.00859375 0.006447831184056272
0 0.5421875 0.30803048065650646 0.009375 0.008792497069167644
0 0.575 0.305978898007034 0.009375 0.008206330597889801
0 0.473046875 0.305978898007034 0.00859375 0.008206330597889801
0 0.685546875 0.30539273153575613 0.00859375 0.008206330597889801
0 0.7484375 0.30392731535756157 0.009375 0.0076201641266119575
0 0.4 0.3045134818288394 0.0109375 0.008792497069167644
0 0.301171875 0.30363423212192264 0.01171875 0.007033997655334115
0 0.5171875 0.30275498241500587 0.00625 0.0076201641266119575
0 0.423828125 0.3009964830011723 0.01015625 0.008792497069167644
0 0.72578125 0.2995310668229777 0.0109375 0.008206330597889801
0 0.449609375 0.2974794841735053 0.00390625 0.005275498241500586
0 0.271875 0.298651817116061 0.0125 0.0076201641266119575
0 0.834375 0.298651817116061 0.0125 0.008792497069167644
0 0.661328125 0.29806565064478313 0.00859375 0.0076201641266119575
0 0.49375 0.29689331770222743 0.0046875 0.005275498241500586
0 0.810546875 0.29396248534583824 0.00078125 0.0005861664712778429
0 0.63515625 0.2974794841735053 0.009375 0.0076201641266119575
0 0.1765625 0.298651817116061 0.0140625 0.00996483001172333
0 0.78515625 0.29689331770222743 0.0109375 0.008792497069167644
0 0.33203125 0.2954279015240328 0.0109375 0.008206330597889801
0 0.557421875 0.2933763188745604 0.01015625 0.0076201641266119575
0 0.3640625 0.2933763188745604 0.0078125 0.008792497069167644
0 0.76328125 0.29161781946072685 0.0109375 0.008792497069167644
0 0.703125 0.291031652989449 0.00625 0.0076201641266119575
0 0.53515625 0.29044548651817115 0.0078125 0.0076201641266119575
0 0.60078125 0.2895662368112544 0.009375 0.007033997655334115
0 0.257421875 0.28634232121922626 0.00078125 0.0005861664712778429
0 0.469921875 0.28751465416178196 0.00546875 0.006447831184056272
0 0.3859375 0.28868698710433766 0.0109375 0.008792497069167644
0 0.678515625 0.2878077373974209 0.01015625 0.008206330597889801
0 0.741796875 0.28722157092614303 0.01015625 0.008206330597889801
0 0.815234375 0.28223915592028137 0.00078125 0.0005861664712778429
0 0.512109375 0.28487690504103164 0.00546875 0.005861664712778429
0 0.291015625 0.28604923798358733 0.01171875 0.008206330597889801
0 0.85546875 0.28516998827667056 0.0125 0.008792497069167644
0 0.41015625 0.28487690504103164 0.0109375 0.008206330597889801
0 0.26015625 0.28341148886283707 0.003125 0.005275498241500586
0 0.817578125 0.2804806565064478 0.00078125 0.0005861664712778429
0 0.82109375 0.27989449003517 0.003125 0.0005861664712778429
0 0.62421875 0.2825322391559203 0.0046875 0.005861664712778429
0 0.259765625 0.27989449003517 0.00078125 0.0005861664712778429
0 0.580859375 0.2825322391559203 0.00703125 0.008206330597889801
0 0.7203125 0.28223915592028137 0.0109375 0.008792497069167644
0 0.65078125 0.28194607268464245 0.009375 0.008206330597889801
0 0.258203125 0.2784290738569754 0.00234375 0.0011723329425556857
0 0.798046875 0.2816529894490035 0.01015625 0.008792497069167644
0 0.31640625 0.2813599062133646 0.0078125 0.008206330597889801
0 0.2546875 0.27754982415005863 0.0015625 0.0005861664712778429
0 0.348828125 0.2787221570926143 0.00546875 0.005275498241500586
0 0.43828125 0.2793083235638921 0.009375 0.0076201641266119575
0 0.488671875 0.27754982415005863 0.00703125 0.008792497069167644
0 0.7765625 0.2769636576787808 0.0109375 0.008792497069167644
0 0.69375 0.2746189917936694 0.009375 0.0076201641266119575
0 0.8390625 0.2737397420867526 0.0125 0.009378663540445486
0 0.601953125 0.27139507620164127 0.00390625 0.004689331770222743
0 0.37109375 0.2731535756154748 0.0078125 0.008206330597889801
0 0.755078125 0.27256740914419697 0.00859375 0.008206330597889801
0 0.394921875 0.27110199296600235 0.00703125 0.005275498241500586
0 0.275 0.27139507620164127 0.0109375 0.008206330597889801
0 0.671484375 0.2708089097303634 0.00859375 0.008206330597889801
0 0.5578125 0.2708089097303634 0.009375 0.008206330597889801
0 0.462890625 0.2690504103165299 0.01015625 0.008206330597889801
0 0.7328125 0.2675849941383353 0.009375 0.008792497069167644
0 0.419140625 0.2672919109026964 0.00859375 0.008206330597889801
0 0.813671875 0.2672919109026964 0.01015625 0.009378663540445486
0 0.50625 0.26670574443141853 0.0109375 0.008206330597889801
0 0.3 0.26582649472450176 0.0109375 0.0076201641266119575
0 0.62734375 0.264947245017585 0.009375 0.007033997655334115
0 0.327734375 0.26553341148886284 0.01015625 0.009378663540445486
0 0.651953125 0.2637749120750293 0.00546875 0.007033997655334115
0 0.791796875 0.2640679953106682 0.01015625 0.008792497069167644
0 0.7109375 0.2637749120750293 0.009375 0.008206330597889801
0 0.580859375 0.26289566236811257 0.00703125 0.0076201641266119575
0 0.537109375 0.2599648300117233 0.00859375 0.0076201641266119575
0 0.7703125 0.2596717467760844 0.0109375 0.008206330597889801
0 0.442578125 0.2599648300117233 0.00859375 0.008792497069167644
0 0.484765625 0.25908558030480655 0.00859375 0.008206330597889801
0 0.3546875 0.2587924970691676 0.009375 0.0076201641266119575
0 0.838671875 0.25498241500586166 0.00078125 0.0011723329425556857
0 0.836328125 0.25351699882766704 0.00078125 0.0005861664712778429
0 0.833203125 0.2529308323563892 0.00390625 0.0005861664712778429
0 0.68984375 0.2567409144196952 0.009375 0.008206330597889801
0 0.379296875 0.2552754982415006 0.00859375 0.0076201641266119575
0 0.75 0.2541031652989449 0.0078125 0.0076201641266119575
0 0.66796875 0.2529308323563892 0.009375 0.0076201641266119575
0 0.558203125 0.25263774912075027 0.00859375 0.008206330597889801
0 0.6015625 0.2514654161781946 0.0078125 0.007033997655334115
0 0.7265625 0.25 0.009375 0.0076201641266119575
0 0.4625 0.25058616647127785 0.009375 0.008792497069167644
0 0.41953125 0.24941383352872215 0.0109375 0.006447831184056272
0 0.17421875 0.2514654161781946 0.009375 0.010550996483001172
0 0.853125 0.24970691676436108 0.0109375 0.009378663540445486
0 0.625 0.2473622508792497 0.0046875 0.004689331770222743
0 0.510546875 0.24824150058616648 0.01015625 0.0076201641266119575
0 0.32578125 0.2473622508792497 0.003125 0.005861664712778429
0 0.81484375 0.24706916764361078 0.0125 0.008792497069167644
0 0.78984375 0.24648300117233293 0.0125 0.008792497069167644
0 0.646484375 0.2456037514654162 0.00859375 0.007033997655334115
0 0.705078125 0.24325908558030482 0.01015625 0.008206330597889801
0 0.57890625 0.24267291910902697 0.009375 0.007033997655334115
0 0.766015625 0.24208675263774912 0.01015625 0.008206330597889801
0 0.53671875 0.23974208675263775 0.0046875 0.004689331770222743
0 0.483203125 0.2403282532239156 0.01015625 0.008206330597889801
0 0.39609375 0.2403282532239156 0.0109375 0.008206330597889801
0 0.34765625 0.24003516998827668 0.0109375 0.0076201641266119575
0 0.44140625 0.24003516998827668 0.0078125 0.008792497069167644
0 0.833984375 0.23944900351699883 0.01328125 0.008792497069167644
0 0.37265625 0.23739742086752638 0.009375 0.008206330597889801
0 0.7453125 0.23681125439624853 0.0078125 0.008206330597889801
0 0.6640625 0.23446658851113716 0.009375 0.007033997655334115
0 0.55859375 0.2335873388042204 0.0078125 0.0076201641266119575
0 0.8609375 0.23270808909730364 0.0125 0.008206330597889801
0 0.50546875 0.2309495896834701 0.0046875 0.005861664712778429
0 0.4625 0.23153575615474795 0.009375 0.007033997655334115
0 0.634765625 0.23036342321219228 0.00390625 0.005861664712778429
0 0.723828125 0.2309495896834701 0.00859375 0.008206330597889801
0 0.686328125 0.2309495896834701 0.01015625 0.008206330597889801
0 0.175 0.23124267291910902 0.0140625 0.00996483001172333
0 0.28828125 0.22919109026963658 0.009375 0.007033997655334115
0 0.8015625 0.22977725674091443 0.0109375 0.009378663540445486
0 0.77890625 0.22889800703399765 0.0109375 0.008792497069167644
0 0.322265625 0.22655334114888628 0.00546875 0.004103165298944901
0 0.416015625 0.22655334114888628 0.01015625 0.0076201641266119575
0 0.58359375 0.22479484173505276 0.0078125 0.0076201641266119575
0 0.524609375 0.2224501758499414 0.00859375 0.006447831184056272
0 0.75703125 0.2227432590855803 0.0109375 0.008206330597889801
0 0.35390625 0.22215709261430247 0.009375 0.007033997655334115
0 0.84296875 0.2227432590855803 0.0125 0.009378663540445486
0 0.48359375 0.22186400937866355 0.0078125 0.0076201641266119575
0 0.43828125 0.22098475967174677 0.0109375 0.008206330597889801
0 0.704296875 0.22010550996483 0.00703125 0.008792497069167644
0 0.37734375 0.21922626025791325 0.009375 0.008206330597889801
0 0.6671875 0.21805392731535755 0.009375 0.008206330597889801
0 0.604296875 0.2174677608440797 0.00859375 0.007033997655334115
0 0.54609375 0.2174677608440797 0.009375 0.008206330597889801
0 0.46015625 0.21248534583821804 0.0046875 0.006447831184056272
0 0.723828125 0.2130715123094959 0.00859375 0.008792497069167644
0 0.503125 0.21219226260257915 0.0078125 0.007033997655334115
0 0.56796875 0.21014067995310667 0.0078125 0.006447831184056272
0 0.413671875 0.20808909730363423 0.01015625 0.005861664712778429
0 0.687890625 0.20750293083235638 0.00546875 0.005861664712778429
0 0.744140625 0.20867526377491208 0.01015625 0.009378663540445486
0 0.761328125 0.20252051582649472 0.00078125 0.0005861664712778429
0 0.48125 0.20281359906213364 0.00625 0.0035169988276670576
0 0.811328125 0.20281359906213364 0.00546875 0.005861664712778429
0 0.52265625 0.2033997655334115 0.009375 0.007033997655334115
0 0.390625 0.2022274325908558 0.009375 0.004689331770222743
0 0.589453125 0.20310668229777257 0.00859375 0.0076201641266119575
0 0.769140625 0.19929660023446658 0.00546875 0.0011723329425556857
0 0.437109375 0.2022274325908558 0.01015625 0.007033997655334115
0 0.709765625 0.19988276670574442 0.00390625 0.007033997655334115
0 0.548046875 0.19900351699882768 0.00703125 0.0076201641266119575
0 0.369140625 0.1951934349355217 0.00546875 0.004689331770222743
0 0.729296875 0.1951934349355217 0.00859375 0.007033997655334115
0 0.459375 0.194021101992966 0.00625 0.005861664712778429
0 0.503125 0.1937280187573271 0.0078125 0.0076201641266119575
0 0.569921875 0.19196951934349354 0.00546875 0.006447831184056272
0 0.749609375 0.19138335287221572 0.01015625 0.008792497069167644
0 0.679296875 0.19021101992966002 0.00859375 0.0076201641266119575
0 0.62890625 0.19021101992966002 0.0078125 0.0076201641266119575
0 0.78046875 0.18962485345838218 0.0125 0.008792497069167644
0 0.603125 0.18698710433763188 0.0046875 0.0035169988276670576
0 0.53359375 0.18522860492379836 0.0046875 0.0035169988276670576
0 0.43984375 0.18083235638921455 0.003125 0.0029308323563892145
0 0.69921875 0.18259085580304807 0.009375 0.0076201641266119575
0 0.8109375 0.182883939038687 0.0125 0.009378663540445486
0 0.32265625 0.18112543962485345 0.0078125 0.007033997655334115
0 0.7296875 0.17731535756154748 0.0109375 0.0076201641266119575
0 0.58359375 0.17672919109026963 0.00625 0.0076201641266119575
0 0.51015625 0.17555685814771396 0.009375 0.006447831184056272
0 0.48671875 0.17409144196951934 0.0078125 0.005861664712778429
0 0.548828125 0.17262602579132474 0.00703125 0.005275498241500586
0 0.75078125 0.17321219226260257 0.0109375 0.008792497069167644
0 0.840234375 0.1720398593200469 0.01171875 0.00996483001172333
0 0.38515625 0.16881594372801875 0.0046875 0.0035169988276670576
0 0.6015625 0.16471277842907386 0.0046875 0.0035169988276670576
0 0.413671875 0.16588511137162953 0.00859375 0.005861664712778429
0 0.709375 0.16588511137162953 0.00625 0.007033997655334115
0 0.8140625 0.1652989449003517 0.0125 0.009378663540445486
0 0.633984375 0.16354044548651817 0.00546875 0.008206330597889801
0 0.7703125 0.16266119577960142 0.0125 0.00996483001172333
0 0.6546875 0.16002344665885113 0.0078125 0.008206330597889801
0 0.793359375 0.15826494724501758 0.01171875 0.009378663540445486
0 0.535546875 0.15679953106682298 0.00703125 0.006447831184056272
0 0.512109375 0.1541617819460727 0.00546875 0.004689331770222743
0 0.31875 0.15211019929660025 0.0078125 0.006447831184056272
0 0.568359375 0.1515240328253224 0.00859375 0.0076201641266119575
0 0.745703125 0.14800703399765533 0.01015625 0.0076201641266119575
0 0.680078125 0.1433177022274326 0.00546875 0.0076201641266119575
0 0.294921875 0.14126611957796015 0.00859375 0.007033997655334115
0 0.618359375 0.13892145369284878 0.00703125 0.005861664712778429
0 0.65546875 0.13628370457209849 0.0078125 0.006447831184056272
0 0.352734375 0.13452520515826494 0.00859375 0.006447831184056272
0 0.57421875 0.13305978898007034 0.00625 0.004689331770222743
0 0.519921875 0.13305978898007034 0.00546875 0.004689331770222743
0 0.31640625 0.13305978898007034 0.009375 0.004689331770222743
0 0.265625 0.13159437280187572 0.009375 0.005275498241500586
0 0.494140625 0.12807737397420868 0.00703125 0.006447831184056272
0 0.209765625 0.11928487690504103 0.00078125 0.0005861664712778429
0 0.216796875 0.1134232121922626 0.00078125 0.0005861664712778429
0 0.216015625 0.11166471277842907 0.00078125 0.0005861664712778429
0 0.212890625 0.1093200468933177 0.00078125 0.0005861664712778429
0 0.209765625 0.10873388042203985 0.00390625 0.0005861664712778429
