0 0.73046875 0.7942708333333334 0.0078125 0.011458333333333333
0 0.63984375 0.79375 0.0078125 0.0125
0 0.6125 0.790625 0.009375 0.0125
0 0.655859375 0.790625 0.00859375 0.014583333333333334
0 0.678125 0.7880208333333333 0.0078125 0.011458333333333333
0 0.78203125 0.7875 0.009375 0.0125
0 0.578125 0.7885416666666667 0.0078125 0.014583333333333334
0 0.766015625 0.7859375 0.00859375 0.011458333333333333
0 0.5421875 0.7864583333333334 0.0078125 0.0125
0 0.581640625 0.7796875 0.00078125 0.0010416666666666667
0 0.598828125 0.7828125 0.01015625 0.011458333333333333
0 0.80546875 0.7817708333333333 0.0078125 0.011458333333333333
0 0.556640625 0.7802083333333333 0.00859375 0.0125
0 0.406640625 0.7791666666666667 0.00859375 0.0125
0 0.346484375 0.7765625 0.00859375 0.011458333333333333
0 0.737890625 0.775 0.00859375 0.0125
0 0.696875 0.7859375 0.009375 0.034375
0 0.3890625 0.7744791666666667 0.0078125 0.011458333333333333
0 0.65078125 0.7739583333333333 0.0078125 0.014583333333333334
0 0.6109375 0.7697916666666667 0.0078125 0.0125
0 0.5859375 0.7703125 0.0078125 0.015625
0 0.4546875 0.7682291666666666 0.0078125 0.011458333333333333
0 0.28046875 0.7651041666666667 0.009375 0.011458333333333333
0 0.664453125 0.7619791666666667 0.00859375 0.011458333333333333
0 0.781640625 0.7609375 0.00859375 0.011458333333333333
0 0.473828125 0.7614583333333333 0.00703125 0.014583333333333334
0 0.63984375 0.7567708333333333 0.009375 0.011458333333333333
0 0.62421875 0.7567708333333333 0.0078125 0.011458333333333333
0 0.37578125 0.7567708333333333 0.0078125 0.011458333333333333
0 0.69140625 0.7578125 0.0078125 0.015625
0 0.580859375 0.7526041666666666 0.00859375 0.015625
0 0.8015625 0.7473958333333334 0.0078125 0.011458333333333333
0 0.56171875 0.7473958333333334 0.0078125 0.011458333333333333
0 0.358203125 0.7453125 0.00859375 0.011458333333333333
0 0.47265625 0.74375 0.0078125 0.0125
0 0.30078125 0.753125 0.0109375 0.03125
0 0.193359375 0.7427083333333333 0.01015625 0.0125
0 0.719921875 0.7380208333333333 0.00859375 0.011458333333333333
0 0.75234375 0.7359375 0.0078125 0.011458333333333333
0 0.68671875 0.7354166666666667 0.0078125 0.0125
0 0.573828125 0.7348958333333333 0.00859375 0.011458333333333333
0 0.2875 0.7333333333333333 0.0109375 0.010416666666666666
0 0.379296875 0.7328125 0.00859375 0.011458333333333333
0 0.5984375 0.7296875 0.0078125 0.011458333333333333
0 0.80859375 0.7286458333333333 0.009375 0.011458333333333333
0 0.2625 0.7286458333333333 0.009375 0.011458333333333333
0 0.437109375 0.7276041666666667 0.00859375 0.011458333333333333
0 0.65625 0.7265625 0.0078125 0.011458333333333333
0 0.340234375 0.7369791666666666 0.01015625 0.03229166666666667
0 0.55703125 0.7244791666666667 0.0078125 0.011458333333333333
0 0.733203125 0.7192708333333333 0.00859375 0.011458333333333333
0 0.703125 0.7177083333333333 0.0078125 0.010416666666666666
0 0.44921875 0.7182291666666667 0.009375 0.011458333333333333
0 0.223828125 0.7171875 0.01015625 0.011458333333333333
0 0.798828125 0.7078125 0.00859375 0.011458333333333333
0 0.47890625 0.70625 0.0078125 0.010416666666666666
0 0.355078125 0.7026041666666667 0.00859375 0.011458333333333333
0 0.65 0.6947916666666667 0.0078125 0.010416666666666666
0 0.746875 0.6927083333333334 0.0078125 0.0125
0 0.712890625 0.6927083333333334 0.00703125 0.0125
0 0.670703125 0.6890625 0.00703125 0.011458333333333333
0 0.803515625 0.6880208333333333 0.00859375 0.011458333333333333
0 0.772265625 0.6838541666666667 0.00859375 0.011458333333333333
0 0.3265625 0.6895833333333333 0.0109375 0.03125
0 0.169921875 0.6776041666666667 0.01015625 0.011458333333333333
0 0.737890625 0.6770833333333334 0.00859375 0.0125
0 0.70546875 0.6755208333333333 0.0078125 0.011458333333333333
0 0.23515625 0.6760416666666667 0.009375 0.0125
0 0.787109375 0.6739583333333333 0.00859375 0.010416666666666666
0 0.298046875 0.6796875 0.01328125 0.03229166666666667
0 0.627734375 0.6651041666666667 0.00703125 0.011458333333333333
0 0.200390625 0.671875 0.01171875 0.03125
0 0.66953125 0.6583333333333333 0.0078125 0.010416666666666666
0 0.645703125 0.6557291666666667 0.00703125 0.011458333333333333
0 0.7046875 0.6536458333333334 0.0078125 0.009375
0 0.38515625 0.6541666666666667 0.009375 0.010416666666666666
0 0.74140625 0.653125 0.0078125 0.010416666666666666
0 0.812109375 0.6484375 0.00546875 0.007291666666666667
0 0.725390625 0.6479166666666667 0.00703125 0.008333333333333333
0 0.255078125 0.6494791666666667 0.01015625 0.011458333333333333
0 0.181640625 0.6442708333333333 0.01015625 0.011458333333333333
0 0.211328125 0.6395833333333333 0.00546875 0.008333333333333333
0 0.6953125 0.6364583333333333 0.0078125 0.010416666666666666
0 0.712109375 0.634375 0.00703125 0.010416666666666666
0 0.775 0.6322916666666667 0.0078125 0.010416666666666666
0 0.52578125 0.6276041666666666 0.0078125 0.009375
0 0.67890625 0.6270833333333333 0.0078125 0.010416666666666666
0 0.64140625 0.6255208333333333 0.0078125 0.009375
0 0.734375 0.6197916666666666 0.0078125 0.010416666666666666
0 0.264453125 0.6203125 0.01015625 0.011458333333333333
0 0.8296875 0.6171875 0.0078125 0.009375
0 0.15234375 0.6182291666666667 0.0109375 0.011458333333333333
0 0.765234375 0.6166666666666667 0.00703125 0.010416666666666666
0 0.70078125 0.615625 0.0078125 0.010416666666666666
0 0.227734375 0.6364583333333333 0.01484375 0.052083333333333336
0 0.202734375 0.6161458333333333 0.01015625 0.011458333333333333
0 0.7484375 0.6088541666666667 0.0078125 0.009375
0 0.519921875 0.603125 0.00859375 0.010416666666666666
0 0.13125 0.6036458333333333 0.0078125 0.011458333333333333
0 0.67265625 0.6005208333333333 0.0078125 0.009375
0 0.229296875 0.5979166666666667 0.01015625 0.0125
0 0.759375 0.5895833333333333 0.0078125 0.010416666666666666
0 0.7421875 0.5875 0.0078125 0.010416666666666666
0 0.723828125 0.5864583333333333 0.00859375 0.010416666666666666
0 0.124609375 0.5838541666666667 0.01015625 0.009375
0 0.200390625 0.578125 0.00859375 0.0125
0 0.76875 0.571875 0.0078125 0.010416666666666666
0 0.73046875 0.5666666666666667 0.0078125 0.008333333333333333
0 0.752734375 0.5635416666666667 0.00703125 0.010416666666666666
0 0.79140625 0.5609375 0.00625 0.009375
0 0.234765625 0.5541666666666667 0.01328125 0.0125
0 0.771484375 0.5489583333333333 0.00703125 0.010416666666666666
0 0.740234375 0.5479166666666667 0.00859375 0.010416666666666666
0 0.248828125 0.5489583333333333 0.01171875 0.0125
0 0.75625 0.540625 0.0046875 0.00625
0 0.784375 0.53125 0.00625 0.010416666666666666
0 0.734375 0.5265625 0.0078125 0.009375
0 0.24609375 0.5270833333333333 0.0109375 0.0125
0 0.716015625 0.525 0.00859375 0.010416666666666666
0 0.768359375 0.5213541666666667 0.00703125 0.009375
0 0.7515625 0.5182291666666666 0.0078125 0.009375
0 0.60859375 0.5161458333333333 0.0078125 0.011458333333333333
0 0.79453125 0.5135416666666667 0.0078125 0.010416666666666666
0 0.193359375 0.5140625 0.00859375 0.011458333333333333
0 0.8125 0.5088541666666667 0.0078125 0.009375
0 0.77734375 0.5052083333333334 0.0078125 0.004166666666666667
0 0.738671875 0.5052083333333334 0.00703125 0.010416666666666666
0 0.1234375 0.50625 0.0109375 0.0125
0 0.599609375 0.49947916666666664 0.00859375 0.011458333333333333
0 0.72265625 0.4984375 0.0078125 0.011458333333333333
0 0.836328125 0.49635416666666665 0.00703125 0.009375
0 0.8015625 0.4942708333333333 0.0078125 0.007291666666666667
0 0.5828125 0.4921875 0.0078125 0.011458333333333333
0 0.7703125 0.48541666666666666 0.00625 0.00625
0 0.787109375 0.48385416666666664 0.00703125 0.007291666666666667
0 0.625390625 0.48489583333333336 0.00703125 0.011458333333333333
0 0.4140625 0.484375 0.0078125 0.010416666666666666
0 0.08515625 0.48333333333333334 0.0109375 0.0125
0 0.815234375 0.4796875 0.00703125 0.007291666666666667
0 0.7359375 0.48072916666666665 0.0078125 0.011458333333333333
0 0.7546875 0.4744791666666667 0.0078125 0.009375
0 0.71953125 0.47291666666666665 0.0078125 0.010416666666666666
0 0.603515625 0.46875 0.00859375 0.010416666666666666
0 0.397265625 0.4666666666666667 0.00859375 0.0125
0 0.790625 0.4588541666666667 0.003125 0.005208333333333333
0 0.807421875 0.45729166666666665 0.00703125 0.010416666666666666
0 0.748046875 0.4546875 0.00859375 0.009375
0 0.724609375 0.44895833333333335 0.00546875 0.00625
0 0.5359375 0.45 0.0078125 0.010416666666666666
0 0.6359375 0.44583333333333336 0.0078125 0.010416666666666666
0 0.4359375 0.44479166666666664 0.0078125 0.0125
0 0.7640625 0.4390625 0.0046875 0.005208333333333333
0 0.688671875 0.440625 0.00859375 0.010416666666666666
0 0.1984375 0.4479166666666667 0.0359375 0.029166666666666667
0 0.521484375 0.43802083333333336 0.00859375 0.011458333333333333
0 0.798828125 0.434375 0.00859375 0.010416666666666666
0 0.7421875 0.43333333333333335 0.009375 0.010416666666666666
0 0.780859375 0.43020833333333336 0.00859375 0.010416666666666666
0 0.44609375 0.428125 0.009375 0.0125
0 0.61875 0.42552083333333335 0.0078125 0.011458333333333333
0 0.4296875 0.425 0.009375 0.0125
0 0.21875 0.4203125 0.0109375 0.011458333333333333
0 0.69375 0.41875 0.0078125 0.010416666666666666
0 0.7546875 0.4171875 0.009375 0.009375
0 0.669140625 0.41770833333333335 0.00859375 0.010416666666666666
0 0.250390625 0.41875 0.01015625 0.0125
0 0.414453125 0.4171875 0.00859375 0.011458333333333333
0 0.583984375 0.4161458333333333 0.00859375 0.011458333333333333
0 0.079296875 0.41354166666666664 0.00703125 0.00625
0 0.8078125 0.41354166666666664 0.0078125 0.010416666666666666
0 0.553515625 0.41458333333333336 0.00859375 0.0125
0 0.35234375 0.41458333333333336 0.009375 0.0125
0 0.30859375 0.4109375 0.009375 0.011458333333333333
0 0.234765625 0.409375 0.00859375 0.008333333333333333
0 0.56953125 0.40625 0.0078125 0.0125
0 0.2015625 0.4015625 0.0078125 0.007291666666666667
0 0.62265625 0.40208333333333335 0.0078125 0.010416666666666666
0 0.714453125 0.4010416666666667 0.00859375 0.010416666666666666
0 0.605078125 0.4015625 0.00859375 0.011458333333333333
0 0.53046875 0.3984375 0.0078125 0.011458333333333333
0 0.679296875 0.3958333333333333 0.00859375 0.010416666666666666
0 0.426171875 0.3963541666666667 0.00859375 0.011458333333333333
0 0.257421875 0.39375 0.00703125 0.008333333333333333
0 0.487890625 0.3953125 0.00859375 0.013541666666666667
0 0.589453125 0.3932291666666667 0.00859375 0.013541666666666667
0 0.349609375 0.3932291666666667 0.00859375 0.013541666666666667
0 0.5515625 0.39166666666666666 0.0078125 0.0125
0 0.399609375 0.39166666666666666 0.00859375 0.0125
0 0.464453125 0.3885416666666667 0.00859375 0.0125
0 0.702734375 0.3854166666666667 0.00859375 0.010416666666666666
0 0.73046875 0.38333333333333336 0.0078125 0.010416666666666666
0 0.571875 0.3848958333333333 0.0078125 0.013541666666666667
0 0.239453125 0.3859375 0.00859375 0.015625
0 0.446484375 0.3828125 0.00859375 0.011458333333333333
0 0.21953125 0.3776041666666667 0.0078125 0.007291666666666667
0 0.74765625 0.3776041666666667 0.0078125 0.011458333333333333
0 0.50390625 0.3776041666666667 0.0078125 0.011458333333333333
0 0.483203125 0.37552083333333336 0.00859375 0.013541666666666667
0 0.58828125 0.371875 0.0078125 0.0125
0 0.558203125 0.37135416666666665 0.00859375 0.011458333333333333
0 0.71640625 0.3697916666666667 0.0078125 0.010416666666666666
0 0.608203125 0.3703125 0.00859375 0.011458333333333333
0 0.198828125 0.371875 0.01015625 0.014583333333333334
0 0.52421875 0.3697916666666667 0.009375 0.0125
0 0.689453125 0.36822916666666666 0.00859375 0.011458333333333333
0 0.201953125 0.36302083333333335 0.00078125 0.0010416666666666667
0 0.153125 0.36875 0.0109375 0.0125
0 0.093359375 0.36875 0.01171875 0.0125
0 0.4109375 0.3671875 0.009375 0.011458333333333333
0 0.541015625 0.365625 0.00859375 0.0125
0 0.23359375 0.36666666666666664 0.0109375 0.016666666666666666
0 0.6640625 0.3625 0.00625 0.010416666666666666
0 0.4578125 0.36302083333333335 0.009375 0.011458333333333333
0 0.254296875 0.3640625 0.00703125 0.015625
0 0.6375 0.359375 0.0078125 0.010416666666666666
0 0.75234375 0.35520833333333335 0.0078125 0.010416666666666666
0 0.47421875 0.35625 0.0078125 0.0125
0 0.425390625 0.35572916666666665 0.00859375 0.011458333333333333
0 0.70390625 0.3546875 0.0078125 0.011458333333333333
0 0.62109375 0.3546875 0.0078125 0.011458333333333333
0 0.57109375 0.35520833333333335 0.0078125 0.0125
0 0.49140625 0.35572916666666665 0.009375 0.013541666666666667
0 0.205859375 0.3541666666666667 0.01015625 0.014583333333333334
0 0.51484375 0.3489583333333333 0.009375 0.0125
0 0.58671875 0.34739583333333335 0.009375 0.011458333333333333
0 0.403515625 0.3453125 0.00859375 0.011458333333333333
0 0.534765625 0.34479166666666666 0.00859375 0.0125
0 0.55625 0.34375 0.009375 0.0125
0 0.2515625 0.34375 0.0078125 0.014583333333333334
0 0.607421875 0.33958333333333335 0.00859375 0.0125
0 0.6421875 0.33645833333333336 0.0078125 0.010416666666666666
0 0.455078125 0.3380208333333333 0.00859375 0.013541666666666667
0 0.3703125 0.3375 0.009375 0.0125
0 0.694140625 0.3359375 0.00859375 0.011458333333333333
0 0.501171875 0.33645833333333336 0.00859375 0.0125
0 0.483203125 0.33645833333333336 0.00859375 0.0125
0 0.437890625 0.3338541666666667 0.00859375 0.013541666666666667
0 0.663671875 0.33125 0.00859375 0.010416666666666666
0 0.624609375 0.33177083333333335 0.00859375 0.011458333333333333
0 0.523046875 0.32916666666666666 0.00859375 0.0125
0 0.38515625 0.3260416666666667 0.009375 0.0125
0 0.420703125 0.32447916666666665 0.00703125 0.011458333333333333
0 0.324609375 0.3229166666666667 0.01015625 0.0125
0 0.7546875 0.32083333333333336 0.0078125 0.010416666666666666
0 0.7125 0.32083333333333336 0.0078125 0.010416666666666666
0 0.346484375 0.3223958333333333 0.00859375 0.013541666666666667
0 0.561328125 0.32135416666666666 0.00859375 0.013541666666666667
0 0.57890625 0.31927083333333334 0.009375 0.011458333333333333
0 0.612109375 0.3177083333333333 0.00859375 0.010416666666666666
0 0.446875 0.315625 0.009375 0.0125
0 0.696875 0.3125 0.0078125 0.008333333333333333
0 0.490625 0.315625 0.009375 0.014583333333333334
0 0.231640625 0.3234375 0.01796875 0.034375
0 0.473828125 0.31145833333333334 0.00859375 0.0125
0 0.37109375 0.3125 0.009375 0.014583333333333334
0 0.6296875 0.30885416666666665 0.009375 0.011458333333333333
0 0.594140625 0.3072916666666667 0.00859375 0.0125
0 0.43125 0.3072916666666667 0.009375 0.0125
0 0.334375 0.30416666666666664 0.009375 0.0125
0 0.646875 0.3015625 0.00625 0.009375
0 0.40625 0.3020833333333333 0.009375 0.0125
0 0.35078125 0.30052083333333335 0.009375 0.013541666666666667
0 0.564453125 0.2994791666666667 0.00859375 0.013541666666666667
0 0.51484375 0.29739583333333336 0.009375 0.013541666666666667
0 0.459375 0.29791666666666666 0.009375 0.014583333333333334
0 0.615234375 0.2942708333333333 0.00859375 0.011458333333333333
0 0.280078125 0.2953125 0.01015625 0.013541666666666667
0 0.48671875 0.2942708333333333 0.009375 0.013541666666666667
0 0.662890625 0.2921875 0.00859375 0.011458333333333333
0 0.371875 0.290625 0.009375 0.014583333333333334
0 0.584375 0.28802083333333334 0.009375 0.011458333333333333
0 0.43984375 0.28802083333333334 0.0078125 0.013541666666666667
0 0.21796875 0.28802083333333334 0.009375 0.013541666666666667
0 0.815625 0.2838541666666667 0.0078125 0.009375
0 0.419921875 0.284375 0.00703125 0.0125
0 0.501171875 0.28125 0.00859375 0.0125
0 0.677734375 0.2791666666666667 0.00859375 0.010416666666666666
0 0.47265625 0.28020833333333334 0.009375 0.014583333333333334
0 0.3546875 0.2791666666666667 0.009375 0.014583333333333334
0 0.337890625 0.2786458333333333 0.00703125 0.013541666666666667
0 0.52265625 0.2765625 0.009375 0.013541666666666667
0 0.454296875 0.27708333333333335 0.00859375 0.014583333333333334
0 0.2921875 0.27291666666666664 0.009375 0.0125
0 0.56640625 0.2682291666666667 0.009375 0.013541666666666667
0 0.48671875 0.2677083333333333 0.009375 0.0125
0 0.60078125 0.265625 0.009375 0.0125
0 0.80703125 0.2630208333333333 0.009375 0.011458333333333333
0 0.583203125 0.2640625 0.00859375 0.013541666666666667
0 0.541015625 0.2640625 0.00859375 0.013541666666666667
0 0.425 0.2630208333333333 0.009375 0.013541666666666667
0 0.40625 0.26197916666666665 0.009375 0.013541666666666667
0 0.506640625 0.25885416666666666 0.00859375 0.013541666666666667
0 0.46640625 0.259375 0.009375 0.014583333333333334
0 0.24453125 0.25885416666666666 0.009375 0.013541666666666667
0 0.663671875 0.25625 0.00859375 0.0125
0 0.3265625 0.25677083333333334 0.009375 0.013541666666666667
0 0.26171875 0.25364583333333335 0.009375 0.013541666666666667
0 0.43671875 0.24427083333333333 0.009375 0.013541666666666667
0 0.53203125 0.240625 0.009375 0.014583333333333334
0 0.676953125 0.23854166666666668 0.00859375 0.0125
0 0.496875 0.2390625 0.009375 0.013541666666666667
0 0.408203125 0.23958333333333334 0.00859375 0.014583333333333334
0 0.51484375 0.23802083333333332 0.009375 0.013541666666666667
0 0.81484375 0.23541666666666666 0.009375 0.0125
0 0.736328125 0.2328125 0.00859375 0.011458333333333333
0 0.309765625 0.23489583333333333 0.01015625 0.015625
0 0.337890625 0.23229166666666667 0.01015625 0.0125
0 0.469140625 0.23072916666666668 0.00859375 0.013541666666666667
0 0.166796875 0.228125 0.01015625 0.0125
0 0.5671875 0.22552083333333334 0.009375 0.013541666666666667
0 0.48671875 0.21979166666666666 0.009375 0.014583333333333334
0 0.5265625 0.21875 0.009375 0.014583333333333334
0 0.584375 0.2171875 0.009375 0.013541666666666667
0 0.64609375 0.21302083333333333 0.009375 0.013541666666666667
0 0.30703125 0.2140625 0.009375 0.015625
0 0.245703125 0.2125 0.01015625 0.0125
0 0.284765625 0.21197916666666666 0.01015625 0.013541666666666667
0 0.3484375 0.20885416666666667 0.009375 0.015625
0 0.073828125 0.2 0.00234375 0.00625
0 0.479296875 0.19947916666666668 0.00859375 0.015625
0 0.1015625 0.1984375 0.009375 0.013541666666666667
0 0.201953125 0.19895833333333332 0.01015625 0.016666666666666666
0 0.51953125 0.196875 0.009375 0.014583333333333334
0 0.3234375 0.19114583333333332 0.009375 0.013541666666666667
0 0.226953125 0.19010416666666666 0.00859375 0.013541666666666667
0 0.3453125 0.18697916666666667 0.009375 0.015625
0 0.169140625 0.1796875 0.00546875 0.005208333333333333
0 0.243359375 0.17708333333333334 0.00703125 0.0125
0 0.440625 0.1765625 0.009375 0.013541666666666667
0 0.2 0.17760416666666667 0.0109375 0.017708333333333333
0 0.28203125 0.1734375 0.009375 0.013541666666666667
0 0.329296875 0.16822916666666668 0.01015625 0.013541666666666667
0 0.29921875 0.1671875 0.009375 0.013541666666666667
0 0.22578125 0.16927083333333334 0.0109375 0.017708333333333333
0 0.160546875 0.159375 0.01015625 0.0125
0 0.470703125 0.159375 0.00859375 0.014583333333333334
0 0.63515625 0.15364583333333334 0.009375 0.013541666666666667
0 0.191015625 0.153125 0.01015625 0.0125
0 0.596875 0.15104166666666666 0.009375 0.014583333333333334
0 0.215625 0.14739583333333334 0.0109375 0.011458333333333333
0 0.31015625 0.14791666666666667 0.009375 0.014583333333333334
0 0.328125 0.14479166666666668 0.009375 0.014583333333333334
0 0.46484375 0.13541666666666666 0.009375 0.014583333333333334
0 0.180078125 0.13385416666666666 0.00859375 0.013541666666666667
0 0.4875 0.13229166666666667 0.00625 0.014583333333333334
0 0.35 0.12708333333333333 0.009375 0.014583333333333334
0 0.430078125 0.12604166666666666 0.00859375 0.014583333333333334
0 0.676171875 0.125 0.00859375 0.014583333333333334
0 0.30703125 0.125 0.009375 0.014583333333333334
0 0.2890625 0.1171875 0.009375 0.013541666666666667
0 0.47421875 0.11458333333333333 0.009375 0.014583333333333334
0 0.41328125 0.11458333333333333 0.009375 0.014583333333333334
0 0.455859375 0.11354166666666667 0.00859375 0.014583333333333334
0 0.194921875 0.1125 0.01015625 0.014583333333333334
0 0.320703125 0.10989583333333333 0.00859375 0.013541666666666667
0 0.43984375 0.10520833333333333 0.0078125 0.014583333333333334
