0 0.20390625 0.9276084407971864 0.0078125 0.004103165298944901
0 0.4765625 0.9100234466588512 0.00625 0.006447831184056272
0 0.402734375 0.9062133645955451 0.00859375 0.005861664712778429
0 0.556640625 0.8941969519343493 0.01171875 0.005275498241500586
0 0.4875 0.8936107854630715 0.0109375 0.005275498241500586
0 0.283984375 0.8871629542790153 0.00703125 0.0017584994138335288
0 0.604296875 0.8889214536928488 0.01015625 0.0076201641266119575
0 0.704296875 0.8821805392731535 0.01171875 0.010550996483001172
0 0.25859375 0.8745603751465416 0.00625 0.0035169988276670576
0 0.641796875 0.8745603751465416 0.01015625 0.007033997655334115
0 0.55859375 0.8757327080890973 0.0109375 0.009378663540445486
0 0.39296875 0.8692848769050411 0.00625 0.007033997655334115
0 0.339453125 0.8654747948417351 0.00234375 0.0017584994138335288
0 0.460546875 0.8675263774912075 0.00859375 0.008206330597889801
0 0.669921875 0.8669402110199297 0.01015625 0.009378663540445486
0 0.6265625 0.8640093786635404 0.0046875 0.0035169988276670576
0 0.366796875 0.8645955451348183 0.00703125 0.007033997655334115
0 0.653515625 0.8581477139507621 0.00390625 0.0035169988276670576
0 0.29140625 0.8558030480656507 0.0046875 0.0035169988276670576
0 0.40859375 0.854337631887456 0.009375 0.004103165298944901
0 0.38515625 0.8522860492379836 0.003125 0.0023446658851113715
0 0.598046875 0.8534583821805393 0.01015625 0.010550996483001172
0 0.481640625 0.85052754982415 0.01171875 0.010550996483001172
0 0.423046875 0.8385111371629543 0.00078125 0.0005861664712778429
0 0.666796875 0.8417350527549824 0.01171875 0.009378663540445486
0 0.4453125 0.8408558030480656 0.0109375 0.0076201641266119575
0 0.626171875 0.8408558030480656 0.00703125 0.00996483001172333
0 0.34921875 0.8385111371629543 0.009375 0.0076201641266119575
0 0.540625 0.8370457209847597 0.0109375 0.010550996483001172
0 0.306640625 0.8300117233294255 0.00234375 0.0023446658851113715
0 0.283203125 0.8332356389214537 0.01015625 0.00996483001172333
0 0.374609375 0.8235638921453693 0.00234375 0.0023446658851113715
0 0.633984375 0.82063305978898 0.00234375 0.0023446658851113715
0 0.707421875 0.8229777256740914 0.00703125 0.008206330597889801
0 0.34375 0.8138921453692849 0.0015625 0.0005861664712778429
0 0.18515625 0.8153575615474795 0.0109375 0.010550996483001172
0 0.3109375 0.8106682297772567 0.0015625 0.0023446658851113715
0 0.494140625 0.8141852286049238 0.01171875 0.010550996483001172
0 0.68046875 0.8109613130128956 0.0109375 0.00996483001172333
0 0.24921875 0.80978898007034 0.0109375 0.008792497069167644
0 0.722265625 0.8077373974208675 0.00859375 0.007033997655334115
0 0.2734375 0.8068581477139508 0.0078125 0.006447831184056272
0 0.70234375 0.8036342321219226 0.0046875 0.0023446658851113715
0 0.222265625 0.8056858147713951 0.01171875 0.006447831184056272
0 0.39453125 0.806271981242673 0.0109375 0.008792497069167644
0 0.5625 0.8033411488862837 0.0109375 0.00996483001172333
0 0.363671875 0.8036342321219226 0.01015625 0.010550996483001172
0 0.64765625 0.8027549824150059 0.009375 0.00996483001172333
0 0.440625 0.7963071512309496 0.0015625 0.0029308323563892145
0 0.3328125 0.7951348182883939 0.0078125 0.00996483001172333
0 0.72109375 0.7904454865181711 0.0046875 0.005275498241500586
0 0.547265625 0.7922039859320047 0.00859375 0.00996483001172333
0 0.494921875 0.7889800703399765 0.01171875 0.005861664712778429
0 0.291015625 0.7898593200468933 0.00703125 0.0076201641266119575
0 0.662890625 0.7898593200468933 0.01171875 0.008792497069167644
0 0.269140625 0.7892731535756154 0.00859375 0.0076201641266119575
0 0.2171875 0.7857561547479485 0.003125 0.0029308323563892145
0 0.402734375 0.787221570926143 0.00859375 0.009378663540445486
0 0.595703125 0.7845838218053928 0.01171875 0.00996483001172333
0 0.520703125 0.77989449003517 0.00078125 0.0005861664712778429
0 0.31484375 0.7813599062133646 0.0078125 0.005861664712778429
0 0.6453125 0.7793083235638921 0.0109375 0.008792497069167644
0 0.134765625 0.7787221570926143 0.00859375 0.0076201641266119575
0 0.237109375 0.7728604923798359 0.00078125 0.0005861664712778429
0 0.377734375 0.7754982415005862 0.00859375 0.007033997655334115
0 0.420703125 0.7752051582649473 0.01171875 0.0076201641266119575
0 0.74140625 0.7757913247362251 0.009375 0.00996483001172333
0 0.341796875 0.7719812426729191 0.00546875 0.0035169988276670576
0 0.198046875 0.7734466588511137 0.00703125 0.0076201641266119575
0 0.266015625 0.7708089097303634 0.00859375 0.004689331770222743
0 0.715625 0.7716881594372802 0.0125 0.008792497069167644
0 0.836328125 0.7693434935521688 0.01171875 0.008792497069167644
0 0.78359375 0.768464243845252 0.0125 0.009378663540445486
0 0.66484375 0.7664126611957796 0.0109375 0.008792497069167644
0 0.29296875 0.7628956623681126 0.00625 0.004103165298944901
0 0.31796875 0.761430246189918 0.0078125 0.005861664712778429
0 0.7578125 0.7587924970691676 0.0125 0.0076201641266119575
0 0.54453125 0.7576201641266119 0.0109375 0.00996483001172333
0 0.248828125 0.7555685814771395 0.00703125 0.005861664712778429
0 0.346875 0.7535169988276671 0.0109375 0.006447831184056272
0 0.725390625 0.7529308323563892 0.01171875 0.008792497069167644
0 0.653515625 0.7494138335287222 0.00859375 0.008792497069167644
0 0.69609375 0.7467760844079718 0.0109375 0.007033997655334115
0 0.327734375 0.7438452520515827 0.00234375 0.0023446658851113715
0 0.301953125 0.742672919109027 0.01171875 0.004689331770222743
0 0.67421875 0.7423798358733881 0.0109375 0.00996483001172333
0 0.759375 0.7409144196951934 0.0125 0.008206330597889801
0 0.230859375 0.7394490035169988 0.01015625 0.006447831184056272
0 0.633984375 0.7403282532239156 0.01171875 0.009378663540445486
0 0.25703125 0.7371043376318874 0.0078125 0.005275498241500586
0 0.376171875 0.7341735052754983 0.00703125 0.005275498241500586
0 0.83984375 0.731535756154748 0.0125 0.009378663540445486
0 0.280078125 0.7297772567409144 0.01015625 0.005861664712778429
0 0.3578125 0.7259671746776084 0.0015625 0.0017584994138335288
0 0.696484375 0.7288980070339977 0.01015625 0.008792497069167644
0 0.332421875 0.7256740914419695 0.00546875 0.0035169988276670576
0 0.430078125 0.7247948417350527 0.01171875 0.0076201641266119575
0 0.355859375 0.7215709261430246 0.00078125 0.0011723329425556857
0 0.30625 0.7242086752637749 0.009375 0.006447831184056272
0 0.2421875 0.7227432590855803 0.0109375 0.007033997655334115
0 0.792578125 0.7230363423212193 0.01171875 0.008792497069167644
0 0.265234375 0.7154161781946072 0.01171875 0.006447831184056272
0 0.2140625 0.7121922626025792 0.0109375 0.007033997655334115
0 0.773828125 0.7116060961313013 0.01171875 0.007033997655334115
0 0.322265625 0.7092614302461899 0.01015625 0.005861664712778429
0 0.2890625 0.7077960140679953 0.0046875 0.005275498241500586
0 0.14609375 0.7066236811254396 0.0109375 0.006447831184056272
0 0.821875 0.7066236811254396 0.0125 0.008792497069167644
0 0.187109375 0.7033997655334114 0.01171875 0.007033997655334115
0 0.2375 0.7025205158264948 0.009375 0.006447831184056272
0 0.713671875 0.7025205158264948 0.01171875 0.008792497069167644
0 0.80078125 0.6998827667057445 0.00625 0.007033997655334115
0 0.554296875 0.6990035169988277 0.00703125 0.005275498241500586
0 0.31171875 0.6949003516998827 0.00625 0.006447831184056272
0 0.27109375 0.6928487690504103 0.0015625 0.0023446658851113715
0 0.38203125 0.6957796014067995 0.0109375 0.009378663540445486
0 0.741796875 0.6943141852286049 0.01171875 0.0076201641266119575
0 0.775 0.694021101992966 0.0109375 0.008206330597889801
0 0.634375 0.6943141852286049 0.0109375 0.008792497069167644
0 0.358984375 0.6910902696365768 0.00546875 0.004689331770222743
0 0.169921875 0.690504103165299 0.01328125 0.007033997655334115
0 0.21953125 0.6896248534583822 0.009375 0.006447831184056272
0 0.333984375 0.6893317702227433 0.01171875 0.007033997655334115
0 0.5359375 0.6893317702227433 0.009375 0.008206330597889801
0 0.5125 0.686694021101993 0.0109375 0.005275498241500586
0 0.817578125 0.6872801875732708 0.01015625 0.008792497069167644
0 0.292578125 0.6840562719812426 0.00546875 0.0035169988276670576
0 0.243359375 0.6840562719812426 0.01015625 0.005861664712778429
0 0.571484375 0.682590855803048 0.01015625 0.0076201641266119575
0 0.76171875 0.6808323563892146 0.009375 0.0076201641266119575
0 0.734765625 0.6784876905041032 0.00546875 0.0076201641266119575
0 0.3921875 0.6784876905041032 0.0125 0.0076201641266119575
0 0.79921875 0.6781946072684643 0.0125 0.008206330597889801
0 0.201171875 0.6764361078546307 0.00859375 0.007033997655334115
0 0.268359375 0.6743845252051582 0.01171875 0.005275498241500586
0 0.550390625 0.6749706916764361 0.01171875 0.0076201641266119575
0 0.313671875 0.6746776084407972 0.01171875 0.007033997655334115
0 0.611328125 0.6729191090269636 0.01015625 0.005861664712778429
0 0.351953125 0.6732121922626025 0.01171875 0.0076201641266119575
0 0.16953125 0.6673505275498242 0.0109375 0.006447831184056272
0 0.775 0.6676436107854631 0.0109375 0.008206330597889801
0 0.7484375 0.6673505275498242 0.0109375 0.0076201641266119575
0 0.837109375 0.6673505275498242 0.01171875 0.008792497069167644
0 0.291796875 0.6650058616647128 0.01171875 0.006447831184056272
0 0.245703125 0.664126611957796 0.01015625 0.004689331770222743
0 0.219921875 0.6638335287221571 0.01171875 0.006447831184056272
0 0.626171875 0.6611957796014069 0.01171875 0.008206330597889801
0 0.33359375 0.660609613130129 0.0109375 0.007033997655334115
0 0.79453125 0.6591441969519344 0.0125 0.008792497069167644
0 0.378515625 0.6573856975381008 0.01015625 0.005275498241500586
0 0.146875 0.6573856975381008 0.009375 0.006447831184056272
0 0.5375 0.6570926143024619 0.0109375 0.008206330597889801
0 0.71640625 0.6559202813599062 0.0109375 0.008206330597889801
0 0.271875 0.6550410316529894 0.0109375 0.006447831184056272
0 0.31171875 0.6550410316529894 0.0125 0.008792497069167644
0 0.361328125 0.6503516998827668 0.00234375 0.0017584994138335288
0 0.351953125 0.6488862837045721 0.00078125 0.0011723329425556857
0 0.738671875 0.6521101992966002 0.01015625 0.008792497069167644
0 0.445703125 0.6503516998827668 0.01015625 0.006447831184056272
0 0.768359375 0.6506447831184057 0.01171875 0.008206330597889801
0 0.208984375 0.6468347010550997 0.00859375 0.005275498241500586
0 0.2484375 0.645369284876905 0.0109375 0.005861664712778429
0 0.663671875 0.6444900351699883 0.01171875 0.008792497069167644
0 0.291015625 0.6436107854630715 0.01171875 0.007033997655334115
0 0.33515625 0.6403868698710434 0.0109375 0.0076201641266119575
0 0.38046875 0.6398007033997656 0.0125 0.0076201641266119575
0 0.844921875 0.6427315357561547 0.03046875 0.016998827667057445
0 0.708203125 0.6371629542790153 0.01015625 0.005861664712778429
0 0.626953125 0.6374560375146542 0.01171875 0.008792497069167644
0 0.228515625 0.6351113716295428 0.01171875 0.005275498241500586
0 0.26953125 0.6345252051582649 0.0125 0.006447831184056272
0 0.178515625 0.6336459554513482 0.00234375 0.004689331770222743
0 0.3125 0.6348182883939039 0.0125 0.008206330597889801
0 0.792578125 0.6336459554513482 0.01171875 0.008206330597889801
0 0.561328125 0.6339390386869871 0.01171875 0.008792497069167644
0 0.42734375 0.6318874560375146 0.0109375 0.005861664712778429
0 0.20234375 0.6289566236811255 0.009375 0.005861664712778429
0 0.815625 0.6295427901524033 0.0109375 0.008206330597889801
0 0.349609375 0.6260257913247362 0.01171875 0.005861664712778429
0 0.748828125 0.6225087924970691 0.00703125 0.0035169988276670576
0 0.24765625 0.6216295427901524 0.0109375 0.006447831184056272
0 0.57890625 0.6207502930832356 0.0109375 0.008206330597889801
0 0.855859375 0.61957796014068 0.00859375 0.008206330597889801
0 0.126953125 0.6186987104337632 0.01171875 0.006447831184056272
0 0.326953125 0.6181125439624854 0.01171875 0.006447831184056272
0 0.2234375 0.6166471277842908 0.00625 0.0035169988276670576
0 0.301953125 0.6175263774912075 0.01171875 0.006447831184056272
0 0.277734375 0.6160609613130129 0.01015625 0.005861664712778429
0 0.419140625 0.615767878077374 0.01171875 0.006447831184056272
0 0.397265625 0.6093200468933178 0.01171875 0.0076201641266119575
0 0.346875 0.6090269636576788 0.0125 0.007033997655334115
0 0.823828125 0.6069753810082064 0.01171875 0.008792497069167644
0 0.256640625 0.6037514654161782 0.01171875 0.005861664712778429
0 0.206640625 0.6031652989449003 0.00546875 0.004689331770222743
0 0.751171875 0.6031652989449003 0.01171875 0.008206330597889801
0 0.612109375 0.5996483001172332 0.00859375 0.008206330597889801
0 0.230859375 0.5987690504103166 0.01015625 0.006447831184056272
0 0.15546875 0.5981828839390387 0.0109375 0.005275498241500586
0 0.423828125 0.5990621336459554 0.01171875 0.008206330597889801
0 0.18125 0.597303634232122 0.009375 0.004689331770222743
0 0.80546875 0.597303634232122 0.0109375 0.008206330597889801
0 0.290625 0.5958382180539273 0.0125 0.006447831184056272
0 0.344140625 0.5899765533411488 0.01171875 0.006447831184056272
0 0.25 0.5861664712778429 0.0109375 0.004689331770222743
0 0.823828125 0.5855803048065651 0.00703125 0.008206330597889801
0 0.20390625 0.5835287221570926 0.0046875 0.004103165298944901
0 0.17890625 0.5785463071512309 0.0109375 0.005861664712778429
0 0.226953125 0.5779601406799532 0.01171875 0.005861664712778429
0 0.144140625 0.5762016412661196 0.01015625 0.005861664712778429
0 0.671484375 0.5770808909730364 0.01171875 0.008792497069167644
0 0.39140625 0.5744431418522861 0.0125 0.007033997655334115
0 0.838671875 0.5741500586166471 0.01015625 0.008792497069167644
0 0.805859375 0.5735638921453693 0.01171875 0.008792497069167644
0 0.2515625 0.5679953106682297 0.0109375 0.005861664712778429
0 0.500390625 0.5682883939038686 0.01171875 0.008792497069167644
0 0.857421875 0.5659437280187574 0.01171875 0.008792497069167644
0 0.289453125 0.5647713950762017 0.01171875 0.0076201641266119575
0 0.73125 0.563599062133646 0.0109375 0.0076201641266119575
0 0.16484375 0.5624267291910903 0.0109375 0.005275498241500586
0 0.7671875 0.5615474794841735 0.009375 0.008206330597889801
0 0.191796875 0.5583235638921453 0.00390625 0.0029308323563892145
0 0.217578125 0.5580304806565064 0.01015625 0.005861664712778429
0 0.7890625 0.5589097303634232 0.009375 0.008792497069167644
0 0.342578125 0.5556858147713951 0.01171875 0.007033997655334115
0 0.3140625 0.5539273153575616 0.0046875 0.005861664712778429
0 0.26796875 0.552168815943728 0.0015625 0.0023446658851113715
0 0.136328125 0.5527549824150059 0.01328125 0.005861664712778429
0 0.386328125 0.5507033997655334 0.01171875 0.006447831184056272
0 0.23984375 0.5454279015240329 0.0078125 0.004103165298944901
0 0.17421875 0.544841735052755 0.009375 0.005275498241500586
0 0.80703125 0.5451348182883939 0.0078125 0.008206330597889801
0 0.3609375 0.5433763188745604 0.0125 0.005861664712778429
0 0.20234375 0.5424970691676436 0.0109375 0.005275498241500586
0 0.765234375 0.5404454865181711 0.01171875 0.007033997655334115
0 0.315625 0.5351699882766706 0.0125 0.005861664712778429
0 0.4390625 0.5342907385697538 0.0125 0.006447831184056272
0 0.27890625 0.5325322391559203 0.0109375 0.006447831184056272
0 0.7015625 0.5313599062133646 0.0078125 0.006447831184056272
0 0.252734375 0.5304806565064478 0.01171875 0.005861664712778429
0 0.1375 0.5304806565064478 0.009375 0.005861664712778429
0 0.2203125 0.5293083235638921 0.0109375 0.005861664712778429
0 0.815234375 0.52989449003517 0.01171875 0.008206330597889801
0 0.18828125 0.5272567409144197 0.0078125 0.005275498241500586
0 0.398046875 0.5269636576787807 0.01171875 0.007033997655334115
0 0.1609375 0.5199296600234466 0.0046875 0.0035169988276670576
0 0.44921875 0.5175849941383353 0.009375 0.005861664712778429
0 0.118359375 0.5169988276670574 0.00703125 0.004689331770222743
0 0.26953125 0.5155334114888629 0.0125 0.006447831184056272
0 0.724609375 0.5155334114888629 0.01171875 0.0076201641266119575
0 0.601171875 0.515240328253224 0.01171875 0.007033997655334115
0 0.512890625 0.5146541617819461 0.01171875 0.007033997655334115
0 0.82734375 0.5146541617819461 0.0125 0.008206330597889801
0 0.80625 0.5140679953106683 0.0109375 0.008206330597889801
0 0.69140625 0.5128956623681126 0.0109375 0.008206330597889801
0 0.208984375 0.5093786635404455 0.01171875 0.005861664712778429
0 0.550390625 0.5084994138335287 0.01015625 0.0076201641266119575
0 0.784765625 0.5061547479484173 0.01015625 0.008792497069167644
0 0.37734375 0.5049824150058617 0.0109375 0.006447831184056272
0 0.358203125 0.5023446658851114 0.00390625 0.0023446658851113715
0 0.348046875 0.5017584994138335 0.00078125 0.0011723329425556857
0 0.4015625 0.503810082063306 0.0109375 0.006447831184056272
0 0.167578125 0.5017584994138335 0.01171875 0.004689331770222743
0 0.13203125 0.4997069167643611 0.0109375 0.005275498241500586
0 0.83125 0.4976553341148886 0.0125 0.008206330597889801
0 0.26796875 0.49413833528722156 0.0109375 0.005861664712778429
0 0.753125 0.4944314185228605 0.0109375 0.008792497069167644
0 0.851171875 0.49296600234466587 0.01328125 0.008206330597889801
0 0.51640625 0.4912075029308324 0.0078125 0.004689331770222743
0 0.31796875 0.4915005861664713 0.0125 0.006447831184056272
0 0.215234375 0.4876905041031653 0.01171875 0.005861664712778429
0 0.369921875 0.48710433763188743 0.01171875 0.005861664712778429
0 0.24453125 0.48710433763188743 0.0125 0.005861664712778429
0 0.15078125 0.48710433763188743 0.0109375 0.005861664712778429
0 0.39453125 0.48651817116060964 0.0109375 0.005861664712778429
0 0.80859375 0.48651817116060964 0.0125 0.008206330597889801
0 0.17578125 0.4847596717467761 0.0109375 0.005861664712778429
0 0.772265625 0.4824150058616647 0.01015625 0.008206330597889801
0 0.337109375 0.4803634232121923 0.01328125 0.006447831184056272
0 0.301953125 0.4771395076201641 0.01171875 0.005861664712778429
0 0.444140625 0.4768464243845252 0.01015625 0.0076201641266119575
0 0.19609375 0.47332942555685814 0.0125 0.006447831184056272
0 0.790625 0.4715709261430246 0.009375 0.008792497069167644
0 0.378515625 0.4706916764361079 0.01171875 0.007033997655334115
0 0.248828125 0.46893317702227433 0.01171875 0.005861664712778429
0 0.221875 0.46893317702227433 0.0125 0.005861664712778429
0 0.42265625 0.46805392731535755 0.0109375 0.005275498241500586
0 0.356640625 0.46600234466588514 0.00546875 0.004689331770222743
0 0.63125 0.46658851113716293 0.0109375 0.007033997655334115
0 0.322265625 0.46483001172332944 0.01015625 0.004689331770222743
0 0.685546875 0.4657092614302462 0.01171875 0.0076201641266119575
0 0.65390625 0.46512309495896836 0.0109375 0.0076201641266119575
0 0.809765625 0.46483001172332944 0.01171875 0.008206330597889801
0 0.480078125 0.46365767878077374 0.01171875 0.005861664712778429
0 0.28671875 0.46277842907385697 0.0125 0.006447831184056272
0 0.770703125 0.4630715123094959 0.01171875 0.008206330597889801
0 0.399609375 0.46131301289566234 0.01171875 0.005861664712778429
0 0.837109375 0.4618991793669402 0.01015625 0.008206330597889801
0 0.748828125 0.458968347010551 0.01171875 0.008206330597889801
0 0.44296875 0.4563305978898007 0.009375 0.005275498241500586
0 0.59609375 0.4563305978898007 0.0109375 0.006447831184056272
0 0.551953125 0.45603751465416176 0.01015625 0.005861664712778429
0 0.857421875 0.4548651817116061 0.01015625 0.008206330597889801
0 0.165234375 0.45398593200468934 0.01015625 0.006447831184056272
0 0.3765625 0.451348182883939 0.0109375 0.005861664712778429
0 0.228125 0.45076201641266117 0.0109375 0.004689331770222743
0 0.465234375 0.4504689331770223 0.01171875 0.006447831184056272
0 0.330859375 0.4490035169988277 0.00859375 0.0035169988276670576
0 0.323046875 0.44753810082063306 0.00078125 0.0005861664712778429
0 0.420703125 0.44958968347010553 0.01171875 0.005861664712778429
0 0.698046875 0.4504689331770223 0.01015625 0.008792497069167644
0 0.817578125 0.44841735052754983 0.01015625 0.008206330597889801
0 0.571484375 0.447831184056272 0.01171875 0.007033997655334115
0 0.49765625 0.4466588511137163 0.0078125 0.005861664712778429
0 0.273046875 0.4466588511137163 0.01171875 0.007033997655334115
0 0.767578125 0.44607268464243843 0.01015625 0.008206330597889801
0 0.842578125 0.4416764361078546 0.00078125 0.0005861664712778429
0 0.837890625 0.4413833528722157 0.00703125 0.0011723329425556857
0 0.7203125 0.4449003516998828 0.0109375 0.008206330597889801
0 0.443359375 0.44109026963657677 0.00078125 0.0005861664712778429
0 0.525 0.44343493552168817 0.0109375 0.006447831184056272
0 0.398046875 0.44460726846424387 0.01171875 0.008792497069167644
0 0.45 0.44079718640093785 0.0046875 0.0023446658851113715
0 0.44140625 0.44021101992966 0.0015625 0.0011723329425556857
0 0.79609375 0.44343493552168817 0.0125 0.008792497069167644
0 0.305078125 0.4416764361078546 0.01171875 0.005275498241500586
0 0.35703125 0.43991793669402113 0.0125 0.006447831184056272
0 0.678515625 0.43786635404454866 0.01015625 0.007033997655334115
0 0.862890625 0.43786635404454866 0.01171875 0.008206330597889801
0 0.5453125 0.43640093786635403 0.0109375 0.006447831184056272
0 0.15546875 0.4381594372801876 0.0125 0.00996483001172333
0 0.37890625 0.43141852286049237 0.0125 0.005861664712778429
0 0.22109375 0.4331770222743259 0.0125 0.009378663540445486
0 0.42578125 0.43112543962485345 0.0109375 0.006447831184056272
0 0.755859375 0.43141852286049237 0.01015625 0.008206330597889801
0 0.65703125 0.43141852286049237 0.0109375 0.008206330597889801
0 0.81171875 0.4308323563892145 0.0125 0.008206330597889801
0 0.49375 0.42790152403282533 0.009375 0.004689331770222743
0 0.263671875 0.42819460726846426 0.00859375 0.005275498241500586
0 0.335546875 0.4276084407971864 0.01171875 0.006447831184056272
0 0.845703125 0.4273153575615475 0.00703125 0.007033997655334115
0 0.7796875 0.4276084407971864 0.0109375 0.008792497069167644
0 0.46640625 0.42555685814771393 0.0078125 0.004689331770222743
0 0.360546875 0.4235052754982415 0.00078125 0.0005861664712778429
0 0.401953125 0.425263774912075 0.01171875 0.006447831184056272
0 0.56796875 0.4220398593200469 0.0015625 0.0011723329425556857
0 0.363671875 0.4220398593200469 0.00390625 0.0023446658851113715
0 0.353515625 0.42174677608440797 0.00234375 0.0017584994138335288
0 0.287109375 0.4232121922626026 0.01171875 0.008206330597889801
0 0.721875 0.4220398593200469 0.0078125 0.008206330597889801
0 0.3125 0.4191090269636577 0.0125 0.005861664712778429
0 0.24140625 0.4199882766705744 0.0140625 0.0076201641266119575
0 0.540234375 0.4191090269636577 0.01015625 0.007033997655334115
0 0.444140625 0.417936694021102 0.01171875 0.005861664712778429
0 0.863671875 0.4188159437280188 0.01171875 0.008792497069167644
0 0.7421875 0.41822977725674093 0.0109375 0.008792497069167644
0 0.82578125 0.4176436107854631 0.0109375 0.008792497069167644
0 0.683984375 0.4167643610785463 0.00859375 0.008206330597889801
0 0.640234375 0.4144196951934349 0.00859375 0.004689331770222743
0 0.7640625 0.4152989449003517 0.0109375 0.008792497069167644
0 0.8046875 0.4144196951934349 0.0125 0.008206330597889801
0 0.38203125 0.41295427901524034 0.0109375 0.005275498241500586
0 0.60703125 0.4135404454865182 0.0109375 0.0076201641266119575
0 0.421875 0.4123681125439625 0.0078125 0.005275498241500586
0 0.115234375 0.414126611957796 0.01328125 0.00996483001172333
0 0.339453125 0.4097303634232122 0.01171875 0.007033997655334115
0 0.844140625 0.4082649472450176 0.01171875 0.008792497069167644
0 0.721875 0.40328253223915594 0.0015625 0.0011723329425556857
0 0.705078125 0.4070926143024619 0.01171875 0.008792497069167644
0 0.4609375 0.4047479484173505 0.009375 0.005275498241500586
0 0.2109375 0.40738569753810083 0.0125 0.010550996483001172
0 0.140234375 0.4070926143024619 0.01328125 0.00996483001172333
0 0.723046875 0.4018171160609613 0.00078125 0.0005861664712778429
0 0.724609375 0.40123094958968347 0.00078125 0.0005861664712778429
0 0.291796875 0.4047479484173505 0.01171875 0.0076201641266119575
0 0.256640625 0.40386869871043374 0.01328125 0.005861664712778429
0 0.726953125 0.4006447831184056 0.00234375 0.0005861664712778429
0 0.40078125 0.40240328253223917 0.0109375 0.006447831184056272
0 0.36171875 0.402989449003517 0.0125 0.0076201641266119575
0 0.669140625 0.4015240328253224 0.00859375 0.007033997655334115
0 0.316796875 0.4006447831184056 0.01171875 0.006447831184056272
0 0.817578125 0.399179366940211 0.00703125 0.005861664712778429
0 0.5140625 0.39976553341148885 0.0109375 0.007033997655334115
0 0.774609375 0.3994724501758499 0.01171875 0.008792497069167644
0 0.862109375 0.39859320046893315 0.01328125 0.008206330597889801
0 0.63046875 0.39536928487690504 0.0109375 0.006447831184056272
0 0.43203125 0.3950762016412661 0.0109375 0.007033997655334115
0 0.19140625 0.39536928487690504 0.0125 0.00996483001172333
0 0.565625 0.39126611957796015 0.0109375 0.006447831184056272
0 0.3375 0.3909730363423212 0.0125 0.007033997655334115
0 0.27421875 0.39009378663540445 0.0125 0.005275498241500586
0 0.6953125 0.39126611957796015 0.009375 0.008792497069167644
0 0.22421875 0.3895076201641266 0.0109375 0.006447831184056272
0 0.651953125 0.3892145369284877 0.01015625 0.007033997655334115
0 0.73671875 0.3883352872215709 0.0109375 0.008792497069167644
0 0.384375 0.388042203985932 0.0109375 0.008206330597889801
0 0.452734375 0.38569753810082064 0.01015625 0.005861664712778429
0 0.24921875 0.3865767878077374 0.0125 0.0076201641266119575
0 0.760546875 0.3839390386869871 0.00703125 0.0035169988276670576
0 0.301953125 0.3851113716295428 0.01328125 0.005861664712778429
0 0.409375 0.38481828839390386 0.0109375 0.006447831184056272
0 0.79921875 0.38452520515826494 0.0109375 0.008206330597889801
0 0.360546875 0.3839390386869871 0.01171875 0.007033997655334115
0 0.673828125 0.3839390386869871 0.01015625 0.008206330597889801
0 0.822265625 0.3830597889800703 0.01171875 0.008792497069167644
0 0.715234375 0.3824736225087925 0.00859375 0.0076201641266119575
0 0.8671875 0.38188745603751467 0.0140625 0.008792497069167644
0 0.84765625 0.3786635404454865 0.0140625 0.008206330597889801
0 0.778125 0.3789566236811254 0.0125 0.008792497069167644
0 0.4890625 0.3783704572098476 0.0109375 0.0076201641266119575
0 0.594140625 0.37749120750293086 0.01015625 0.007033997655334115
0 0.43125 0.37719812426729193 0.0125 0.0076201641266119575
0 0.205859375 0.3754396248534584 0.01171875 0.005275498241500586
0 0.571875 0.3742672919109027 0.0109375 0.0076201641266119575
0 0.5484375 0.37368112543962484 0.0109375 0.006447831184056272
0 0.6328125 0.373094958968347 0.009375 0.006447831184056272
0 0.6921875 0.3733880422039859 0.009375 0.008206330597889801
0 0.3421875 0.37221570926143027 0.0109375 0.007033997655334115
0 0.2828125 0.37250879249706914 0.0109375 0.0076201641266119575
0 0.23125 0.37280187573270807 0.0125 0.008206330597889801
0 0.65546875 0.3716295427901524 0.009375 0.007033997655334115
0 0.746875 0.37192262602579135 0.0109375 0.008792497069167644
0 0.316796875 0.36957796014067995 0.00703125 0.005275498241500586
0 0.394140625 0.3698710433763189 0.01171875 0.007033997655334115
0 0.4609375 0.3689917936694021 0.009375 0.0076201641266119575
0 0.257421875 0.3698710433763189 0.01328125 0.009378663540445486
0 0.821484375 0.3660609613130129 0.00390625 0.004103165298944901
0 0.36953125 0.36723329425556855 0.0125 0.0076201641266119575
0 0.723828125 0.3669402110199297 0.01015625 0.008206330597889801
0 0.8328125 0.3625439624853458 0.0015625 0.0005861664712778429
0 0.825390625 0.3625439624853458 0.00078125 0.0005861664712778429
0 0.827734375 0.361957796014068 0.00234375 0.0005861664712778429
0 0.80625 0.365767878077374 0.0140625 0.008206330597889801
0 0.864453125 0.3648886283704572 0.01015625 0.0076201641266119575
0 0.67734375 0.36107854630715125 0.0046875 0.004689331770222743
0 0.615625 0.3613716295427902 0.0078125 0.005275498241500586
0 0.416015625 0.3625439624853458 0.01171875 0.0076201641266119575
0 0.4828125 0.35990621336459555 0.00625 0.004689331770222743
0 0.76875 0.3613716295427902 0.0125 0.008792497069167644
0 0.208984375 0.35726846424384523 0.00078125 0.0005861664712778429
0 0.5078125 0.3604923798358734 0.0109375 0.008206330597889801
0 0.440234375 0.3593200468933177 0.01171875 0.008206330597889801
0 0.70390625 0.35844079718640093 0.0109375 0.008792497069167644
0 0.641796875 0.3569753810082063 0.00859375 0.007033997655334115
0 0.530859375 0.3569753810082063 0.01171875 0.007033997655334115
0 0.215625 0.3560961313012896 0.0125 0.005275498241500586
0 0.301171875 0.3560961313012896 0.01015625 0.0076201641266119575
0 0.844921875 0.35580304806565066 0.01171875 0.008206330597889801
0 0.351171875 0.3552168815943728 0.01171875 0.007033997655334115
0 0.273828125 0.35433763188745604 0.01015625 0.006447831184056272
0 0.746484375 0.35433763188745604 0.01171875 0.008792497069167644
0 0.576171875 0.350820633059789 0.01015625 0.0076201641266119575
0 0.460546875 0.3505275498241501 0.01171875 0.008206330597889801
0 0.39921875 0.34788980070339975 0.0078125 0.006447831184056272
0 0.8046875 0.3481828839390387 0.0125 0.008206330597889801
0 0.373828125 0.3473036342321219 0.01015625 0.006447831184056272
0 0.247265625 0.34759671746776083 0.01171875 0.007033997655334115
0 0.86875 0.34759671746776083 0.0109375 0.008206330597889801
0 0.66171875 0.3473036342321219 0.009375 0.0076201641266119575
0 0.599609375 0.3473036342321219 0.01171875 0.0076201641266119575
0 0.33046875 0.34613130128956626 0.009375 0.0076201641266119575
0 0.828125 0.34261430246189917 0.0046875 0.0017584994138335288
0 0.623828125 0.34583821805392734 0.01015625 0.008206330597889801
0 0.494921875 0.3452520515826495 0.00859375 0.007033997655334115
0 0.55 0.34349355216881594 0.0046875 0.004689331770222743
0 0.421875 0.34466588511137164 0.0109375 0.008206330597889801
0 0.766796875 0.34378663540445487 0.01171875 0.008792497069167644
0 0.68359375 0.34056271981242675 0.0078125 0.007033997655334115
0 0.70546875 0.34056271981242675 0.009375 0.008206330597889801
0 0.523828125 0.34056271981242675 0.00859375 0.008206330597889801
0 0.28828125 0.33939038686987105 0.009375 0.008206330597889801
0 0.85078125 0.3388042203985932 0.009375 0.008206330597889801
0 0.4453125 0.3385111371629543 0.0078125 0.0076201641266119575
0 0.354296875 0.33675263774912073 0.00546875 0.004103165298944901
0 0.208984375 0.33528722157092616 0.00546875 0.0011723329425556857
0 0.746875 0.3361664712778429 0.0109375 0.008792497069167644
0 0.262890625 0.33499413833528724 0.01171875 0.008792497069167644
0 0.566796875 0.33382180539273154 0.01015625 0.0076201641266119575
0 0.6390625 0.3323563892145369 0.0109375 0.007033997655334115
0 0.814453125 0.332063305978898 0.01015625 0.0076201641266119575
0 0.72421875 0.3323563892145369 0.0109375 0.008206330597889801
0 0.376953125 0.3300117233294256 0.00546875 0.0035169988276670576
0 0.312109375 0.332063305978898 0.01015625 0.0076201641266119575
0 0.791796875 0.332063305978898 0.01171875 0.008792497069167644
0 0.233203125 0.3323563892145369 0.01328125 0.009378663540445486
0 0.46796875 0.3305978898007034 0.00625 0.007033997655334115
0 0.608203125 0.3300117233294256 0.01015625 0.007033997655334115
0 0.425 0.32825322391559203 0.0078125 0.0035169988276670576
0 0.663671875 0.3291324736225088 0.00703125 0.006447831184056272
0 0.86875 0.32942555685814773 0.0109375 0.008206330597889801
0 0.53984375 0.3276670574443142 0.009375 0.008206330597889801
0 0.48984375 0.3267878077373974 0.009375 0.006447831184056272
0 0.4 0.32415005861664714 0.003125 0.0023446658851113715
0 0.699609375 0.3238569753810082 0.00390625 0.005275498241500586
0 0.586328125 0.32415005861664714 0.01015625 0.007033997655334115
0 0.334765625 0.3226846424384525 0.01171875 0.006447831184056272
0 0.291015625 0.32092614302461897 0.00546875 0.004103165298944901
0 0.76015625 0.3226846424384525 0.0109375 0.008792497069167644
0 0.84765625 0.3212192262602579 0.0109375 0.008206330597889801
0 0.44921875 0.3191676436107855 0.0046875 0.005275498241500586
0 0.2015625 0.32092614302461897 0.0109375 0.008792497069167644
0 0.514453125 0.31858147713950763 0.00859375 0.006447831184056272
0 0.626171875 0.31770222743259086 0.00859375 0.007033997655334115
0 0.826171875 0.317116060961313 0.01015625 0.008206330597889801
0 0.7390625 0.31740914419695193 0.009375 0.008792497069167644
0 0.558984375 0.31652989449003516 0.00859375 0.007033997655334115
0 0.80234375 0.3168229777256741 0.0109375 0.008792497069167644
0 0.313671875 0.31359906213364597 0.00234375 0.0023446658851113715
0 0.715625 0.3159437280187573 0.0109375 0.008206330597889801
0 0.225 0.31330597889800704 0.00625 0.004103165298944901
0 0.779296875 0.31447831184056274 0.01171875 0.008792497069167644
0 0.36484375 0.3130128956623681 0.00625 0.008206330597889801
0 0.4703125 0.31242672919109027 0.0078125 0.008206330597889801
0 0.864453125 0.3115474794841735 0.01328125 0.0076201641266119575
0 0.666015625 0.31125439624853457 0.00703125 0.007033997655334115
0 0.603125 0.3118405627198124 0.009375 0.008206330597889801
0 0.433203125 0.31125439624853457 0.00703125 0.007033997655334115
0 0.494140625 0.3094958968347011 0.00546875 0.005861664712778429
0 0.389453125 0.3086166471277843 0.00234375 0.004103165298944901
0 0.5375 0.3086166471277843 0.003125 0.005275498241500586
0 0.410546875 0.3062719812426729 0.00234375 0.004103165298944901
0 0.687109375 0.3071512309495897 0.00859375 0.007033997655334115
0 0.276171875 0.3050996483001172 0.00703125 0.005275498241500586
0 0.341015625 0.3048065650644783 0.00859375 0.005861664712778429
0 0.840625 0.3045134818288394 0.0109375 0.006447831184056272
0 0.76875 0.30158264947245017 0.0015625 0.0005861664712778429
0 0.24765625 0.3045134818288394 0.0109375 0.006447831184056272
0 0.579296875 0.3042203985932005 0.00859375 0.007033997655334115
0 0.64765625 0.30246189917936694 0.0046875 0.007033997655334115
0 0.751171875 0.30275498241500587 0.01015625 0.008792497069167644
0 0.212109375 0.29923798358733883 0.00078125 0.0017584994138335288
0 0.815234375 0.302168815943728 0.01171875 0.008792497069167644
0 0.515625 0.3009964830011723 0.00625 0.006447831184056272
0 0.211328125 0.2974794841735053 0.00078125 0.0005861664712778429
0 0.728125 0.3009964830011723 0.0109375 0.008792497069167644
0 0.794140625 0.30041031652989447 0.01015625 0.008792497069167644
0 0.766015625 0.2974794841735053 0.00078125 0.0029308323563892145
0 0.620703125 0.29923798358733883 0.00703125 0.006447831184056272
0 0.209765625 0.29572098475967173 0.00078125 0.0005861664712778429
0 0.766796875 0.2951348182883939 0.00078125 0.0005861664712778429
0 0.555859375 0.29835873388042206 0.00859375 0.008206330597889801
0 0.434765625 0.29601406799531066 0.00546875 0.0035169988276670576
0 0.31953125 0.29572098475967173 0.0015625 0.0029308323563892145
0 0.7046875 0.29572098475967173 0.0078125 0.0076201641266119575
0 0.45703125 0.29572098475967173 0.0109375 0.0076201641266119575
0 0.873828125 0.2951348182883939 0.00859375 0.0076201641266119575
0 0.362109375 0.29396248534583824 0.00703125 0.0076201641266119575
0 0.29375 0.29279015240328254 0.0078125 0.005275498241500586
0 0.483203125 0.29279015240328254 0.00390625 0.006447831184056272
0 0.596875 0.29279015240328254 0.0078125 0.0076201641266119575
0 0.534375 0.29073856975381007 0.0078125 0.007033997655334115
0 0.386328125 0.2889800703399766 0.00546875 0.0035169988276670576
0 0.852734375 0.2898593200468933 0.01015625 0.0076201641266119575
0 0.26171875 0.28868698710433766 0.009375 0.005275498241500586
0 0.68359375 0.28927315357561545 0.0078125 0.0076201641266119575
0 0.661328125 0.2881008206330598 0.00703125 0.005275498241500586
0 0.8296875 0.2889800703399766 0.0109375 0.008206330597889801
0 0.57421875 0.28722157092614303 0.0078125 0.005861664712778429
0 0.4125 0.2881008206330598 0.0078125 0.0076201641266119575
0 0.80625 0.28604923798358733 0.0109375 0.008206330597889801
0 0.74140625 0.2866354044548652 0.0109375 0.009378663540445486
0 0.639453125 0.28341148886283707 0.00546875 0.004103165298944901
0 0.338671875 0.2845838218053927 0.00859375 0.006447831184056272
0 0.50859375 0.28341148886283707 0.00625 0.0076201641266119575
0 0.71875 0.28311840562719814 0.0109375 0.008206330597889801
0 0.553515625 0.2801875732708089 0.00546875 0.0035169988276670576
0 0.783203125 0.2781359906213365 0.00078125 0.0005861664712778429
0 0.4375 0.27989449003517 0.0078125 0.0076201641266119575
0 0.755078125 0.2769636576787808 0.00234375 0.004103165298944901
0 0.309765625 0.2769636576787808 0.00546875 0.004103165298944901
0 0.46171875 0.2772567409144197 0.0078125 0.007033997655334115
0 0.210546875 0.2784290738569754 0.01171875 0.009378663540445486
0 0.867578125 0.27754982415005863 0.01171875 0.008792497069167644
0 0.61640625 0.27637749120750293 0.0078125 0.006447831184056272
0 0.69765625 0.27549824150058616 0.0078125 0.005861664712778429
0 0.528125 0.2737397420867526 0.0046875 0.0035169988276670576
0 0.3671875 0.27520515826494724 0.009375 0.0076201641266119575
0 0.4859375 0.2734466588511137 0.0046875 0.005275498241500586
0 0.8421875 0.2746189917936694 0.009375 0.008792497069167644
0 0.675390625 0.27227432590855805 0.00546875 0.005275498241500586
0 0.594140625 0.2728604923798359 0.00546875 0.006447831184056272
0 0.819921875 0.2719812426729191 0.01015625 0.008206330597889801
0 0.3984375 0.27139507620164127 0.009375 0.007033997655334115
0 0.7984375 0.2690504103165299 0.009375 0.008206330597889801
0 0.5703125 0.2675849941383353 0.0078125 0.0076201641266119575
0 0.50703125 0.2652403282532239 0.003125 0.0029308323563892145
0 0.63828125 0.2652403282532239 0.00625 0.006447831184056272
0 0.4203125 0.26582649472450176 0.009375 0.0076201641266119575
0 0.32734375 0.26553341148886284 0.0078125 0.008206330597889801
0 0.7765625 0.264947245017585 0.0109375 0.008206330597889801
0 0.7140625 0.26465416178194606 0.0109375 0.0076201641266119575
0 0.5484375 0.261137162954279 0.0046875 0.004103165298944901
0 0.291796875 0.26143024618991795 0.00703125 0.004689331770222743
0 0.4453125 0.2623094958968347 0.0078125 0.0076201641266119575
0 0.35 0.2605509964830012 0.009375 0.006447831184056272
0 0.8765625 0.261137162954279 0.0109375 0.008792497069167644
0 0.855859375 0.261137162954279 0.01015625 0.008792497069167644
0 0.7546875 0.2596717467760844 0.0109375 0.008206330597889801
0 0.6890625 0.2584994138335287 0.00625 0.007033997655334115
0 0.660546875 0.25791324736225085 0.00390625 0.005861664712778429
0 0.382421875 0.25732708089097306 0.00546875 0.004689331770222743
0 0.830859375 0.25468933177022274 0.00078125 0.0005861664712778429
0 0.474609375 0.257620164126612 0.00703125 0.006447831184056272
0 0.834375 0.2541031652989449 0.003125 0.0005861664712778429
0 0.60625 0.2567409144196952 0.00625 0.007033997655334115
0 0.52578125 0.2543962485345838 0.00625 0.005861664712778429
0 0.812109375 0.25468933177022274 0.01015625 0.008792497069167644
0 0.583203125 0.2523446658851114 0.00546875 0.006447831184056272
0 0.405078125 0.25205158264947247 0.00703125 0.007033997655334115
0 0.729296875 0.25205158264947247 0.01015625 0.008206330597889801
0 0.312109375 0.2502930832356389 0.00703125 0.004689331770222743
0 0.791015625 0.2508792497069168 0.00859375 0.008206330597889801
0 0.429296875 0.2485345838218054 0.00390625 0.0035169988276670576
0 0.62890625 0.2488276670574443 0.00625 0.006447831184056272
0 0.7078125 0.24824150058616648 0.0078125 0.008792497069167644
0 0.335546875 0.2447245017584994 0.00703125 0.004103165298944901
0 0.49765625 0.2456037514654162 0.009375 0.007033997655334115
0 0.866796875 0.24531066822977726 0.01015625 0.0076201641266119575
0 0.76953125 0.246189917936694 0.009375 0.009378663540445486
0 0.453125 0.2447245017584994 0.0078125 0.006447831184056272
0 0.3640625 0.2447245017584994 0.00625 0.006447831184056272
0 0.6875 0.24120750293083235 0.0046875 0.0029308323563892145
0 0.542578125 0.24267291910902697 0.00703125 0.005861664712778429
0 0.844921875 0.24325908558030482 0.01015625 0.008206330597889801
0 0.746875 0.24208675263774912 0.0109375 0.009378663540445486
0 0.664453125 0.24091441969519342 0.00546875 0.007033997655334115
0 0.8234375 0.23974208675263775 0.0109375 0.009378663540445486
0 0.56875 0.23739742086752638 0.00625 0.005861664712778429
0 0.6109375 0.23739742086752638 0.0046875 0.007033997655334115
0 0.476171875 0.23710433763188746 0.00703125 0.006447831184056272
0 0.388671875 0.23681125439624853 0.00703125 0.007033997655334115
0 0.519140625 0.23593200468933176 0.00546875 0.006447831184056272
0 0.411328125 0.2347596717467761 0.00859375 0.005275498241500586
0 0.801953125 0.23593200468933176 0.01015625 0.008792497069167644
0 0.726171875 0.23124267291910902 0.00078125 0.0005861664712778429
0 0.723046875 0.23065650644783117 0.00390625 0.0005861664712778429
0 0.64609375 0.2309495896834701 0.003125 0.0023446658851113715
0 0.78046875 0.23036342321219228 0.009375 0.005861664712778429
0 0.87578125 0.22977725674091443 0.0109375 0.008206330597889801
0 0.589453125 0.22919109026963658 0.00546875 0.007033997655334115
0 0.206640625 0.22919109026963658 0.01015625 0.007033997655334115
0 0.702734375 0.22889800703399765 0.00859375 0.0076201641266119575
0 0.36015625 0.22626025791324736 0.0015625 0.0023446658851113715
0 0.550390625 0.22596717467760843 0.00546875 0.005275498241500586
0 0.455078125 0.2268464243845252 0.00703125 0.007033997655334115
0 0.4984375 0.22655334114888628 0.00625 0.0076201641266119575
0 0.757421875 0.22596717467760843 0.01171875 0.008792497069167644
0 0.67734375 0.22303634232121922 0.00625 0.005275498241500586
0 0.813671875 0.22069167643610785 0.01015625 0.008792497069167644
0 0.61484375 0.21922626025791325 0.00625 0.005861664712778429
0 0.571484375 0.21776084407971863 0.00390625 0.0029308323563892145
0 0.834765625 0.21893317702227433 0.01015625 0.006447831184056272
0 0.4328125 0.21834701055099648 0.00625 0.006447831184056272
0 0.7359375 0.21893317702227433 0.009375 0.008792497069167644
0 0.383984375 0.21805392731535755 0.00703125 0.007033997655334115
0 0.518359375 0.2171746776084408 0.00546875 0.006447831184056272
0 0.475390625 0.2171746776084408 0.00859375 0.006447831184056272
0 0.7921875 0.21570926143024619 0.009375 0.007033997655334115
0 0.407421875 0.21512309495896834 0.00703125 0.008206330597889801
0 0.637109375 0.21248534583821804 0.00546875 0.006447831184056272
0 0.593359375 0.21101992966002345 0.00703125 0.005861664712778429
0 0.5390625 0.20926143024618993 0.0015625 0.0023446658851113715
0 0.3234375 0.20808909730363423 0.003125 0.0035169988276670576
0 0.854296875 0.20984759671746775 0.01015625 0.008206330597889801
0 0.659375 0.20720984759671746 0.003125 0.0029308323563892145
0 0.2078125 0.20984759671746775 0.0078125 0.008206330597889801
0 0.69765625 0.20926143024618993 0.0078125 0.008206330597889801
0 0.496484375 0.20750293083235638 0.00703125 0.005861664712778429
0 0.7734375 0.20574443141852286 0.00625 0.0035169988276670576
0 0.750390625 0.205158264947245 0.00703125 0.005861664712778429
0 0.4515625 0.205158264947245 0.0078125 0.005861664712778429
0 0.719140625 0.2063305978898007 0.01015625 0.009378663540445486
0 0.618359375 0.2022274325908558 0.00546875 0.005861664712778429
0 0.812890625 0.19841735052754983 0.00234375 0.0005861664712778429
0 0.38828125 0.2007620164126612 0.00625 0.005275498241500586
0 0.834765625 0.20134818288393905 0.01015625 0.0076201641266119575
0 0.559765625 0.20017584994138335 0.00546875 0.005275498241500586
0 0.51796875 0.1995896834701055 0.00625 0.005275498241500586
0 0.473828125 0.19929660023446658 0.00703125 0.005861664712778429
0 0.4125 0.1969519343493552 0.00625 0.004689331770222743
0 0.7921875 0.19724501758499413 0.009375 0.0076201641266119575
0 0.63984375 0.1954865181711606 0.00625 0.005275498241500586
0 0.58203125 0.19490035169988276 0.00625 0.005275498241500586
0 0.494140625 0.19021101992966002 0.00078125 0.0005861664712778429
0 0.733984375 0.19314185228604924 0.00859375 0.0076201641266119575
0 0.853515625 0.19167643610785462 0.01015625 0.008206330597889801
0 0.713671875 0.18962485345838218 0.00390625 0.004103165298944901
0 0.538671875 0.1899179366940211 0.00546875 0.004689331770222743
0 0.44921875 0.1872801875732708 0.0046875 0.004103165298944901
0 0.755859375 0.18815943728018758 0.00703125 0.008206330597889801
0 0.603515625 0.18669402110199296 0.00390625 0.005275498241500586
0 0.66015625 0.18493552168815944 0.003125 0.0029308323563892145
0 0.868359375 0.18083235638921455 0.00078125 0.0005861664712778429
0 0.77734375 0.18405627198124266 0.009375 0.007033997655334115
0 0.5171875 0.18112543962485345 0.003125 0.0011723329425556857
0 0.876171875 0.1802461899179367 0.00078125 0.0005861664712778429
0 0.691015625 0.18229777256740914 0.00546875 0.005861664712778429
0 0.558984375 0.18141852286049237 0.00546875 0.004103165298944901
0 0.426171875 0.18112543962485345 0.00546875 0.0035169988276670576
0 0.872265625 0.17966002344665885 0.00546875 0.0017584994138335288
0 0.795703125 0.179073856975381 0.00078125 0.0005861664712778429
0 0.471875 0.18053927315357562 0.0078125 0.004689331770222743
0 0.796484375 0.17790152403282533 0.00078125 0.0005861664712778429
0 0.625390625 0.18053927315357562 0.00390625 0.005861664712778429
0 0.80078125 0.17555685814771396 0.0015625 0.0005861664712778429
0 0.58359375 0.17702227432590856 0.0046875 0.004689331770222743
0 0.741015625 0.1749706916764361 0.00234375 0.0029308323563892145
0 0.403125 0.17262602579132474 0.0046875 0.0029308323563892145
0 0.85078125 0.1735052754982415 0.0125 0.008206330597889801
0 0.538671875 0.17145369284876905 0.00546875 0.004103165298944901
0 0.495703125 0.1682297772567409 0.00078125 0.0011723329425556857
0 0.6046875 0.16910902696365768 0.0046875 0.004103165298944901
0 0.66328125 0.167936694021102 0.0046875 0.006447831184056272
0 0.783203125 0.16735052754982416 0.01015625 0.0076201641266119575
0 0.81875 0.16266119577960142 0.0015625 0.0005861664712778429
0 0.56796875 0.16266119577960142 0.0015625 0.0017584994138335288
0 0.4734375 0.15943728018757328 0.0015625 0.0011723329425556857
0 0.357421875 0.15914419695193435 0.00234375 0.0029308323563892145
0 0.68125 0.15767878077373973 0.00625 0.004689331770222743
0 0.730859375 0.15738569753810083 0.00859375 0.0076201641266119575
0 0.8421875 0.15767878077373973 0.0125 0.009378663540445486
0 0.61796875 0.15386869871043377 0.0046875 0.005275498241500586
0 0.545703125 0.15269636576787807 0.00546875 0.005275498241500586
0 0.521484375 0.1515240328253224 0.00546875 0.004103165298944901
0 0.76328125 0.15181711606096132 0.0125 0.008206330597889801
0 0.583203125 0.14976553341148885 0.00546875 0.004103165298944901
0 0.78671875 0.14536928487690504 0.0046875 0.0011723329425556857
0 0.867578125 0.1477139507620164 0.01171875 0.009378663540445486
0 0.634765625 0.1421453692848769 0.00078125 0.0005861664712778429
0 0.4484375 0.14243845252051582 0.003125 0.0023446658851113715
0 0.635546875 0.14097303634232122 0.00078125 0.0005861664712778429
0 0.667578125 0.14009378663540445 0.00546875 0.007033997655334115
0 0.848046875 0.1395076201641266 0.01015625 0.008206330597889801
0 0.8046875 0.13862837045720985 0.0109375 0.00996483001172333
0 0.68984375 0.1351113716295428 0.00625 0.005275498241500586
0 0.570703125 0.1336459554513482 0.00390625 0.004689331770222743
0 0.546484375 0.13188745603751464 0.00390625 0.0023446658851113715
0 0.82734375 0.13276670574443142 0.0109375 0.0076201641266119575
0 0.353515625 0.1298358733880422 0.00234375 0.0029308323563892145
0 0.603515625 0.12807737397420868 0.00390625 0.004103165298944901
0 0.32890625 0.11811254396248534 0.003125 0.0017584994138335288
0 0.71171875 0.11899179366940212 0.0109375 0.007033997655334115
0 0.65234375 0.11518171160609614 0.00625 0.005275498241500586
0 0.3875 0.11166471277842907 0.0015625 0.0017584994138335288
0 0.350390625 0.11049237983587339 0.00078125 0.0005861664712778429
0 0.68984375 0.111957796014068 0.00625 0.005861664712778429
0 0.554296875 0.11019929660023446 0.00234375 0.0035169988276670576
0 0.52890625 0.10463071512309496 0.0046875 0.004103165298944901
0 0.24140625 0.08997655334114889 0.0046875 0.004103165298944901
