0 0.092578125 0.9997069167643611 0.00078125 0.0005861664712778429
0 0.07578125 0.9976553341148886 0.00625 0.004689331770222743
0 0.081640625 0.9920867526377491 0.00234375 0.0005861664712778429
0 0.590625 0.753810082063306 0.009375 0.008206330597889801
0 0.266796875 0.7382766705744431 0.01015625 0.0076201641266119575
0 0.6015625 0.7353458382180539 0.009375 0.0076201641266119575
0 0.248828125 0.7332942555685815 0.01015625 0.008206330597889801
0 0.68046875 0.7297772567409144 0.009375 0.007033997655334115
0 0.455859375 0.7245017584994138 0.00859375 0.007033997655334115
0 0.54296875 0.7247948417350527 0.009375 0.008792497069167644
0 0.18359375 0.720398593200469 0.0109375 0.008206330597889801
0 0.541796875 0.7124853458382181 0.00859375 0.008792497069167644
0 0.3109375 0.7121922626025792 0.009375 0.008206330597889801
0 0.38515625 0.7063305978898007 0.009375 0.008206330597889801
0 0.63046875 0.7054513481828839 0.009375 0.0076201641266119575
0 0.34375 0.7045720984759671 0.0109375 0.008206330597889801
0 0.58828125 0.6987104337631888 0.009375 0.007033997655334115
0 0.398828125 0.6949003516998827 0.01015625 0.0076201641266119575
0 0.43671875 0.6872801875732708 0.009375 0.0076201641266119575
0 0.382421875 0.6875732708089097 0.01015625 0.008206330597889801
0 0.35703125 0.6802461899179367 0.009375 0.004103165298944901
0 0.590625 0.6814185228604924 0.009375 0.0076201641266119575
0 0.311328125 0.6805392731535757 0.01015625 0.008206330597889801
0 0.671875 0.6767291910902696 0.009375 0.006447831184056272
0 0.42578125 0.6761430246189918 0.009375 0.0076201641266119575
0 0.346484375 0.6694021101992966 0.01015625 0.008206330597889801
0 0.55234375 0.6611957796014069 0.009375 0.007033997655334115
0 0.646875 0.6594372801875733 0.009375 0.007033997655334115
0 0.61015625 0.6576787807737398 0.009375 0.007033997655334115
0 0.596484375 0.6488862837045721 0.01015625 0.007033997655334115
0 0.207421875 0.6491793669402111 0.01015625 0.0076201641266119575
0 0.58203125 0.6395076201641267 0.009375 0.007033997655334115
0 0.25703125 0.6333528722157092 0.009375 0.0076201641266119575
0 0.62421875 0.6298358733880423 0.009375 0.006447831184056272
0 0.2203125 0.6248534583821805 0.009375 0.007033997655334115
0 0.228125 0.6014067995310668 0.009375 0.007033997655334115
0 0.20078125 0.5993552168815943 0.0109375 0.0076201641266119575
0 0.259375 0.5984759671746777 0.0109375 0.007033997655334115
0 0.278125 0.5952520515826495 0.009375 0.006447831184056272
0 0.66796875 0.5937866354044549 0.0078125 0.005861664712778429
0 0.513671875 0.5844079718640094 0.00859375 0.005861664712778429
0 0.2140625 0.5852872215709262 0.009375 0.0076201641266119575
0 0.33671875 0.5776670574443142 0.009375 0.006447831184056272
0 0.283203125 0.5756154747948418 0.01015625 0.007033997655334115
0 0.230078125 0.5744431418522861 0.01015625 0.007033997655334115
0 0.561328125 0.5729777256740914 0.00859375 0.006447831184056272
0 0.2625 0.5726846424384525 0.0109375 0.007033997655334115
0 0.508203125 0.5715123094958968 0.00859375 0.007033997655334115
0 0.20625 0.5656506447831184 0.009375 0.007033997655334115
0 0.27578125 0.5612543962485346 0.009375 0.0076201641266119575
0 0.39453125 0.5577373974208675 0.009375 0.006447831184056272
0 0.294140625 0.5556858147713951 0.01015625 0.007033997655334115
0 0.67421875 0.5545134818288394 0.009375 0.005861664712778429
0 0.115234375 0.5474794841735052 0.01171875 0.007033997655334115
0 0.26953125 0.5463071512309496 0.009375 0.007033997655334115
0 0.1875 0.5463071512309496 0.009375 0.007033997655334115
0 0.624609375 0.544841735052755 0.01015625 0.006447831184056272
0 0.6515625 0.5424970691676436 0.009375 0.006447831184056272
0 0.22578125 0.5366354044548651 0.009375 0.006447831184056272
0 0.609375 0.5316529894490035 0.009375 0.005861664712778429
0 0.3375 0.5319460726846424 0.009375 0.006447831184056272
0 0.51875 0.5293083235638921 0.0078125 0.005861664712778429
0 0.14453125 0.5228604923798359 0.009375 0.007033997655334115
0 0.546484375 0.5155334114888629 0.00859375 0.006447831184056272
0 0.1859375 0.5079132473622509 0.0109375 0.006447831184056272
0 0.303125 0.5055685814771395 0.009375 0.006447831184056272
0 0.147265625 0.5046893317702228 0.01015625 0.007033997655334115
0 0.2 0.49618991793669404 0.0109375 0.0076201641266119575
0 0.219140625 0.4900351699882767 0.01015625 0.007033997655334115
0 0.64375 0.4835873388042204 0.009375 0.005861664712778429
0 0.324609375 0.4838804220398593 0.01015625 0.006447831184056272
0 0.54453125 0.47743259085580303 0.009375 0.006447831184056272
0 0.215234375 0.4753810082063306 0.01015625 0.007033997655334115
0 0.259765625 0.4686400937866354 0.01015625 0.006447831184056272
0 0.3328125 0.4683470105509965 0.009375 0.007033997655334115
0 0.162890625 0.4686400937866354 0.01171875 0.0076201641266119575
0 0.573046875 0.46160609613130127 0.00859375 0.006447831184056272
0 0.403125 0.45926143024618993 0.009375 0.006447831184056272
0 0.274609375 0.4586752637749121 0.01015625 0.006447831184056272
0 0.376953125 0.45720984759671746 0.00859375 0.007033997655334115
0 0.3109375 0.4525205158264947 0.009375 0.007033997655334115
0 0.1515625 0.45193434935521687 0.0109375 0.007033997655334115
0 0.230078125 0.4492966002344666 0.01015625 0.0076201641266119575
0 0.36640625 0.44460726846424387 0.009375 0.006447831184056272
0 0.16953125 0.4449003516998828 0.0125 0.008206330597889801
0 0.705078125 0.4372801875732708 0.00859375 0.007033997655334115
0 0.33671875 0.4349355216881594 0.009375 0.007033997655334115
0 0.6640625 0.42028135990621335 0.009375 0.007033997655334115
0 0.42109375 0.4199882766705744 0.009375 0.006447831184056272
0 0.312890625 0.41822977725674093 0.01015625 0.0076201641266119575
0 0.191796875 0.4138335287221571 0.01171875 0.008206330597889801
0 0.44765625 0.40855803048065653 0.009375 0.007033997655334115
0 0.5921875 0.40386869871043374 0.009375 0.007033997655334115
0 0.360546875 0.40328253223915594 0.01015625 0.007033997655334115
0 0.277734375 0.40123094958968347 0.01015625 0.0076201641266119575
0 0.475390625 0.39536928487690504 0.01015625 0.006447831184056272
0 0.109765625 0.3939038686987104 0.01171875 0.007033997655334115
0 0.4953125 0.39155920281359907 0.009375 0.007033997655334115
0 0.5546875 0.388042203985932 0.009375 0.007033997655334115
0 0.19296875 0.38364595545134816 0.0109375 0.0076201641266119575
0 0.52421875 0.37924970691676435 0.009375 0.007033997655334115
0 0.271484375 0.3766119577960141 0.01015625 0.0076201641266119575
0 0.324609375 0.3742672919109027 0.01015625 0.0076201641266119575
0 0.437109375 0.3733880422039859 0.01015625 0.007033997655334115
0 0.401953125 0.37192262602579135 0.01015625 0.0076201641266119575
0 0.46484375 0.36400937866354044 0.009375 0.007033997655334115
0 0.33984375 0.3645955451348183 0.0109375 0.008206330597889801
0 0.53359375 0.3616647127784291 0.009375 0.007033997655334115
0 0.315625 0.36107854630715125 0.0109375 0.008206330597889801
0 0.28984375 0.35726846424384523 0.0109375 0.0076201641266119575
0 0.355859375 0.3549237983587339 0.01015625 0.0076201641266119575
0 0.459765625 0.3496483001172333 0.01015625 0.0076201641266119575
0 0.440625 0.3484759671746776 0.0109375 0.0076201641266119575
0 0.423046875 0.3388042203985932 0.01015625 0.008206330597889801
0 0.340234375 0.3385111371629543 0.01015625 0.0076201641266119575
0 0.28359375 0.3361664712778429 0.0109375 0.0076201641266119575
0 0.55234375 0.3323563892145369 0.009375 0.007033997655334115
0 0.398828125 0.3308909730363423 0.01015625 0.0076201641266119575
0 0.521875 0.32737397420867526 0.009375 0.0076201641266119575
0 0.25625 0.3276670574443142 0.0109375 0.008206330597889801
0 0.415234375 0.3226846424384525 0.01015625 0.0076201641266119575
0 0.27734375 0.32092614302461897 0.0109375 0.008792497069167644
0 0.3515625 0.32004689331770225 0.0109375 0.008206330597889801
0 0.180078125 0.32004689331770225 0.01171875 0.008206330597889801
0 0.389453125 0.31652989449003516 0.01015625 0.008206330597889801
0 0.523046875 0.3127198124267292 0.01015625 0.0076201641266119575
0 0.3703125 0.31096131301289565 0.0109375 0.0076201641266119575
0 0.2921875 0.3103751465416178 0.0109375 0.0076201641266119575
0 0.3140625 0.30656506447831183 0.0109375 0.008206330597889801
0 0.506640625 0.30392731535756157 0.01015625 0.0076201641266119575
0 0.38671875 0.3007033997655334 0.0109375 0.008206330597889801
0 0.616015625 0.29689331770222743 0.01015625 0.0076201641266119575
0 0.226171875 0.29425556858147717 0.01171875 0.008206330597889801
0 0.3640625 0.28868698710433766 0.0109375 0.0076201641266119575
0 0.28671875 0.2845838218053927 0.0109375 0.0076201641266119575
0 0.6453125 0.28341148886283707 0.009375 0.0076201641266119575
0 0.444921875 0.28106682297772567 0.01015625 0.0076201641266119575
0 0.551171875 0.2793083235638921 0.01015625 0.0076201641266119575
0 0.380859375 0.27520515826494724 0.01015625 0.0076201641266119575
0 0.353125 0.27227432590855805 0.0109375 0.008792497069167644
0 0.33828125 0.2608440797186401 0.0109375 0.008206330597889801
0 0.35859375 0.25703399765533413 0.0109375 0.0076201641266119575
0 0.528515625 0.25351699882766704 0.01015625 0.0076201641266119575
0 0.428515625 0.24091441969519342 0.01015625 0.008206330597889801
0 0.33203125 0.22977725674091443 0.0109375 0.008206330597889801
0 0.6140625 0.22801875732708088 0.009375 0.007033997655334115
0 0.528515625 0.22743259085580306 0.01015625 0.008206330597889801
0 0.455859375 0.22450175849941384 0.01015625 0.008206330597889801
0 0.349609375 0.22215709261430247 0.01015625 0.008206330597889801
0 0.587109375 0.21893317702227433 0.01015625 0.0076201641266119575
0 0.693359375 0.21365767878077374 0.01015625 0.0076201641266119575
0 0.43046875 0.20867526377491208 0.009375 0.008206330597889801
0 0.4515625 0.20838218053927315 0.0109375 0.008792497069167644
0 0.741796875 0.20691676436107856 0.01015625 0.007033997655334115
0 0.481640625 0.19460726846424384 0.01015625 0.008206330597889801
0 0.676171875 0.19284876905041032 0.01015625 0.008206330597889801
0 0.462109375 0.19226260257913247 0.01015625 0.007033997655334115
0 0.5234375 0.1910902696365768 0.0109375 0.008206330597889801
0 0.160546875 0.1884525205158265 0.01171875 0.008792497069167644
0 0.38359375 0.18669402110199296 0.0109375 0.008792497069167644
0 0.47421875 0.17936694021101993 0.0109375 0.008206330597889801
0 0.45078125 0.17819460726846426 0.0109375 0.008206330597889801
0 0.571484375 0.17233294255568582 0.01015625 0.008206330597889801
0 0.489453125 0.16910902696365768 0.01015625 0.0076201641266119575
0 0.462890625 0.16647127784290738 0.01015625 0.008206330597889801
0 0.445703125 0.15767878077373973 0.01015625 0.008206330597889801
0 0.5 0.15005861664712777 0.0109375 0.008206330597889801
0 0.562890625 0.14976553341148885 0.01015625 0.008792497069167644
0 0.210546875 0.11488862837045721 0.00703125 0.008206330597889801
