0 0.455078125 0.914126611957796 0.00703125 0.006447831184056272
0 0.429296875 0.9062133645955451 0.00859375 0.009378663540445486
0 0.403125 0.9000586166471278 0.0078125 0.00996483001172333
0 0.4734375 0.8997655334114889 0.0109375 0.010550996483001172
0 0.445703125 0.8900937866354045 0.00703125 0.00996483001172333
0 0.4171875 0.8848182883939039 0.0078125 0.008792497069167644
0 0.325 0.8763188745603752 0.0109375 0.009378663540445486
0 0.462890625 0.8713364595545134 0.01171875 0.005275498241500586
0 0.4359375 0.8628370457209847 0.0046875 0.0035169988276670576
0 0.41171875 0.865767878077374 0.0109375 0.010550996483001172
0 0.56875 0.8610785463071512 0.0125 0.010550996483001172
0 0.576171875 0.8382180539273154 0.01328125 0.010550996483001172
0 0.44375 0.8317702227432591 0.0109375 0.009378663540445486
0 0.583984375 0.80978898007034 0.01328125 0.00996483001172333
0 0.456640625 0.7989449003516998 0.01171875 0.009378663540445486
0 0.369921875 0.7936694021101993 0.01171875 0.008206330597889801
0 0.571875 0.7775498241500586 0.0125 0.00996483001172333
0 0.670703125 0.7608440797186401 0.01328125 0.009378663540445486
0 0.55859375 0.7570339976553341 0.0125 0.00996483001172333
0 0.684375 0.7438452520515827 0.009375 0.009378663540445486
0 0.62421875 0.7327080890973037 0.0125 0.009378663540445486
0 0.652734375 0.7300703399765534 0.01015625 0.0076201641266119575
0 0.5515625 0.7303634232121923 0.0125 0.009378663540445486
0 0.394140625 0.7233294255568582 0.01171875 0.009378663540445486
0 0.526171875 0.7212778429073857 0.01171875 0.008792497069167644
0 0.670703125 0.716295427901524 0.01328125 0.010550996483001172
0 0.57734375 0.7157092614302462 0.0125 0.009378663540445486
0 0.496484375 0.7092614302461899 0.01171875 0.009378663540445486
0 0.698046875 0.7077960140679953 0.01328125 0.00996483001172333
0 0.312109375 0.7063305978898007 0.01171875 0.008206330597889801
0 0.518359375 0.7004689331770223 0.01171875 0.009378663540445486
0 0.592578125 0.6919695193434936 0.01328125 0.008792497069167644
0 0.666015625 0.6907971864009379 0.01328125 0.00996483001172333
0 0.62734375 0.6652989449003517 0.0125 0.009378663540445486
0 0.572265625 0.6647127784290738 0.01171875 0.009378663540445486
0 0.490625 0.6650058616647128 0.0125 0.00996483001172333
0 0.401953125 0.6541617819460727 0.01171875 0.008206330597889801
0 0.437109375 0.6541617819460727 0.01171875 0.009378663540445486
0 0.316796875 0.638335287221571 0.01171875 0.008206330597889801
0 0.473828125 0.6315943728018757 0.01171875 0.008792497069167644
0 0.44375 0.6298358733880423 0.0109375 0.008792497069167644
0 0.225 0.6257327080890973 0.0125 0.0076201641266119575
0 0.377734375 0.6137162954279015 0.01171875 0.008206330597889801
0 0.59765625 0.608440797186401 0.0125 0.009378663540445486
0 0.754296875 0.6069753810082064 0.01328125 0.00996483001172333
0 0.78671875 0.6063892145369285 0.0140625 0.00996483001172333
0 0.67421875 0.5996483001172332 0.0125 0.010550996483001172
0 0.319921875 0.5855803048065651 0.01171875 0.008206330597889801
0 0.194921875 0.5838218053927315 0.01171875 0.008206330597889801
0 0.680078125 0.5817702227432591 0.01328125 0.00996483001172333
0 0.80625 0.5720984759671747 0.0125 0.008206330597889801
0 0.775390625 0.5677022274325909 0.01328125 0.00996483001172333
0 0.487890625 0.5592028135990621 0.01171875 0.008206330597889801
0 0.4328125 0.5545134818288394 0.0109375 0.008206330597889801
0 0.66171875 0.5530480656506448 0.0125 0.00996483001172333
0 0.2890625 0.5389800703399765 0.0109375 0.0076201641266119575
0 0.591015625 0.5348769050410317 0.01171875 0.008792497069167644
0 0.661328125 0.5345838218053928 0.01328125 0.009378663540445486
0 0.735546875 0.5328253223915592 0.01171875 0.009378663540445486
0 0.45234375 0.5304806565064478 0.0109375 0.009378663540445486
0 0.746484375 0.5146541617819461 0.01171875 0.009378663540445486
0 0.44921875 0.5128956623681126 0.0109375 0.008206330597889801
0 0.611328125 0.5105509964830012 0.01171875 0.005861664712778429
0 0.587109375 0.5090855803048066 0.01171875 0.008792497069167644
0 0.4875 0.5084994138335287 0.0109375 0.008792497069167644
0 0.4671875 0.4932590855803048 0.0125 0.008792497069167644
0 0.490234375 0.4903282532239156 0.01171875 0.008792497069167644
0 0.58359375 0.48827667057444313 0.0125 0.008206330597889801
0 0.4203125 0.48827667057444313 0.0109375 0.008206330597889801
0 0.268359375 0.48651817116060964 0.01171875 0.008206330597889801
0 0.668359375 0.4838804220398593 0.01171875 0.008792497069167644
0 0.35546875 0.48182883939038684 0.0109375 0.008206330597889801
0 0.481640625 0.47332942555685814 0.01171875 0.008792497069167644
0 0.353515625 0.4630715123094959 0.01171875 0.008206330597889801
0 0.432421875 0.46072684642438455 0.01015625 0.009378663540445486
0 0.321484375 0.4586752637749121 0.01171875 0.008792497069167644
0 0.496484375 0.45691676436107853 0.01171875 0.008792497069167644
0 0.47265625 0.4525205158264947 0.0109375 0.008206330597889801
0 0.294140625 0.45164126611957794 0.01171875 0.008792497069167644
0 0.42421875 0.44431418522860494 0.0125 0.009378663540445486
0 0.582421875 0.4437280187573271 0.01171875 0.009378663540445486
0 0.248828125 0.43991793669402113 0.01171875 0.008792497069167644
0 0.351953125 0.4393317702227433 0.01328125 0.008792497069167644
0 0.31328125 0.4369871043376319 0.0109375 0.008792497069167644
0 0.373046875 0.4343493552168816 0.01171875 0.008206330597889801
0 0.405859375 0.43259085580304807 0.01015625 0.008206330597889801
0 0.2859375 0.4320046893317702 0.0109375 0.008206330597889801
0 0.2125 0.4308323563892145 0.0125 0.008206330597889801
0 0.475 0.4273153575615475 0.0109375 0.008206330597889801
0 0.586328125 0.42584994138335286 0.01171875 0.0076201641266119575
0 0.431640625 0.42584994138335286 0.01171875 0.008792497069167644
0 0.619140625 0.42379835873388044 0.01171875 0.008206330597889801
0 0.33125 0.4232121922626026 0.0125 0.008206330597889801
0 0.310546875 0.41705744431418523 0.01328125 0.008792497069167644
0 0.185546875 0.4155920281359906 0.01171875 0.008206330597889801
0 0.45 0.4144196951934349 0.0109375 0.008206330597889801
0 0.680859375 0.41031652989449 0.01171875 0.009378663540445486
0 0.296484375 0.40211019929660025 0.01171875 0.008206330597889801
0 0.69765625 0.39566236811254396 0.0125 0.009378663540445486
0 0.5296875 0.39536928487690504 0.0109375 0.008792497069167644
0 0.740234375 0.391852286049238 0.01328125 0.00996483001172333
0 0.673046875 0.3906799531066823 0.01171875 0.008792497069167644
0 0.20859375 0.3895076201641266 0.0125 0.0076201641266119575
0 0.761328125 0.3783704572098476 0.01328125 0.008792497069167644
0 0.385546875 0.3716295427901524 0.01171875 0.008206330597889801
0 0.44921875 0.365767878077374 0.0109375 0.008206330597889801
0 0.70078125 0.3607854630715123 0.0125 0.00996483001172333
0 0.362109375 0.35433763188745604 0.01171875 0.0076201641266119575
0 0.71953125 0.34788980070339975 0.0125 0.00996483001172333
0 0.1703125 0.3473036342321219 0.0125 0.008792497069167644
0 0.6125 0.3130128956623681 0.0125 0.009378663540445486
0 0.3046875 0.3071512309495897 0.0125 0.009378663540445486
0 0.559375 0.302168815943728 0.0109375 0.008792497069167644
0 0.2234375 0.2842907385697538 0.0125 0.009378663540445486
0 0.33671875 0.28077373974208675 0.0109375 0.009378663540445486
0 0.26015625 0.2784290738569754 0.0109375 0.009378663540445486
0 0.204296875 0.27549824150058616 0.01328125 0.009378663540445486
0 0.501953125 0.2661195779601407 0.01171875 0.009378663540445486
0 0.346484375 0.2620164126611958 0.01171875 0.009378663540445486
0 0.1796875 0.25908558030480655 0.0125 0.009378663540445486
0 0.516015625 0.22332942555685814 0.01015625 0.010550996483001172
0 0.3578125 0.22069167643610785 0.0109375 0.00996483001172333
0 0.721875 0.18669402110199296 0.0140625 0.011137162954279016
0 0.699609375 0.18141852286049237 0.01484375 0.00996483001172333
0 0.286328125 0.17116060961313012 0.01171875 0.010550996483001172
0 0.16171875 0.14390386869871044 0.0125 0.00996483001172333
0 0.523828125 0.10609613130128957 0.00390625 0.0011723329425556857
0 0.519921875 0.10580304806565065 0.00078125 0.0005861664712778429
0 0.53046875 0.08382180539273154 0.0125 0.011723329425556858
