0 0.238671875 0.9410902696365768 0.00703125 0.004103165298944901
0 0.249609375 0.9155920281359906 0.00859375 0.009378663540445486
0 0.533984375 0.9109026963657679 0.00546875 0.004689331770222743
0 0.4953125 0.9117819460726846 0.0125 0.00996483001172333
0 0.3015625 0.902696365767878 0.0015625 0.0011723329425556857
0 0.460546875 0.9009378663540446 0.00234375 0.0023446658851113715
0 0.421875 0.9032825322391559 0.0078125 0.008206330597889801
0 0.553125 0.9003516998827668 0.0109375 0.009378663540445486
0 0.34375 0.8988862837045721 0.0125 0.00996483001172333
0 0.507421875 0.895662368112544 0.01171875 0.008206330597889801
0 0.245703125 0.8947831184056272 0.00859375 0.008792497069167644
0 0.63671875 0.8898007033997656 0.0109375 0.007033997655334115
0 0.3796875 0.8877491207502931 0.0109375 0.006447831184056272
0 0.726953125 0.8851113716295428 0.01171875 0.010550996483001172
0 0.66640625 0.8783704572098476 0.00625 0.005275498241500586
0 0.41015625 0.8736811254396248 0.0046875 0.006447831184056272
0 0.479296875 0.8707502930832356 0.01015625 0.0076201641266119575
0 0.69375 0.8701641266119577 0.00625 0.0076201641266119575
0 0.387109375 0.86957796014068 0.00703125 0.0076201641266119575
0 0.434375 0.8645955451348183 0.009375 0.005861664712778429
0 0.674609375 0.8607854630715123 0.00078125 0.0005861664712778429
0 0.625390625 0.8549237983587339 0.01015625 0.0076201641266119575
0 0.325 0.8540445486518171 0.009375 0.010550996483001172
0 0.241015625 0.847303634232122 0.00390625 0.0017584994138335288
0 0.448828125 0.8437866354044549 0.00078125 0.0005861664712778429
0 0.64921875 0.8449589683470106 0.00625 0.005275498241500586
0 0.35625 0.8411488862837045 0.0015625 0.0011723329425556857
0 0.690234375 0.8446658851113716 0.00703125 0.009378663540445486
0 0.38125 0.8417350527549824 0.0109375 0.009378663540445486
0 0.3015625 0.8402696365767878 0.0109375 0.0076201641266119575
0 0.498828125 0.8402696365767878 0.01171875 0.008792497069167644
0 0.25625 0.8341148886283705 0.009375 0.008206330597889801
0 0.23125 0.8329425556858148 0.0109375 0.007033997655334115
0 0.476953125 0.8326494724501758 0.01171875 0.011137162954279016
0 0.545703125 0.828253223915592 0.01015625 0.007033997655334115
0 0.43203125 0.8279601406799532 0.0125 0.006447831184056272
0 0.730859375 0.8256154747948418 0.00546875 0.004103165298944901
0 0.392578125 0.8241500586166471 0.01171875 0.008206330597889801
0 0.299609375 0.8220984759671747 0.01015625 0.006447831184056272
0 0.60625 0.820926143024619 0.0078125 0.006447831184056272
0 0.513671875 0.8220984759671747 0.01171875 0.00996483001172333
0 0.22578125 0.8153575615474795 0.003125 0.0023446658851113715
0 0.70390625 0.8153575615474795 0.0078125 0.007033997655334115
0 0.74765625 0.8141852286049238 0.0078125 0.005861664712778429
0 0.25234375 0.8156506447831184 0.0125 0.008792497069167644
0 0.54609375 0.8115474794841735 0.003125 0.0029308323563892145
0 0.4953125 0.813599062133646 0.0125 0.007033997655334115
0 0.373828125 0.8130128956623681 0.01171875 0.010550996483001172
0 0.437890625 0.8092028135990621 0.01015625 0.00996483001172333
0 0.670703125 0.8065650644783119 0.00703125 0.007033997655334115
0 0.616015625 0.8033411488862837 0.00078125 0.0017584994138335288
0 0.348046875 0.802168815943728 0.00078125 0.0005861664712778429
0 0.28359375 0.8068581477139508 0.00625 0.011137162954279016
0 0.464453125 0.8027549824150059 0.00546875 0.004103165298944901
0 0.35859375 0.8018757327080891 0.0046875 0.0035169988276670576
0 0.355078125 0.7998241500586166 0.00078125 0.0005861664712778429
0 0.39453125 0.802168815943728 0.0109375 0.006447831184056272
0 0.745703125 0.798358733880422 0.00390625 0.0023446658851113715
0 0.419140625 0.8007033997655334 0.01171875 0.009378663540445486
0 0.5234375 0.7974794841735052 0.0109375 0.0076201641266119575
0 0.565625 0.798358733880422 0.009375 0.010550996483001172
0 0.26015625 0.7936694021101993 0.0015625 0.0023446658851113715
0 0.233984375 0.7951348182883939 0.01015625 0.006447831184056272
0 0.595703125 0.7951348182883939 0.01171875 0.008792497069167644
0 0.68515625 0.7930832356389215 0.009375 0.009378663540445486
0 0.29921875 0.7927901524032825 0.0109375 0.008792497069167644
0 0.632421875 0.7907385697538101 0.01015625 0.007033997655334115
0 0.32578125 0.7883939038686987 0.00625 0.007033997655334115
0 0.546484375 0.7881008206330598 0.01015625 0.0076201641266119575
0 0.358984375 0.7851699882766706 0.01015625 0.006447831184056272
0 0.668359375 0.7834114888628371 0.00703125 0.006447831184056272
0 0.441015625 0.7848769050410317 0.01171875 0.010550996483001172
0 0.73203125 0.7816529894490035 0.009375 0.0076201641266119575
0 0.764453125 0.779601406799531 0.00546875 0.005861664712778429
0 0.7875 0.7793083235638921 0.00625 0.006447831184056272
0 0.27578125 0.7784290738569754 0.009375 0.005861664712778429
0 0.6453125 0.7769636576787807 0.0046875 0.004103165298944901
0 0.2234375 0.7781359906213364 0.009375 0.006447831184056272
0 0.24765625 0.7781359906213364 0.0078125 0.0076201641266119575
0 0.302734375 0.7737397420867527 0.00859375 0.004689331770222743
0 0.71015625 0.7743259085580305 0.009375 0.009378663540445486
0 0.6109375 0.7711019929660023 0.0046875 0.0029308323563892145
0 0.560546875 0.772274325908558 0.00859375 0.0076201641266119575
0 0.3390625 0.7728604923798359 0.0109375 0.008792497069167644
0 0.8640625 0.7716881594372802 0.0078125 0.0076201641266119575
0 0.6890625 0.7713950762016413 0.0078125 0.009378663540445486
0 0.419921875 0.765240328253224 0.00078125 0.0005861664712778429
0 0.394921875 0.768464243845252 0.00703125 0.007033997655334115
0 0.670703125 0.7661195779601406 0.00390625 0.0035169988276670576
0 0.74609375 0.7681711606096131 0.0078125 0.008792497069167644
0 0.7765625 0.7628956623681126 0.0078125 0.0076201641266119575
0 0.515625 0.7637749120750293 0.009375 0.009378663540445486
0 0.267578125 0.761430246189918 0.00546875 0.005861664712778429
0 0.540625 0.7628956623681126 0.009375 0.00996483001172333
0 0.320703125 0.7596717467760844 0.00546875 0.004689331770222743
0 0.271484375 0.7570339976553341 0.00078125 0.0005861664712778429
0 0.82734375 0.7605509964830012 0.0109375 0.008792497069167644
0 0.638671875 0.7596717467760844 0.00859375 0.008206330597889801
0 0.603125 0.7558616647127784 0.00625 0.005275498241500586
0 0.852734375 0.7561547479484173 0.00703125 0.008206330597889801
0 0.87734375 0.7529308323563892 0.003125 0.0029308323563892145
0 0.562890625 0.7535169988276671 0.01015625 0.008792497069167644
0 0.24140625 0.7520515826494725 0.00625 0.005861664712778429
0 0.341796875 0.7491207502930832 0.00234375 0.0023446658851113715
0 0.763671875 0.7488276670574443 0.00703125 0.0076201641266119575
0 0.784765625 0.7447245017584995 0.00859375 0.006447831184056272
0 0.6234375 0.7456037514654161 0.0078125 0.009378663540445486
0 0.692578125 0.7435521688159438 0.01171875 0.008792497069167644
0 0.5484375 0.7409144196951934 0.0078125 0.008206330597889801
0 0.3203125 0.7397420867526378 0.00625 0.005861664712778429
0 0.28671875 0.738862837045721 0.009375 0.006447831184056272
0 0.416796875 0.7365181711606096 0.00546875 0.005275498241500586
0 0.21015625 0.7368112543962485 0.0109375 0.005861664712778429
0 0.2625 0.735052754982415 0.0109375 0.005861664712778429
0 0.8078125 0.734759671746776 0.0078125 0.006447831184056272
0 0.345703125 0.7300703399765534 0.00078125 0.0005861664712778429
0 0.237890625 0.7327080890973037 0.00859375 0.007033997655334115
0 0.526953125 0.7327080890973037 0.01015625 0.009378663540445486
0 0.384765625 0.7309495896834701 0.00859375 0.007033997655334115
0 0.766015625 0.7309495896834701 0.00703125 0.008206330597889801
0 0.437890625 0.727432590855803 0.01171875 0.007033997655334115
0 0.7390625 0.7280187573270809 0.0109375 0.009378663540445486
0 0.7875 0.7262602579132473 0.0078125 0.008206330597889801
0 0.301953125 0.7227432590855803 0.00078125 0.0011723329425556857
0 0.499609375 0.7247948417350527 0.00703125 0.006447831184056272
0 0.698828125 0.7256740914419695 0.01171875 0.009378663540445486
0 0.275390625 0.7195193434935522 0.01015625 0.005275498241500586
0 0.81953125 0.7198124267291911 0.009375 0.008206330597889801
0 0.20078125 0.7195193434935522 0.009375 0.0076201641266119575
0 0.251171875 0.7174677608440797 0.00859375 0.004689331770222743
0 0.363671875 0.7186400937866354 0.01171875 0.008206330597889801
0 0.849609375 0.7157092614302462 0.00546875 0.004689331770222743
0 0.332421875 0.712778429073857 0.00859375 0.004689331770222743
0 0.226953125 0.7136576787807737 0.00859375 0.006447831184056272
0 0.575390625 0.7116060961313013 0.00703125 0.007033997655334115
0 0.309375 0.7042790152403282 0.0109375 0.006447831184056272
0 0.2671875 0.7028135990621337 0.009375 0.004689331770222743
0 0.814453125 0.7007620164126612 0.00078125 0.0017584994138335288
0 0.38125 0.7031066822977726 0.0125 0.0076201641266119575
0 0.65234375 0.7028135990621337 0.0125 0.009378663540445486
0 0.847265625 0.6984173505275498 0.00234375 0.0017584994138335288
0 0.209375 0.7004689331770223 0.00625 0.005861664712778429
0 0.791796875 0.7004689331770223 0.00859375 0.007033997655334115
0 0.2421875 0.6990035169988277 0.009375 0.006447831184056272
0 0.4078125 0.697831184056272 0.0109375 0.006447831184056272
0 0.7515625 0.697831184056272 0.0125 0.008792497069167644
0 0.359375 0.693728018757327 0.0109375 0.006447831184056272
0 0.33359375 0.693728018757327 0.0109375 0.006447831184056272
0 0.2921875 0.6931418522860492 0.00625 0.005275498241500586
0 0.866015625 0.6887456037514654 0.00859375 0.008206330597889801
0 0.225390625 0.6858147713950762 0.00859375 0.005861664712778429
0 0.270703125 0.6849355216881594 0.01015625 0.005275498241500586
0 0.890234375 0.6855216881594373 0.01015625 0.008792497069167644
0 0.197265625 0.6843493552168816 0.01171875 0.006447831184056272
0 0.805859375 0.6843493552168816 0.00859375 0.0076201641266119575
0 0.783984375 0.6831770222743259 0.00703125 0.008792497069167644
0 0.562109375 0.6822977725674091 0.01171875 0.008206330597889801
0 0.76328125 0.6799531066822978 0.0046875 0.004689331770222743
0 0.319140625 0.6799531066822978 0.01015625 0.004689331770222743
0 0.838671875 0.6799531066822978 0.01015625 0.005861664712778429
0 0.246875 0.6761430246189918 0.0109375 0.006447831184056272
0 0.377734375 0.671746776084408 0.01171875 0.007033997655334115
0 0.213671875 0.6705744431418523 0.01015625 0.005861664712778429
0 0.864453125 0.6699882766705745 0.01171875 0.008206330597889801
0 0.67734375 0.6694021101992966 0.0078125 0.007033997655334115
0 0.29609375 0.6696951934349356 0.0109375 0.0076201641266119575
0 0.26953125 0.6658851113716295 0.0125 0.005861664712778429
0 0.8375 0.6629542790152403 0.0078125 0.005861664712778429
0 0.755078125 0.6635404454865181 0.00703125 0.007033997655334115
0 0.548046875 0.6623681125439624 0.01171875 0.004689331770222743
0 0.77734375 0.6617819460726846 0.009375 0.008206330597889801
0 0.31796875 0.6609026963657679 0.0109375 0.006447831184056272
0 0.235546875 0.6603165298944901 0.01171875 0.006447831184056272
0 0.572265625 0.660609613130129 0.01015625 0.008206330597889801
0 0.1953125 0.6579718640093787 0.0109375 0.006447831184056272
0 0.438671875 0.6579718640093787 0.01171875 0.008792497069167644
0 0.596875 0.6559202813599062 0.0078125 0.005861664712778429
0 0.88984375 0.6553341148886284 0.00625 0.007033997655334115
0 0.635546875 0.6553341148886284 0.01171875 0.008206330597889801
0 0.811328125 0.6544548651817116 0.00859375 0.008792497069167644
0 0.667578125 0.6532825322391559 0.01015625 0.0076201641266119575
0 0.213671875 0.6488862837045721 0.00390625 0.0023446658851113715
0 0.714453125 0.6465416178194607 0.00390625 0.0035169988276670576
0 0.260546875 0.6485932004689332 0.01015625 0.0076201641266119575
0 0.865234375 0.6480070339976554 0.00703125 0.0076201641266119575
0 0.748046875 0.6471277842907386 0.00703125 0.005861664712778429
0 0.3046875 0.6477139507620164 0.0109375 0.007033997655334115
0 0.840234375 0.6465416178194607 0.01171875 0.008206330597889801
0 0.7921875 0.6436107854630715 0.0078125 0.008206330597889801
0 0.38359375 0.641559202813599 0.0125 0.0076201641266119575
0 0.194140625 0.638335287221571 0.00234375 0.0023446658851113715
0 0.683984375 0.6389214536928488 0.00703125 0.005861664712778429
0 0.355078125 0.6392145369284877 0.01171875 0.006447831184056272
0 0.328515625 0.6377491207502931 0.01171875 0.005861664712778429
0 0.283203125 0.638335287221571 0.01171875 0.007033997655334115
0 0.241796875 0.6374560375146542 0.01171875 0.005275498241500586
0 0.76640625 0.6371629542790153 0.009375 0.007033997655334115
0 0.816796875 0.6356975381008206 0.00859375 0.008792497069167644
0 0.21953125 0.6289566236811255 0.009375 0.004689331770222743
0 0.741796875 0.6295427901524033 0.01015625 0.007033997655334115
0 0.713671875 0.6280773739742087 0.00703125 0.005275498241500586
0 0.837890625 0.6266119577960141 0.00546875 0.0035169988276670576
0 0.30625 0.6274912075029309 0.0109375 0.006447831184056272
0 0.2640625 0.626905041031653 0.0125 0.005275498241500586
0 0.859375 0.6271981242672919 0.009375 0.007033997655334115
0 0.898046875 0.6245603751465416 0.01328125 0.008792497069167644
0 0.3859375 0.6236811254396248 0.0125 0.008206330597889801
0 0.690625 0.6222157092614302 0.0109375 0.006447831184056272
0 0.416015625 0.6204572098475967 0.00390625 0.0029308323563892145
0 0.406640625 0.6198710433763188 0.00234375 0.0017584994138335288
0 0.19765625 0.6201641266119577 0.009375 0.004689331770222743
0 0.241796875 0.6186987104337632 0.00859375 0.004103165298944901
0 0.328515625 0.6181125439624854 0.01328125 0.006447831184056272
0 0.286328125 0.6186987104337632 0.01328125 0.008792497069167644
0 0.774609375 0.6169402110199297 0.00703125 0.0076201641266119575
0 0.876171875 0.6145955451348183 0.00703125 0.005275498241500586
0 0.80859375 0.6143024618991794 0.00625 0.005861664712778429
0 0.218359375 0.6101992966002344 0.01015625 0.004689331770222743
0 0.830859375 0.6104923798358733 0.00546875 0.0076201641266119575
0 0.8515625 0.6101992966002344 0.0078125 0.008206330597889801
0 0.2640625 0.6087338804220399 0.0125 0.005275498241500586
0 0.3484375 0.6072684642438453 0.0125 0.007033997655334115
0 0.3078125 0.6063892145369285 0.0125 0.005275498241500586
0 0.790234375 0.604337631887456 0.00234375 0.0035169988276670576
0 0.382421875 0.6052168815943728 0.01171875 0.008792497069167644
0 0.4265625 0.6034583821805393 0.0109375 0.006447831184056272
0 0.19609375 0.6022860492379836 0.0109375 0.006447831184056272
0 0.24140625 0.6002344665885111 0.0078125 0.0035169988276670576
0 0.28515625 0.5990621336459554 0.0125 0.007033997655334115
0 0.889453125 0.5981828839390387 0.00703125 0.006447831184056272
0 0.8671875 0.5978898007033998 0.00625 0.007033997655334115
0 0.816796875 0.5975967174677609 0.00703125 0.006447831184056272
0 0.330078125 0.5929073856975381 0.01015625 0.006447831184056272
0 0.217578125 0.5914419695193435 0.01171875 0.004689331770222743
0 0.751171875 0.5923212192262602 0.00859375 0.0076201641266119575
0 0.262890625 0.5899765533411488 0.01171875 0.005275498241500586
0 0.797265625 0.5879249706916765 0.00859375 0.007033997655334115
0 0.3921875 0.5876318874560376 0.0125 0.006447831184056272
0 0.306640625 0.5876318874560376 0.01171875 0.006447831184056272
0 0.3671875 0.5867526377491208 0.0125 0.005861664712778429
0 0.85078125 0.585873388042204 0.0078125 0.0076201641266119575
0 0.19453125 0.5829425556858148 0.0109375 0.006447831184056272
0 0.82734375 0.5808909730363423 0.0046875 0.004689331770222743
0 0.240625 0.5808909730363423 0.00625 0.004689331770222743
0 0.283984375 0.5797186400937866 0.01171875 0.005861664712778429
0 0.345703125 0.5785463071512309 0.01328125 0.005861664712778429
0 0.8734375 0.5791324736225087 0.009375 0.008206330597889801
0 0.322265625 0.5738569753810082 0.01328125 0.0035169988276670576
0 0.658984375 0.5750293083235639 0.01171875 0.007033997655334115
0 0.504296875 0.5741500586166471 0.01171875 0.006447831184056272
0 0.2171875 0.5732708089097304 0.0125 0.005861664712778429
0 0.262109375 0.5712192262602579 0.01328125 0.006447831184056272
0 0.391015625 0.5677022274325909 0.00390625 0.004103165298944901
0 0.365625 0.5677022274325909 0.0125 0.006447831184056272
0 0.8 0.5679953106682297 0.009375 0.008206330597889801
0 0.540234375 0.5656506447831184 0.01171875 0.007033997655334115
0 0.640625 0.5659437280187574 0.0109375 0.008792497069167644
0 0.447265625 0.5650644783118406 0.01171875 0.007033997655334115
0 0.413671875 0.5647713950762017 0.01171875 0.006447831184056272
0 0.29921875 0.5647713950762017 0.0125 0.006447831184056272
0 0.8890625 0.5650644783118406 0.0109375 0.008206330597889801
0 0.240234375 0.5606682297772567 0.00859375 0.005275498241500586
0 0.34375 0.5603751465416178 0.0125 0.007033997655334115
0 0.861328125 0.559495896834701 0.00703125 0.0076201641266119575
0 0.189453125 0.5571512309495897 0.01171875 0.006447831184056272
0 0.2765625 0.5565650644783119 0.0125 0.006447831184056272
0 0.3203125 0.5539273153575616 0.0125 0.005861664712778429
0 0.215625 0.5542203985932005 0.0125 0.006447831184056272
0 0.37890625 0.5524618991793669 0.0125 0.0076201641266119575
0 0.841015625 0.5518757327080891 0.01015625 0.008792497069167644
0 0.893359375 0.5460140679953107 0.00546875 0.006447831184056272
0 0.412109375 0.5457209847596718 0.01171875 0.005861664712778429
0 0.25625 0.5454279015240329 0.009375 0.005275498241500586
0 0.297265625 0.5454279015240329 0.01328125 0.006447831184056272
0 0.33828125 0.5430832356389215 0.0125 0.008792497069167644
0 0.232421875 0.5401524032825322 0.01328125 0.006447831184056272
0 0.198046875 0.5389800703399765 0.00859375 0.005275498241500586
0 0.709765625 0.5389800703399765 0.01171875 0.0076201641266119575
0 0.3640625 0.5381008206330598 0.009375 0.005861664712778429
0 0.277734375 0.5339976553341149 0.01328125 0.005861664712778429
0 0.876953125 0.5328253223915592 0.01328125 0.008206330597889801
0 0.505078125 0.5322391559202814 0.01171875 0.007033997655334115
0 0.841015625 0.5316529894490035 0.00859375 0.008206330597889801
0 0.376953125 0.5278429073856975 0.00078125 0.0005861664712778429
0 0.3109375 0.5301875732708089 0.0109375 0.006447831184056272
0 0.3859375 0.5275498241500586 0.003125 0.0023446658851113715
0 0.41640625 0.5281359906213364 0.0109375 0.007033997655334115
0 0.8203125 0.526084407971864 0.0046875 0.005275498241500586
0 0.575 0.5278429073856975 0.0109375 0.008792497069167644
0 0.216015625 0.5254982415005862 0.01015625 0.005275498241500586
0 0.335546875 0.5228604923798359 0.00859375 0.004689331770222743
0 0.2421875 0.5228604923798359 0.0109375 0.005861664712778429
0 0.1890625 0.522567409144197 0.0109375 0.006447831184056272
0 0.259765625 0.5172919109026963 0.00078125 0.0005861664712778429
0 0.86171875 0.5199296600234466 0.0046875 0.007033997655334115
0 0.6375 0.5199296600234466 0.0109375 0.007033997655334115
0 0.457421875 0.5190504103165299 0.00703125 0.005275498241500586
0 0.291796875 0.5190504103165299 0.01328125 0.006447831184056272
0 0.269140625 0.5181711606096131 0.00546875 0.004689331770222743
0 0.359375 0.5190504103165299 0.0125 0.0076201641266119575
0 0.69140625 0.5172919109026963 0.0109375 0.008792497069167644
0 0.796484375 0.5164126611957796 0.01015625 0.008206330597889801
0 0.659765625 0.5158264947245017 0.01171875 0.007033997655334115
0 0.884765625 0.5158264947245017 0.00859375 0.008206330597889801
0 0.399609375 0.5131887456037515 0.01171875 0.006447831184056272
0 0.839453125 0.5128956623681126 0.00859375 0.007033997655334115
0 0.315234375 0.5120164126611958 0.01171875 0.006447831184056272
0 0.81875 0.5084994138335287 0.00625 0.0076201641266119575
0 0.377734375 0.5070339976553341 0.01171875 0.007033997655334115
0 0.21328125 0.5055685814771395 0.009375 0.005275498241500586
0 0.5578125 0.5058616647127784 0.0109375 0.007033997655334115
0 0.33828125 0.5052754982415005 0.0109375 0.005861664712778429
0 0.2390625 0.5043962485345839 0.0125 0.006447831184056272
0 0.1859375 0.5035169988276671 0.0125 0.005861664712778429
0 0.86953125 0.5035169988276671 0.0078125 0.007033997655334115
0 0.58125 0.5032239155920282 0.0109375 0.006447831184056272
0 0.446484375 0.5026377491207503 0.01015625 0.005275498241500586
0 0.280859375 0.5023446658851114 0.01171875 0.007033997655334115
0 0.6375 0.5011723329425557 0.0109375 0.008206330597889801
0 0.80234375 0.49736225087924973 0.003125 0.0029308323563892145
0 0.4203125 0.4970691676436108 0.0125 0.005861664712778429
0 0.304296875 0.4947245017584994 0.01171875 0.005861664712778429
0 0.851171875 0.49501758499413834 0.00859375 0.0076201641266119575
0 0.88984375 0.4944314185228605 0.009375 0.0076201641266119575
0 0.359765625 0.49384525205158264 0.01171875 0.006447831184056272
0 0.6640625 0.49296600234466587 0.009375 0.005861664712778429
0 0.82890625 0.4935521688159437 0.0078125 0.008206330597889801
0 0.259375 0.492379835873388 0.0109375 0.005861664712778429
0 0.7734375 0.4900351699882767 0.0109375 0.008206330597889801
0 0.327734375 0.4879835873388042 0.01171875 0.005275498241500586
0 0.203125 0.48856975381008205 0.0109375 0.006447831184056272
0 0.23046875 0.48651817116060964 0.0125 0.005861664712778429
0 0.69609375 0.48446658851113716 0.0046875 0.005275498241500586
0 0.86953125 0.48446658851113716 0.0078125 0.0076201641266119575
0 0.45859375 0.48300117233294254 0.0125 0.005861664712778429
0 0.406640625 0.48212192262602577 0.01015625 0.005275498241500586
0 0.28046875 0.48182883939038684 0.0125 0.005861664712778429
0 0.430859375 0.4809495896834701 0.01171875 0.006447831184056272
0 0.8453125 0.4753810082063306 0.0046875 0.0023446658851113715
0 0.820703125 0.4762602579132474 0.00703125 0.005275498241500586
0 0.348046875 0.4771395076201641 0.01328125 0.007033997655334115
0 0.888671875 0.4762602579132474 0.01171875 0.0076201641266119575
0 0.304296875 0.47567409144196954 0.01328125 0.006447831184056272
0 0.183984375 0.4753810082063306 0.01171875 0.005861664712778429
0 0.256640625 0.4742086752637749 0.01328125 0.007033997655334115
0 0.67890625 0.4712778429073857 0.00625 0.004689331770222743
0 0.710546875 0.4706916764361079 0.00859375 0.005861664712778429
0 0.57109375 0.46922626025791325 0.0109375 0.005275498241500586
0 0.546875 0.4698124267291911 0.0109375 0.006447831184056272
0 0.36953125 0.4695193434935522 0.0109375 0.005861664712778429
0 0.477734375 0.46805392731535755 0.01015625 0.006447831184056272
0 0.23203125 0.46805392731535755 0.0125 0.006447831184056272
0 0.8625 0.46776084407971863 0.009375 0.007033997655334115
0 0.800390625 0.46805392731535755 0.00703125 0.0076201641266119575
0 0.399609375 0.46483001172332944 0.01171875 0.005861664712778429
0 0.325390625 0.46512309495896836 0.01328125 0.006447831184056272
0 0.276953125 0.46365767878077374 0.01171875 0.007033997655334115
0 0.20625 0.4630715123094959 0.0125 0.005861664712778429
0 0.45 0.46072684642438455 0.0078125 0.004689331770222743
0 0.501171875 0.4610199296600234 0.01015625 0.006447831184056272
0 0.17734375 0.4586752637749121 0.0078125 0.0029308323563892145
0 0.88515625 0.4575029308323564 0.00625 0.004103165298944901
0 0.81953125 0.45926143024618993 0.009375 0.0076201641266119575
0 0.248828125 0.4563305978898007 0.00234375 0.0017584994138335288
0 0.73984375 0.45691676436107853 0.0046875 0.005275498241500586
0 0.425390625 0.4566236811254396 0.01171875 0.005861664712778429
0 0.257421875 0.45545134818288396 0.00546875 0.004689331770222743
0 0.7 0.4548651817116061 0.0109375 0.005861664712778429
0 0.669140625 0.45515826494724504 0.01015625 0.006447831184056272
0 0.344921875 0.4533997655334115 0.00859375 0.004103165298944901
0 0.3 0.4533997655334115 0.0078125 0.004103165298944901
0 0.851171875 0.4533997655334115 0.00546875 0.006447831184056272
0 0.59765625 0.4525205158264947 0.0109375 0.005861664712778429
0 0.38046875 0.45281359906213364 0.0125 0.006447831184056272
0 0.5734375 0.45193434935521687 0.0109375 0.007033997655334115
0 0.228515625 0.44871043376318875 0.00703125 0.005275498241500586
0 0.78984375 0.44753810082063306 0.009375 0.0076201641266119575
0 0.403515625 0.4469519343493552 0.01328125 0.0076201641266119575
0 0.277734375 0.44431418522860494 0.01328125 0.005861664712778429
0 0.203515625 0.44636576787807736 0.01328125 0.00996483001172333
0 0.870703125 0.4437280187573271 0.00859375 0.008206330597889801
0 0.324609375 0.4425556858147714 0.01328125 0.005861664712778429
0 0.8125 0.4428487690504103 0.0078125 0.0076201641266119575
0 0.4203125 0.4396248534583822 0.0015625 0.0011723329425556857
0 0.42734375 0.43991793669402113 0.00625 0.0029308323563892145
0 0.835546875 0.4405041031652989 0.00859375 0.0076201641266119575
0 0.769921875 0.44021101992966 0.00859375 0.008206330597889801
0 0.36328125 0.43903868698710435 0.0125 0.005861664712778429
0 0.68125 0.43874560375146543 0.009375 0.006447831184056272
0 0.9015625 0.43874560375146543 0.0109375 0.0076201641266119575
0 0.487109375 0.4381594372801876 0.01171875 0.006447831184056272
0 0.177734375 0.4384525205158265 0.01328125 0.008206330597889801
0 0.750390625 0.4361078546307151 0.00390625 0.004689331770222743
0 0.725390625 0.4361078546307151 0.00859375 0.007033997655334115
0 0.51171875 0.4343493552168816 0.0078125 0.004689331770222743
0 0.301171875 0.4349355216881594 0.01171875 0.005861664712778429
0 0.463671875 0.43347010550996484 0.01171875 0.006447831184056272
0 0.534765625 0.4320046893317702 0.01015625 0.005861664712778429
0 0.85625 0.42995310668229775 0.00625 0.004103165298944901
0 0.3890625 0.4308323563892145 0.0125 0.005861664712778429
0 0.232421875 0.43024618991793667 0.01015625 0.005861664712778429
0 0.797265625 0.42819460726846426 0.00703125 0.0029308323563892145
0 0.341796875 0.4287807737397421 0.01328125 0.005275498241500586
0 0.44609375 0.4273153575615475 0.003125 0.0035169988276670576
0 0.4375 0.42672919109026963 0.003125 0.0023446658851113715
0 0.70546875 0.42819460726846426 0.009375 0.0076201641266119575
0 0.198046875 0.4276084407971864 0.01328125 0.00996483001172333
0 0.3125 0.42262602579132474 0.0015625 0.0011723329425556857
0 0.279296875 0.4249706916764361 0.01328125 0.005861664712778429
0 0.8859375 0.42555685814771393 0.0109375 0.008206330597889801
0 0.322265625 0.42262602579132474 0.00390625 0.0035169988276670576
0 0.82109375 0.4243845252051583 0.009375 0.008206330597889801
0 0.605859375 0.4208675263774912 0.01015625 0.005861664712778429
0 0.36796875 0.4208675263774912 0.0125 0.005861664712778429
0 0.4125 0.42028135990621335 0.0125 0.005861664712778429
0 0.253515625 0.4199882766705744 0.01328125 0.006447831184056272
0 0.55625 0.4191090269636577 0.009375 0.005861664712778429
0 0.779296875 0.41852286049237986 0.00859375 0.005861664712778429
0 0.476171875 0.4176436107854631 0.00703125 0.004103165298944901
0 0.752734375 0.41735052754982416 0.00546875 0.004689331770222743
0 0.728125 0.41852286049237986 0.009375 0.007033997655334115
0 0.5828125 0.41822977725674093 0.0109375 0.006447831184056272
0 0.868359375 0.414126611957796 0.00546875 0.0017584994138335288
0 0.665234375 0.4155920281359906 0.00859375 0.004689331770222743
0 0.524609375 0.4155920281359906 0.00859375 0.004689331770222743
0 0.841015625 0.41588511137162953 0.00859375 0.008792497069167644
0 0.2203125 0.4152989449003517 0.0140625 0.00996483001172333
0 0.80390625 0.4135404454865182 0.009375 0.0076201641266119575
0 0.390234375 0.41207502930832357 0.00859375 0.005861664712778429
0 0.296484375 0.41178194607268465 0.01328125 0.006447831184056272
0 0.346484375 0.41060961313012895 0.01328125 0.006447831184056272
0 0.644140625 0.4079718640093787 0.00390625 0.0023446658851113715
0 0.89453125 0.40885111371629546 0.0078125 0.006447831184056272
0 0.432421875 0.40738569753810083 0.00703125 0.004689331770222743
0 0.27109375 0.4056271981242673 0.0140625 0.005861664712778429
0 0.456640625 0.40504103165298944 0.01171875 0.005861664712778429
0 0.187890625 0.4070926143024619 0.01328125 0.00996483001172333
0 0.598046875 0.40357561547479487 0.01171875 0.006447831184056272
0 0.540234375 0.40328253223915594 0.01015625 0.005861664712778429
0 0.821875 0.40386869871043374 0.0109375 0.008206330597889801
0 0.36875 0.4026963657678781 0.0125 0.005861664712778429
0 0.323828125 0.40357561547479487 0.01171875 0.0076201641266119575
0 0.719140625 0.40211019929660025 0.00703125 0.005861664712778429
0 0.85546875 0.40211019929660025 0.009375 0.007033997655334115
0 0.7703125 0.4026963657678781 0.009375 0.008206330597889801
0 0.74765625 0.4006447831184056 0.009375 0.0076201641266119575
0 0.485546875 0.399179366940211 0.00859375 0.004689331770222743
0 0.5640625 0.399179366940211 0.0109375 0.005861664712778429
0 0.408203125 0.399179366940211 0.01171875 0.005861664712778429
0 0.66171875 0.39800703399765536 0.0109375 0.005861664712778429
0 0.79375 0.39800703399765536 0.0109375 0.008206330597889801
0 0.87734375 0.3974208675263775 0.0078125 0.008206330597889801
0 0.2359375 0.3950762016412661 0.0109375 0.007033997655334115
0 0.210546875 0.39419695193434934 0.01171875 0.005275498241500586
0 0.512109375 0.3930246189917937 0.00703125 0.005275498241500586
0 0.898046875 0.3921453692848769 0.01171875 0.008206330597889801
0 0.626953125 0.39155920281359907 0.01015625 0.007033997655334115
0 0.2875 0.3909730363423212 0.0109375 0.005861664712778429
0 0.441796875 0.3898007033997655 0.01015625 0.005861664712778429
0 0.58359375 0.3898007033997655 0.0109375 0.007033997655334115
0 0.8421875 0.38569753810082064 0.0015625 0.0011723329425556857
0 0.704296875 0.388042203985932 0.01015625 0.005861664712778429
0 0.34453125 0.3886283704572098 0.0125 0.007033997655334115
0 0.8390625 0.38481828839390386 0.003125 0.0005861664712778429
0 0.73125 0.3886283704572098 0.009375 0.008206330597889801
0 0.68046875 0.3874560375146542 0.0109375 0.005861664712778429
0 0.262109375 0.388042203985932 0.01328125 0.008206330597889801
0 0.81484375 0.38686987104337633 0.009375 0.008206330597889801
0 0.544140625 0.38599062133645956 0.01171875 0.0076201641266119575
0 0.47109375 0.3851113716295428 0.009375 0.005861664712778429
0 0.312109375 0.38569753810082064 0.01328125 0.007033997655334115
0 0.862109375 0.38452520515826494 0.01015625 0.007033997655334115
0 0.64765625 0.38364595545134816 0.0109375 0.006447831184056272
0 0.608203125 0.38364595545134816 0.00703125 0.006447831184056272
0 0.370703125 0.384232121922626 0.01171875 0.0076201641266119575
0 0.3953125 0.38335287221570924 0.0109375 0.007033997655334115
0 0.773828125 0.38042203985932005 0.00703125 0.004689331770222743
0 0.420703125 0.3813012895662368 0.01171875 0.006447831184056272
0 0.794140625 0.3798358733880422 0.01171875 0.008206330597889801
0 0.49609375 0.37924970691676435 0.009375 0.007033997655334115
0 0.75234375 0.37778429073856973 0.0046875 0.006447831184056272
0 0.219140625 0.3789566236811254 0.01171875 0.008792497069167644
0 0.564453125 0.3757327080890973 0.01171875 0.005861664712778429
0 0.898828125 0.37368112543962484 0.00390625 0.0029308323563892145
0 0.348828125 0.37250879249706914 0.00078125 0.0005861664712778429
0 0.355078125 0.37221570926143027 0.00703125 0.0035169988276670576
0 0.71875 0.373094958968347 0.009375 0.006447831184056272
0 0.6265625 0.3733880422039859 0.0109375 0.007033997655334115
0 0.451171875 0.37280187573270807 0.01171875 0.005861664712778429
0 0.668359375 0.37280187573270807 0.01015625 0.007033997655334115
0 0.244921875 0.3742672919109027 0.01328125 0.00996483001172333
0 0.519921875 0.37192262602579135 0.01015625 0.006447831184056272
0 0.830859375 0.37221570926143027 0.00859375 0.008206330597889801
0 0.328125 0.3704572098475967 0.009375 0.005861664712778429
0 0.87421875 0.37075029308323565 0.009375 0.0076201641266119575
0 0.6921875 0.369284876905041 0.009375 0.005861664712778429
0 0.296484375 0.36957796014067995 0.01015625 0.006447831184056272
0 0.2703125 0.3704572098475967 0.0125 0.009378663540445486
0 0.196484375 0.37075029308323565 0.01484375 0.00996483001172333
0 0.85234375 0.369284876905041 0.0109375 0.008206330597889801
0 0.649609375 0.36723329425556855 0.00546875 0.004103165298944901
0 0.587890625 0.3678194607268464 0.00703125 0.005275498241500586
0 0.381640625 0.3678194607268464 0.01171875 0.0076201641266119575
0 0.475390625 0.36635404454865184 0.01015625 0.005861664712778429
0 0.54296875 0.36664712778429076 0.0125 0.008792497069167644
0 0.406640625 0.36547479484173506 0.01171875 0.006447831184056272
0 0.783203125 0.3607854630715123 0.00078125 0.0005861664712778429
0 0.76640625 0.3645955451348183 0.009375 0.008206330597889801
0 0.81171875 0.36283704572098474 0.009375 0.008206330597889801
0 0.789453125 0.3596131301289566 0.00703125 0.0029308323563892145
0 0.60859375 0.361957796014068 0.009375 0.0076201641266119575
0 0.499609375 0.3604923798358734 0.00390625 0.004689331770222743
0 0.43125 0.3613716295427902 0.0125 0.006447831184056272
0 0.741796875 0.3616647127784291 0.00859375 0.008206330597889801
0 0.2265625 0.3593200468933177 0.0140625 0.008206330597889801
0 0.567578125 0.358147713950762 0.01171875 0.007033997655334115
0 0.894140625 0.3540445486518171 0.00078125 0.0023446658851113715
0 0.6765625 0.3549237983587339 0.0046875 0.004103165298944901
0 0.72109375 0.3552168815943728 0.0078125 0.007033997655334115
0 0.45546875 0.3549237983587339 0.0109375 0.0076201641266119575
0 0.3125 0.35463071512309496 0.0109375 0.007033997655334115
0 0.868359375 0.3537514654161782 0.00703125 0.006447831184056272
0 0.3640625 0.3537514654161782 0.0109375 0.006447831184056272
0 0.519921875 0.3540445486518171 0.01015625 0.008206330597889801
0 0.283984375 0.3528722157092614 0.01171875 0.007033997655334115
0 0.696875 0.3516998827667057 0.009375 0.005861664712778429
0 0.84453125 0.35199296600234464 0.009375 0.0076201641266119575
0 0.5890625 0.3505275498241501 0.0109375 0.008206330597889801
0 0.478515625 0.3481828839390387 0.01171875 0.007033997655334115
0 0.3875 0.3481828839390387 0.0109375 0.007033997655334115
0 0.824609375 0.34642438452520513 0.00703125 0.004689331770222743
0 0.653125 0.34788980070339975 0.0109375 0.0076201641266119575
0 0.629296875 0.34671746776084406 0.00703125 0.005275498241500586
0 0.755078125 0.347010550996483 0.00859375 0.007033997655334115
0 0.54140625 0.34671746776084406 0.0109375 0.006447831184056272
0 0.412890625 0.34788980070339975 0.00859375 0.008792497069167644
0 0.800390625 0.347010550996483 0.01015625 0.008206330597889801
0 0.778125 0.34642438452520513 0.009375 0.008206330597889801
0 0.259375 0.347010550996483 0.0140625 0.009378663540445486
0 0.342578125 0.3452520515826495 0.01171875 0.009378663540445486
0 0.4375 0.34349355216881594 0.009375 0.007033997655334115
0 0.883984375 0.3402696365767878 0.00390625 0.0029308323563892145
0 0.5015625 0.3417350527549824 0.0109375 0.007033997655334115
0 0.565625 0.33939038686987105 0.003125 0.004689331770222743
0 0.221484375 0.33968347010551 0.01171875 0.0076201641266119575
0 0.60703125 0.33792497069167643 0.0109375 0.006447831184056272
0 0.299609375 0.3388042203985932 0.01328125 0.008206330597889801
0 0.729296875 0.3373388042203986 0.00546875 0.006447831184056272
0 0.856640625 0.33675263774912073 0.00859375 0.0076201641266119575
0 0.459375 0.33675263774912073 0.009375 0.0076201641266119575
0 0.3671875 0.33499413833528724 0.009375 0.005275498241500586
0 0.703125 0.33382180539273154 0.0078125 0.005275498241500586
0 0.524609375 0.33528722157092616 0.00859375 0.008206330597889801
0 0.67890625 0.3332356389214537 0.00625 0.0076201641266119575
0 0.586328125 0.33177022274325907 0.00859375 0.007033997655334115
0 0.834375 0.32942555685814773 0.009375 0.0035169988276670576
0 0.32265625 0.3311840562719812 0.0125 0.007033997655334115
0 0.791015625 0.3308909730363423 0.00859375 0.0076201641266119575
0 0.645703125 0.3300117233294256 0.01015625 0.005861664712778429
0 0.3921875 0.3303048065650645 0.0046875 0.006447831184056272
0 0.275 0.33147713950762014 0.0125 0.008792497069167644
0 0.244140625 0.33147713950762014 0.01328125 0.00996483001172333
0 0.4828125 0.3291324736225088 0.0078125 0.006447831184056272
0 0.43828125 0.32708089097303633 0.0078125 0.0035169988276670576
0 0.769140625 0.32854630715123095 0.00703125 0.0076201641266119575
0 0.54609375 0.32737397420867526 0.009375 0.006447831184056272
0 0.746875 0.3267878077373974 0.00625 0.0076201641266119575
0 0.812109375 0.32708089097303633 0.01015625 0.009378663540445486
0 0.41640625 0.3235638921453693 0.0046875 0.0035169988276670576
0 0.6234375 0.32415005861664714 0.009375 0.005861664712778429
0 0.91328125 0.324736225087925 0.0125 0.008206330597889801
0 0.71953125 0.3212192262602579 0.0015625 0.0023446658851113715
0 0.50625 0.32327080890973037 0.00625 0.0076201641266119575
0 0.891796875 0.3226846424384525 0.00859375 0.0076201641266119575
0 0.348828125 0.32209847596717467 0.00859375 0.0076201641266119575
0 0.21484375 0.32092614302461897 0.0109375 0.0076201641266119575
0 0.301953125 0.3194607268464244 0.01015625 0.005861664712778429
0 0.691796875 0.31770222743259086 0.00859375 0.005861664712778429
0 0.6015625 0.31887456037514655 0.009375 0.008206330597889801
0 0.465234375 0.31770222743259086 0.00390625 0.005861664712778429
0 0.86875 0.3138921453692849 0.003125 0.0005861664712778429
0 0.665625 0.31740914419695193 0.0078125 0.0076201641266119575
0 0.527734375 0.3168229777256741 0.00859375 0.0076201641266119575
0 0.328125 0.31330597889800704 0.003125 0.0017584994138335288
0 0.576953125 0.31447831184056274 0.00703125 0.0076201641266119575
0 0.848046875 0.3138921453692849 0.00859375 0.0076201641266119575
0 0.7828125 0.3141852286049238 0.0078125 0.008206330597889801
0 0.760546875 0.3130128956623681 0.00703125 0.005861664712778429
0 0.642578125 0.3115474794841735 0.01015625 0.006447831184056272
0 0.377734375 0.31242672919109027 0.00703125 0.008206330597889801
0 0.825390625 0.3118405627198124 0.00859375 0.008206330597889801
0 0.487109375 0.3115474794841735 0.00703125 0.0076201641266119575
0 0.23671875 0.3118405627198124 0.009375 0.008206330597889801
0 0.553125 0.30920281359906215 0.00625 0.004103165298944901
0 0.4484375 0.3103751465416178 0.0046875 0.0076201641266119575
0 0.401953125 0.3071512309495897 0.00078125 0.0011723329425556857
0 0.73671875 0.30978898007034 0.0078125 0.0076201641266119575
0 0.802734375 0.30890973036342323 0.01015625 0.008206330597889801
0 0.905078125 0.3083235638921454 0.00859375 0.008206330597889801
0 0.425390625 0.30656506447831183 0.00234375 0.004689331770222743
0 0.2875 0.3048065650644783 0.00625 0.0035169988276670576
0 0.62109375 0.3062719812426729 0.0078125 0.0076201641266119575
0 0.510546875 0.3045134818288394 0.00390625 0.004103165298944901
0 0.7109375 0.30392731535756157 0.00625 0.004103165298944901
0 0.88671875 0.30246189917936694 0.0046875 0.0023446658851113715
0 0.35625 0.3045134818288394 0.00625 0.006447831184056272
0 0.259765625 0.30568581477139506 0.01328125 0.008792497069167644
0 0.223828125 0.2998241500586166 0.00078125 0.0005861664712778429
0 0.86328125 0.29923798358733883 0.0046875 0.004103165298944901
0 0.685546875 0.30011723329425555 0.00546875 0.005861664712778429
0 0.6 0.30011723329425555 0.00625 0.007033997655334115
0 0.5328125 0.29923798358733883 0.00625 0.006447831184056272
0 0.662890625 0.298651817116061 0.00546875 0.006447831184056272
0 0.449609375 0.2954279015240328 0.00390625 0.0023446658851113715
0 0.8390625 0.2974794841735053 0.009375 0.0076201641266119575
0 0.773828125 0.2977725674091442 0.00859375 0.008206330597889801
0 0.751171875 0.29572098475967173 0.00546875 0.005275498241500586
0 0.21953125 0.2951348182883939 0.0078125 0.004103165298944901
0 0.57421875 0.29601406799531066 0.00625 0.008206330597889801
0 0.472265625 0.2954279015240328 0.00703125 0.007033997655334115
0 0.30703125 0.29308323563892147 0.00625 0.0035169988276670576
0 0.63984375 0.29425556858147717 0.00625 0.007033997655334115
0 0.376171875 0.2936694021101993 0.00546875 0.005861664712778429
0 0.8171875 0.29396248534583824 0.009375 0.0076201641266119575
0 0.72734375 0.29073856975381007 0.00625 0.004689331770222743
0 0.79375 0.2922039859320047 0.0109375 0.008792497069167644
0 0.497265625 0.2889800703399766 0.00234375 0.0035169988276670576
0 0.40078125 0.28868698710433766 0.0046875 0.0029308323563892145
0 0.551953125 0.28868698710433766 0.00703125 0.005275498241500586
0 0.2765625 0.2869284876905041 0.009375 0.005275498241500586
0 0.70390625 0.28634232121922626 0.0046875 0.005275498241500586
0 0.616796875 0.28751465416178196 0.00703125 0.0076201641266119575
0 0.42578125 0.28634232121922626 0.00625 0.005275498241500586
0 0.90078125 0.28487690504103164 0.003125 0.0035169988276670576
0 0.353515625 0.28341148886283707 0.00546875 0.005275498241500586
0 0.6796875 0.2825322391559203 0.00625 0.005861664712778429
0 0.8515625 0.2825322391559203 0.009375 0.008206330597889801
0 0.65625 0.2801875732708089 0.0046875 0.0035169988276670576
0 0.594921875 0.28194607268464245 0.00703125 0.007033997655334115
0 0.5234375 0.28106682297772567 0.00625 0.005275498241500586
0 0.227734375 0.2790152403282532 0.00078125 0.0023446658851113715
0 0.322265625 0.2772567409144197 0.00234375 0.0011723329425556857
0 0.82734375 0.2757913247362251 0.0015625 0.0005861664712778429
0 0.8078125 0.27784290738569756 0.00625 0.004689331770222743
0 0.743359375 0.27784290738569756 0.00546875 0.004689331770222743
0 0.57265625 0.2772567409144197 0.003125 0.004689331770222743
0 0.453125 0.2781359906213365 0.0078125 0.006447831184056272
0 0.226171875 0.2757913247362251 0.00234375 0.0017584994138335288
0 0.217578125 0.2746189917936694 0.00078125 0.0005861664712778429
0 0.22109375 0.27403282532239154 0.003125 0.0005861664712778429
0 0.47734375 0.276084407971864 0.0078125 0.007033997655334115
0 0.721875 0.2731535756154748 0.0046875 0.0035169988276670576
0 0.38046875 0.27432590855803046 0.00625 0.005861664712778429
0 0.784765625 0.2734466588511137 0.00859375 0.006447831184056272
0 0.63515625 0.27227432590855805 0.00625 0.006447831184056272
0 0.501953125 0.2702227432590856 0.00390625 0.0023446658851113715
0 0.54453125 0.26992966002344665 0.003125 0.004103165298944901
0 0.41328125 0.2696365767878077 0.00625 0.005861664712778429
0 0.892578125 0.2664126611957796 0.00078125 0.0005861664712778429
0 0.611328125 0.2696365767878077 0.00703125 0.007033997655334115
0 0.69609375 0.26787807737397423 0.0046875 0.005861664712778429
0 0.866015625 0.26670574443141853 0.00859375 0.005861664712778429
0 0.84453125 0.26553341148886284 0.0078125 0.005861664712778429
0 0.341015625 0.26436107854630714 0.00546875 0.005861664712778429
0 0.52265625 0.261137162954279 0.0046875 0.0029308323563892145
0 0.43671875 0.26318874560375144 0.0078125 0.007033997655334115
0 0.65546875 0.2620164126611958 0.00625 0.005861664712778429
0 0.587890625 0.26260257913247365 0.00859375 0.007033997655334115
0 0.30390625 0.2608440797186401 0.00625 0.004689331770222743
0 0.82109375 0.2620164126611958 0.009375 0.008206330597889801
0 0.46171875 0.2608440797186401 0.0078125 0.007033997655334115
0 0.566796875 0.2587924970691676 0.00390625 0.004103165298944901
0 0.364453125 0.25908558030480655 0.00703125 0.005861664712778429
0 0.7359375 0.2587924970691676 0.00625 0.0076201641266119575
0 0.390625 0.2564478311840563 0.003125 0.0029308323563892145
0 0.79921875 0.2584994138335287 0.009375 0.008206330597889801
0 0.679296875 0.25586166471277844 0.00234375 0.0029308323563892145
0 0.77265625 0.25205158264947247 0.0015625 0.0011723329425556857
0 0.71015625 0.2543962485345838 0.00625 0.005861664712778429
0 0.775390625 0.2511723329425557 0.00234375 0.0005861664712778429
0 0.62421875 0.2529308323563892 0.00625 0.005275498241500586
0 0.488671875 0.2532239155920281 0.00703125 0.005861664712778429
0 0.88203125 0.2523446658851114 0.0078125 0.0076201641266119575
0 0.416015625 0.2514654161781946 0.00546875 0.005861664712778429
0 0.543359375 0.2511723329425557 0.00703125 0.006447831184056272
0 0.857421875 0.2502930832356389 0.00859375 0.007033997655334115
0 0.32421875 0.2488276670574443 0.00625 0.005275498241500586
0 0.835546875 0.24794841735052756 0.00859375 0.007033997655334115
0 0.443359375 0.2456037514654162 0.00390625 0.0035169988276670576
0 0.814453125 0.2447245017584994 0.00546875 0.004103165298944901
0 0.751953125 0.2456037514654162 0.00703125 0.007033997655334115
0 0.6453125 0.24531066822977726 0.00625 0.006447831184056272
0 0.601171875 0.2458968347010551 0.00703125 0.0076201641266119575
0 0.3484375 0.2447245017584994 0.00625 0.005275498241500586
0 0.73046875 0.24150058616647127 0.0046875 0.004689331770222743
0 0.5109375 0.24325908558030482 0.009375 0.008206330597889801
0 0.69296875 0.24150058616647127 0.0046875 0.005861664712778429
0 0.46875 0.24208675263774912 0.00625 0.007033997655334115
0 0.37421875 0.24091441969519342 0.00625 0.005861664712778429
0 0.789453125 0.23974208675263775 0.01015625 0.007033997655334115
0 0.56171875 0.23974208675263775 0.00625 0.007033997655334115
0 0.667578125 0.23856975381008205 0.00546875 0.005861664712778429
0 0.215234375 0.23534583821805394 0.00078125 0.0005861664712778429
0 0.894921875 0.23739742086752638 0.00703125 0.005861664712778429
0 0.398828125 0.23739742086752638 0.00546875 0.005861664712778429
0 0.3078125 0.2347596717467761 0.003125 0.0029308323563892145
0 0.871484375 0.23563892145369286 0.00859375 0.008206330597889801
0 0.491015625 0.23446658851113716 0.00390625 0.005861664712778429
0 0.62734375 0.23417350527549824 0.0046875 0.006447831184056272
0 0.534765625 0.2335873388042204 0.00546875 0.006447831184056272
0 0.42265625 0.23300117233294257 0.00625 0.006447831184056272
0 0.584375 0.23270808909730364 0.00625 0.007033997655334115
0 0.221484375 0.23007033997655335 0.00078125 0.0017584994138335288
0 0.71328125 0.2294841735052755 0.003125 0.0029308323563892145
0 0.846484375 0.22772567409144198 0.00078125 0.0005861664712778429
0 0.745703125 0.22860492379835873 0.00546875 0.004689331770222743
0 0.33359375 0.22772567409144198 0.0046875 0.0029308323563892145
0 0.765234375 0.22596717467760843 0.00078125 0.0005861664712778429
0 0.687109375 0.22479484173505276 0.00078125 0.0005861664712778429
0 0.215625 0.22655334114888628 0.0109375 0.004103165298944901
0 0.825390625 0.22860492379835873 0.00859375 0.009378663540445486
0 0.803515625 0.22538100820633059 0.00234375 0.004103165298944901
0 0.605078125 0.22538100820633059 0.00703125 0.0076201641266119575
0 0.36875 0.22186400937866355 0.0015625 0.0017584994138335288
0 0.906640625 0.22069167643610785 0.00078125 0.0005861664712778429
0 0.51328125 0.22362250879249707 0.00625 0.0076201641266119575
0 0.46875 0.22303634232121922 0.0078125 0.006447831184056272
0 0.91171875 0.22098475967174677 0.0078125 0.0035169988276670576
0 0.65859375 0.2212778429073857 0.0046875 0.0076201641266119575
0 0.563671875 0.22098475967174677 0.00703125 0.007033997655334115
0 0.44296875 0.21951934349355218 0.00625 0.004103165298944901
0 0.8609375 0.21776084407971863 0.0078125 0.004103165298944901
0 0.39375 0.21834701055099648 0.00625 0.005275498241500586
0 0.6328125 0.2160023446658851 0.00625 0.005275498241500586
0 0.728515625 0.21570926143024619 0.00546875 0.005861664712778429
0 0.890625 0.21570926143024619 0.0078125 0.007033997655334115
0 0.782421875 0.21570926143024619 0.00859375 0.007033997655334115
0 0.5859375 0.21365767878077374 0.0046875 0.0029308323563892145
0 0.537890625 0.21541617819460726 0.00859375 0.006447831184056272
0 0.48984375 0.21483001172332944 0.0078125 0.005275498241500586
0 0.75859375 0.21365767878077374 0.00625 0.005275498241500586
0 0.41796875 0.21395076201641267 0.00625 0.005861664712778429
0 0.7046875 0.21189917936694022 0.0046875 0.005275498241500586
0 0.839453125 0.208968347010551 0.00234375 0.0017584994138335288
0 0.3515625 0.2077960140679953 0.0046875 0.0029308323563892145
0 0.680859375 0.20662368112543963 0.00234375 0.0029308323563892145
0 0.612109375 0.2077960140679953 0.00546875 0.006447831184056272
0 0.218359375 0.208968347010551 0.01015625 0.008792497069167644
0 0.374609375 0.20310668229777257 0.00078125 0.0005861664712778429
0 0.511328125 0.20457209847596716 0.00546875 0.004689331770222743
0 0.4578125 0.2048651817116061 0.00625 0.005275498241500586
0 0.79609375 0.19988276670574442 0.0046875 0.0035169988276670576
0 0.401953125 0.19988276670574442 0.00546875 0.0035169988276670576
0 0.660546875 0.19900351699882768 0.00390625 0.0029308323563892145
0 0.772265625 0.19900351699882768 0.00546875 0.004103165298944901
0 0.73984375 0.20046893317702227 0.009375 0.007033997655334115
0 0.4796875 0.1969519343493552 0.0046875 0.0035169988276670576
0 0.8578125 0.19724501758499413 0.0078125 0.006447831184056272
0 0.6359375 0.19724501758499413 0.0046875 0.006447831184056272
0 0.42734375 0.1954865181711606 0.0046875 0.0029308323563892145
0 0.719140625 0.19607268464243846 0.00390625 0.005275498241500586
0 0.534765625 0.19577960140679954 0.00546875 0.005861664712778429
0 0.892578125 0.19196951934349354 0.00234375 0.0017584994138335288
0 0.57890625 0.1937280187573271 0.0046875 0.005275498241500586
0 0.8890625 0.19079718640093787 0.0015625 0.0005861664712778429
0 0.841796875 0.1884525205158265 0.00078125 0.0005861664712778429
0 0.81484375 0.18933177022274325 0.00625 0.005861664712778429
0 0.511328125 0.18610785463071514 0.00390625 0.0029308323563892145
0 0.45625 0.1858147713950762 0.003125 0.0023446658851113715
0 0.75234375 0.18493552168815944 0.00625 0.004103165298944901
0 0.871484375 0.1843493552168816 0.00703125 0.004103165298944901
0 0.675 0.18259085580304807 0.003125 0.0029308323563892145
0 0.5546875 0.18376318874560374 0.0046875 0.005275498241500586
0 0.59921875 0.18259085580304807 0.0046875 0.005275498241500586
0 0.484765625 0.17790152403282533 0.00078125 0.0005861664712778429
0 0.623828125 0.179073856975381 0.00390625 0.004103165298944901
0 0.798046875 0.17672919109026963 0.00859375 0.005275498241500586
0 0.718359375 0.1764361078546307 0.00546875 0.004689331770222743
0 0.388671875 0.1749706916764361 0.00078125 0.0017584994138335288
0 0.57734375 0.17526377491207504 0.0046875 0.004689331770222743
0 0.819140625 0.16969519343493553 0.00234375 0.0017584994138335288
0 0.651953125 0.17145369284876905 0.00390625 0.005275498241500586
0 0.821484375 0.16852286049237983 0.00078125 0.0005861664712778429
0 0.858203125 0.1667643610785463 0.00078125 0.0005861664712778429
0 0.85546875 0.16617819460726846 0.003125 0.0005861664712778429
0 0.55390625 0.1650058616647128 0.0046875 0.004103165298944901
0 0.8796875 0.1655920281359906 0.0078125 0.006447831184056272
0 0.606640625 0.16441969519343494 0.00390625 0.004103165298944901
0 0.78203125 0.16266119577960142 0.003125 0.0017584994138335288
0 0.4984375 0.1623681125439625 0.003125 0.0023446658851113715
0 0.677734375 0.1623681125439625 0.00390625 0.0035169988276670576
0 0.84140625 0.15885111371629543 0.003125 0.0023446658851113715
0 0.804296875 0.15943728018757328 0.00703125 0.0035169988276670576
0 0.58359375 0.1570926143024619 0.003125 0.0023446658851113715
0 0.409765625 0.15386869871043377 0.00234375 0.0005861664712778429
0 0.896875 0.15445486518171161 0.009375 0.004103165298944901
0 0.647265625 0.152989449003517 0.00234375 0.0035169988276670576
0 0.623828125 0.15181711606096132 0.00546875 0.0035169988276670576
0 0.745703125 0.1515240328253224 0.00703125 0.0076201641266119575
0 0.866796875 0.14683470105509966 0.00703125 0.005275498241500586
0 0.430078125 0.14390386869871044 0.00234375 0.0029308323563892145
0 0.787109375 0.1450762016412661 0.00546875 0.006447831184056272
0 0.71015625 0.1444900351699883 0.003125 0.005275498241500586
0 0.561328125 0.13862837045720985 0.00234375 0.0017584994138335288
0 0.806640625 0.1395076201641266 0.00859375 0.007033997655334115
0 0.64140625 0.13481828839390386 0.0046875 0.0023446658851113715
0 0.68828125 0.13481828839390386 0.0046875 0.0035169988276670576
0 0.603515625 0.13452520515826494 0.00390625 0.0029308323563892145
0 0.896484375 0.134232121922626 0.00703125 0.005861664712778429
0 0.7453125 0.13218053927315357 0.00625 0.006447831184056272
0 0.82734375 0.13071512309495897 0.009375 0.004689331770222743
0 0.2234375 0.1271981242672919 0.003125 0.0011723329425556857
0 0.869140625 0.12631887456037513 0.00078125 0.0005861664712778429
0 0.873828125 0.12661195779601406 0.00703125 0.0023446658851113715
0 0.776953125 0.12602579132473624 0.00546875 0.005861664712778429
0 0.853515625 0.12221570926143024 0.00234375 0.0017584994138335288
0 0.845703125 0.12221570926143024 0.00234375 0.0017584994138335288
0 0.710546875 0.1228018757327081 0.00390625 0.0029308323563892145
0 0.85 0.12104337631887456 0.003125 0.0005861664712778429
0 0.6203125 0.12162954279015241 0.0046875 0.004103165298944901
0 0.221875 0.11811254396248534 0.009375 0.0029308323563892145
0 0.45625 0.1160609613130129 0.0015625 0.0011723329425556857
0 0.819140625 0.11254396248534584 0.01171875 0.009378663540445486
0 0.733203125 0.11078546307151231 0.00546875 0.005861664712778429
0 0.67890625 0.10697538100820633 0.0046875 0.0029308323563892145
0 0.710546875 0.10316529894490035 0.00390625 0.004689331770222743
