0 0.55703125 0.9047479484173505 0.0125 0.011137162954279016
0 0.630078125 0.8821805392731535 0.01171875 0.010550996483001172
0 0.3203125 0.8763188745603752 0.0109375 0.009378663540445486
0 0.560546875 0.757327080890973 0.01171875 0.009378663540445486
0 0.323828125 0.7508792497069168 0.01171875 0.008206330597889801
0 0.403515625 0.7508792497069168 0.01171875 0.009378663540445486
0 0.184375 0.7400351699882767 0.0125 0.0076201641266119575
0 0.41484375 0.7359320046893317 0.0109375 0.008792497069167644
0 0.45 0.7233294255568582 0.0109375 0.008206330597889801
0 0.40234375 0.6620750293083235 0.0109375 0.0076201641266119575
0 0.64296875 0.6444900351699883 0.0125 0.008792497069167644
0 0.402734375 0.6444900351699883 0.01171875 0.008792497069167644
0 0.2640625 0.6251465416178195 0.009375 0.0076201641266119575
0 0.49140625 0.6242672919109027 0.0109375 0.008206330597889801
0 0.251171875 0.6055099648300117 0.01015625 0.007033997655334115
0 0.41484375 0.6014067995310668 0.0109375 0.008206330597889801
0 0.764453125 0.5888042203985931 0.01328125 0.00996483001172333
0 0.36953125 0.5797186400937866 0.0109375 0.008206330597889801
0 0.604296875 0.5401524032825322 0.01171875 0.0076201641266119575
0 0.261328125 0.5348769050410317 0.01015625 0.0076201641266119575
0 0.52265625 0.533704572098476 0.0109375 0.0076201641266119575
0 0.4375 0.5213950762016413 0.0109375 0.0076201641266119575
0 0.538671875 0.5175849941383353 0.01015625 0.008206330597889801
0 0.5921875 0.5046893317702228 0.0109375 0.008206330597889801
0 0.151953125 0.4991207502930832 0.01171875 0.0076201641266119575
0 0.3765625 0.4915005861664713 0.0109375 0.0076201641266119575
0 0.236328125 0.4903282532239156 0.01171875 0.0076201641266119575
0 0.47578125 0.48212192262602577 0.0109375 0.0076201641266119575
0 0.147265625 0.48124267291910905 0.01171875 0.007033997655334115
0 0.630859375 0.4712778429073857 0.01171875 0.008206330597889801
0 0.369921875 0.42145369284876905 0.01015625 0.008206330597889801
0 0.45703125 0.4188159437280188 0.0109375 0.0076201641266119575
0 0.637890625 0.4164712778429074 0.01171875 0.008792497069167644
0 0.380859375 0.40650644783118406 0.01171875 0.0076201641266119575
0 0.3609375 0.40650644783118406 0.0125 0.008792497069167644
0 0.254296875 0.40386869871043374 0.01171875 0.007033997655334115
0 0.35 0.391852286049238 0.0109375 0.0076201641266119575
0 0.516796875 0.38159437280187575 0.01171875 0.008206330597889801
0 0.827734375 0.36283704572098474 0.01328125 0.008206330597889801
0 0.37578125 0.3601992966002345 0.0109375 0.0076201641266119575
0 0.3375 0.3552168815943728 0.0109375 0.008206330597889801
0 0.277734375 0.3388042203985932 0.01015625 0.008206330597889801
0 0.853125 0.3376318874560375 0.0125 0.009378663540445486
0 0.36484375 0.3279601406799531 0.0109375 0.008792497069167644
0 0.224609375 0.3159437280187573 0.01171875 0.009378663540445486
0 0.3671875 0.2842907385697538 0.0109375 0.009378663540445486
0 0.401171875 0.2787221570926143 0.01015625 0.006447831184056272
0 0.34765625 0.27784290738569756 0.0109375 0.008206330597889801
0 0.21875 0.27520515826494724 0.0109375 0.008792497069167644
0 0.47421875 0.2582063305978898 0.0109375 0.008792497069167644
0 0.41953125 0.17819460726846426 0.0109375 0.008206330597889801
0 0.30078125 0.1597303634232122 0.0109375 0.0076201641266119575
0 0.85078125 0.08675263774912075 0.009375 0.004689331770222743
