0 0.2625 0.97010550996483 0.003125 0.0023446658851113715
0 0.255078125 0.97010550996483 0.00234375 0.0023446658851113715
0 0.283203125 0.9648300117233294 0.01171875 0.010550996483001172
0 0.25234375 0.9525205158264948 0.009375 0.007033997655334115
0 0.370703125 0.9487104337631888 0.00703125 0.004103165298944901
0 0.548828125 0.9378663540445487 0.01171875 0.011723329425556858
0 0.209765625 0.9287807737397421 0.00078125 0.0005861664712778429
0 0.219921875 0.9279015240328253 0.00390625 0.0035169988276670576
0 0.698828125 0.9267291910902696 0.01171875 0.010550996483001172
0 0.36640625 0.9196951934349356 0.0015625 0.0011723329425556857
0 0.37578125 0.9194021101992966 0.003125 0.0029308323563892145
0 0.322265625 0.9164712778429074 0.00546875 0.0029308323563892145
0 0.598046875 0.9194021101992966 0.01171875 0.00996483001172333
0 0.560546875 0.9155920281359906 0.01171875 0.010550996483001172
0 0.63203125 0.9150058616647128 0.0125 0.010550996483001172
0 0.401953125 0.9135404454865181 0.01171875 0.008792497069167644
0 0.665234375 0.9088511137162955 0.00703125 0.005275498241500586
0 0.44921875 0.9050410316529894 0.0078125 0.004689331770222743
0 0.64765625 0.9015240328253223 0.003125 0.0023446658851113715
0 0.61015625 0.9032825322391559 0.0078125 0.005861664712778429
0 0.27421875 0.9012309495896834 0.003125 0.0029308323563892145
0 0.370703125 0.9024032825322391 0.01171875 0.008792497069167644
0 0.340234375 0.9024032825322391 0.01171875 0.00996483001172333
0 0.266796875 0.8980070339976554 0.00390625 0.0023446658851113715
0 0.251171875 0.8947831184056272 0.00546875 0.004103165298944901
0 0.2421875 0.8933177022274326 0.0015625 0.0011723329425556857
0 0.40859375 0.8936107854630715 0.0125 0.00996483001172333
0 0.47890625 0.8859906213364596 0.0109375 0.008792497069167644
0 0.659765625 0.8856975381008206 0.01171875 0.010550996483001172
0 0.508984375 0.8859906213364596 0.01171875 0.011137162954279016
0 0.613671875 0.8836459554513482 0.01171875 0.0076201641266119575
0 0.326953125 0.8742672919109027 0.00390625 0.0029308323563892145
0 0.461328125 0.8748534583821805 0.01171875 0.011137162954279016
0 0.287890625 0.8742672919109027 0.01171875 0.00996483001172333
0 0.379296875 0.8713364595545134 0.01171875 0.008792497069167644
0 0.49453125 0.8713364595545134 0.0125 0.011137162954279016
0 0.6265625 0.8663540445486518 0.0078125 0.007033997655334115
0 0.698828125 0.865767878077374 0.01171875 0.009378663540445486
0 0.33359375 0.8575615474794842 0.0125 0.009378663540445486
0 0.24375 0.8555099648300117 0.0125 0.00996483001172333
0 0.6734375 0.8540445486518171 0.0109375 0.010550996483001172
0 0.2203125 0.8502344665885111 0.0078125 0.006447831184056272
0 0.715234375 0.85052754982415 0.01015625 0.009378663540445486
0 0.6953125 0.8478898007033998 0.0046875 0.004103165298944901
0 0.560546875 0.8490621336459554 0.01171875 0.011137162954279016
0 0.64375 0.8467174677608441 0.0125 0.011137162954279016
0 0.35703125 0.8452520515826495 0.0125 0.008206330597889801
0 0.618359375 0.8411488862837045 0.00859375 0.007033997655334115
0 0.319140625 0.8426143024618992 0.01328125 0.011137162954279016
0 0.237109375 0.8382180539273154 0.00859375 0.007033997655334115
0 0.712890625 0.8335287221570926 0.00703125 0.005861664712778429
0 0.25859375 0.8300117233294255 0.003125 0.0023446658851113715
0 0.48828125 0.8332356389214537 0.0125 0.011137162954279016
0 0.530859375 0.832063305978898 0.01171875 0.011137162954279016
0 0.265625 0.8294255568581477 0.0078125 0.005861664712778429
0 0.354296875 0.8270808909730364 0.01171875 0.008206330597889801
0 0.287109375 0.8270808909730364 0.01171875 0.008206330597889801
0 0.658203125 0.8273739742086753 0.01171875 0.00996483001172333
0 0.573828125 0.8273739742086753 0.01015625 0.00996483001172333
0 0.234765625 0.8212192262602579 0.00078125 0.0011723329425556857
0 0.376953125 0.820926143024619 0.00859375 0.006447831184056272
0 0.637890625 0.8212192262602579 0.01171875 0.010550996483001172
0 0.403125 0.8182883939038686 0.0078125 0.008206330597889801
0 0.73359375 0.8185814771395076 0.0125 0.00996483001172333
0 0.4296875 0.8188745603751465 0.0125 0.010550996483001172
0 0.190234375 0.817409144196952 0.01171875 0.0076201641266119575
0 0.513671875 0.8179953106682297 0.01015625 0.00996483001172333
0 0.256640625 0.813305978898007 0.00859375 0.005275498241500586
0 0.70859375 0.8144783118405627 0.0125 0.008792497069167644
0 0.831640625 0.8121336459554513 0.01171875 0.00996483001172333
0 0.77734375 0.8109613130128956 0.0125 0.00996483001172333
0 0.28359375 0.809495896834701 0.0125 0.007033997655334115
0 0.336328125 0.8042203985932005 0.00078125 0.0011723329425556857
0 0.655078125 0.8068581477139508 0.01171875 0.0076201641266119575
0 0.326171875 0.8015826494724502 0.00078125 0.0005861664712778429
0 0.332421875 0.8004103165298945 0.00703125 0.005275498241500586
0 0.306640625 0.8027549824150059 0.01015625 0.00996483001172333
0 0.7515625 0.8012895662368112 0.0125 0.009378663540445486
0 0.502734375 0.8015826494724502 0.01171875 0.00996483001172333
0 0.37265625 0.8015826494724502 0.0125 0.00996483001172333
0 0.266796875 0.7989449003516998 0.00546875 0.005861664712778429
0 0.241015625 0.8004103165298945 0.01328125 0.008792497069167644
0 0.39921875 0.7966002344665886 0.0078125 0.009378663540445486
0 0.6265625 0.7966002344665886 0.0125 0.010550996483001172
0 0.71875 0.7960140679953107 0.0125 0.010550996483001172
0 0.421484375 0.7922039859320047 0.01015625 0.0076201641266119575
0 0.352734375 0.7916178194607268 0.01171875 0.011137162954279016
0 0.28984375 0.7901524032825322 0.0125 0.009378663540445486
0 0.65234375 0.7889800703399765 0.0078125 0.008206330597889801
0 0.687109375 0.7889800703399765 0.01171875 0.009378663540445486
0 0.321875 0.786928487690504 0.009375 0.008792497069167644
0 0.75234375 0.7831184056271981 0.0125 0.009378663540445486
0 0.251171875 0.7828253223915592 0.01171875 0.008792497069167644
0 0.21875 0.7831184056271981 0.0078125 0.009378663540445486
0 0.634765625 0.7757913247362251 0.01171875 0.005275498241500586
0 0.834375 0.7737397420867527 0.0125 0.009378663540445486
0 0.676171875 0.7737397420867527 0.01171875 0.009378663540445486
0 0.42421875 0.772274325908558 0.0109375 0.008792497069167644
0 0.339453125 0.7690504103165299 0.00546875 0.005861664712778429
0 0.281640625 0.7690504103165299 0.01171875 0.009378663540445486
0 0.237109375 0.768464243845252 0.00859375 0.009378663540445486
0 0.655859375 0.7667057444314185 0.01171875 0.010550996483001172
0 0.2078125 0.7661195779601406 0.009375 0.009378663540445486
0 0.7859375 0.764947245017585 0.0125 0.009378663540445486
0 0.545703125 0.7643610785463072 0.01171875 0.010550996483001172
0 0.312890625 0.7620164126611958 0.01171875 0.008206330597889801
0 0.390625 0.7564478311840562 0.0109375 0.00996483001172333
0 0.7671875 0.753810082063306 0.0125 0.008206330597889801
0 0.25078125 0.7529308323563892 0.0125 0.006447831184056272
0 0.226171875 0.7505861664712778 0.01171875 0.0076201641266119575
0 0.815625 0.7485345838218054 0.0125 0.009378663540445486
0 0.275390625 0.746189917936694 0.01015625 0.007033997655334115
0 0.189453125 0.7438452520515827 0.01015625 0.009378663540445486
0 0.64453125 0.7432590855803048 0.0125 0.010550996483001172
0 0.793359375 0.7406213364595545 0.00859375 0.008792497069167644
0 0.335546875 0.7406213364595545 0.01171875 0.00996483001172333
0 0.36015625 0.7376905041031653 0.0125 0.00996483001172333
0 0.212890625 0.7362250879249707 0.01171875 0.007033997655334115
0 0.767578125 0.7362250879249707 0.01171875 0.008206330597889801
0 0.734375 0.7365181711606096 0.0125 0.008792497069167644
0 0.256640625 0.7356389214536928 0.01171875 0.009378663540445486
0 0.513671875 0.7341735052754983 0.01171875 0.00996483001172333
0 0.811328125 0.7286049237983587 0.01015625 0.009378663540445486
0 0.234765625 0.7265533411488863 0.01171875 0.0076201641266119575
0 0.386328125 0.7256740914419695 0.01171875 0.009378663540445486
0 0.753125 0.7224501758499414 0.0125 0.008792497069167644
0 0.34296875 0.7215709261430246 0.0125 0.009378663540445486
0 0.72421875 0.7206916764361079 0.0109375 0.008792497069167644
0 0.303125 0.7195193434935522 0.0125 0.0076201641266119575
0 0.6765625 0.7168815943728019 0.0125 0.009378663540445486
0 0.2140625 0.7168815943728019 0.0125 0.009378663540445486
0 0.78828125 0.716295427901524 0.0125 0.009378663540445486
0 0.257421875 0.7136576787807737 0.01328125 0.008792497069167644
0 0.324609375 0.7110199296600235 0.01171875 0.009378663540445486
0 0.281640625 0.7095545134818289 0.01328125 0.008792497069167644
0 0.76640625 0.7080890973036342 0.0109375 0.009378663540445486
0 0.742578125 0.7072098475967175 0.01171875 0.008792497069167644
0 0.236328125 0.7007620164126612 0.01171875 0.008792497069167644
0 0.2 0.7007620164126612 0.0125 0.00996483001172333
0 0.81171875 0.6987104337631888 0.0125 0.009378663540445486
0 0.33359375 0.6957796014067995 0.0125 0.005861664712778429
0 0.309375 0.6969519343493552 0.0125 0.009378663540445486
0 0.617578125 0.6963657678780774 0.01171875 0.009378663540445486
0 0.726171875 0.6954865181711606 0.01171875 0.008792497069167644
0 0.363671875 0.6954865181711606 0.01171875 0.00996483001172333
0 0.26015625 0.694021101992966 0.0125 0.009378663540445486
0 0.28515625 0.6910902696365768 0.0125 0.009378663540445486
0 0.78984375 0.6899179366940211 0.0109375 0.009378663540445486
0 0.219921875 0.6878663540445487 0.01171875 0.008792497069167644
0 0.750390625 0.6858147713950762 0.01171875 0.009378663540445486
0 0.18984375 0.6840562719812426 0.0125 0.008206330597889801
0 0.837109375 0.6840562719812426 0.03203125 0.016412661195779603
0 0.24375 0.6805392731535757 0.0125 0.009378663540445486
0 0.718359375 0.679073856975381 0.01171875 0.008792497069167644
0 0.26953125 0.6784876905041032 0.0125 0.0076201641266119575
0 0.30390625 0.6787807737397421 0.0125 0.009378663540445486
0 0.351953125 0.6784876905041032 0.01171875 0.00996483001172333
0 0.328125 0.6705744431418523 0.0125 0.009378663540445486
0 0.223828125 0.6694021101992966 0.01328125 0.008206330597889801
0 0.77265625 0.6676436107854631 0.0109375 0.008206330597889801
0 0.746875 0.6676436107854631 0.0109375 0.008206330597889801
0 0.25390625 0.6652989449003517 0.0125 0.005861664712778429
0 0.195703125 0.6661781946072685 0.01171875 0.00996483001172333
0 0.82265625 0.6632473622508792 0.0125 0.0076201641266119575
0 0.278515625 0.6591441969519344 0.01328125 0.008792497069167644
0 0.617578125 0.656799531066823 0.01171875 0.008792497069167644
0 0.2140625 0.6521101992966002 0.0109375 0.0076201641266119575
0 0.324609375 0.6521101992966002 0.01171875 0.00996483001172333
0 0.7484375 0.6500586166471278 0.0109375 0.008206330597889801
0 0.300390625 0.6506447831184057 0.01328125 0.009378663540445486
0 0.238671875 0.6491793669402111 0.01171875 0.0076201641266119575
0 0.8140625 0.6477139507620164 0.0125 0.008206330597889801
0 0.58984375 0.645662368112544 0.0109375 0.008792497069167644
0 0.263671875 0.645662368112544 0.01328125 0.008792497069167644
0 0.78203125 0.6450762016412661 0.00625 0.008792497069167644
0 0.182421875 0.6436107854630715 0.01328125 0.008206330597889801
0 0.35625 0.6421453692848769 0.0125 0.008792497069167644
0 0.760546875 0.6362837045720985 0.01171875 0.008792497069167644
0 0.29375 0.6327667057444314 0.0125 0.008792497069167644
0 0.246484375 0.6318874560375146 0.01171875 0.008206330597889801
0 0.222265625 0.6313012895662368 0.01015625 0.007033997655334115
0 0.334765625 0.6289566236811255 0.01171875 0.009378663540445486
0 0.719140625 0.626905041031653 0.01171875 0.008792497069167644
0 0.581640625 0.626905041031653 0.01171875 0.008792497069167644
0 0.27109375 0.626905041031653 0.0125 0.00996483001172333
0 0.198828125 0.6251465416178195 0.01328125 0.008792497069167644
0 0.82890625 0.6172332942555686 0.0125 0.008206330597889801
0 0.31640625 0.6169402110199297 0.0125 0.008792497069167644
0 0.2546875 0.6143024618991794 0.0078125 0.004689331770222743
0 0.735546875 0.6151817116060961 0.01171875 0.008792497069167644
0 0.2875 0.6134232121922626 0.0125 0.00996483001172333
0 0.184375 0.6110785463071512 0.0125 0.00996483001172333
0 0.71484375 0.6093200468933178 0.0125 0.008792497069167644
0 0.209375 0.6087338804220399 0.0125 0.008792497069167644
0 0.30625 0.5993552168815943 0.0125 0.006447831184056272
0 0.7734375 0.5984759671746777 0.0109375 0.008206330597889801
0 0.230078125 0.597010550996483 0.01015625 0.005275498241500586
0 0.3515625 0.5984759671746777 0.0125 0.009378663540445486
0 0.2640625 0.5978898007033998 0.0125 0.009378663540445486
0 0.666015625 0.5911488862837045 0.01171875 0.008792497069167644
0 0.20078125 0.5905627198124267 0.0109375 0.0076201641266119575
0 0.3265625 0.5896834701055099 0.0125 0.009378663540445486
0 0.287890625 0.5896834701055099 0.01328125 0.009378663540445486
0 0.69921875 0.5888042203985931 0.0109375 0.008792497069167644
0 0.61015625 0.5870457209847597 0.0109375 0.005275498241500586
0 0.247265625 0.5844079718640094 0.01171875 0.009378663540445486
0 0.587109375 0.582063305978898 0.01171875 0.008206330597889801
0 0.436328125 0.5811840562719812 0.01171875 0.0076201641266119575
0 0.22265625 0.5805978898007034 0.0125 0.008792497069167644
0 0.82265625 0.5767878077373975 0.0109375 0.008206330597889801
0 0.334765625 0.5744431418522861 0.01171875 0.005861664712778429
0 0.273046875 0.5729777256740914 0.01328125 0.008792497069167644
0 0.310546875 0.57063305978898 0.01328125 0.008792497069167644
0 0.802734375 0.5682883939038686 0.01171875 0.008792497069167644
0 0.428515625 0.5644783118405627 0.01015625 0.007033997655334115
0 0.5921875 0.5647713950762017 0.0109375 0.008792497069167644
0 0.2921875 0.5603751465416178 0.0125 0.005861664712778429
0 0.390625 0.55978898007034 0.0125 0.008206330597889801
0 0.20234375 0.5589097303634232 0.0125 0.006447831184056272
0 0.35 0.5565650644783119 0.0125 0.005275498241500586
0 0.227734375 0.5586166471277842 0.01328125 0.009378663540445486
0 0.325390625 0.556271981242673 0.01328125 0.009378663540445486
0 0.26796875 0.5550996483001173 0.0125 0.009378663540445486
0 0.815625 0.5512895662368112 0.0125 0.008792497069167644
0 0.37265625 0.548358733880422 0.0125 0.008792497069167644
0 0.30703125 0.5442555685814772 0.0125 0.008792497069167644
0 0.759375 0.5424970691676436 0.0109375 0.0076201641266119575
0 0.193359375 0.5430832356389215 0.01328125 0.008792497069167644
0 0.398046875 0.5424970691676436 0.01171875 0.008792497069167644
0 0.2828125 0.5407385697538101 0.0125 0.008792497069167644
0 0.330078125 0.5383939038686987 0.01328125 0.008792497069167644
0 0.25859375 0.5383939038686987 0.0125 0.008792497069167644
0 0.354296875 0.536928487690504 0.01171875 0.008206330597889801
0 0.224609375 0.5354630715123095 0.01328125 0.0076201641266119575
0 0.443359375 0.5328253223915592 0.00703125 0.0035169988276670576
0 0.43671875 0.5310668229777257 0.0015625 0.0011723329425556857
0 0.713671875 0.5339976553341149 0.01171875 0.008206330597889801
0 0.840625 0.5328253223915592 0.0125 0.008206330597889801
0 0.38046875 0.5316529894490035 0.0125 0.005861664712778429
0 0.570703125 0.5304806565064478 0.01171875 0.008206330597889801
0 0.418359375 0.5278429073856975 0.01171875 0.008792497069167644
0 0.76796875 0.5269636576787807 0.0109375 0.008206330597889801
0 0.30859375 0.526084407971864 0.0125 0.008792497069167644
0 0.241796875 0.5228604923798359 0.01328125 0.009378663540445486
0 0.2671875 0.5213950762016413 0.0140625 0.008792497069167644
0 0.33125 0.5199296600234466 0.009375 0.008206330597889801
0 0.800390625 0.5181711606096131 0.01171875 0.008206330597889801
0 0.357421875 0.5169988276670574 0.01171875 0.005861664712778429
0 0.38125 0.5137749120750293 0.009375 0.005275498241500586
0 0.839453125 0.5137749120750293 0.01015625 0.0076201641266119575
0 0.518359375 0.5134818288393904 0.01171875 0.008206330597889801
0 0.48828125 0.5123094958968347 0.0109375 0.008206330597889801
0 0.428125 0.5102579132473622 0.0109375 0.006447831184056272
0 0.289453125 0.511137162954279 0.01328125 0.009378663540445486
0 0.46484375 0.5084994138335287 0.0109375 0.006447831184056272
0 0.3140625 0.5079132473622509 0.0125 0.0076201641266119575
0 0.401953125 0.5052754982415005 0.01171875 0.008206330597889801
0 0.233984375 0.5052754982415005 0.01328125 0.009378663540445486
0 0.81953125 0.5035169988276671 0.0109375 0.008206330597889801
0 0.34296875 0.5041031652989449 0.0125 0.009378663540445486
0 0.258984375 0.5041031652989449 0.01328125 0.009378663540445486
0 0.8609375 0.5029308323563892 0.0109375 0.008206330597889801
0 0.209765625 0.4997069167643611 0.01328125 0.008792497069167644
0 0.730859375 0.4991207502930832 0.01171875 0.008792497069167644
0 0.841796875 0.49648300117233296 0.00703125 0.007033997655334115
0 0.365625 0.4976553341148886 0.0125 0.009378663540445486
0 0.49921875 0.4956037514654162 0.0109375 0.008792497069167644
0 0.32421875 0.4935521688159437 0.0125 0.007033997655334115
0 0.296875 0.4935521688159437 0.0109375 0.008206330597889801
0 0.79375 0.49296600234466587 0.0125 0.008206330597889801
0 0.423046875 0.4932590855803048 0.01171875 0.008792497069167644
0 0.38828125 0.49091441969519345 0.0125 0.008792497069167644
0 0.193359375 0.48739742086752635 0.01328125 0.005275498241500586
0 0.74453125 0.48681125439624856 0.0109375 0.005275498241500586
0 0.71484375 0.4876905041031653 0.0109375 0.008206330597889801
0 0.458984375 0.4876905041031653 0.01171875 0.008206330597889801
0 0.346875 0.4862250879249707 0.0125 0.008792497069167644
0 0.825390625 0.48417350527549824 0.01171875 0.008206330597889801
0 0.246875 0.4838804220398593 0.0125 0.008792497069167644
0 0.853125 0.4809495896834701 0.0109375 0.0076201641266119575
0 0.51171875 0.4803634232121923 0.0109375 0.008792497069167644
0 0.27265625 0.4791910902696366 0.0125 0.006447831184056272
0 0.36953125 0.4797772567409144 0.0125 0.008792497069167644
0 0.69375 0.47889800703399765 0.0109375 0.008206330597889801
0 0.76640625 0.4783118405627198 0.0109375 0.008206330597889801
0 0.66328125 0.4765533411488863 0.0109375 0.008206330597889801
0 0.391796875 0.47479484173505276 0.01171875 0.005861664712778429
0 0.213671875 0.47567409144196954 0.01328125 0.008792497069167644
0 0.444140625 0.47450175849941384 0.01171875 0.008792497069167644
0 0.32421875 0.4742086752637749 0.0125 0.009378663540445486
0 0.416015625 0.4718640093786635 0.01171875 0.007033997655334115
0 0.30078125 0.46922626025791325 0.0125 0.008792497069167644
0 0.74765625 0.4683470105509965 0.0109375 0.008206330597889801
0 0.35078125 0.4686400937866354 0.0125 0.008792497069167644
0 0.254296875 0.46688159437280186 0.01328125 0.006447831184056272
0 0.50234375 0.4645369284876905 0.0125 0.008792497069167644
0 0.373046875 0.4618991793669402 0.01171875 0.008206330597889801
0 0.67578125 0.46160609613130127 0.0109375 0.008792497069167644
0 0.769140625 0.46072684642438455 0.01171875 0.008206330597889801
0 0.598046875 0.4610199296600234 0.01171875 0.008792497069167644
0 0.5234375 0.4563305978898007 0.0109375 0.006447831184056272
0 0.437890625 0.45691676436107853 0.01171875 0.0076201641266119575
0 0.280859375 0.4577960140679953 0.01328125 0.009378663540445486
0 0.331640625 0.45691676436107853 0.01328125 0.008792497069167644
0 0.212890625 0.45720984759671746 0.01328125 0.009378663540445486
0 0.863671875 0.45603751465416176 0.01328125 0.008206330597889801
0 0.80625 0.4548651817116061 0.0125 0.008206330597889801
0 0.413671875 0.4545720984759672 0.01171875 0.008792497069167644
0 0.3546875 0.45076201641266117 0.0125 0.009378663540445486
0 0.390625 0.44988276670574445 0.0125 0.008792497069167644
0 0.3078125 0.4501758499413834 0.0125 0.009378663540445486
0 0.19296875 0.4454865181711606 0.0140625 0.009378663540445486
0 0.847265625 0.44079718640093785 0.01328125 0.008206330597889801
0 0.27109375 0.44079718640093785 0.0125 0.009378663540445486
0 0.760546875 0.43991793669402113 0.01171875 0.008792497069167644
0 0.78203125 0.43903868698710435 0.0140625 0.008206330597889801
0 0.22109375 0.43991793669402113 0.0140625 0.00996483001172333
0 0.7375 0.4384525205158265 0.0109375 0.008206330597889801
0 0.437890625 0.43903868698710435 0.01171875 0.009378663540445486
0 0.3265625 0.43903868698710435 0.0125 0.009378663540445486
0 0.803515625 0.43757327080890973 0.01328125 0.008792497069167644
0 0.246484375 0.43786635404454866 0.01328125 0.009378663540445486
0 0.46171875 0.4369871043376319 0.0109375 0.008792497069167644
0 0.294140625 0.4349355216881594 0.01328125 0.009378663540445486
0 0.37421875 0.4343493552168816 0.0125 0.009378663540445486
0 0.35 0.43259085580304807 0.0125 0.009378663540445486
0 0.398828125 0.4320046893317702 0.01171875 0.009378663540445486
0 0.489453125 0.4305392731535756 0.01171875 0.008792497069167644
0 0.512890625 0.4296600234466589 0.01171875 0.008206330597889801
0 0.8578125 0.42584994138335286 0.0125 0.008792497069167644
0 0.19921875 0.42555685814771393 0.0140625 0.009378663540445486
0 0.420703125 0.42467760844079716 0.01171875 0.008792497069167644
0 0.830859375 0.42409144196951937 0.01328125 0.008792497069167644
0 0.7515625 0.42409144196951937 0.0109375 0.008792497069167644
0 0.781640625 0.42174677608440797 0.01171875 0.008792497069167644
0 0.729296875 0.4208675263774912 0.01171875 0.008206330597889801
0 0.4515625 0.4211606096131301 0.0109375 0.008792497069167644
0 0.33046875 0.4211606096131301 0.0125 0.008792497069167644
0 0.22421875 0.42174677608440797 0.0140625 0.00996483001172333
0 0.80625 0.42057444314185227 0.0125 0.008792497069167644
0 0.274609375 0.4208675263774912 0.01328125 0.009378663540445486
0 0.5953125 0.4167643610785463 0.0109375 0.004689331770222743
0 0.530859375 0.417936694021102 0.01171875 0.007033997655334115
0 0.30625 0.4188159437280188 0.0125 0.008792497069167644
0 0.249609375 0.41852286049237986 0.01328125 0.009378663540445486
0 0.384375 0.41705744431418523 0.0125 0.008792497069167644
0 0.36015625 0.4164712778429074 0.0125 0.008792497069167644
0 0.57265625 0.41295427901524034 0.0109375 0.0076201641266119575
0 0.851953125 0.4082649472450176 0.00234375 0.0017584994138335288
0 0.492578125 0.41178194607268465 0.01171875 0.008792497069167644
0 0.8453125 0.40943728018757325 0.009375 0.005275498241500586
0 0.6484375 0.41060961313012895 0.0109375 0.0076201641266119575
0 0.40703125 0.4100234466588511 0.0125 0.008792497069167644
0 0.7 0.40738569753810083 0.0109375 0.008206330597889801
0 0.79296875 0.40416178194607266 0.0109375 0.0029308323563892145
0 0.75390625 0.40650644783118406 0.0109375 0.008792497069167644
0 0.208984375 0.4070926143024619 0.01328125 0.00996483001172333
0 0.28828125 0.40621336459554513 0.0125 0.009378663540445486
0 0.81640625 0.40504103165298944 0.0109375 0.008206330597889801
0 0.440234375 0.40533411488862836 0.01171875 0.008792497069167644
0 0.340625 0.4044548651817116 0.0125 0.008206330597889801
0 0.263671875 0.40386869871043374 0.01328125 0.009378663540445486
0 0.532421875 0.40093786635404455 0.01015625 0.008206330597889801
0 0.46640625 0.40123094958968347 0.0109375 0.008792497069167644
0 0.384765625 0.3988862837045721 0.01171875 0.008792497069167644
0 0.2390625 0.3988862837045721 0.0140625 0.00996483001172333
0 0.63359375 0.3962485345838218 0.0109375 0.008206330597889801
0 0.574609375 0.39566236811254396 0.01171875 0.008206330597889801
0 0.31875 0.3959554513481829 0.0125 0.008792497069167644
0 0.3609375 0.39536928487690504 0.0125 0.008792497069167644
0 0.834765625 0.3947831184056272 0.01171875 0.008792497069167644
0 0.48828125 0.39419695193434934 0.0109375 0.008792497069167644
0 0.51171875 0.3921453692848769 0.0109375 0.008206330597889801
0 0.407421875 0.3921453692848769 0.01171875 0.008206330597889801
0 0.861328125 0.3903868698710434 0.01328125 0.008206330597889801
0 0.760546875 0.39009378663540445 0.01171875 0.008792497069167644
0 0.696875 0.3898007033997655 0.0109375 0.008206330597889801
0 0.791015625 0.3892145369284877 0.01015625 0.008206330597889801
0 0.278515625 0.3892145369284877 0.01328125 0.009378663540445486
0 0.5484375 0.3883352872215709 0.0109375 0.008792497069167644
0 0.430859375 0.388042203985932 0.01171875 0.008206330597889801
0 0.81484375 0.3851113716295428 0.0109375 0.0035169988276670576
0 0.6703125 0.3874560375146542 0.0109375 0.008206330597889801
0 0.2015625 0.3883352872215709 0.0125 0.00996483001172333
0 0.33984375 0.38599062133645956 0.0125 0.0076201641266119575
0 0.648046875 0.3821805392731536 0.01171875 0.008206330597889801
0 0.3015625 0.38276670574443145 0.0125 0.009378663540445486
0 0.254296875 0.38276670574443145 0.01328125 0.009378663540445486
0 0.729296875 0.380715123094959 0.00859375 0.0076201641266119575
0 0.61875 0.38042203985932005 0.0109375 0.008206330597889801
0 0.4515625 0.3795427901524033 0.0109375 0.0076201641266119575
0 0.223828125 0.38042203985932005 0.01328125 0.009378663540445486
0 0.84453125 0.3795427901524033 0.0109375 0.008792497069167644
0 0.5953125 0.3783704572098476 0.0109375 0.008792497069167644
0 0.527734375 0.37807737397420865 0.01171875 0.008206330597889801
0 0.361328125 0.376905041031653 0.01171875 0.008206330597889801
0 0.4859375 0.37602579132473624 0.0109375 0.008792497069167644
0 0.77421875 0.3754396248534584 0.0125 0.008792497069167644
0 0.80078125 0.37397420867526376 0.0125 0.008206330597889801
0 0.70703125 0.37397420867526376 0.0109375 0.008206330597889801
0 0.410546875 0.37397420867526376 0.01171875 0.008206330597889801
0 0.86484375 0.3733880422039859 0.0125 0.008206330597889801
0 0.5703125 0.37368112543962484 0.0109375 0.008792497069167644
0 0.385546875 0.37192262602579135 0.01015625 0.006447831184056272
0 0.323828125 0.3713364595545135 0.01171875 0.008792497069167644
0 0.28046875 0.37075029308323565 0.0125 0.008792497069167644
0 0.6796875 0.36840562719812425 0.009375 0.006447831184056272
0 0.194140625 0.3698710433763189 0.01328125 0.009378663540445486
0 0.637109375 0.3669402110199297 0.01171875 0.008206330597889801
0 0.545703125 0.3669402110199297 0.01015625 0.008206330597889801
0 0.507421875 0.3660609613130129 0.01171875 0.008792497069167644
0 0.432421875 0.3660609613130129 0.01015625 0.008792497069167644
0 0.83671875 0.3616647127784291 0.003125 0.0023446658851113715
0 0.828515625 0.3613716295427902 0.00234375 0.0017584994138335288
0 0.8328125 0.3601992966002345 0.003125 0.0005861664712778429
0 0.745703125 0.36283704572098474 0.01015625 0.008206330597889801
0 0.61171875 0.3634232121922626 0.0109375 0.009378663540445486
0 0.30234375 0.36313012895662367 0.0125 0.008792497069167644
0 0.455859375 0.3622508792497069 0.01015625 0.008206330597889801
0 0.216796875 0.36283704572098474 0.01328125 0.009378663540445486
0 0.723046875 0.36107854630715125 0.01015625 0.008206330597889801
0 0.587109375 0.3604923798358734 0.01015625 0.008206330597889801
0 0.8578125 0.3563892145369285 0.003125 0.0023446658851113715
0 0.849609375 0.3560961313012896 0.00234375 0.0017584994138335288
0 0.767578125 0.3593200468933177 0.01171875 0.008206330597889801
0 0.35234375 0.3593200468933177 0.0109375 0.008206330597889801
0 0.852734375 0.3549237983587339 0.00234375 0.0005861664712778429
0 0.8109375 0.3590269636576788 0.0125 0.008792497069167644
0 0.78828125 0.3590269636576788 0.0125 0.008792497069167644
0 0.697265625 0.35844079718640093 0.01015625 0.0076201641266119575
0 0.47890625 0.358147713950762 0.0109375 0.008206330597889801
0 0.378125 0.3563892145369285 0.00625 0.004689331770222743
0 0.400390625 0.35756154747948415 0.01015625 0.008206330597889801
0 0.5640625 0.3560961313012896 0.0109375 0.0076201641266119575
0 0.2640625 0.3563892145369285 0.0125 0.009378663540445486
0 0.52890625 0.35550996483001174 0.0078125 0.008792497069167644
0 0.238671875 0.35463071512309496 0.01328125 0.009378663540445486
0 0.32890625 0.35316529894490034 0.0125 0.008792497069167644
0 0.67578125 0.35140679953106685 0.0109375 0.0076201641266119575
0 0.821484375 0.34759671746776083 0.00078125 0.0023446658851113715
0 0.649609375 0.350820633059789 0.01015625 0.008792497069167644
0 0.6265625 0.3493552168815944 0.0109375 0.008206330597889801
0 0.498828125 0.3493552168815944 0.01015625 0.008206330597889801
0 0.82265625 0.3452520515826495 0.0015625 0.0011723329425556857
0 0.4234375 0.34906213364595545 0.009375 0.008792497069167644
0 0.1984375 0.3496483001172333 0.0125 0.00996483001172333
0 0.826953125 0.343200468933177 0.00078125 0.0005861664712778429
0 0.73515625 0.34642438452520513 0.0109375 0.008206330597889801
0 0.603125 0.34642438452520513 0.0109375 0.008206330597889801
0 0.446484375 0.3452520515826495 0.01015625 0.008206330597889801
0 0.8046875 0.34114888628370454 0.0015625 0.0011723329425556857
0 0.54609375 0.34495896834701056 0.0109375 0.008792497069167644
0 0.797265625 0.343200468933177 0.00859375 0.006447831184056272
0 0.778515625 0.3443728018757327 0.01171875 0.008792497069167644
0 0.712109375 0.3440797186400938 0.00859375 0.008206330597889801
0 0.30546875 0.3443728018757327 0.0109375 0.008792497069167644
0 0.281640625 0.3440797186400938 0.01328125 0.009378663540445486
0 0.5796875 0.343200468933177 0.0109375 0.008792497069167644
0 0.85625 0.34144196951934347 0.0125 0.0076201641266119575
0 0.471875 0.3408558030480657 0.00625 0.0076201641266119575
0 0.346484375 0.34114888628370454 0.01171875 0.008206330597889801
0 0.75625 0.34056271981242675 0.0109375 0.008206330597889801
0 0.517578125 0.33939038686987105 0.01015625 0.008206330597889801
0 0.372265625 0.3376318874560375 0.00703125 0.005861664712778429
0 0.251953125 0.33939038686987105 0.01328125 0.009378663540445486
0 0.6640625 0.33704572098475966 0.009375 0.008206330597889801
0 0.398828125 0.3364595545134818 0.01015625 0.008206330597889801
0 0.831640625 0.332063305978898 0.00078125 0.0005861664712778429
0 0.641015625 0.3347010550996483 0.00859375 0.008206330597889801
0 0.83359375 0.3300117233294256 0.0015625 0.0011723329425556857
0 0.816015625 0.3323563892145369 0.01328125 0.008206330597889801
0 0.83984375 0.32942555685814773 0.0078125 0.0035169988276670576
0 0.618359375 0.3308909730363423 0.00859375 0.006447831184056272
0 0.562109375 0.332063305978898 0.01015625 0.008792497069167644
0 0.49453125 0.33177022274325907 0.0078125 0.008206330597889801
0 0.324609375 0.33177022274325907 0.01171875 0.008206330597889801
0 0.421875 0.3305978898007034 0.0109375 0.008206330597889801
0 0.72734375 0.32971864009378665 0.009375 0.0076201641266119575
0 0.59453125 0.32971864009378665 0.0109375 0.008792497069167644
0 0.7890625 0.3291324736225088 0.0109375 0.008792497069167644
0 0.5375 0.3276670574443142 0.0078125 0.007033997655334115
0 0.2953125 0.32620164126611956 0.0109375 0.005275498241500586
0 0.20390625 0.32854630715123095 0.0078125 0.00996483001172333
0 0.705078125 0.32708089097303633 0.01015625 0.008206330597889801
0 0.44609375 0.32708089097303633 0.0078125 0.008206330597889801
0 0.768359375 0.3250293083235639 0.00859375 0.0076201641266119575
0 0.354296875 0.3235638921453693 0.01015625 0.008206330597889801
0 0.469140625 0.32209847596717467 0.00703125 0.006447831184056272
0 0.514453125 0.3215123094958968 0.00546875 0.006447831184056272
0 0.7453125 0.32063305978898005 0.0109375 0.008206330597889801
0 0.68046875 0.32004689331770225 0.009375 0.007033997655334115
0 0.654296875 0.3203399765533411 0.01015625 0.0076201641266119575
0 0.384765625 0.32063305978898005 0.01015625 0.008206330597889801
0 0.277734375 0.3156506447831184 0.00078125 0.0005861664712778429
0 0.576953125 0.3182883939038687 0.01015625 0.008206330597889801
0 0.854296875 0.3179953106682298 0.01171875 0.008792497069167644
0 0.8265625 0.31740914419695193 0.0125 0.008792497069167644
0 0.805078125 0.31740914419695193 0.01171875 0.008792497069167644
0 0.55390625 0.31477139507620167 0.0109375 0.007033997655334115
0 0.4078125 0.31535756154747946 0.0109375 0.008206330597889801
0 0.723046875 0.3138921453692849 0.00546875 0.006447831184056272
0 0.313671875 0.3150644783118406 0.01171875 0.00996483001172333
0 0.6203125 0.31330597889800704 0.0109375 0.0076201641266119575
0 0.489453125 0.3127198124267292 0.00859375 0.006447831184056272
0 0.7828125 0.31242672919109027 0.0109375 0.008206330597889801
0 0.43203125 0.3118405627198124 0.0109375 0.008206330597889801
0 0.282421875 0.31096131301289565 0.00546875 0.008792497069167644
0 0.698046875 0.30978898007034 0.01015625 0.0076201641266119575
0 0.53125 0.3094958968347011 0.0078125 0.007033997655334115
0 0.337109375 0.3094958968347011 0.01171875 0.008206330597889801
0 0.761328125 0.3083235638921454 0.01015625 0.008206330597889801
0 0.59921875 0.30656506447831183 0.009375 0.008206330597889801
0 0.369140625 0.305978898007034 0.00859375 0.007033997655334115
0 0.641796875 0.30539273153575613 0.00859375 0.007033997655334115
0 0.458984375 0.30539273153575613 0.01015625 0.008206330597889801
0 0.669921875 0.3042203985932005 0.01015625 0.007033997655334115
0 0.875 0.3042203985932005 0.0125 0.008206330597889801
0 0.83984375 0.30392731535756157 0.0109375 0.008792497069167644
0 0.739453125 0.3033411488862837 0.01015625 0.0076201641266119575
0 0.50703125 0.3030480656506448 0.0109375 0.008206330597889801
0 0.8171875 0.302168815943728 0.0109375 0.008792497069167644
0 0.39140625 0.3007033997655334 0.0109375 0.008206330597889801
0 0.2984375 0.30041031652989447 0.0125 0.008792497069167644
0 0.41640625 0.2977725674091442 0.0078125 0.007033997655334115
0 0.795703125 0.2974794841735053 0.01171875 0.008792497069167644
0 0.7125 0.2966002344665885 0.009375 0.008206330597889801
0 0.62109375 0.2954279015240328 0.00625 0.007033997655334115
0 0.57890625 0.2954279015240328 0.0078125 0.008206330597889801
0 0.482421875 0.2954279015240328 0.01171875 0.008206330597889801
0 0.322265625 0.29484173505275496 0.01171875 0.008206330597889801
0 0.438671875 0.29396248534583824 0.01015625 0.0076201641266119575
0 0.690234375 0.2936694021101993 0.01015625 0.008206330597889801
0 0.351171875 0.29396248534583824 0.00859375 0.008792497069167644
0 0.85859375 0.2933763188745604 0.0125 0.008792497069167644
0 0.773828125 0.2933763188745604 0.00859375 0.008792497069167644
0 0.526171875 0.2922039859320047 0.01015625 0.008792497069167644
0 0.751953125 0.28868698710433766 0.01015625 0.0076201641266119575
0 0.64609375 0.2881008206330598 0.009375 0.0076201641266119575
0 0.83203125 0.28751465416178196 0.0125 0.008792497069167644
0 0.5984375 0.2869284876905041 0.0109375 0.0076201641266119575
0 0.669921875 0.28634232121922626 0.00859375 0.0076201641266119575
0 0.46171875 0.28634232121922626 0.0109375 0.008792497069167644
0 0.375390625 0.28634232121922626 0.01015625 0.008792497069167644
0 0.73046875 0.2854630715123095 0.009375 0.008206330597889801
0 0.55625 0.28516998827667056 0.009375 0.0076201641266119575
0 0.503515625 0.28487690504103164 0.01015625 0.008206330597889801
0 0.811328125 0.28487690504103164 0.01171875 0.009378663540445486
0 0.398828125 0.28341148886283707 0.01015625 0.0076201641266119575
0 0.19765625 0.28194607268464245 0.009375 0.009378663540445486
0 0.789453125 0.28106682297772567 0.01015625 0.008792497069167644
0 0.709375 0.2787221570926143 0.009375 0.0076201641266119575
0 0.576953125 0.2772567409144197 0.01015625 0.008206330597889801
0 0.348046875 0.27549824150058616 0.00703125 0.004689331770222743
0 0.85234375 0.27667057444314186 0.0140625 0.008206330597889801
0 0.48203125 0.2769636576787808 0.0109375 0.008792497069167644
0 0.769140625 0.2757913247362251 0.00859375 0.0076201641266119575
0 0.68671875 0.276084407971864 0.009375 0.008206330597889801
0 0.440234375 0.276084407971864 0.01015625 0.008206330597889801
0 0.619140625 0.27549824150058616 0.01015625 0.008206330597889801
0 0.531640625 0.27403282532239154 0.00703125 0.0076201641266119575
0 0.744921875 0.2716881594372802 0.01015625 0.0076201641266119575
0 0.6421875 0.2705158264947245 0.0078125 0.006447831184056272
0 0.664453125 0.2690504103165299 0.01015625 0.008206330597889801
0 0.8703125 0.2690504103165299 0.0140625 0.009378663540445486
0 0.416796875 0.26817116060961316 0.01015625 0.0076201641266119575
0 0.36875 0.268464243845252 0.0109375 0.008206330597889801
0 0.8390625 0.26436107854630714 0.003125 0.0011723329425556857
0 0.829296875 0.2664126611957796 0.00390625 0.006447831184056272
0 0.833984375 0.26289566236811257 0.00234375 0.0005861664712778429
0 0.808203125 0.2672919109026964 0.01171875 0.009378663540445486
0 0.59765625 0.26699882766705746 0.009375 0.008792497069167644
0 0.50234375 0.26670574443141853 0.0109375 0.008206330597889801
0 0.460546875 0.26699882766705746 0.01015625 0.008792497069167644
0 0.723046875 0.2661195779601407 0.01015625 0.008206330597889801
0 0.555859375 0.26436107854630714 0.00546875 0.007033997655334115
0 0.39296875 0.26465416178194606 0.0109375 0.0076201641266119575
0 0.784765625 0.26348182883939036 0.01015625 0.008792497069167644
0 0.198828125 0.26260257913247365 0.01328125 0.010550996483001172
0 0.851953125 0.2593786635404455 0.01328125 0.008792497069167644
0 0.309765625 0.25908558030480655 0.01015625 0.008206330597889801
0 0.682421875 0.2584994138335287 0.01015625 0.008206330597889801
0 0.576171875 0.2587924970691676 0.01015625 0.008792497069167644
0 0.7640625 0.25791324736225085 0.0078125 0.008206330597889801
0 0.48125 0.2582063305978898 0.0109375 0.008792497069167644
0 0.34375 0.2564478311840563 0.0078125 0.005275498241500586
0 0.525 0.2567409144196952 0.0046875 0.007033997655334115
0 0.65234375 0.25468933177022274 0.00625 0.006447831184056272
0 0.4359375 0.25468933177022274 0.009375 0.008792497069167644
0 0.70390625 0.25381008206330596 0.0109375 0.008206330597889801
0 0.7421875 0.2529308323563892 0.0078125 0.0076201641266119575
0 0.87890625 0.25263774912075027 0.0125 0.008206330597889801
0 0.374609375 0.25058616647127785 0.00859375 0.006447831184056272
0 0.819921875 0.25 0.01171875 0.008792497069167644
0 0.796484375 0.25 0.01171875 0.008792497069167644
0 0.601171875 0.24912075029308323 0.01015625 0.008206330597889801
0 0.542578125 0.24824150058616648 0.01015625 0.0076201641266119575
0 0.4578125 0.2485345838218054 0.0109375 0.008206330597889801
0 0.501953125 0.24794841735052756 0.00859375 0.008206330597889801
0 0.397265625 0.2473622508792497 0.01015625 0.008206330597889801
0 0.775390625 0.2447245017584994 0.01171875 0.008792497069167644
0 0.564453125 0.24267291910902697 0.01015625 0.008206330597889801
0 0.8609375 0.24237983587338804 0.0125 0.008792497069167644
0 0.72109375 0.24237983587338804 0.009375 0.008792497069167644
0 0.621875 0.24150058616647127 0.009375 0.007033997655334115
0 0.68515625 0.24062133645955452 0.009375 0.0076201641266119575
0 0.4796875 0.23944900351699883 0.0078125 0.006447831184056272
0 0.521484375 0.23827667057444316 0.00859375 0.0076201641266119575
0 0.434375 0.2365181711606096 0.009375 0.006447831184056272
0 0.74140625 0.235052754982415 0.009375 0.008206330597889801
0 0.587109375 0.2347596717467761 0.00703125 0.0076201641266119575
0 0.4109375 0.23153575615474795 0.009375 0.007033997655334115
0 0.50078125 0.23007033997655335 0.00625 0.005275498241500586
0 0.70390625 0.23036342321219228 0.009375 0.007033997655334115
0 0.7625 0.23065650644783117 0.009375 0.008792497069167644
0 0.456640625 0.23007033997655335 0.01015625 0.0076201641266119575
0 0.54140625 0.22919109026963658 0.009375 0.007033997655334115
0 0.606640625 0.22801875732708088 0.01015625 0.008206330597889801
0 0.78046875 0.22215709261430247 0.0015625 0.0011723329425556857
0 0.56640625 0.223915592028136 0.0078125 0.007033997655334115
0 0.3890625 0.22332942555685814 0.0078125 0.005861664712778429
0 0.72734375 0.2227432590855803 0.0046875 0.007033997655334115
0 0.477734375 0.22098475967174677 0.00703125 0.005861664712778429
0 0.832421875 0.22157092614302462 0.01171875 0.009378663540445486
0 0.521484375 0.22039859320046892 0.00859375 0.008206330597889801
0 0.746484375 0.21776084407971863 0.00859375 0.0076201641266119575
0 0.5859375 0.21658851113716296 0.009375 0.0076201641266119575
0 0.64609375 0.21453692848769051 0.009375 0.008206330597889801
0 0.696875 0.21365767878077374 0.009375 0.0076201641266119575
0 0.7671875 0.21336459554513482 0.0109375 0.008206330597889801
0 0.62109375 0.2116060961313013 0.0046875 0.004689331770222743
0 0.5515625 0.21101992966002345 0.0046875 0.005861664712778429
0 0.34296875 0.21072684642438452 0.0078125 0.006447831184056272
0 0.459375 0.208968347010551 0.0046875 0.004103165298944901
0 0.798046875 0.21072684642438452 0.01171875 0.008792497069167644
0 0.716796875 0.20603751465416179 0.01015625 0.008792497069167644
0 0.828125 0.20398593200468934 0.0125 0.009378663540445486
0 0.527734375 0.20252051582649472 0.01015625 0.0076201641266119575
0 0.599609375 0.20193434935521687 0.00859375 0.0076201641266119575
0 0.505078125 0.20164126611957797 0.00859375 0.007033997655334115
0 0.7484375 0.19988276670574442 0.0078125 0.008206330597889801
0 0.405078125 0.1981242672919109 0.00546875 0.004689331770222743
0 0.565625 0.19841735052754983 0.009375 0.0076201641266119575
0 0.76796875 0.1954865181711606 0.0109375 0.008792497069167644
0 0.4328125 0.194021101992966 0.0078125 0.005861664712778429
0 0.85703125 0.19226260257913247 0.0125 0.009378663540445486
0 0.61875 0.18903868698710433 0.0046875 0.005275498241500586
0 0.724609375 0.18933177022274325 0.00859375 0.007033997655334115
0 0.65078125 0.18786635404454866 0.00625 0.0076201641266119575
0 0.830859375 0.18640093786635403 0.01171875 0.009378663540445486
0 0.787109375 0.1843493552168816 0.01171875 0.008792497069167644
0 0.67109375 0.18405627198124266 0.009375 0.008206330597889801
0 0.55234375 0.18317702227432592 0.0078125 0.006447831184056272
0 0.529296875 0.1817116060961313 0.00703125 0.007033997655334115
0 0.33828125 0.1817116060961313 0.009375 0.008206330597889801
0 0.809375 0.17966002344665885 0.0125 0.008792497069167644
0 0.585546875 0.17731535756154748 0.00859375 0.0076201641266119575
0 0.31328125 0.1720398593200469 0.0125 0.0076201641266119575
0 0.762109375 0.17028135990621338 0.01015625 0.006447831184056272
0 0.694921875 0.16735052754982416 0.00859375 0.0076201641266119575
0 0.634765625 0.16471277842907386 0.00859375 0.007033997655334115
0 0.372265625 0.16441969519343494 0.00859375 0.006447831184056272
0 0.3359375 0.1638335287221571 0.009375 0.006447831184056272
0 0.285546875 0.16471277842907386 0.01171875 0.009378663540445486
0 0.5375 0.16002344665885113 0.0046875 0.004689331770222743
0 0.671875 0.16090269636576787 0.0078125 0.0076201641266119575
0 0.591015625 0.15914419695193435 0.00703125 0.005275498241500586
0 0.512109375 0.15533411488862836 0.00703125 0.005861664712778429
0 0.23515625 0.14859320046893318 0.00625 0.0076201641266119575
0 0.23515625 0.14302461899179367 0.003125 0.0023446658851113715
0 0.230859375 0.14155920281359907 0.00234375 0.0005861664712778429
