0 0.819921875 0.8558030480656507 0.01328125 0.010550996483001172
0 0.52265625 0.8502344665885111 0.0109375 0.008792497069167644
0 0.46953125 0.8388042203985931 0.0109375 0.008206330597889801
0 0.530859375 0.832063305978898 0.01171875 0.008792497069167644
0 0.50625 0.832063305978898 0.0109375 0.008792497069167644
0 0.641015625 0.8215123094958968 0.01171875 0.008792497069167644
0 0.478515625 0.8191676436107854 0.01015625 0.008792497069167644
0 0.393359375 0.8159437280187574 0.01015625 0.008206330597889801
0 0.50546875 0.772274325908558 0.009375 0.008792497069167644
0 0.672265625 0.7564478311840562 0.01171875 0.008792497069167644
0 0.62734375 0.7458968347010551 0.0125 0.0076201641266119575
0 0.651171875 0.7456037514654161 0.01328125 0.008206330597889801
0 0.696875 0.7233294255568582 0.0125 0.008206330597889801
0 0.607421875 0.7168815943728019 0.01171875 0.008206330597889801
0 0.6984375 0.7048651817116061 0.0125 0.00996483001172333
0 0.72734375 0.6881594372801876 0.0125 0.009378663540445486
0 0.80078125 0.6805392731535757 0.0125 0.008206330597889801
0 0.619921875 0.6740914419695193 0.01171875 0.008206330597889801
0 0.72109375 0.6652989449003517 0.0125 0.009378663540445486
0 0.5546875 0.6559202813599062 0.0109375 0.008206330597889801
0 0.7484375 0.6524032825322391 0.0125 0.009378663540445486
0 0.708203125 0.6491793669402111 0.01171875 0.008792497069167644
0 0.57578125 0.6474208675263775 0.009375 0.0076201641266119575
0 0.645703125 0.6389214536928488 0.01171875 0.008206330597889801
0 0.439453125 0.6330597889800703 0.01015625 0.007033997655334115
0 0.43046875 0.6151817116060961 0.009375 0.0076201641266119575
0 0.548828125 0.6145955451348183 0.01015625 0.0076201641266119575
0 0.678515625 0.6140093786635404 0.01171875 0.0076201641266119575
0 0.62578125 0.6134232121922626 0.0109375 0.0076201641266119575
0 0.41796875 0.6008206330597889 0.009375 0.007033997655334115
0 0.385546875 0.5908558030480656 0.00859375 0.007033997655334115
0 0.533203125 0.5832356389214537 0.00859375 0.007033997655334115
0 0.299609375 0.5800117233294255 0.00859375 0.006447831184056272
0 0.37578125 0.5735638921453693 0.0078125 0.0076201641266119575
0 0.648828125 0.5612543962485346 0.01015625 0.0076201641266119575
0 0.369140625 0.555978898007034 0.01015625 0.006447831184056272
0 0.819140625 0.5548065650644783 0.01171875 0.008792497069167644
0 0.721875 0.5524618991793669 0.0109375 0.0076201641266119575
0 0.271875 0.5413247362250879 0.009375 0.006447831184056272
0 0.728125 0.5354630715123095 0.0109375 0.0076201641266119575
0 0.81796875 0.5205158264947245 0.0109375 0.008206330597889801
0 0.545703125 0.5158264947245017 0.01015625 0.007033997655334115
0 0.71015625 0.5082063305978898 0.0109375 0.008206330597889801
0 0.359375 0.4991207502930832 0.009375 0.006447831184056272
0 0.642578125 0.49208675263774915 0.01015625 0.0076201641266119575
0 0.5015625 0.4915005861664713 0.009375 0.0076201641266119575
0 0.709765625 0.4912075029308324 0.01015625 0.008206330597889801
0 0.78125 0.48827667057444313 0.0109375 0.008206330597889801
0 0.508984375 0.4730363423212192 0.01015625 0.007033997655334115
0 0.79140625 0.4715709261430246 0.0109375 0.0076201641266119575
0 0.66171875 0.47039859320046895 0.0109375 0.0076201641266119575
0 0.54453125 0.4686400937866354 0.009375 0.006447831184056272
0 0.639453125 0.4645369284876905 0.01015625 0.006447831184056272
0 0.52578125 0.4548651817116061 0.0109375 0.007033997655334115
0 0.547265625 0.451348182883939 0.01015625 0.008206330597889801
0 0.340625 0.4504689331770223 0.009375 0.006447831184056272
0 0.4828125 0.44988276670574445 0.009375 0.006447831184056272
0 0.71484375 0.44343493552168817 0.009375 0.0076201641266119575
0 0.538671875 0.4361078546307151 0.01015625 0.007033997655334115
0 0.46953125 0.4358147713950762 0.009375 0.006447831184056272
0 0.41953125 0.42819460726846426 0.009375 0.0076201641266119575
0 0.38984375 0.41852286049237986 0.009375 0.007033997655334115
0 0.36328125 0.4152989449003517 0.009375 0.0076201641266119575
0 0.421875 0.40504103165298944 0.009375 0.007033997655334115
0 0.555859375 0.4047479484173505 0.01015625 0.0076201641266119575
0 0.3578125 0.4003516998827667 0.009375 0.007033997655334115
0 0.39140625 0.3994724501758499 0.009375 0.006447831184056272
0 0.29140625 0.399179366940211 0.009375 0.007033997655334115
0 0.444921875 0.39273153575615477 0.01015625 0.007033997655334115
0 0.541796875 0.3921453692848769 0.01015625 0.007033997655334115
0 0.410546875 0.39155920281359907 0.01015625 0.007033997655334115
0 0.668359375 0.388042203985932 0.01015625 0.007033997655334115
0 0.2640625 0.3862837045720985 0.009375 0.007033997655334115
0 0.726953125 0.3742672919109027 0.01015625 0.008792497069167644
0 0.50546875 0.36723329425556855 0.009375 0.0076201641266119575
0 0.58359375 0.3634232121922626 0.009375 0.007033997655334115
0 0.4625 0.3622508792497069 0.009375 0.007033997655334115
0 0.2859375 0.3616647127784291 0.009375 0.007033997655334115
0 0.742578125 0.36107854630715125 0.01171875 0.008206330597889801
0 0.3953125 0.3593200468933177 0.009375 0.007033997655334115
0 0.783203125 0.35668229777256744 0.01171875 0.008792497069167644
0 0.719140625 0.3563892145369285 0.01015625 0.008206330597889801
0 0.80234375 0.34378663540445487 0.0125 0.0076201641266119575
0 0.74453125 0.3279601406799531 0.0109375 0.0076201641266119575
0 0.25 0.3235638921453693 0.0109375 0.007033997655334115
0 0.762890625 0.3159437280187573 0.01171875 0.008206330597889801
0 0.66171875 0.2857561547479484 0.0109375 0.008792497069167644
0 0.375 0.2845838218053927 0.009375 0.008792497069167644
0 0.43125 0.27989449003517 0.009375 0.0076201641266119575
0 0.61171875 0.27637749120750293 0.009375 0.008792497069167644
0 0.29921875 0.264947245017585 0.0109375 0.008206330597889801
0 0.333203125 0.25908558030480655 0.01015625 0.008206330597889801
0 0.28125 0.25732708089097306 0.0109375 0.008206330597889801
0 0.3890625 0.2552754982415006 0.009375 0.008792497069167644
0 0.40703125 0.24413833528722156 0.009375 0.008792497069167644
0 0.570703125 0.205158264947245 0.01015625 0.009378663540445486
0 0.423828125 0.2048651817116061 0.01015625 0.008792497069167644
0 0.76171875 0.16881594372801875 0.0140625 0.009378663540445486
0 0.7390625 0.1650058616647128 0.009375 0.006447831184056272
0 0.358203125 0.16148886283704572 0.01015625 0.008792497069167644
0 0.24375 0.13862837045720985 0.009375 0.008792497069167644
0 0.578515625 0.09759671746776084 0.01015625 0.006447831184056272
0 0.583203125 0.07825322391559203 0.01015625 0.00996483001172333
