0 0.220703125 0.9375732708089097 0.00078125 0.0005861664712778429
0 0.273828125 0.9413833528722158 0.01171875 0.010550996483001172
0 0.219140625 0.9361078546307151 0.00234375 0.0011723329425556857
0 0.213671875 0.9346424384525205 0.00703125 0.0029308323563892145
0 0.24609375 0.9299531066822978 0.0015625 0.0017584994138335288
0 0.36015625 0.9243845252051582 0.003125 0.0035169988276670576
0 0.539453125 0.9129542790152403 0.01171875 0.011137162954279016
0 0.203515625 0.902696365767878 0.00703125 0.0035169988276670576
0 0.688671875 0.9009378663540446 0.01171875 0.010550996483001172
0 0.365234375 0.8962485345838218 0.00546875 0.004689331770222743
0 0.58828125 0.8941969519343493 0.0125 0.00996483001172333
0 0.622265625 0.8906799531066822 0.01171875 0.006447831184056272
0 0.551171875 0.8903868698710434 0.01171875 0.010550996483001172
0 0.3921875 0.8874560375146542 0.0125 0.005861664712778429
0 0.652734375 0.8859906213364596 0.01171875 0.00996483001172333
0 0.212109375 0.8777842907385698 0.00546875 0.0029308323563892145
0 0.637890625 0.8766119577960141 0.00390625 0.004103165298944901
0 0.3296875 0.8786635404454866 0.0125 0.009378663540445486
0 0.601171875 0.8780773739742087 0.00546875 0.009378663540445486
0 0.360546875 0.8777842907385698 0.01171875 0.00996483001172333
0 0.26015625 0.8754396248534584 0.0109375 0.006447831184056272
0 0.24140625 0.8713364595545134 0.003125 0.0029308323563892145
0 0.238671875 0.86957796014068 0.00078125 0.0005861664712778429
0 0.23671875 0.8689917936694022 0.0015625 0.0005861664712778429
0 0.3984375 0.86957796014068 0.0125 0.00996483001172333
0 0.655078125 0.8601992966002344 0.00078125 0.0005861664712778429
0 0.469140625 0.8628370457209847 0.01015625 0.007033997655334115
0 0.49921875 0.8613716295427901 0.0125 0.011137162954279016
0 0.648828125 0.8578546307151231 0.01171875 0.005275498241500586
0 0.60546875 0.858440797186401 0.0078125 0.006447831184056272
0 0.320703125 0.8511137162954279 0.01171875 0.0035169988276670576
0 0.27734375 0.8508206330597889 0.0125 0.00996483001172333
0 0.451171875 0.85052754982415 0.01171875 0.010550996483001172
0 0.36875 0.8484759671746777 0.0125 0.011137162954279016
0 0.48515625 0.8464243845252052 0.0109375 0.010550996483001172
0 0.613671875 0.8426143024618992 0.00390625 0.004103165298944901
0 0.68828125 0.8411488862837045 0.0125 0.008206330597889801
0 0.294921875 0.8379249706916765 0.00859375 0.004103165298944901
0 0.323046875 0.8338218053927315 0.01328125 0.00996483001172333
0 0.232421875 0.8305978898007034 0.01328125 0.005861664712778429
0 0.66328125 0.8291324736225087 0.0109375 0.00996483001172333
0 0.20390625 0.824736225087925 0.0046875 0.0023446658851113715
0 0.705078125 0.8253223915592028 0.01015625 0.009378663540445486
0 0.550390625 0.8244431418522861 0.01171875 0.011137162954279016
0 0.684375 0.8215123094958968 0.00625 0.006447831184056272
0 0.633203125 0.8220984759671747 0.01171875 0.00996483001172333
0 0.347265625 0.8212192262602579 0.01171875 0.008206330597889801
0 0.60703125 0.8177022274325909 0.0109375 0.005861664712778429
0 0.308203125 0.8188745603751465 0.01328125 0.010550996483001172
0 0.22578125 0.8150644783118406 0.009375 0.0076201641266119575
0 0.70234375 0.8077373974208675 0.0078125 0.007033997655334115
0 0.478125 0.8092028135990621 0.0125 0.011137162954279016
0 0.25234375 0.8077373974208675 0.0140625 0.009378663540445486
0 0.520703125 0.8077373974208675 0.01171875 0.010550996483001172
0 0.27578125 0.8039273153575616 0.0140625 0.0076201641266119575
0 0.34296875 0.8027549824150059 0.0109375 0.008792497069167644
0 0.5640625 0.8015826494724502 0.0078125 0.0076201641266119575
0 0.648046875 0.8018757327080891 0.01171875 0.009378663540445486
0 0.2171875 0.7974794841735052 0.009375 0.006447831184056272
0 0.369921875 0.794841735052755 0.00390625 0.004689331770222743
0 0.62734375 0.7963071512309496 0.0109375 0.00996483001172333
0 0.176953125 0.7924970691676436 0.00859375 0.0035169988276670576
0 0.501953125 0.7933763188745604 0.01171875 0.008792497069167644
0 0.41953125 0.7942555685814772 0.0109375 0.010550996483001172
0 0.723046875 0.7933763188745604 0.01171875 0.00996483001172333
0 0.393359375 0.7919109026963658 0.00859375 0.008206330597889801
0 0.24296875 0.7919109026963658 0.0125 0.009378663540445486
0 0.69765625 0.7892731535756154 0.0125 0.008792497069167644
0 0.27421875 0.7857561547479485 0.009375 0.0076201641266119575
0 0.8203125 0.7863423212192263 0.0125 0.00996483001172333
0 0.7671875 0.7857561547479485 0.0125 0.00996483001172333
0 0.644140625 0.7819460726846424 0.01171875 0.008206330597889801
0 0.319921875 0.779601406799531 0.01171875 0.007033997655334115
0 0.295703125 0.7790152403282532 0.01171875 0.009378663540445486
0 0.23046875 0.7775498241500586 0.009375 0.0076201641266119575
0 0.361328125 0.7778429073856975 0.01171875 0.009378663540445486
0 0.740625 0.776084407971864 0.0125 0.008206330597889801
0 0.492578125 0.7769636576787807 0.01171875 0.00996483001172333
0 0.25625 0.7734466588511137 0.0015625 0.0029308323563892145
0 0.3890625 0.7711019929660023 0.003125 0.006447831184056272
0 0.61640625 0.7716881594372802 0.0125 0.00996483001172333
0 0.708203125 0.7708089097303634 0.01171875 0.010550996483001172
0 0.411328125 0.7661195779601406 0.00859375 0.005861664712778429
0 0.34140625 0.7669988276670574 0.0125 0.008792497069167644
0 0.278515625 0.7667057444314185 0.01171875 0.009378663540445486
0 0.6765625 0.7643610785463072 0.0125 0.009378663540445486
0 0.641015625 0.7640679953106683 0.01015625 0.008792497069167644
0 0.309375 0.7623094958968347 0.0109375 0.0076201641266119575
0 0.237890625 0.7590855803048066 0.01171875 0.008206330597889801
0 0.2078125 0.7596717467760844 0.009375 0.009378663540445486
0 0.74140625 0.7582063305978898 0.0125 0.008792497069167644
0 0.623828125 0.7529308323563892 0.01171875 0.008792497069167644
0 0.665625 0.7491207502930832 0.0125 0.009378663540445486
0 0.413671875 0.7485345838218054 0.01171875 0.009378663540445486
0 0.8234375 0.7482415005861665 0.0125 0.00996483001172333
0 0.32890625 0.7453106682297772 0.0046875 0.005275498241500586
0 0.2703125 0.7456037514654161 0.0125 0.009378663540445486
0 0.22421875 0.7453106682297772 0.0125 0.008792497069167644
0 0.196484375 0.7429660023446659 0.01171875 0.00996483001172333
0 0.645703125 0.7417936694021102 0.01171875 0.00996483001172333
0 0.774609375 0.7397420867526378 0.01328125 0.009378663540445486
0 0.53515625 0.7397420867526378 0.0125 0.009378663540445486
0 0.3015625 0.738569753810082 0.0125 0.008206330597889801
0 0.379296875 0.7327080890973037 0.01171875 0.009378663540445486
0 0.23828125 0.7303634232121923 0.0125 0.008206330597889801
0 0.75625 0.7286049237983587 0.0125 0.008206330597889801
0 0.2140625 0.727725674091442 0.0125 0.008792497069167644
0 0.26328125 0.7227432590855803 0.009375 0.005861664712778429
0 0.805078125 0.7233294255568582 0.01171875 0.009378663540445486
0 0.176953125 0.7209847596717468 0.01171875 0.009378663540445486
0 0.63359375 0.7180539273153576 0.0125 0.009378663540445486
0 0.32421875 0.7168815943728019 0.0125 0.009378663540445486
0 0.7828125 0.7151230949589683 0.0078125 0.009378663540445486
0 0.3484375 0.7139507620164126 0.0125 0.009378663540445486
0 0.2 0.713071512309496 0.0125 0.0076201641266119575
0 0.244140625 0.7121922626025792 0.01171875 0.009378663540445486
0 0.756640625 0.7110199296600235 0.01171875 0.008206330597889801
0 0.72265625 0.7113130128956624 0.0125 0.008792497069167644
0 0.502734375 0.7098475967174678 0.01171875 0.009378663540445486
0 0.79921875 0.7036928487690504 0.0125 0.008792497069167644
0 0.222265625 0.7033997655334114 0.01328125 0.008206330597889801
0 0.375 0.701641266119578 0.0125 0.009378663540445486
0 0.7421875 0.6975381008206331 0.0125 0.008206330597889801
0 0.33125 0.697831184056272 0.0125 0.00996483001172333
0 0.713671875 0.6960726846424384 0.01015625 0.008792497069167644
0 0.291015625 0.6954865181711606 0.01171875 0.0076201641266119575
0 0.20078125 0.693728018757327 0.0125 0.00996483001172333
0 0.665234375 0.6919695193434936 0.01171875 0.008792497069167644
0 0.77734375 0.6910902696365768 0.0125 0.009378663540445486
0 0.244921875 0.6899179366940211 0.01328125 0.009378663540445486
0 0.3125 0.6875732708089097 0.0125 0.009378663540445486
0 0.269140625 0.6855216881594373 0.01328125 0.0076201641266119575
0 0.755078125 0.6828839390386869 0.01171875 0.009378663540445486
0 0.731640625 0.6820046893317703 0.01171875 0.008792497069167644
0 0.2234375 0.6776084407971864 0.0125 0.009378663540445486
0 0.18671875 0.6770222743259086 0.0125 0.008206330597889801
0 0.80078125 0.6732121922626025 0.0125 0.008792497069167644
0 0.296875 0.6732121922626025 0.0125 0.008792497069167644
0 0.60625 0.671746776084408 0.0109375 0.009378663540445486
0 0.3515625 0.671746776084408 0.0125 0.009378663540445486
0 0.71484375 0.6705744431418523 0.0125 0.008206330597889801
0 0.247265625 0.6702813599062134 0.01328125 0.008792497069167644
0 0.321484375 0.6694021101992966 0.01171875 0.008206330597889801
0 0.273046875 0.6676436107854631 0.01328125 0.009378663540445486
0 0.77890625 0.6650058616647128 0.0109375 0.008792497069167644
0 0.206640625 0.6635404454865181 0.01171875 0.007033997655334115
0 0.834375 0.6623681125439624 0.0140625 0.009378663540445486
0 0.7390625 0.6609026963657679 0.0109375 0.008792497069167644
0 0.176171875 0.660609613130129 0.01328125 0.008206330597889801
0 0.230859375 0.6562133645955451 0.01328125 0.0076201641266119575
0 0.816796875 0.6547479484173505 0.01328125 0.008206330597889801
0 0.291796875 0.6553341148886284 0.01328125 0.009378663540445486
0 0.33984375 0.6547479484173505 0.0125 0.009378663540445486
0 0.706640625 0.6538686987104337 0.01171875 0.008792497069167644
0 0.25703125 0.6538686987104337 0.0125 0.008792497069167644
0 0.31640625 0.6488862837045721 0.0125 0.005861664712778429
0 0.2109375 0.645369284876905 0.0125 0.008206330597889801
0 0.76015625 0.6427315357561547 0.0125 0.008792497069167644
0 0.735546875 0.6424384525205158 0.01171875 0.008206330597889801
0 0.182421875 0.641559202813599 0.01328125 0.0076201641266119575
0 0.240625 0.6398007033997656 0.0125 0.008792497069167644
0 0.81328125 0.638335287221571 0.0078125 0.007033997655334115
0 0.265625 0.6356975381008206 0.0125 0.008792497069167644
0 0.60625 0.6318874560375146 0.0109375 0.008206330597889801
0 0.199609375 0.6283704572098476 0.01171875 0.007033997655334115
0 0.3125 0.6283704572098476 0.0125 0.009378663540445486
0 0.287890625 0.6271981242672919 0.01328125 0.009378663540445486
0 0.225 0.6248534583821805 0.0109375 0.005861664712778429
0 0.737109375 0.6248534583821805 0.01171875 0.008206330597889801
0 0.803515625 0.6225087924970691 0.01171875 0.008206330597889801
0 0.250390625 0.6213364595545134 0.01328125 0.008206330597889801
0 0.57890625 0.6207502930832356 0.0109375 0.008206330597889801
0 0.770703125 0.6198710433763188 0.00703125 0.0076201641266119575
0 0.168359375 0.61957796014068 0.01328125 0.007033997655334115
0 0.34375 0.6184056271981243 0.0125 0.009378663540445486
0 0.749609375 0.6107854630715123 0.01171875 0.008206330597889801
0 0.280859375 0.6096131301289566 0.01328125 0.009378663540445486
0 0.2328125 0.6081477139507621 0.0125 0.0076201641266119575
0 0.2078125 0.6075615474794842 0.0109375 0.006447831184056272
0 0.321875 0.6049237983587339 0.0125 0.009378663540445486
0 0.257421875 0.6028722157092614 0.01328125 0.008792497069167644
0 0.7078125 0.6019929660023446 0.0109375 0.008206330597889801
0 0.5703125 0.6022860492379836 0.0109375 0.008792497069167644
0 0.184375 0.6008206330597889 0.0125 0.007033997655334115
0 0.303125 0.5937866354044549 0.0125 0.009378663540445486
0 0.817578125 0.5920281359906213 0.01171875 0.008206330597889801
0 0.724609375 0.5899765533411488 0.01015625 0.008792497069167644
0 0.238671875 0.5882180539273154 0.01171875 0.006447831184056272
0 0.27421875 0.5882180539273154 0.0125 0.0076201641266119575
0 0.16953125 0.5864595545134819 0.0125 0.0076201641266119575
0 0.703515625 0.5847010550996483 0.01171875 0.008792497069167644
0 0.19453125 0.5841148886283705 0.0125 0.0076201641266119575
0 0.29296875 0.5753223915592028 0.009375 0.006447831184056272
0 0.215625 0.5729777256740914 0.0078125 0.005275498241500586
0 0.338671875 0.5744431418522861 0.01171875 0.009378663540445486
0 0.762109375 0.5732708089097304 0.01171875 0.008206330597889801
0 0.250390625 0.5723915592028136 0.01328125 0.006447831184056272
0 0.31328125 0.567409144196952 0.0125 0.005861664712778429
0 0.655078125 0.5662368112543963 0.01015625 0.008206330597889801
0 0.274609375 0.5650644783118406 0.01328125 0.008206330597889801
0 0.687890625 0.5638921453692849 0.01171875 0.008206330597889801
0 0.5984375 0.5603751465416178 0.0109375 0.008206330597889801
0 0.233203125 0.5592028135990621 0.01328125 0.007033997655334115
0 0.575390625 0.5574443141852286 0.01171875 0.008206330597889801
0 0.42421875 0.5568581477139508 0.0125 0.007033997655334115
0 0.2078125 0.5553927315357562 0.0125 0.006447831184056272
0 0.812109375 0.5509964830011723 0.00859375 0.008206330597889801
0 0.321484375 0.5486518171160609 0.01328125 0.009378663540445486
0 0.258984375 0.5486518171160609 0.01328125 0.009378663540445486
0 0.296875 0.544841735052755 0.0125 0.006447831184056272
0 0.791796875 0.5430832356389215 0.01171875 0.008792497069167644
0 0.41640625 0.5407385697538101 0.0109375 0.008792497069167644
0 0.58046875 0.5401524032825322 0.0109375 0.008792497069167644
0 0.377734375 0.5354630715123095 0.01171875 0.0076201641266119575
0 0.18671875 0.5354630715123095 0.0125 0.0076201641266119575
0 0.278515625 0.5334114888628371 0.01328125 0.007033997655334115
0 0.2125 0.5331184056271981 0.0125 0.006447831184056272
0 0.31171875 0.5313599062133646 0.0125 0.008792497069167644
0 0.253125 0.52989449003517 0.0125 0.007033997655334115
0 0.337109375 0.5304806565064478 0.01328125 0.009378663540445486
0 0.804296875 0.526084407971864 0.01171875 0.008792497069167644
0 0.359375 0.5240328253223916 0.0125 0.009378663540445486
0 0.293359375 0.5213950762016413 0.01171875 0.005275498241500586
0 0.287109375 0.5190504103165299 0.00078125 0.0005861664712778429
0 0.177734375 0.5175849941383353 0.01328125 0.007033997655334115
0 0.748046875 0.5172919109026963 0.01171875 0.0076201641266119575
0 0.384765625 0.5181711606096131 0.01171875 0.009378663540445486
0 0.268359375 0.5164126611957796 0.01328125 0.009378663540445486
0 0.316015625 0.5137749120750293 0.01328125 0.008792497069167644
0 0.24375 0.5131887456037515 0.0125 0.0076201641266119575
0 0.340625 0.5126025791324736 0.0125 0.008792497069167644
0 0.208984375 0.5102579132473622 0.01171875 0.006447831184056272
0 0.702734375 0.5087924970691676 0.01171875 0.008206330597889801
0 0.8296875 0.5076201641266119 0.0125 0.008206330597889801
0 0.42890625 0.5055685814771395 0.0109375 0.006447831184056272
0 0.558203125 0.5055685814771395 0.01171875 0.0076201641266119575
0 0.3671875 0.5055685814771395 0.0125 0.008792497069167644
0 0.405078125 0.5035169988276671 0.01171875 0.009378663540445486
0 0.75625 0.5011723329425557 0.0125 0.008206330597889801
0 0.294140625 0.5017584994138335 0.01328125 0.009378663540445486
0 0.22578125 0.49824150058616645 0.0125 0.009378663540445486
0 0.25234375 0.4958968347010551 0.0140625 0.007033997655334115
0 0.317578125 0.49384525205158264 0.00859375 0.006447831184056272
0 0.34375 0.49208675263774915 0.0109375 0.005275498241500586
0 0.789453125 0.49267291910902694 0.01171875 0.008792497069167644
0 0.505859375 0.488862837045721 0.01171875 0.008206330597889801
0 0.827734375 0.4879835873388042 0.01171875 0.0076201641266119575
0 0.475390625 0.48739742086752635 0.01171875 0.008792497069167644
0 0.36640625 0.48739742086752635 0.0125 0.008792497069167644
0 0.415625 0.48651817116060964 0.0109375 0.008206330597889801
0 0.27421875 0.48651817116060964 0.0125 0.009378663540445486
0 0.451953125 0.48417350527549824 0.01171875 0.007033997655334115
0 0.299609375 0.4838804220398593 0.01328125 0.008792497069167644
0 0.244140625 0.4806565064478312 0.01328125 0.007033997655334115
0 0.3890625 0.4797772567409144 0.0125 0.006447831184056272
0 0.218359375 0.48007033997655335 0.01328125 0.009378663540445486
0 0.329296875 0.4791910902696366 0.01328125 0.008792497069167644
0 0.849609375 0.47772567409144195 0.01171875 0.008206330597889801
0 0.808203125 0.47772567409144195 0.01171875 0.008206330597889801
0 0.19375 0.47450175849941384 0.0140625 0.0076201641266119575
0 0.71953125 0.47362250879249707 0.0125 0.008206330597889801
0 0.48671875 0.4718640093786635 0.0109375 0.005861664712778429
0 0.3515625 0.47245017584994137 0.0125 0.008206330597889801
0 0.8296875 0.4709847596717468 0.009375 0.0076201641266119575
0 0.309765625 0.4683470105509965 0.01328125 0.004689331770222743
0 0.283984375 0.46688159437280186 0.01171875 0.005275498241500586
0 0.409375 0.46776084407971863 0.0125 0.008206330597889801
0 0.7828125 0.4674677608440797 0.0125 0.008792497069167644
0 0.375 0.46600234466588514 0.0125 0.009378663540445486
0 0.445703125 0.46277842907385697 0.01171875 0.0076201641266119575
0 0.702734375 0.4621922626025791 0.01171875 0.0076201641266119575
0 0.3328125 0.46131301289566234 0.0125 0.009378663540445486
0 0.1765625 0.4604337631887456 0.0140625 0.008792497069167644
0 0.733203125 0.4598475967174678 0.01171875 0.008792497069167644
0 0.8140625 0.45838218053927315 0.0125 0.008206330597889801
0 0.23125 0.4586752637749121 0.0125 0.00996483001172333
0 0.841015625 0.45545134818288396 0.01328125 0.008206330597889801
0 0.49921875 0.45545134818288396 0.0125 0.009378663540445486
0 0.35546875 0.45398593200468934 0.0125 0.0076201641266119575
0 0.25703125 0.45310668229777257 0.0125 0.005861664712778429
0 0.68203125 0.4536928487690504 0.0125 0.008206330597889801
0 0.755078125 0.4525205158264947 0.01171875 0.008206330597889801
0 0.6515625 0.451348182883939 0.0125 0.008206330597889801
0 0.19765625 0.4501758499413834 0.0140625 0.009378663540445486
0 0.430859375 0.4490035169988277 0.01171875 0.008206330597889801
0 0.309765625 0.44841735052754983 0.01328125 0.008206330597889801
0 0.378125 0.447831184056272 0.0125 0.009378663540445486
0 0.40234375 0.4454865181711606 0.0109375 0.005861664712778429
0 0.285546875 0.4451934349355217 0.01328125 0.006447831184056272
0 0.487109375 0.43991793669402113 0.00078125 0.0005861664712778429
0 0.491796875 0.44109026963657677 0.00703125 0.004103165298944901
0 0.73671875 0.4425556858147714 0.0109375 0.008206330597889801
0 0.3359375 0.4428487690504103 0.0125 0.008792497069167644
0 0.484765625 0.43874560375146543 0.00234375 0.0017584994138335288
0 0.23828125 0.44109026963657677 0.0140625 0.0076201641266119575
0 0.66484375 0.43640093786635403 0.0109375 0.008792497069167644
0 0.358984375 0.43640093786635403 0.01171875 0.008792497069167644
0 0.586328125 0.4358147713950762 0.01171875 0.008792497069167644
0 0.757421875 0.4349355216881594 0.01171875 0.008206330597889801
0 0.317578125 0.43229777256740914 0.01171875 0.005275498241500586
0 0.5109375 0.43141852286049237 0.0109375 0.008206330597889801
0 0.425 0.4308323563892145 0.0109375 0.007033997655334115
0 0.265234375 0.4320046893317702 0.01328125 0.009378663540445486
0 0.19609375 0.4317116060961313 0.0140625 0.00996483001172333
0 0.853125 0.42995310668229775 0.0125 0.008792497069167644
0 0.7953125 0.4287807737397421 0.0125 0.008792497069167644
0 0.4 0.42819460726846426 0.0125 0.0076201641266119575
0 0.33984375 0.4249706916764361 0.0125 0.009378663540445486
0 0.292578125 0.42467760844079716 0.01328125 0.008792497069167644
0 0.3765625 0.4232121922626026 0.0125 0.007033997655334115
0 0.17578125 0.4196951934349355 0.0140625 0.010550996483001172
0 0.836328125 0.41471277842907384 0.01328125 0.008792497069167644
0 0.255078125 0.4152989449003517 0.01328125 0.00996483001172333
0 0.748828125 0.414126611957796 0.01171875 0.008792497069167644
0 0.20390625 0.414126611957796 0.0125 0.00996483001172333
0 0.7703125 0.41295427901524034 0.0125 0.008792497069167644
0 0.72578125 0.41295427901524034 0.0125 0.008792497069167644
0 0.424609375 0.41295427901524034 0.01171875 0.008792497069167644
0 0.3109375 0.41295427901524034 0.0125 0.008792497069167644
0 0.79296875 0.41178194607268465 0.0125 0.008792497069167644
0 0.230078125 0.41207502930832357 0.01328125 0.009378663540445486
0 0.4484375 0.41060961313012895 0.0109375 0.0076201641266119575
0 0.359375 0.4082649472450176 0.0125 0.008792497069167644
0 0.278515625 0.40855803048065653 0.01328125 0.009378663540445486
0 0.334765625 0.406799531066823 0.01328125 0.009378663540445486
0 0.384375 0.40533411488862836 0.0125 0.0076201641266119575
0 0.476171875 0.40328253223915594 0.01171875 0.007033997655334115
0 0.5 0.40386869871043374 0.0109375 0.009378663540445486
0 0.846875 0.3994724501758499 0.0125 0.008792497069167644
0 0.40703125 0.399179366940211 0.0125 0.009378663540445486
0 0.181640625 0.3994724501758499 0.01328125 0.00996483001172333
0 0.81953125 0.39771395076201643 0.0125 0.008792497069167644
0 0.740234375 0.39771395076201643 0.01015625 0.008792497069167644
0 0.315625 0.3959554513481829 0.0125 0.005275498241500586
0 0.770703125 0.39536928487690504 0.01171875 0.008792497069167644
0 0.71796875 0.3947831184056272 0.0109375 0.008792497069167644
0 0.437109375 0.39449003516998826 0.01171875 0.008206330597889801
0 0.2078125 0.39536928487690504 0.0140625 0.00996483001172333
0 0.79453125 0.39419695193434934 0.0125 0.008792497069167644
0 0.258203125 0.3947831184056272 0.01328125 0.00996483001172333
0 0.518359375 0.39155920281359907 0.01171875 0.007033997655334115
0 0.290234375 0.39273153575615477 0.01328125 0.009378663540445486
0 0.2328125 0.39243845252051585 0.0140625 0.00996483001172333
0 0.3703125 0.3909730363423212 0.0125 0.009378663540445486
0 0.3453125 0.39009378663540445 0.0125 0.008792497069167644
0 0.5828125 0.3892145369284877 0.0109375 0.008206330597889801
0 0.56015625 0.3862837045720985 0.0109375 0.007033997655334115
0 0.480078125 0.3854044548651817 0.01171875 0.008792497069167644
0 0.8359375 0.38452520515826494 0.0125 0.009378663540445486
0 0.637109375 0.38364595545134816 0.01015625 0.0076201641266119575
0 0.3921875 0.3839390386869871 0.0125 0.009378663540445486
0 0.688671875 0.3810082063305979 0.01171875 0.009378663540445486
0 0.781640625 0.3801289566236811 0.01171875 0.008792497069167644
0 0.742578125 0.3801289566236811 0.01171875 0.008792497069167644
0 0.1921875 0.38042203985932005 0.0140625 0.010550996483001172
0 0.426171875 0.3789566236811254 0.01171875 0.008792497069167644
0 0.272265625 0.3795427901524033 0.01328125 0.00996483001172333
0 0.805078125 0.3783704572098476 0.01171875 0.008792497069167644
0 0.325390625 0.37807737397420865 0.01328125 0.008206330597889801
0 0.246875 0.37719812426729193 0.0140625 0.00996483001172333
0 0.452734375 0.37514654161781946 0.01171875 0.009378663540445486
0 0.51953125 0.373094958968347 0.0109375 0.006447831184056272
0 0.3703125 0.3716295427901524 0.0125 0.008206330597889801
0 0.221875 0.37250879249706914 0.0140625 0.00996483001172333
0 0.621875 0.36957796014067995 0.0109375 0.008792497069167644
0 0.303125 0.36957796014067995 0.0125 0.008792497069167644
0 0.562109375 0.3686987104337632 0.01171875 0.008206330597889801
0 0.8234375 0.36840562719812425 0.0125 0.008792497069167644
0 0.34609375 0.36811254396248533 0.0125 0.008206330597889801
0 0.474609375 0.3678194607268464 0.01171875 0.008792497069167644
0 0.498828125 0.3660609613130129 0.01171875 0.008792497069167644
0 0.392578125 0.3648886283704572 0.01171875 0.0076201641266119575
0 0.850390625 0.3637162954279015 0.01328125 0.008792497069167644
0 0.808984375 0.3596131301289566 0.00078125 0.0005861664712778429
0 0.798046875 0.3596131301289566 0.00078125 0.0005861664712778429
0 0.779296875 0.36283704572098474 0.01171875 0.008206330597889801
0 0.749609375 0.36313012895662367 0.01171875 0.008792497069167644
0 0.68515625 0.36313012895662367 0.0109375 0.008792497069167644
0 0.535546875 0.3616647127784291 0.01171875 0.008206330597889801
0 0.41640625 0.361957796014068 0.0125 0.008792497069167644
0 0.262109375 0.3625439624853458 0.01328125 0.00996483001172333
0 0.804296875 0.35726846424384523 0.00546875 0.0017584994138335288
0 0.65859375 0.3601992966002345 0.0109375 0.0076201641266119575
0 0.184375 0.3616647127784291 0.0125 0.010550996483001172
0 0.323828125 0.3590269636576788 0.01171875 0.0076201641266119575
0 0.636328125 0.3552168815943728 0.01171875 0.008206330597889801
0 0.285546875 0.3560961313012896 0.01328125 0.00996483001172333
0 0.2390625 0.35550996483001174 0.0109375 0.008792497069167644
0 0.717578125 0.3540445486518171 0.00859375 0.008206330597889801
0 0.60625 0.35316529894490034 0.0109375 0.0076201641266119575
0 0.833203125 0.3528722157092614 0.01328125 0.008206330597889801
0 0.437890625 0.35316529894490034 0.01171875 0.008792497069167644
0 0.20703125 0.35345838218053927 0.0125 0.009378663540445486
0 0.583203125 0.3516998827667057 0.01171875 0.009378663540445486
0 0.51484375 0.3511137162954279 0.0109375 0.008206330597889801
0 0.347265625 0.34906213364595545 0.00859375 0.0076201641266119575
0 0.472265625 0.3493552168815944 0.01171875 0.009378663540445486
0 0.762890625 0.34876905041031653 0.01171875 0.009378663540445486
0 0.7890625 0.3473036342321219 0.0125 0.008792497069167644
0 0.696484375 0.3473036342321219 0.01015625 0.008792497069167644
0 0.39609375 0.34671746776084406 0.0125 0.0076201641266119575
0 0.853125 0.34642438452520513 0.0140625 0.008206330597889801
0 0.5578125 0.34671746776084406 0.0109375 0.008792497069167644
0 0.371875 0.34495896834701056 0.00625 0.006447831184056272
0 0.30859375 0.34466588511137164 0.0125 0.009378663540445486
0 0.263671875 0.34349355216881594 0.01328125 0.009378663540445486
0 0.66875 0.34114888628370454 0.0078125 0.005861664712778429
0 0.175390625 0.3429073856975381 0.01328125 0.010550996483001172
0 0.204296875 0.3376318874560375 0.00078125 0.0011723329425556857
0 0.625390625 0.33968347010551 0.01171875 0.008792497069167644
0 0.5328125 0.33968347010551 0.0109375 0.008792497069167644
0 0.494140625 0.33909730363423213 0.01171875 0.008792497069167644
0 0.41953125 0.33909730363423213 0.0078125 0.008792497069167644
0 0.192578125 0.3344079718640094 0.00078125 0.0005861664712778429
0 0.821875 0.3373388042203986 0.0125 0.008792497069167644
0 0.733984375 0.335873388042204 0.01015625 0.008206330597889801
0 0.599609375 0.335873388042204 0.01171875 0.008206330597889801
0 0.2859375 0.33528722157092616 0.0125 0.008206330597889801
0 0.441796875 0.3344079718640094 0.01015625 0.0076201641266119575
0 0.19921875 0.33264947245017584 0.009375 0.004103165298944901
0 0.848046875 0.3303048065650645 0.00078125 0.0005861664712778429
0 0.836328125 0.33177022274325907 0.00234375 0.0035169988276670576
0 0.712109375 0.33411488862837047 0.00859375 0.008206330597889801
0 0.837890625 0.3291324736225088 0.00078125 0.0005861664712778429
0 0.57421875 0.3335287221570926 0.0109375 0.009378663540445486
0 0.3375 0.33264947245017584 0.009375 0.0076201641266119575
0 0.845703125 0.32854630715123095 0.00078125 0.0005861664712778429
0 0.84140625 0.32825322391559203 0.0046875 0.0011723329425556857
0 0.80078125 0.33177022274325907 0.0109375 0.008206330597889801
0 0.77734375 0.332063305978898 0.0109375 0.008792497069167644
0 0.75546875 0.332063305978898 0.0109375 0.008792497069167644
0 0.3875 0.3305978898007034 0.0078125 0.005861664712778429
0 0.686328125 0.33147713950762014 0.00859375 0.008792497069167644
0 0.46640625 0.3311840562719812 0.0078125 0.008206330597889801
0 0.362890625 0.3288393903868699 0.00390625 0.0035169988276670576
0 0.251171875 0.3305978898007034 0.00546875 0.007033997655334115
0 0.551171875 0.3291324736225088 0.01171875 0.008792497069167644
0 0.51640625 0.3276670574443142 0.00625 0.007033997655334115
0 0.24609375 0.3250293083235639 0.0078125 0.0017584994138335288
0 0.223046875 0.32737397420867526 0.01015625 0.00996483001172333
0 0.3140625 0.32532239155920284 0.0109375 0.007033997655334115
0 0.6640625 0.3238569753810082 0.0109375 0.0076201641266119575
0 0.6375 0.3235638921453693 0.0109375 0.008206330597889801
0 0.6140625 0.32180539273153574 0.0109375 0.008206330597889801
0 0.4859375 0.32209847596717467 0.009375 0.008792497069167644
0 0.41015625 0.3215123094958968 0.0078125 0.008792497069167644
0 0.180078125 0.3223915592028136 0.01328125 0.010550996483001172
0 0.782421875 0.31740914419695193 0.00078125 0.0017584994138335288
0 0.81640625 0.32004689331770225 0.0125 0.008206330597889801
0 0.2890625 0.3182883939038687 0.0078125 0.004689331770222743
0 0.794140625 0.3156506447831184 0.00078125 0.0005861664712778429
0 0.783203125 0.3156506447831184 0.00078125 0.0005861664712778429
0 0.72421875 0.3191676436107855 0.009375 0.008792497069167644
0 0.590625 0.3191676436107855 0.0109375 0.008792497069167644
0 0.785546875 0.3138921453692849 0.00078125 0.0005861664712778429
0 0.43203125 0.31770222743259086 0.0109375 0.008206330597889801
0 0.533984375 0.31770222743259086 0.00859375 0.009378663540445486
0 0.790234375 0.31359906213364597 0.00703125 0.0023446658851113715
0 0.766796875 0.3168229777256741 0.01171875 0.008792497069167644
0 0.70078125 0.31623681125439623 0.0078125 0.0076201641266119575
0 0.739453125 0.3115474794841735 0.00078125 0.0005861664712778429
0 0.567578125 0.3156506447831184 0.01015625 0.008792497069167644
0 0.26484375 0.31623681125439623 0.0125 0.00996483001172333
0 0.844921875 0.3141852286049238 0.01328125 0.008206330597889801
0 0.741796875 0.30978898007034 0.00078125 0.0005861664712778429
0 0.457421875 0.31330597889800704 0.00703125 0.0076201641266119575
0 0.332421875 0.31359906213364597 0.00859375 0.008206330597889801
0 0.744140625 0.30920281359906215 0.00234375 0.0005861664712778429
0 0.504296875 0.31125439624853457 0.01015625 0.008206330597889801
0 0.355859375 0.30978898007034 0.00859375 0.005275498241500586
0 0.234765625 0.3115474794841735 0.01328125 0.00996483001172333
0 0.6515625 0.3094958968347011 0.009375 0.008206330597889801
0 0.38515625 0.3086166471277843 0.0078125 0.008792497069167644
0 0.629296875 0.30685814771395076 0.00859375 0.0076201641266119575
0 0.8046875 0.3050996483001172 0.0125 0.008792497069167644
0 0.479296875 0.3042203985932005 0.01015625 0.007033997655334115
0 0.82734375 0.3045134818288394 0.0109375 0.008792497069167644
0 0.54921875 0.3045134818288394 0.0109375 0.008792497069167644
0 0.308203125 0.3042203985932005 0.01171875 0.008206330597889801
0 0.60625 0.3030480656506448 0.009375 0.007033997655334115
0 0.4078125 0.3030480656506448 0.0078125 0.008206330597889801
0 0.716015625 0.30246189917936694 0.00859375 0.008206330597889801
0 0.582421875 0.3018757327080891 0.01015625 0.008206330597889801
0 0.778125 0.30158264947245017 0.0109375 0.008792497069167644
0 0.525390625 0.30011723329425555 0.00546875 0.005861664712778429
0 0.278125 0.29923798358733883 0.0125 0.006447831184056272
0 0.69375 0.2995310668229777 0.009375 0.008206330597889801
0 0.18515625 0.3007033997655334 0.009375 0.010550996483001172
0 0.43046875 0.2989449003516999 0.0109375 0.008206330597889801
0 0.756640625 0.29718640093786636 0.00859375 0.008206330597889801
0 0.45546875 0.2951348182883939 0.00625 0.005275498241500586
0 0.3390625 0.2954279015240328 0.009375 0.008206330597889801
0 0.837109375 0.2913247362250879 0.00078125 0.0011723329425556857
0 0.50078125 0.2933763188745604 0.00625 0.005275498241500586
0 0.837890625 0.28927315357561545 0.00078125 0.0005861664712778429
0 0.733984375 0.29308323563892147 0.01171875 0.008206330597889801
0 0.669140625 0.2922039859320047 0.00859375 0.006447831184056272
0 0.643359375 0.2924970691676436 0.00859375 0.008206330597889801
0 0.369921875 0.2922039859320047 0.00859375 0.0076201641266119575
0 0.810546875 0.2881008206330598 0.00078125 0.0005861664712778429
0 0.841015625 0.2869284876905041 0.00078125 0.0005861664712778429
0 0.843359375 0.28634232121922626 0.00234375 0.0005861664712778429
0 0.565234375 0.2898593200468933 0.00859375 0.0076201641266119575
0 0.8171875 0.28604923798358733 0.0046875 0.0011723329425556857
0 0.794140625 0.2895662368112544 0.01171875 0.009378663540445486
0 0.541796875 0.2869284876905041 0.00859375 0.0076201641266119575
0 0.392578125 0.28751465416178196 0.01015625 0.008792497069167644
0 0.7109375 0.28516998827667056 0.00625 0.006447831184056272
0 0.297265625 0.28634232121922626 0.01171875 0.008792497069167644
0 0.60859375 0.2854630715123095 0.009375 0.008206330597889801
0 0.475390625 0.28516998827667056 0.00859375 0.0076201641266119575
0 0.771484375 0.2845838218053927 0.01015625 0.008792497069167644
0 0.41640625 0.28341148886283707 0.0109375 0.008792497069167644
0 0.265234375 0.28223915592028137 0.00546875 0.0076201641266119575
0 0.68671875 0.28194607268464245 0.009375 0.008206330597889801
0 0.518359375 0.2816529894490035 0.00703125 0.0076201641266119575
0 0.261328125 0.2781359906213365 0.00078125 0.0005861664712778429
0 0.320703125 0.28106682297772567 0.01171875 0.0076201641266119575
0 0.75 0.2804806565064478 0.0109375 0.008792497069167644
0 0.58828125 0.2790152403282532 0.00625 0.008206330597889801
0 0.630859375 0.2772567409144197 0.00546875 0.005861664712778429
0 0.3546875 0.2772567409144197 0.0046875 0.007033997655334115
0 0.44375 0.2772567409144197 0.0109375 0.008206330597889801
0 0.657421875 0.27637749120750293 0.01015625 0.0076201641266119575
0 0.8640625 0.27667057444314186 0.0125 0.009378663540445486
0 0.830078125 0.2716881594372802 0.00234375 0.0005861664712778429
0 0.727734375 0.2757913247362251 0.01015625 0.008792497069167644
0 0.49375 0.27432590855803046 0.009375 0.007033997655334115
0 0.805859375 0.27432590855803046 0.01171875 0.009378663540445486
0 0.376171875 0.2719812426729191 0.01015625 0.008206330597889801
0 0.28125 0.2719812426729191 0.0125 0.009378663540445486
0 0.4015625 0.26875732708089095 0.00625 0.006447831184056272
0 0.784375 0.2696365767878077 0.0109375 0.009378663540445486
0 0.70078125 0.268464243845252 0.009375 0.008206330597889801
0 0.609375 0.26699882766705746 0.0046875 0.005275498241500586
0 0.56484375 0.2672919109026964 0.009375 0.008206330597889801
0 0.468359375 0.26670574443141853 0.01171875 0.008206330597889801
0 0.30546875 0.2664126611957796 0.0109375 0.008792497069167644
0 0.762109375 0.26553341148886284 0.01015625 0.008206330597889801
0 0.67890625 0.26553341148886284 0.0078125 0.008206330597889801
0 0.423828125 0.2652403282532239 0.01015625 0.0076201641266119575
0 0.84765625 0.2652403282532239 0.0125 0.008792497069167644
0 0.33515625 0.2652403282532239 0.0078125 0.008792497069167644
0 0.51328125 0.26318874560375144 0.009375 0.007033997655334115
0 0.740625 0.261137162954279 0.009375 0.008792497069167644
0 0.634765625 0.26025791324736225 0.00703125 0.008206330597889801
0 0.82109375 0.2593786635404455 0.0109375 0.008792497069167644
0 0.658203125 0.25791324736225085 0.00703125 0.007033997655334115
0 0.58671875 0.2584994138335287 0.0078125 0.008206330597889801
0 0.359765625 0.25791324736225085 0.01015625 0.008206330597889801
0 0.719140625 0.257620164126612 0.00859375 0.008792497069167644
0 0.448046875 0.257620164126612 0.00859375 0.008792497069167644
0 0.543359375 0.2564478311840563 0.00859375 0.0076201641266119575
0 0.79921875 0.2567409144196952 0.0109375 0.009378663540445486
0 0.49140625 0.25615474794841736 0.0078125 0.008206330597889801
0 0.38359375 0.2543962485345838 0.009375 0.008206330597889801
0 0.17890625 0.25381008206330596 0.0109375 0.010550996483001172
0 0.778125 0.2523446658851114 0.0109375 0.008792497069167644
0 0.697265625 0.2508792497069168 0.00859375 0.008206330597889801
0 0.564453125 0.2485345838218054 0.00859375 0.008206330597889801
0 0.84140625 0.2485345838218054 0.0125 0.009378663540445486
0 0.46796875 0.24794841735052756 0.0109375 0.008206330597889801
0 0.33125 0.24677608440797186 0.00625 0.005861664712778429
0 0.757421875 0.24677608440797186 0.00859375 0.007033997655334115
0 0.674609375 0.2473622508792497 0.01015625 0.008206330597889801
0 0.6078125 0.24706916764361078 0.0078125 0.0076201641266119575
0 0.426171875 0.24706916764361078 0.00859375 0.008792497069167644
0 0.516796875 0.24501758499413834 0.00859375 0.007033997655334115
0 0.73359375 0.24325908558030482 0.009375 0.008206330597889801
0 0.63046875 0.24208675263774912 0.00625 0.005861664712778429
0 0.177734375 0.23827667057444316 0.00078125 0.0005861664712778429
0 0.65234375 0.2403282532239156 0.009375 0.007033997655334115
0 0.859765625 0.24091441969519342 0.01328125 0.009378663540445486
0 0.40234375 0.2391559202813599 0.009375 0.008206330597889801
0 0.353125 0.2391559202813599 0.0109375 0.008206330597889801
0 0.796875 0.23856975381008205 0.0125 0.008206330597889801
0 0.821875 0.23856975381008205 0.0125 0.009378663540445486
0 0.585546875 0.23739742086752638 0.00859375 0.007033997655334115
0 0.542578125 0.2365181711606096 0.00546875 0.005275498241500586
0 0.488671875 0.2376905041031653 0.01015625 0.0076201641266119575
0 0.4453125 0.23798358733880423 0.0109375 0.008206330597889801
0 0.711328125 0.23710433763188746 0.01015625 0.0076201641266119575
0 0.37734375 0.23622508792497068 0.0109375 0.008206330597889801
0 0.7734375 0.2347596717467761 0.009375 0.008792497069167644
0 0.18125 0.23182883939038687 0.0109375 0.0076201641266119575
0 0.842578125 0.23065650644783117 0.01171875 0.008792497069167644
0 0.751953125 0.2294841735052755 0.00859375 0.0076201641266119575
0 0.6703125 0.22919109026963658 0.009375 0.007033997655334115
0 0.562890625 0.2294841735052755 0.01015625 0.0076201641266119575
0 0.46875 0.22919109026963658 0.00625 0.007033997655334115
0 0.29296875 0.2294841735052755 0.0109375 0.0076201641266119575
0 0.5109375 0.22801875732708088 0.0046875 0.005861664712778429
0 0.328515625 0.22626025791324736 0.00390625 0.004689331770222743
0 0.63984375 0.2250879249706917 0.00625 0.005861664712778429
0 0.69296875 0.2250879249706917 0.009375 0.008206330597889801
0 0.42109375 0.22538100820633059 0.009375 0.008792497069167644
0 0.73125 0.223915592028136 0.00625 0.007033997655334115
0 0.86875 0.22362250879249707 0.0125 0.008792497069167644
0 0.3578125 0.22157092614302462 0.009375 0.007033997655334115
0 0.80859375 0.22157092614302462 0.0109375 0.009378663540445486
0 0.785546875 0.22098475967174677 0.01171875 0.009378663540445486
0 0.5890625 0.22010550996483 0.0078125 0.0076201641266119575
0 0.529296875 0.21893317702227433 0.01015625 0.006447831184056272
0 0.487890625 0.21893317702227433 0.00859375 0.0076201641266119575
0 0.44296875 0.2186400937866354 0.0109375 0.007033997655334115
0 0.3828125 0.21688159437280188 0.0078125 0.007033997655334115
0 0.763671875 0.21541617819460726 0.01171875 0.008792497069167644
0 0.85 0.21365767878077374 0.0125 0.008792497069167644
0 0.551171875 0.21336459554513482 0.01015625 0.008206330597889801
0 0.71015625 0.21277842907385697 0.0078125 0.008206330597889801
0 0.608984375 0.21248534583821804 0.01015625 0.0076201641266119575
0 0.67265625 0.21131301289566237 0.009375 0.006447831184056272
0 0.466015625 0.20984759671746775 0.00546875 0.007033997655334115
0 0.5078125 0.20926143024618993 0.0078125 0.007033997655334115
0 0.419921875 0.20691676436107856 0.00703125 0.007033997655334115
0 0.730859375 0.20603751465416179 0.00703125 0.006447831184056272
0 0.57421875 0.205158264947245 0.00625 0.007033997655334115
0 0.693359375 0.2022274325908558 0.00546875 0.004689331770222743
0 0.486328125 0.20046893317702227 0.00546875 0.005861664712778429
0 0.394921875 0.20164126611957797 0.01015625 0.008206330597889801
0 0.750390625 0.20164126611957797 0.01015625 0.009378663540445486
0 0.52890625 0.1995896834701055 0.0078125 0.006447831184056272
0 0.44140625 0.20017584994138335 0.0109375 0.0076201641266119575
0 0.594140625 0.19841735052754983 0.00859375 0.0076201641266119575
0 0.773046875 0.19577960140679954 0.01171875 0.009378663540445486
0 0.553125 0.1951934349355217 0.0078125 0.008206330597889801
0 0.37265625 0.1937280187573271 0.0078125 0.006447831184056272
0 0.715234375 0.1925556858147714 0.00390625 0.005275498241500586
0 0.462890625 0.1910902696365768 0.00703125 0.005861664712778429
0 0.82109375 0.19226260257913247 0.0125 0.009378663540445486
0 0.507421875 0.19050410316529895 0.00859375 0.007033997655334115
0 0.736328125 0.1884525205158265 0.00546875 0.006447831184056272
0 0.5734375 0.18698710433763188 0.0078125 0.007033997655334115
0 0.60859375 0.18229777256740914 0.003125 0.0023446658851113715
0 0.633203125 0.1843493552168816 0.01015625 0.0076201641266119575
0 0.684765625 0.18376318874560374 0.00859375 0.0076201641266119575
0 0.75546875 0.18376318874560374 0.0109375 0.008792497069167644
0 0.5375 0.18141852286049237 0.0046875 0.004103165298944901
0 0.78671875 0.18141852286049237 0.0125 0.008792497069167644
0 0.32578125 0.18053927315357562 0.0078125 0.007033997655334115
0 0.444140625 0.179073856975381 0.00390625 0.005275498241500586
0 0.7046875 0.17614302461899178 0.009375 0.0076201641266119575
0 0.8171875 0.17409144196951934 0.0125 0.009378663540445486
0 0.5140625 0.17262602579132474 0.009375 0.0076201641266119575
0 0.587109375 0.17174677608440797 0.00703125 0.007033997655334115
0 0.490625 0.1708675263774912 0.0078125 0.006447831184056272
0 0.73515625 0.1694021101992966 0.0109375 0.007033997655334115
0 0.38828125 0.16764361078546308 0.00625 0.004689331770222743
0 0.553125 0.16764361078546308 0.00625 0.005861664712778429
0 0.756640625 0.1652989449003517 0.01015625 0.008206330597889801
0 0.4171875 0.16354044548651817 0.0078125 0.005861664712778429
0 0.84609375 0.16266119577960142 0.0125 0.00996483001172333
0 0.6046875 0.15885111371629543 0.0046875 0.004689331770222743
0 0.7140625 0.15914419695193435 0.00625 0.0076201641266119575
0 0.637890625 0.15797186400937865 0.00546875 0.0076201641266119575
0 0.81953125 0.15650644783118406 0.0125 0.009378663540445486
0 0.658984375 0.15386869871043377 0.00859375 0.0076201641266119575
0 0.77578125 0.15445486518171161 0.0125 0.00996483001172333
0 0.539453125 0.15269636576787807 0.00703125 0.006447831184056272
0 0.515625 0.15211019929660025 0.00625 0.005275498241500586
0 0.32109375 0.15123094958968347 0.009375 0.008206330597889801
0 0.798828125 0.14976553341148885 0.01171875 0.00996483001172333
0 0.572265625 0.14683470105509966 0.00703125 0.0076201641266119575
0 0.750390625 0.14009378663540445 0.01015625 0.007033997655334115
0 0.2953125 0.1406799531066823 0.0125 0.008206330597889801
0 0.26953125 0.13599062133645956 0.0078125 0.004689331770222743
0 0.6828125 0.1365767878077374 0.0078125 0.007033997655334115
0 0.62109375 0.13335287221570927 0.0078125 0.006447831184056272
0 0.35546875 0.13335287221570927 0.0078125 0.006447831184056272
0 0.319140625 0.13188745603751464 0.00703125 0.004689331770222743
0 0.26640625 0.12866354044548653 0.0015625 0.0005861664712778429
0 0.66015625 0.13012895662368112 0.00625 0.007033997655334115
0 0.52109375 0.13012895662368112 0.0078125 0.007033997655334115
0 0.57734375 0.12778429073856976 0.00625 0.0035169988276670576
0 0.497265625 0.12456037514654161 0.00703125 0.006447831184056272
0 0.2140625 0.11694021101992966 0.009375 0.0076201641266119575
0 0.216796875 0.11225087924970692 0.00078125 0.0005861664712778429
0 0.21171875 0.10990621336459555 0.00625 0.0017584994138335288
