0 0.1953125 0.9328839390386869 0.0125 0.008792497069167644
0 0.466796875 0.9100234466588512 0.00546875 0.0029308323563892145
0 0.391796875 0.9070926143024619 0.00234375 0.0029308323563892145
0 0.54609375 0.8950762016412661 0.00625 0.005861664712778429
0 0.478125 0.8939038686987104 0.00625 0.005861664712778429
0 0.27109375 0.8909730363423212 0.0125 0.010550996483001172
0 0.592578125 0.8874560375146542 0.01015625 0.010550996483001172
0 0.691796875 0.8813012895662368 0.01171875 0.00996483001172333
0 0.2484375 0.8786635404454866 0.0125 0.007033997655334115
0 0.630859375 0.8748534583821805 0.00703125 0.006447831184056272
0 0.548046875 0.8754396248534584 0.00859375 0.0076201641266119575
0 0.381640625 0.8710433763188745 0.00703125 0.005861664712778429
0 0.448828125 0.8681125439624854 0.00859375 0.005861664712778429
0 0.353125 0.8654747948417351 0.00625 0.004103165298944901
0 0.658984375 0.8669402110199297 0.00703125 0.009378663540445486
0 0.6125 0.8640093786635404 0.003125 0.0035169988276670576
0 0.641015625 0.8569753810082064 0.00234375 0.0011723329425556857
0 0.280078125 0.8590269636576788 0.00859375 0.005275498241500586
0 0.39765625 0.8549237983587339 0.0046875 0.004103165298944901
0 0.375390625 0.8528722157092614 0.00078125 0.0011723329425556857
0 0.585546875 0.8534583821805393 0.01171875 0.008206330597889801
0 0.47109375 0.8516998827667057 0.009375 0.010550996483001172
0 0.411328125 0.8405627198124267 0.00078125 0.0011723329425556857
0 0.653515625 0.8417350527549824 0.01171875 0.009378663540445486
0 0.613671875 0.8411488862837045 0.00703125 0.008206330597889801
0 0.337890625 0.8402696365767878 0.01015625 0.0076201641266119575
0 0.433984375 0.8408558030480656 0.01015625 0.011137162954279016
0 0.529296875 0.8379249706916765 0.01015625 0.011137162954279016
0 0.272265625 0.835873388042204 0.01015625 0.009378663540445486
0 0.3640625 0.8259085580304807 0.0015625 0.0011723329425556857
0 0.623828125 0.8218053927315357 0.00546875 0.004689331770222743
0 0.6921875 0.8226846424384525 0.0109375 0.0076201641266119575
0 0.331640625 0.8200468933177022 0.00703125 0.005861664712778429
0 0.17421875 0.8188745603751465 0.0125 0.010550996483001172
0 0.299609375 0.8138921453692849 0.00234375 0.0029308323563892145
0 0.573828125 0.8118405627198124 0.00390625 0.0035169988276670576
0 0.483203125 0.8153575615474795 0.01015625 0.010550996483001172
0 0.669140625 0.8118405627198124 0.00703125 0.007033997655334115
0 0.237890625 0.8115474794841735 0.00859375 0.00996483001172333
0 0.262890625 0.8077373974208675 0.01015625 0.004689331770222743
0 0.148046875 0.8077373974208675 0.00390625 0.004689331770222743
0 0.38359375 0.8080304806565064 0.009375 0.0076201641266119575
0 0.70859375 0.8074443141852286 0.009375 0.0076201641266119575
0 0.2109375 0.8074443141852286 0.009375 0.0076201641266119575
0 0.6875 0.8036342321219226 0.0046875 0.0023446658851113715
0 0.351953125 0.805978898007034 0.01015625 0.010550996483001172
0 0.63515625 0.8039273153575616 0.0078125 0.0076201641266119575
0 0.5515625 0.8039273153575616 0.0078125 0.00996483001172333
0 0.428515625 0.7977725674091442 0.00390625 0.005861664712778429
0 0.614453125 0.798358733880422 0.00546875 0.008206330597889801
0 0.3203125 0.7980656506447831 0.0125 0.00996483001172333
0 0.28125 0.7927901524032825 0.0046875 0.004103165298944901
0 0.53359375 0.7927901524032825 0.0109375 0.00996483001172333
0 0.25625 0.791031652989449 0.009375 0.006447831184056272
0 0.70703125 0.7898593200468933 0.0046875 0.005275498241500586
0 0.48359375 0.7922039859320047 0.009375 0.00996483001172333
0 0.649609375 0.7898593200468933 0.01015625 0.008792497069167644
0 0.507421875 0.7863423212192263 0.00078125 0.0029308323563892145
0 0.390234375 0.7889800703399765 0.00859375 0.009378663540445486
0 0.302734375 0.783704572098476 0.00703125 0.005861664712778429
0 0.5828125 0.7851699882766706 0.0109375 0.00996483001172333
0 0.12578125 0.7816529894490035 0.0078125 0.006447831184056272
0 0.63203125 0.779601406799531 0.0109375 0.009378663540445486
0 0.225390625 0.7754982415005862 0.00078125 0.0011723329425556857
0 0.3640625 0.7772567409144197 0.0125 0.007033997655334115
0 0.40859375 0.7763774912075029 0.0109375 0.006447831184056272
0 0.184765625 0.7766705744431418 0.00859375 0.007033997655334115
0 0.33046875 0.7746189917936694 0.009375 0.004103165298944901
0 0.726171875 0.7757913247362251 0.01171875 0.008792497069167644
0 0.252734375 0.7731535756154748 0.00546875 0.005861664712778429
0 0.7015625 0.7713950762016413 0.0125 0.008206330597889801
0 0.821484375 0.768464243845252 0.01171875 0.009378663540445486
0 0.28203125 0.7658264947245017 0.00625 0.004103165298944901
0 0.769140625 0.7678780773739742 0.01171875 0.009378663540445486
0 0.651171875 0.7667057444314185 0.01171875 0.009378663540445486
0 0.306640625 0.7637749120750293 0.00859375 0.004689331770222743
0 0.263671875 0.7558616647127784 0.00078125 0.0005861664712778429
0 0.237109375 0.7576201641266119 0.00859375 0.005275498241500586
0 0.743359375 0.7582063305978898 0.01171875 0.0076201641266119575
0 0.531640625 0.7584994138335287 0.01171875 0.009378663540445486
0 0.33515625 0.7561547479484173 0.009375 0.005861664712778429
0 0.711328125 0.7532239155920282 0.01171875 0.009378663540445486
0 0.640234375 0.75 0.00703125 0.0076201641266119575
0 0.315234375 0.7467760844079718 0.00234375 0.0023446658851113715
0 0.682421875 0.7473622508792497 0.01015625 0.007033997655334115
0 0.289453125 0.7453106682297772 0.00703125 0.005275498241500586
0 0.219140625 0.7423798358733881 0.01015625 0.005275498241500586
0 0.66015625 0.742672919109027 0.0109375 0.009378663540445486
0 0.2453125 0.7400351699882767 0.0078125 0.005275498241500586
0 0.74453125 0.7406213364595545 0.0125 0.008792497069167644
0 0.6203125 0.7409144196951934 0.0109375 0.009378663540445486
0 0.36484375 0.7368112543962485 0.00625 0.004689331770222743
0 0.26875 0.7321219226260258 0.0109375 0.005861664712778429
0 0.32109375 0.7286049237983587 0.003125 0.0035169988276670576
0 0.824609375 0.7306565064478312 0.01171875 0.008792497069167644
0 0.68125 0.7288980070339977 0.0109375 0.008792497069167644
0 0.295703125 0.7268464243845252 0.00703125 0.005861664712778429
0 0.23046875 0.7262602579132473 0.0109375 0.005861664712778429
0 0.4171875 0.7268464243845252 0.0109375 0.008206330597889801
0 0.776953125 0.7224501758499414 0.01171875 0.008792497069167644
0 0.253125 0.7177608440797186 0.0109375 0.006447831184056272
0 0.201953125 0.7157092614302462 0.01015625 0.007033997655334115
0 0.277734375 0.7110199296600235 0.00390625 0.0035169988276670576
0 0.310546875 0.7116060961313013 0.01171875 0.005861664712778429
0 0.758203125 0.7110199296600235 0.01171875 0.008206330597889801
0 0.133203125 0.7116060961313013 0.01015625 0.009378663540445486
0 0.17578125 0.7069167643610785 0.0125 0.007033997655334115
0 0.226171875 0.7054513481828839 0.00859375 0.005275498241500586
0 0.806640625 0.7063305978898007 0.01015625 0.009378663540445486
0 0.69921875 0.7025205158264948 0.0109375 0.008792497069167644
0 0.541015625 0.6998827667057445 0.00703125 0.005861664712778429
0 0.78515625 0.6987104337631888 0.00625 0.008206330597889801
0 0.298046875 0.6972450175849941 0.00859375 0.005275498241500586
0 0.36953125 0.6969519343493552 0.0109375 0.007033997655334115
0 0.253125 0.6954865181711606 0.0109375 0.005275498241500586
0 0.346484375 0.693728018757327 0.00546875 0.004103165298944901
0 0.6203125 0.6954865181711606 0.0109375 0.008792497069167644
0 0.156640625 0.6943141852286049 0.01015625 0.006447831184056272
0 0.7265625 0.6946072684642438 0.0109375 0.008206330597889801
0 0.759375 0.694021101992966 0.0109375 0.008206330597889801
0 0.20703125 0.6925556858147714 0.0078125 0.006447831184056272
0 0.32109375 0.6916764361078547 0.0109375 0.005861664712778429
0 0.522265625 0.69021101992966 0.01015625 0.0076201641266119575
0 0.280078125 0.6875732708089097 0.00546875 0.0035169988276670576
0 0.501171875 0.6881594372801876 0.00546875 0.005861664712778429
0 0.23125 0.6869871043376319 0.0109375 0.005861664712778429
0 0.801171875 0.6872801875732708 0.01015625 0.008792497069167644
0 0.55703125 0.6834701055099648 0.0109375 0.007033997655334115
0 0.37890625 0.6805392731535757 0.0109375 0.007033997655334115
0 0.7453125 0.6805392731535757 0.0109375 0.008206330597889801
0 0.71953125 0.67936694021102 0.0046875 0.005861664712778429
0 0.53671875 0.6784876905041032 0.0109375 0.004103165298944901
0 0.1890625 0.67936694021102 0.0109375 0.005861664712778429
0 0.301171875 0.6779015240328253 0.01171875 0.006447831184056272
0 0.255859375 0.6776084407971864 0.01015625 0.005861664712778429
0 0.783203125 0.6776084407971864 0.01171875 0.008206330597889801
0 0.339453125 0.6758499413833529 0.01171875 0.007033997655334115
0 0.598046875 0.6749706916764361 0.00703125 0.0076201641266119575
0 0.1578125 0.6711606096131302 0.009375 0.005861664712778429
0 0.278515625 0.6685228604923799 0.01171875 0.006447831184056272
0 0.23359375 0.6673505275498242 0.0109375 0.005275498241500586
0 0.208203125 0.6670574443141852 0.01015625 0.005861664712778429
0 0.758203125 0.6673505275498242 0.01171875 0.0076201641266119575
0 0.7328125 0.6676436107854631 0.009375 0.008206330597889801
0 0.820703125 0.6673505275498242 0.01171875 0.008792497069167644
0 0.321875 0.6638335287221571 0.0125 0.008792497069167644
0 0.61171875 0.6620750293083235 0.0109375 0.0076201641266119575
0 0.1359375 0.6614888628370457 0.0109375 0.006447831184056272
0 0.365625 0.6603165298944901 0.009375 0.005275498241500586
0 0.778515625 0.6594372801875733 0.01171875 0.008206330597889801
0 0.5234375 0.6585580304806565 0.0109375 0.0076201641266119575
0 0.258203125 0.6582649472450176 0.01015625 0.007033997655334115
0 0.29921875 0.6570926143024619 0.0125 0.007033997655334115
0 0.70078125 0.6556271981242673 0.0109375 0.0076201641266119575
0 0.432421875 0.652989449003517 0.01171875 0.007033997655334115
0 0.72265625 0.6524032825322391 0.0109375 0.008206330597889801
0 0.196875 0.6506447831184057 0.0109375 0.005861664712778429
0 0.75234375 0.6512309495896834 0.0125 0.008206330597889801
0 0.34453125 0.6515240328253223 0.0125 0.008792497069167644
0 0.2359375 0.6488862837045721 0.0109375 0.007033997655334115
0 0.278125 0.6471277842907386 0.0109375 0.007033997655334115
0 0.321875 0.6459554513481829 0.0125 0.005861664712778429
0 0.8359375 0.6465416178194607 0.0140625 0.008206330597889801
0 0.6484375 0.645662368112544 0.0109375 0.008792497069167644
0 0.367578125 0.6424384525205158 0.01171875 0.007033997655334115
0 0.21640625 0.6386283704572099 0.009375 0.005275498241500586
0 0.693359375 0.6389214536928488 0.00859375 0.007033997655334115
0 0.25625 0.6377491207502931 0.0109375 0.005861664712778429
0 0.166796875 0.6371629542790153 0.00546875 0.004689331770222743
0 0.819140625 0.6386283704572099 0.01328125 0.008792497069167644
0 0.61171875 0.638335287221571 0.0109375 0.008206330597889801
0 0.3 0.6365767878077374 0.0109375 0.005861664712778429
0 0.5484375 0.6359906213364596 0.009375 0.008206330597889801
0 0.415625 0.6345252051582649 0.0078125 0.005275498241500586
0 0.190234375 0.6330597889800703 0.00859375 0.005861664712778429
0 0.77578125 0.6339390386869871 0.0109375 0.008792497069167644
0 0.33671875 0.6292497069167644 0.0125 0.006447831184056272
0 0.798828125 0.6295427901524033 0.01171875 0.008206330597889801
0 0.23515625 0.6254396248534584 0.0109375 0.005861664712778429
0 0.1140625 0.6228018757327081 0.0125 0.006447831184056272
0 0.5640625 0.6228018757327081 0.0109375 0.008792497069167644
0 0.31328125 0.6216295427901524 0.0125 0.006447831184056272
0 0.211328125 0.6204572098475967 0.00546875 0.004103165298944901
0 0.73046875 0.6210433763188745 0.0109375 0.0076201641266119575
0 0.2890625 0.6207502930832356 0.0125 0.007033997655334115
0 0.2640625 0.6198710433763188 0.0125 0.006447831184056272
0 0.83671875 0.61957796014068 0.0125 0.008206330597889801
0 0.40546875 0.6186987104337632 0.0109375 0.006447831184056272
0 0.333203125 0.6110785463071512 0.01171875 0.005275498241500586
0 0.383984375 0.611664712778429 0.01171875 0.0076201641266119575
0 0.194140625 0.6075615474794842 0.00390625 0.004103165298944901
0 0.244140625 0.6075615474794842 0.01171875 0.006447831184056272
0 0.80703125 0.6072684642438453 0.0109375 0.008206330597889801
0 0.73515625 0.6037514654161782 0.0109375 0.008206330597889801
0 0.21796875 0.6025791324736225 0.0109375 0.005861664712778429
0 0.14296875 0.6025791324736225 0.0109375 0.005861664712778429
0 0.168359375 0.6014067995310668 0.01015625 0.004689331770222743
0 0.5953125 0.60052754982415 0.0109375 0.006447831184056272
0 0.41015625 0.6011137162954279 0.0109375 0.0076201641266119575
0 0.27734375 0.5993552168815943 0.0125 0.006447831184056272
0 0.788671875 0.5978898007033998 0.01015625 0.008206330597889801
0 0.33125 0.593200468933177 0.0109375 0.005861664712778429
0 0.236328125 0.5902696365767878 0.01171875 0.004689331770222743
0 0.190234375 0.5876318874560376 0.00546875 0.005275498241500586
0 0.80546875 0.5861664712778429 0.0078125 0.008206330597889801
0 0.165234375 0.5826494724501758 0.01015625 0.005861664712778429
0 0.21484375 0.5814771395076201 0.0109375 0.005861664712778429
0 0.130078125 0.5805978898007034 0.01015625 0.006447831184056272
0 0.65546875 0.5785463071512309 0.0109375 0.008206330597889801
0 0.378125 0.5773739742086753 0.0109375 0.007033997655334115
0 0.82109375 0.574736225087925 0.009375 0.008792497069167644
0 0.78828125 0.5744431418522861 0.0109375 0.008206330597889801
0 0.238671875 0.5718053927315357 0.01171875 0.005275498241500586
0 0.486328125 0.57063305978898 0.01171875 0.008792497069167644
0 0.276171875 0.5677022274325909 0.01171875 0.006447831184056272
0 0.15234375 0.567409144196952 0.0109375 0.005861664712778429
0 0.839453125 0.5662368112543963 0.01015625 0.008206330597889801
0 0.178515625 0.5630128956623681 0.00390625 0.0017584994138335288
0 0.71484375 0.5650644783118406 0.0109375 0.008206330597889801
0 0.2046875 0.5618405627198124 0.0078125 0.005275498241500586
0 0.749609375 0.5627198124267292 0.01015625 0.008206330597889801
0 0.771875 0.559495896834701 0.009375 0.0076201641266119575
0 0.328515625 0.5589097303634232 0.01171875 0.006447831184056272
0 0.3 0.5571512309495897 0.0046875 0.005275498241500586
0 0.12265625 0.5571512309495897 0.0125 0.005275498241500586
0 0.249609375 0.5550996483001173 0.01171875 0.005861664712778429
0 0.372265625 0.5542203985932005 0.01171875 0.006447831184056272
0 0.2265625 0.5495310668229777 0.00625 0.004103165298944901
0 0.160546875 0.5492379835873388 0.01015625 0.005861664712778429
0 0.34765625 0.5471864009378663 0.0125 0.006447831184056272
0 0.189453125 0.5466002344665886 0.00859375 0.005275498241500586
0 0.7890625 0.5451348182883939 0.0078125 0.007033997655334115
0 0.74921875 0.5422039859320047 0.009375 0.007033997655334115
0 0.3015625 0.5389800703399765 0.0125 0.006447831184056272
0 0.424609375 0.5386869871043376 0.01171875 0.008206330597889801
0 0.26484375 0.5363423212192263 0.0125 0.005861664712778429
0 0.123828125 0.5351699882766706 0.01171875 0.005861664712778429
0 0.238671875 0.5345838218053928 0.01171875 0.005861664712778429
0 0.206640625 0.533704572098476 0.01171875 0.005275498241500586
0 0.683984375 0.5334114888628371 0.01015625 0.007033997655334115
0 0.173828125 0.5319460726846424 0.00859375 0.005275498241500586
0 0.797265625 0.5310668229777257 0.01171875 0.008206330597889801
0 0.38359375 0.5301875732708089 0.0109375 0.006447831184056272
0 0.146875 0.5249120750293084 0.00625 0.004103165298944901
0 0.10546875 0.5219812426729191 0.0078125 0.005275498241500586
0 0.43359375 0.5208089097303634 0.0109375 0.005275498241500586
0 0.255859375 0.5196365767878077 0.01328125 0.006447831184056272
0 0.585546875 0.5178780773739742 0.01015625 0.0076201641266119575
0 0.49765625 0.5181711606096131 0.0109375 0.008206330597889801
0 0.70703125 0.5175849941383353 0.0109375 0.008206330597889801
0 0.809375 0.5158264947245017 0.0109375 0.008206330597889801
0 0.787890625 0.5155334114888629 0.01015625 0.0076201641266119575
0 0.67421875 0.515240328253224 0.0109375 0.008206330597889801
0 0.194921875 0.5137749120750293 0.01171875 0.005275498241500586
0 0.534375 0.511137162954279 0.0109375 0.007033997655334115
0 0.362890625 0.5084994138335287 0.01015625 0.006447831184056272
0 0.387109375 0.5082063305978898 0.01015625 0.008206330597889801
0 0.15390625 0.5064478311840562 0.009375 0.004689331770222743
0 0.766015625 0.5076201641266119 0.01171875 0.008206330597889801
0 0.339453125 0.5049824150058617 0.01171875 0.006447831184056272
0 0.117578125 0.5046893317702228 0.01015625 0.005861664712778429
0 0.25390625 0.4985345838218054 0.0109375 0.005275498241500586
0 0.812890625 0.4988276670574443 0.01171875 0.008206330597889801
0 0.303515625 0.49531066822977726 0.01171875 0.005861664712778429
0 0.735546875 0.49618991793669404 0.01015625 0.008792497069167644
0 0.5 0.4944314185228605 0.0109375 0.005275498241500586
0 0.8328125 0.49413833528722156 0.0125 0.008206330597889801
0 0.200390625 0.49208675263774915 0.01171875 0.005275498241500586
0 0.230859375 0.4915005861664713 0.01171875 0.005275498241500586
0 0.136328125 0.49208675263774915 0.01171875 0.006447831184056272
0 0.355078125 0.4906213364595545 0.01171875 0.005861664712778429
0 0.3796875 0.4900351699882767 0.0109375 0.005861664712778429
0 0.162890625 0.4891559202813599 0.01171875 0.005275498241500586
0 0.790234375 0.48827667057444313 0.01171875 0.008206330597889801
0 0.32265625 0.48417350527549824 0.0125 0.007033997655334115
0 0.753515625 0.4838804220398593 0.01171875 0.0076201641266119575
0 0.2875 0.48124267291910905 0.0125 0.005861664712778429
0 0.42890625 0.4794841735052755 0.0109375 0.005861664712778429
0 0.18203125 0.47772567409144195 0.0125 0.005861664712778429
0 0.36328125 0.47450175849941384 0.0109375 0.0076201641266119575
0 0.2078125 0.47362250879249707 0.0125 0.005861664712778429
0 0.234375 0.47332942555685814 0.0125 0.006447831184056272
0 0.771484375 0.47362250879249707 0.01015625 0.008206330597889801
0 0.407421875 0.4712778429073857 0.01015625 0.004689331770222743
0 0.34140625 0.4695193434935522 0.0046875 0.0035169988276670576
0 0.308203125 0.46893317702227433 0.01015625 0.004689331770222743
0 0.614453125 0.4698124267291911 0.01015625 0.0076201641266119575
0 0.668359375 0.4683470105509965 0.01171875 0.008206330597889801
0 0.63671875 0.4683470105509965 0.0109375 0.008206330597889801
0 0.465234375 0.4674677608440797 0.01171875 0.006447831184056272
0 0.272265625 0.46688159437280186 0.01171875 0.006447831184056272
0 0.791015625 0.46658851113716293 0.01171875 0.008206330597889801
0 0.38515625 0.46483001172332944 0.0109375 0.005861664712778429
0 0.753125 0.4654161781946073 0.009375 0.008206330597889801
0 0.816796875 0.4633645955451348 0.01171875 0.0076201641266119575
0 0.730859375 0.46131301289566234 0.01171875 0.008206330597889801
0 0.428515625 0.4601406799531067 0.00859375 0.005861664712778429
0 0.5796875 0.458968347010551 0.0109375 0.005861664712778429
0 0.5359375 0.45955451348182885 0.0109375 0.007033997655334115
0 0.151953125 0.45808909730363423 0.01015625 0.005275498241500586
0 0.8375 0.4563305978898007 0.0109375 0.0076201641266119575
0 0.361328125 0.45545134818288396 0.01171875 0.005861664712778429
0 0.319140625 0.45281359906213364 0.00078125 0.0005861664712778429
0 0.213671875 0.45515826494724504 0.01015625 0.005275498241500586
0 0.319921875 0.45164126611957794 0.00078125 0.0005861664712778429
0 0.309375 0.4522274325908558 0.0015625 0.0017584994138335288
0 0.45 0.45398593200468934 0.0109375 0.006447831184056272
0 0.405078125 0.4536928487690504 0.01171875 0.007033997655334115
0 0.6796875 0.4525205158264947 0.0109375 0.008206330597889801
0 0.258984375 0.45076201641266117 0.01171875 0.005861664712778429
0 0.55546875 0.4501758499413834 0.0109375 0.005861664712778429
0 0.481640625 0.44988276670574445 0.00859375 0.005275498241500586
0 0.798828125 0.4504689331770223 0.01015625 0.008792497069167644
0 0.7484375 0.44841735052754983 0.0109375 0.008206330597889801
0 0.382421875 0.44724501758499413 0.01171875 0.005861664712778429
0 0.508203125 0.4469519343493552 0.01171875 0.006447831184056272
0 0.70234375 0.44724501758499413 0.0109375 0.008206330597889801
0 0.28984375 0.4457796014067995 0.0125 0.005275498241500586
0 0.8203125 0.44607268464243843 0.009375 0.007033997655334115
0 0.776953125 0.4454865181711606 0.01171875 0.008206330597889801
0 0.3421875 0.444021101992966 0.0125 0.006447831184056272
0 0.430859375 0.4428487690504103 0.01171875 0.006447831184056272
0 0.141796875 0.4428487690504103 0.01328125 0.00996483001172333
0 0.6609375 0.44109026963657677 0.009375 0.008792497069167644
0 0.52890625 0.4393317702227433 0.0109375 0.006447831184056272
0 0.84296875 0.4396248534583822 0.0125 0.008206330597889801
0 0.206640625 0.43757327080890973 0.01328125 0.008792497069167644
0 0.363671875 0.4361078546307151 0.01171875 0.007033997655334115
0 0.41015625 0.43464243845252054 0.0109375 0.005275498241500586
0 0.63984375 0.43376318874560377 0.0109375 0.007033997655334115
0 0.2484375 0.43259085580304807 0.00625 0.004689331770222743
0 0.73671875 0.43376318874560377 0.0109375 0.008206330597889801
0 0.7921875 0.4331770222743259 0.0125 0.008206330597889801
0 0.47890625 0.43141852286049237 0.0046875 0.004689331770222743
0 0.320703125 0.4317116060961313 0.01328125 0.006447831184056272
0 0.449609375 0.42936694021101995 0.00859375 0.005275498241500586
0 0.387109375 0.4296600234466589 0.01171875 0.007033997655334115
0 0.824609375 0.42936694021101995 0.01015625 0.0076201641266119575
0 0.760546875 0.42995310668229775 0.01171875 0.008792497069167644
0 0.551171875 0.42584994138335286 0.00078125 0.0005861664712778429
0 0.27265625 0.42672919109026963 0.0125 0.005861664712778429
0 0.34375 0.42555685814771393 0.0125 0.007033997655334115
0 0.703125 0.42467760844079716 0.0078125 0.0076201641266119575
0 0.226953125 0.4243845252051583 0.01328125 0.007033997655334115
0 0.29765625 0.42379835873388044 0.0125 0.007033997655334115
0 0.5234375 0.4232121922626026 0.0109375 0.008206330597889801
0 0.428515625 0.42291910902696367 0.01171875 0.008792497069167644
0 0.843359375 0.4208675263774912 0.01328125 0.008206330597889801
0 0.7234375 0.42028135990621335 0.0109375 0.008206330597889801
0 0.80625 0.4196951934349355 0.0109375 0.008206330597889801
0 0.665234375 0.4188159437280188 0.01015625 0.006447831184056272
0 0.623046875 0.4176436107854631 0.00859375 0.005275498241500586
0 0.3671875 0.41705744431418523 0.009375 0.005275498241500586
0 0.10078125 0.4194021101992966 0.0125 0.00996483001172333
0 0.40625 0.4164712778429074 0.009375 0.005275498241500586
0 0.7453125 0.4176436107854631 0.0109375 0.008792497069167644
0 0.58984375 0.41705744431418523 0.0109375 0.0076201641266119575
0 0.785546875 0.4167643610785463 0.01171875 0.008206330597889801
0 0.32421875 0.414126611957796 0.0125 0.0076201641266119575
0 0.198046875 0.41031652989449 0.01171875 0.005861664712778429
0 0.12578125 0.4123681125439625 0.0140625 0.00996483001172333
0 0.82421875 0.41031652989449 0.0125 0.008206330597889801
0 0.687109375 0.4097303634232122 0.01015625 0.008206330597889801
0 0.4453125 0.4082649472450176 0.0078125 0.005275498241500586
0 0.242578125 0.40885111371629546 0.01171875 0.006447831184056272
0 0.276953125 0.4082649472450176 0.01171875 0.006447831184056272
0 0.346484375 0.40650644783118406 0.01171875 0.005275498241500586
0 0.708203125 0.40767878077373976 0.01171875 0.008792497069167644
0 0.3859375 0.40621336459554513 0.0109375 0.005861664712778429
0 0.794921875 0.40386869871043374 0.00078125 0.0023446658851113715
0 0.3015625 0.4059202813599062 0.0109375 0.0076201641266119575
0 0.65 0.40533411488862836 0.0109375 0.0076201641266119575
0 0.795703125 0.40123094958968347 0.00078125 0.0005861664712778429
0 0.761328125 0.4006447831184056 0.00078125 0.0005861664712778429
0 0.750390625 0.4006447831184056 0.00078125 0.0005861664712778429
0 0.49765625 0.40357561547479487 0.0109375 0.006447831184056272
0 0.798046875 0.3994724501758499 0.00078125 0.0005861664712778429
0 0.80078125 0.3988862837045721 0.0015625 0.0005861664712778429
0 0.755859375 0.39859320046893315 0.00703125 0.0011723329425556857
0 0.841796875 0.4006447831184056 0.01328125 0.0076201641266119575
0 0.612890625 0.39859320046893315 0.01015625 0.005861664712778429
0 0.416015625 0.399179366940211 0.01171875 0.007033997655334115
0 0.176171875 0.4006447831184056 0.01484375 0.00996483001172333
0 0.322265625 0.39566236811254396 0.01171875 0.007033997655334115
0 0.259765625 0.3950762016412661 0.01171875 0.005861664712778429
0 0.5484375 0.3947831184056272 0.0109375 0.006447831184056272
0 0.20859375 0.39449003516998826 0.0125 0.007033997655334115
0 0.676953125 0.39419695193434934 0.00859375 0.008792497069167644
0 0.63359375 0.39243845252051585 0.0109375 0.006447831184056272
0 0.369140625 0.391852286049238 0.01171875 0.006447831184056272
0 0.23359375 0.39155920281359907 0.0125 0.008206330597889801
0 0.718359375 0.39126611957796015 0.01015625 0.008792497069167644
0 0.436328125 0.3895076201641266 0.01015625 0.005275498241500586
0 0.2859375 0.39009378663540445 0.0109375 0.006447831184056272
0 0.39375 0.3892145369284877 0.0109375 0.007033997655334115
0 0.739453125 0.3892145369284877 0.01015625 0.008206330597889801
0 0.34453125 0.3883352872215709 0.0125 0.006447831184056272
0 0.655859375 0.3874560375146542 0.01015625 0.008206330597889801
0 0.7796875 0.38686987104337633 0.0109375 0.008206330597889801
0 0.696484375 0.38599062133645956 0.00859375 0.0076201641266119575
0 0.801953125 0.38569753810082064 0.01171875 0.008206330597889801
0 0.848046875 0.3839390386869871 0.01171875 0.008206330597889801
0 0.472265625 0.3821805392731536 0.01171875 0.007033997655334115
0 0.576953125 0.38159437280187575 0.01015625 0.007033997655334115
0 0.189453125 0.38159437280187575 0.01171875 0.007033997655334115
0 0.758984375 0.38188745603751467 0.01171875 0.008792497069167644
0 0.41484375 0.3813012895662368 0.0125 0.0076201641266119575
0 0.82734375 0.3810082063305979 0.0125 0.008206330597889801
0 0.5546875 0.37778429073856973 0.009375 0.0076201641266119575
0 0.531640625 0.37778429073856973 0.01171875 0.0076201641266119575
0 0.26796875 0.37807737397420865 0.0125 0.008206330597889801
0 0.615234375 0.37749120750293086 0.00859375 0.008206330597889801
0 0.32578125 0.3766119577960141 0.0109375 0.006447831184056272
0 0.216015625 0.37778429073856973 0.01171875 0.008792497069167644
0 0.673828125 0.37631887456037516 0.00859375 0.008206330597889801
0 0.301953125 0.3745603751465416 0.00703125 0.004689331770222743
0 0.6375 0.37514654161781946 0.009375 0.007033997655334115
0 0.72734375 0.3745603751465416 0.0109375 0.008206330597889801
0 0.378125 0.3742672919109027 0.0125 0.0076201641266119575
0 0.241796875 0.37397420867526376 0.01171875 0.007033997655334115
0 0.444921875 0.373094958968347 0.01015625 0.006447831184056272
0 0.35390625 0.3716295427901524 0.0125 0.007033997655334115
0 0.70546875 0.3698710433763189 0.009375 0.008206330597889801
0 0.80703125 0.3686987104337632 0.0125 0.008206330597889801
0 0.78671875 0.3686987104337632 0.0125 0.008206330597889801
0 0.84296875 0.3678194607268464 0.0109375 0.008792497069167644
0 0.400390625 0.36723329425556855 0.01171875 0.0076201641266119575
0 0.596875 0.3660609613130129 0.009375 0.006447831184056272
0 0.658984375 0.3645955451348183 0.00390625 0.004689331770222743
0 0.466015625 0.3634232121922626 0.00859375 0.004689331770222743
0 0.491015625 0.3645955451348183 0.01171875 0.008206330597889801
0 0.74921875 0.36430246189917936 0.0125 0.008792497069167644
0 0.424609375 0.3637162954279015 0.01015625 0.0076201641266119575
0 0.200390625 0.3634232121922626 0.01328125 0.009378663540445486
0 0.68515625 0.3616647127784291 0.0109375 0.008206330597889801
0 0.514453125 0.3607854630715123 0.01015625 0.006447831184056272
0 0.28515625 0.36107854630715125 0.009375 0.007033997655334115
0 0.6234375 0.36107854630715125 0.009375 0.008206330597889801
0 0.335546875 0.3596131301289566 0.01015625 0.006447831184056272
0 0.258984375 0.35873388042203985 0.01015625 0.005861664712778429
0 0.824609375 0.35873388042203985 0.01171875 0.008206330597889801
0 0.726953125 0.35726846424384523 0.01171875 0.008792497069167644
0 0.779296875 0.3516998827667057 0.00078125 0.0011723329425556857
0 0.558203125 0.35463071512309496 0.01015625 0.007033997655334115
0 0.444921875 0.35463071512309496 0.01015625 0.007033997655334115
0 0.38359375 0.35316529894490034 0.00625 0.005275498241500586
0 0.780078125 0.3496483001172333 0.00078125 0.0005861664712778429
0 0.23203125 0.3540445486518171 0.0125 0.009378663540445486
0 0.3578125 0.35199296600234464 0.009375 0.006447831184056272
0 0.782421875 0.34788980070339975 0.00078125 0.0005861664712778429
0 0.5828125 0.3516998827667057 0.009375 0.008206330597889801
0 0.64375 0.350820633059789 0.0078125 0.0076201641266119575
0 0.3140625 0.3505275498241501 0.0078125 0.007033997655334115
0 0.847265625 0.3505275498241501 0.01171875 0.008206330597889801
0 0.60546875 0.3493552168815944 0.009375 0.007033997655334115
0 0.478125 0.3496483001172333 0.009375 0.0076201641266119575
0 0.530859375 0.3473036342321219 0.00859375 0.004103165298944901
0 0.406640625 0.34876905041031653 0.00859375 0.007033997655334115
0 0.806640625 0.34495896834701056 0.00078125 0.0005861664712778429
0 0.747265625 0.34671746776084406 0.01171875 0.008792497069167644
0 0.664453125 0.3443728018757327 0.00703125 0.006447831184056272
0 0.505078125 0.34466588511137164 0.01171875 0.007033997655334115
0 0.271875 0.34378663540445487 0.009375 0.006447831184056272
0 0.68671875 0.3440797186400938 0.0078125 0.008206330597889801
0 0.337890625 0.34144196951934347 0.00390625 0.0029308323563892145
0 0.196484375 0.3420281359906213 0.01015625 0.004103165298944901
0 0.42734375 0.34144196951934347 0.009375 0.006447831184056272
0 0.82890625 0.34114888628370454 0.0125 0.007033997655334115
0 0.24765625 0.33939038686987105 0.0125 0.007033997655334115
0 0.72734375 0.33968347010551 0.009375 0.008792497069167644
0 0.787109375 0.33499413833528724 0.00078125 0.0005861664712778429
0 0.549609375 0.33792497069167643 0.00859375 0.0076201641266119575
0 0.798828125 0.33382180539273154 0.00078125 0.0005861664712778429
0 0.296484375 0.3364595545134818 0.00703125 0.005861664712778429
0 0.621484375 0.3364595545134818 0.00859375 0.007033997655334115
0 0.3609375 0.3347010550996483 0.003125 0.0035169988276670576
0 0.21796875 0.3373388042203986 0.0125 0.008792497069167644
0 0.450390625 0.33528722157092616 0.00859375 0.005861664712778429
0 0.70546875 0.33528722157092616 0.0109375 0.007033997655334115
0 0.794140625 0.33177022274325907 0.00546875 0.0011723329425556857
0 0.771875 0.33528722157092616 0.0125 0.008206330597889801
0 0.4078125 0.3323563892145369 0.00625 0.0023446658851113715
0 0.591015625 0.3347010550996483 0.00859375 0.008206330597889801
0 0.644140625 0.3332356389214537 0.00859375 0.006447831184056272
0 0.84765625 0.33264947245017584 0.0109375 0.008792497069167644
0 0.521875 0.33177022274325907 0.009375 0.007033997655334115
0 0.473046875 0.33147713950762014 0.00859375 0.006447831184056272
0 0.384375 0.32942555685814773 0.0015625 0.0023446658851113715
0 0.568359375 0.3288393903868699 0.01015625 0.008206330597889801
0 0.680078125 0.3276670574443142 0.00390625 0.007033997655334115
0 0.3203125 0.3267878077373974 0.0078125 0.005275498241500586
0 0.2765625 0.32620164126611956 0.00625 0.004103165298944901
0 0.8203125 0.32327080890973037 0.0015625 0.0005861664712778429
0 0.432421875 0.324736225087925 0.00390625 0.004689331770222743
0 0.1859375 0.3267878077373974 0.0109375 0.008792497069167644
0 0.741015625 0.32590855803048063 0.01171875 0.008206330597889801
0 0.823046875 0.3215123094958968 0.00078125 0.0005861664712778429
0 0.828515625 0.32209847596717467 0.00703125 0.0029308323563892145
0 0.497265625 0.3235638921453693 0.00859375 0.007033997655334115
0 0.298828125 0.3191676436107855 0.00078125 0.0005861664712778429
0 0.607421875 0.32209847596717467 0.00859375 0.0076201641266119575
0 0.777734375 0.3179953106682298 0.00078125 0.0005861664712778429
0 0.71875 0.3212192262602579 0.009375 0.008206330597889801
0 0.540625 0.3212192262602579 0.009375 0.008206330597889801
0 0.805859375 0.32063305978898005 0.01171875 0.008206330597889801
0 0.780078125 0.31623681125439623 0.00078125 0.0005861664712778429
0 0.78359375 0.3156506447831184 0.003125 0.0005861664712778429
0 0.696484375 0.3194607268464244 0.01015625 0.008206330597889801
0 0.416015625 0.31623681125439623 0.00390625 0.004103165298944901
0 0.3484375 0.31740914419695193 0.0078125 0.006447831184056272
0 0.75859375 0.3179953106682298 0.0125 0.008792497069167644
0 0.45390625 0.317116060961313 0.00625 0.007033997655334115
0 0.648046875 0.3156506447831184 0.00546875 0.006447831184056272
0 0.5859375 0.3159437280187573 0.0078125 0.008206330597889801
0 0.477734375 0.3141852286049238 0.00546875 0.004689331770222743
0 0.372265625 0.31359906213364597 0.00234375 0.0035169988276670576
0 0.843359375 0.3150644783118406 0.01328125 0.0076201641266119575
0 0.51953125 0.31359906213364597 0.00625 0.005861664712778429
0 0.26015625 0.3115474794841735 0.003125 0.0029308323563892145
0 0.39375 0.3115474794841735 0.003125 0.005275498241500586
0 0.66796875 0.31125439624853457 0.0078125 0.007033997655334115
0 0.326171875 0.31008206330597887 0.00703125 0.005861664712778429
0 0.2328125 0.3083235638921454 0.009375 0.0035169988276670576
0 0.5609375 0.3086166471277843 0.009375 0.006447831184056272
0 0.196484375 0.3048065650644783 0.00078125 0.0011723329425556857
0 0.819140625 0.30773739742086753 0.01171875 0.008206330597889801
0 0.62890625 0.30656506447831183 0.0046875 0.005861664712778429
0 0.195703125 0.3033411488862837 0.00078125 0.0005861664712778429
0 0.730859375 0.30685814771395076 0.01015625 0.008792497069167644
0 0.4984375 0.30539273153575613 0.00625 0.007033997655334115
0 0.79453125 0.30539273153575613 0.0109375 0.008206330597889801
0 0.708203125 0.3045134818288394 0.01015625 0.0076201641266119575
0 0.601953125 0.3033411488862837 0.00546875 0.006447831184056272
0 0.191796875 0.30128956623681125 0.00703125 0.0023446658851113715
0 0.773046875 0.30392731535756157 0.01015625 0.008792497069167644
0 0.4171875 0.3009964830011723 0.00625 0.0029308323563892145
0 0.539453125 0.30275498241500587 0.00546875 0.0076201641266119575
0 0.279296875 0.2989449003516999 0.00546875 0.0035169988276670576
0 0.75078125 0.3009964830011723 0.0125 0.008792497069167644
0 0.441015625 0.30041031652989447 0.00703125 0.0076201641266119575
0 0.68515625 0.2998241500586166 0.0078125 0.0076201641266119575
0 0.345703125 0.2989449003516999 0.00703125 0.007033997655334115
0 0.85234375 0.298651817116061 0.009375 0.0076201641266119575
0 0.465234375 0.2974794841735053 0.00546875 0.005275498241500586
0 0.578125 0.2966002344665885 0.0078125 0.007033997655334115
0 0.36875 0.29396248534583824 0.0046875 0.0029308323563892145
0 0.516015625 0.2954279015240328 0.00859375 0.007033997655334115
0 0.244921875 0.2936694021101993 0.00859375 0.0035169988276670576
0 0.66484375 0.2936694021101993 0.00625 0.005861664712778429
0 0.830859375 0.2933763188745604 0.01015625 0.0076201641266119575
0 0.394921875 0.29279015240328254 0.01015625 0.006447831184056272
0 0.80859375 0.29279015240328254 0.0109375 0.008792497069167644
0 0.642578125 0.29191090269636577 0.00546875 0.007033997655334115
0 0.555859375 0.291031652989449 0.00859375 0.006447831184056272
0 0.323046875 0.2898593200468933 0.00703125 0.005275498241500586
0 0.721875 0.29044548651817115 0.009375 0.008792497069167644
0 0.620703125 0.28751465416178196 0.00390625 0.0029308323563892145
0 0.785546875 0.2901524032825322 0.01015625 0.009378663540445486
0 0.491015625 0.2881008206330598 0.00546875 0.006447831184056272
0 0.536328125 0.28487690504103164 0.00390625 0.0035169988276670576
0 0.699609375 0.2866354044548652 0.01015625 0.008206330597889801
0 0.762890625 0.28604923798358733 0.01015625 0.008206330597889801
0 0.29296875 0.28311840562719814 0.0015625 0.0023446658851113715
0 0.4203125 0.2845838218053927 0.0078125 0.006447831184056272
0 0.733984375 0.28223915592028137 0.00078125 0.0029308323563892145
0 0.734765625 0.27989449003517 0.00078125 0.0005861664712778429
0 0.194140625 0.28399765533411486 0.01171875 0.008792497069167644
0 0.44453125 0.2825322391559203 0.0078125 0.007033997655334115
0 0.59765625 0.28077373974208675 0.0078125 0.005861664712778429
0 0.74453125 0.27754982415005863 0.0015625 0.0005861664712778429
0 0.468359375 0.2790152403282532 0.00390625 0.0035169988276670576
0 0.3515625 0.2804806565064478 0.0078125 0.006447831184056272
0 0.845703125 0.28106682297772567 0.01171875 0.008792497069167644
0 0.678515625 0.2793083235638921 0.00546875 0.006447831184056272
0 0.510546875 0.27784290738569756 0.00390625 0.004689331770222743
0 0.820703125 0.2781359906213365 0.01015625 0.0076201641266119575
0 0.575 0.27754982415005863 0.00625 0.006447831184056272
0 0.655859375 0.27667057444314186 0.00546875 0.007033997655334115
0 0.38203125 0.2769636576787808 0.0078125 0.0076201641266119575
0 0.552734375 0.2728604923798359 0.00546875 0.005275498241500586
0 0.77734375 0.2731535756154748 0.009375 0.008206330597889801
0 0.4890625 0.26992966002344665 0.003125 0.0029308323563892145
0 0.619921875 0.2702227432590856 0.00546875 0.005861664712778429
0 0.40390625 0.27110199296600235 0.009375 0.0076201641266119575
0 0.3109375 0.27110199296600235 0.0078125 0.0076201641266119575
0 0.75546875 0.2693434935521688 0.0109375 0.008792497069167644
0 0.69453125 0.2690504103165299 0.009375 0.008206330597889801
0 0.53125 0.2661195779601407 0.003125 0.0035169988276670576
0 0.42734375 0.2672919109026964 0.009375 0.005861664712778429
0 0.275390625 0.26670574443141853 0.00546875 0.004689331770222743
0 0.334375 0.26553341148886284 0.0078125 0.005861664712778429
0 0.36484375 0.26348182883939036 0.0015625 0.004103165298944901
0 0.8546875 0.264947245017585 0.0109375 0.008206330597889801
0 0.64140625 0.2623094958968347 0.003125 0.0029308323563892145
0 0.833203125 0.26465416178194606 0.01171875 0.008792497069167644
0 0.734375 0.2640679953106682 0.0109375 0.008792497069167644
0 0.66875 0.26260257913247365 0.0078125 0.007033997655334115
0 0.587890625 0.261137162954279 0.00390625 0.005275498241500586
0 0.81171875 0.2582063305978898 0.0015625 0.0005861664712778429
0 0.455859375 0.26172332942555687 0.00859375 0.0076201641266119575
0 0.5078125 0.25908558030480655 0.00625 0.005861664712778429
0 0.79140625 0.25908558030480655 0.009375 0.009378663540445486
0 0.56484375 0.2564478311840563 0.0046875 0.005275498241500586
0 0.388671875 0.25703399765533413 0.00546875 0.006447831184056272
0 0.296484375 0.25586166471277844 0.00546875 0.004103165298944901
0 0.412890625 0.2541031652989449 0.00234375 0.0029308323563892145
0 0.708984375 0.25615474794841736 0.01015625 0.008206330597889801
0 0.769921875 0.2555685814771395 0.00859375 0.008206330597889801
0 0.609375 0.2541031652989449 0.00625 0.006447831184056272
0 0.687890625 0.2523446658851114 0.00703125 0.0076201641266119575
0 0.31875 0.2508792497069168 0.00625 0.004689331770222743
0 0.48125 0.2508792497069168 0.00625 0.005861664712778429
0 0.346484375 0.2502930832356389 0.00703125 0.004689331770222743
0 0.436328125 0.25 0.00703125 0.005275498241500586
0 0.7484375 0.2502930832356389 0.009375 0.008206330597889801
0 0.84453125 0.24941383352872215 0.009375 0.008792497069167644
0 0.52578125 0.24794841735052756 0.0046875 0.005861664712778429
0 0.66796875 0.2456037514654162 0.0046875 0.0035169988276670576
0 0.8234375 0.2473622508792497 0.009375 0.008206330597889801
0 0.726171875 0.24648300117233293 0.01171875 0.008792497069167644
0 0.64453125 0.24501758499413834 0.0046875 0.005861664712778429
0 0.190234375 0.2417936694021102 0.00078125 0.0005861664712778429
0 0.55 0.24237983587338804 0.00625 0.004103165298944901
0 0.8015625 0.24384525205158264 0.0109375 0.008206330597889801
0 0.591796875 0.24208675263774912 0.00546875 0.004689331770222743
0 0.50078125 0.2417936694021102 0.0046875 0.004103165298944901
0 0.371875 0.24267291910902697 0.00625 0.007033997655334115
0 0.45703125 0.24208675263774912 0.009375 0.007033997655334115
0 0.78046875 0.2403282532239156 0.0109375 0.008206330597889801
0 0.394921875 0.23886283704572098 0.00546875 0.006447831184056272
0 0.626171875 0.23534583821805394 0.00234375 0.0017584994138335288
0 0.190234375 0.235052754982415 0.01015625 0.005861664712778429
0 0.570703125 0.23446658851113716 0.00546875 0.005861664712778429
0 0.759765625 0.23446658851113716 0.00859375 0.007033997655334115
0 0.34296875 0.23153575615474795 0.0015625 0.0011723329425556857
0 0.683203125 0.23417350527549824 0.00703125 0.0076201641266119575
0 0.853515625 0.23417350527549824 0.01015625 0.008792497069167644
0 0.480078125 0.23270808909730364 0.00546875 0.005861664712778429
0 0.531640625 0.23124267291910902 0.00546875 0.004103165298944901
0 0.437890625 0.2321219226260258 0.00546875 0.005861664712778429
0 0.83203125 0.2321219226260258 0.0109375 0.008206330597889801
0 0.737109375 0.23065650644783117 0.01015625 0.008792497069167644
0 0.657421875 0.22713950762016413 0.00546875 0.005275498241500586
0 0.59453125 0.223915592028136 0.0078125 0.004689331770222743
0 0.791015625 0.22538100820633059 0.01015625 0.008792497069167644
0 0.41484375 0.22362250879249707 0.00625 0.005275498241500586
0 0.366015625 0.22420867526377491 0.00703125 0.006447831184056272
0 0.552734375 0.2224501758499414 0.00390625 0.004103165298944901
0 0.49921875 0.22303634232121922 0.0046875 0.005275498241500586
0 0.81328125 0.22420867526377491 0.009375 0.008792497069167644
0 0.7140625 0.223915592028136 0.0109375 0.008206330597889801
0 0.458203125 0.22303634232121922 0.00703125 0.006447831184056272
0 0.390625 0.22215709261430247 0.00625 0.004689331770222743
0 0.7703125 0.22039859320046892 0.0109375 0.008206330597889801
0 0.6171875 0.21805392731535755 0.0046875 0.004689331770222743
0 0.191796875 0.2171746776084408 0.00390625 0.0029308323563892145
0 0.575 0.21629542790152403 0.0046875 0.005861664712778429
0 0.52109375 0.21395076201641267 0.0015625 0.0023446658851113715
0 0.306640625 0.21336459554513482 0.00234375 0.0023446658851113715
0 0.478515625 0.21395076201641267 0.00546875 0.004689331770222743
0 0.67890625 0.2142438452520516 0.00625 0.0076201641266119575
0 0.832421875 0.2142438452520516 0.00859375 0.008792497069167644
0 0.786328125 0.21014067995310667 0.00234375 0.0029308323563892145
0 0.730078125 0.21014067995310667 0.00546875 0.005275498241500586
0 0.43359375 0.21014067995310667 0.0046875 0.005275498241500586
0 0.751171875 0.2104337631887456 0.00859375 0.007033997655334115
0 0.698828125 0.21072684642438452 0.01015625 0.0076201641266119575
0 0.598828125 0.2077960140679953 0.00546875 0.005275498241500586
0 0.37109375 0.20662368112543963 0.00625 0.005275498241500586
0 0.541015625 0.205158264947245 0.00546875 0.004689331770222743
0 0.812890625 0.2063305978898007 0.00859375 0.008206330597889801
0 0.499609375 0.20427901524032827 0.00546875 0.005275498241500586
0 0.456640625 0.20427901524032827 0.00390625 0.005275498241500586
0 0.394921875 0.2033997655334115 0.00546875 0.004689331770222743
0 0.619921875 0.2007620164126612 0.00546875 0.004103165298944901
0 0.769921875 0.19841735052754983 0.00078125 0.0005861664712778429
0 0.56328125 0.20017584994138335 0.0046875 0.005275498241500586
0 0.476171875 0.1954865181711606 0.00078125 0.0005861664712778429
0 0.7125 0.19783118405627198 0.009375 0.008792497069167644
0 0.519140625 0.1951934349355217 0.00390625 0.004689331770222743
0 0.83125 0.19636576787807739 0.0109375 0.008206330597889801
0 0.693359375 0.1943141852286049 0.00390625 0.004103165298944901
0 0.43203125 0.1925556858147714 0.0046875 0.0029308323563892145
0 0.734765625 0.19284876905041032 0.00703125 0.005861664712778429
0 0.583984375 0.19196951934349354 0.00390625 0.004103165298944901
0 0.640234375 0.1899179366940211 0.00234375 0.0011723329425556857
0 0.4984375 0.18698710433763188 0.0015625 0.0011723329425556857
0 0.75546875 0.18874560375146543 0.009375 0.007033997655334115
0 0.671484375 0.18786635404454866 0.00390625 0.005275498241500586
0 0.540625 0.18698710433763188 0.0046875 0.0035169988276670576
0 0.605859375 0.18640093786635403 0.00390625 0.0035169988276670576
0 0.4078125 0.18698710433763188 0.0046875 0.004689331770222743
0 0.849609375 0.1884525205158265 0.01015625 0.008792497069167644
0 0.455078125 0.18640093786635403 0.00546875 0.004689331770222743
0 0.823046875 0.18200468933177022 0.00078125 0.0005861664712778429
0 0.822265625 0.1802461899179367 0.00078125 0.0005861664712778429
0 0.5640625 0.18200468933177022 0.0046875 0.005275498241500586
0 0.719140625 0.1802461899179367 0.00390625 0.0029308323563892145
0 0.385546875 0.17848769050410315 0.00390625 0.0029308323563892145
0 0.831640625 0.17555685814771396 0.00078125 0.0005861664712778429
0 0.520703125 0.17731535756154748 0.00390625 0.004103165298944901
0 0.8296875 0.1749706916764361 0.0015625 0.0005861664712778429
0 0.47734375 0.17438452520515826 0.0015625 0.0017584994138335288
0 0.585546875 0.1746776084407972 0.00390625 0.0035169988276670576
0 0.741796875 0.1749706916764361 0.00546875 0.006447831184056272
0 0.642578125 0.17321219226260257 0.00390625 0.005275498241500586
0 0.7609375 0.1720398593200469 0.009375 0.0076201641266119575
0 0.79609375 0.17028135990621338 0.0046875 0.006447831184056272
0 0.3390625 0.1655920281359906 0.0015625 0.0017584994138335288
0 0.661328125 0.16295427901524032 0.00390625 0.0023446658851113715
0 0.70859375 0.1638335287221571 0.0109375 0.008792497069167644
0 0.82109375 0.16295427901524032 0.009375 0.009378663540445486
0 0.5984375 0.15943728018757328 0.003125 0.0023446658851113715
0 0.526953125 0.1597303634232122 0.00390625 0.004103165298944901
0 0.502734375 0.15826494724501758 0.00546875 0.0023446658851113715
0 0.8421875 0.15621336459554513 0.00625 0.0029308323563892145
0 0.56484375 0.15533411488862836 0.003125 0.0023446658851113715
0 0.741796875 0.1570926143024619 0.01171875 0.008206330597889801
0 0.7640625 0.1503516998827667 0.0015625 0.0005861664712778429
0 0.430078125 0.1488862837045721 0.00234375 0.0023446658851113715
0 0.723046875 0.1450762016412661 0.00078125 0.0005861664712778429
0 0.719921875 0.1444900351699883 0.00390625 0.0005861664712778429
0 0.801171875 0.14390386869871044 0.00078125 0.0005861664712778429
0 0.64765625 0.14595545134818289 0.003125 0.005861664712778429
0 0.825390625 0.1450762016412661 0.01015625 0.008792497069167644
0 0.78203125 0.14419695193434937 0.0109375 0.009378663540445486
0 0.66953125 0.14155920281359907 0.003125 0.004103165298944901
0 0.55 0.13980070339976552 0.0015625 0.0029308323563892145
0 0.335546875 0.1368698710433763 0.00234375 0.0017584994138335288
0 0.8046875 0.1351113716295428 0.003125 0.0005861664712778429
0 0.583203125 0.13393903868698712 0.00390625 0.0029308323563892145
0 0.3109375 0.1254396248534584 0.003125 0.0023446658851113715
0 0.691796875 0.12631887456037513 0.00703125 0.008792497069167644
0 0.632421875 0.12104337631887456 0.00390625 0.004103165298944901
0 0.36875 0.11840562719812427 0.0015625 0.0011723329425556857
0 0.332421875 0.1175263774912075 0.00078125 0.0005861664712778429
0 0.669140625 0.1175263774912075 0.00546875 0.004103165298944901
0 0.534375 0.1160609613130129 0.0015625 0.0011723329425556857
0 0.509375 0.11078546307151231 0.003125 0.0035169988276670576
0 0.224609375 0.09964830011723329 0.00390625 0.0035169988276670576
