0 0.297265625 0.8578125 0.00234375 0.0010416666666666667
0 0.492578125 0.8421875 0.00234375 0.0010416666666666667
0 0.3421875 0.8395833333333333 0.00625 0.014583333333333334
0 0.3703125 0.8161458333333333 0.003125 0.003125
0 0.4453125 0.7927083333333333 0.0015625 0.0020833333333333333
0 0.35390625 0.7916666666666666 0.0046875 0.0020833333333333333
0 0.431640625 0.7682291666666666 0.00234375 0.0010416666666666667
0 0.47890625 0.7671875 0.003125 0.0010416666666666667
0 0.676171875 0.7630208333333334 0.00234375 0.0010416666666666667
0 0.326171875 0.7677083333333333 0.00703125 0.010416666666666666
0 0.517578125 0.7619791666666667 0.00078125 0.0010416666666666667
0 0.355859375 0.7640625 0.00390625 0.005208333333333333
0 0.5703125 0.7609375 0.0015625 0.0010416666666666667
0 0.3 0.7588541666666667 0.00625 0.009375
0 0.460546875 0.7473958333333334 0.00078125 0.0010416666666666667
0 0.463671875 0.7447916666666666 0.00234375 0.0020833333333333333
0 0.479296875 0.7432291666666667 0.00234375 0.0010416666666666667
0 0.31953125 0.7458333333333333 0.003125 0.00625
0 0.509375 0.7364583333333333 0.0046875 0.0020833333333333333
0 0.196484375 0.7364583333333333 0.00078125 0.0020833333333333333
0 0.437890625 0.7317708333333334 0.00390625 0.0010416666666666667
0 0.33046875 0.7260416666666667 0.003125 0.004166666666666667
0 0.40625 0.7234375 0.0015625 0.003125
0 0.306640625 0.725 0.00859375 0.010416666666666666
0 0.51953125 0.7182291666666667 0.003125 0.003125
0 0.64921875 0.715625 0.003125 0.0020833333333333333
0 0.2046875 0.7182291666666667 0.0015625 0.007291666666666667
0 0.605859375 0.7140625 0.00078125 0.0010416666666666667
0 0.453515625 0.7166666666666667 0.00390625 0.00625
0 0.669140625 0.7119791666666667 0.00078125 0.0010416666666666667
0 0.671484375 0.7109375 0.00234375 0.0010416666666666667
0 0.348046875 0.7036458333333333 0.00234375 0.0010416666666666667
0 0.25546875 0.709375 0.00625 0.0125
0 0.4640625 0.7036458333333333 0.0046875 0.003125
0 0.620703125 0.703125 0.00390625 0.004166666666666667
0 0.33203125 0.7020833333333333 0.003125 0.0020833333333333333
0 0.530859375 0.6989583333333333 0.00078125 0.0020833333333333333
0 0.309765625 0.6994791666666667 0.00234375 0.003125
0 0.446484375 0.696875 0.00390625 0.004166666666666667
0 0.64765625 0.6901041666666666 0.003125 0.003125
0 0.4828125 0.6859375 0.003125 0.003125
0 0.540625 0.6838541666666667 0.0015625 0.0010416666666666667
0 0.286328125 0.6838541666666667 0.00390625 0.007291666666666667
0 0.415234375 0.6796875 0.00078125 0.0010416666666666667
0 0.46640625 0.6802083333333333 0.0046875 0.004166666666666667
0 0.58046875 0.6807291666666667 0.00625 0.007291666666666667
0 0.497265625 0.6786458333333333 0.00546875 0.003125
0 0.3703125 0.6776041666666667 0.0015625 0.0010416666666666667
0 0.3375 0.6786458333333333 0.003125 0.003125
0 0.354296875 0.6729166666666667 0.00234375 0.0020833333333333333
0 0.45078125 0.6729166666666667 0.0046875 0.004166666666666667
0 0.48125 0.6640625 0.003125 0.003125
0 0.5328125 0.6619791666666667 0.0046875 0.005208333333333333
0 0.266796875 0.6567708333333333 0.00078125 0.0010416666666666667
0 0.549609375 0.6546875 0.00234375 0.0010416666666666667
0 0.427734375 0.6536458333333334 0.00078125 0.0010416666666666667
0 0.608203125 0.6536458333333334 0.00703125 0.007291666666666667
0 0.575 0.6526041666666667 0.00625 0.007291666666666667
0 0.4703125 0.6484375 0.00625 0.007291666666666667
0 0.409765625 0.6359375 0.00078125 0.0010416666666666667
0 0.339453125 0.6328125 0.00078125 0.0010416666666666667
0 0.525 0.6338541666666667 0.00625 0.007291666666666667
0 0.355859375 0.6296875 0.00078125 0.0010416666666666667
0 0.574609375 0.6296875 0.00703125 0.005208333333333333
0 0.425390625 0.6302083333333334 0.00546875 0.008333333333333333
0 0.596484375 0.6213541666666667 0.00546875 0.007291666666666667
0 0.457421875 0.6197916666666666 0.00546875 0.00625
0 0.38671875 0.6182291666666667 0.003125 0.003125
0 0.536328125 0.6197916666666666 0.00546875 0.008333333333333333
0 0.313671875 0.6161458333333333 0.00078125 0.0010416666666666667
0 0.483203125 0.6166666666666667 0.00546875 0.004166666666666667
0 0.29609375 0.6140625 0.0015625 0.0010416666666666667
0 0.4375 0.6119791666666666 0.0046875 0.007291666666666667
0 0.403125 0.6020833333333333 0.003125 0.00625
0 0.574609375 0.6 0.00546875 0.00625
0 0.6078125 0.5989583333333334 0.00625 0.00625
0 0.355078125 0.5973958333333333 0.00234375 0.003125
0 0.30390625 0.5942708333333333 0.0015625 0.0010416666666666667
0 0.46953125 0.5885416666666666 0.0046875 0.004166666666666667
0 0.45390625 0.58125 0.0046875 0.008333333333333333
0 0.318359375 0.5739583333333333 0.00078125 0.0020833333333333333
0 0.545703125 0.5734375 0.00546875 0.009375
0 0.471875 0.5677083333333334 0.00625 0.010416666666666666
0 0.39140625 0.5630208333333333 0.0046875 0.005208333333333333
0 0.30859375 0.5578125 0.0015625 0.0010416666666666667
0 0.325390625 0.5536458333333333 0.00078125 0.0010416666666666667
0 0.269140625 0.5536458333333333 0.00078125 0.0010416666666666667
0 0.366796875 0.5546875 0.00234375 0.005208333333333333
0 0.31328125 0.5260416666666666 0.0015625 0.004166666666666667
0 0.361328125 0.521875 0.00390625 0.0020833333333333333
0 0.37890625 0.5145833333333333 0.003125 0.00625
0 0.294921875 0.49114583333333334 0.00078125 0.0010416666666666667
0 0.61328125 0.4734375 0.00625 0.009375
0 0.387109375 0.4661458333333333 0.00234375 0.0010416666666666667
0 0.398828125 0.4515625 0.00546875 0.005208333333333333
0 0.634375 0.4479166666666667 0.00625 0.00625
0 0.301953125 0.43645833333333334 0.00234375 0.004166666666666667
0 0.49140625 0.4328125 0.00625 0.011458333333333333
0 0.337109375 0.42291666666666666 0.00390625 0.0020833333333333333
0 0.366015625 0.4234375 0.00703125 0.005208333333333333
0 0.47265625 0.421875 0.00625 0.008333333333333333
0 0.354296875 0.40260416666666665 0.00546875 0.005208333333333333
0 0.735546875 0.39427083333333335 0.00234375 0.003125
0 0.281640625 0.3859375 0.00078125 0.0010416666666666667
0 0.326171875 0.38177083333333334 0.00234375 0.0010416666666666667
0 0.770703125 0.37864583333333335 0.00234375 0.0010416666666666667
0 0.74375 0.365625 0.00625 0.004166666666666667
0 0.776171875 0.3609375 0.00234375 0.0010416666666666667
0 0.2671875 0.3567708333333333 0.0015625 0.003125
0 0.327734375 0.35520833333333335 0.00390625 0.0020833333333333333
0 0.586328125 0.3536458333333333 0.00078125 0.0010416666666666667
0 0.5890625 0.35260416666666666 0.003125 0.0010416666666666667
0 0.371484375 0.34739583333333335 0.00546875 0.005208333333333333
0 0.34453125 0.3390625 0.0046875 0.005208333333333333
0 0.763671875 0.3380208333333333 0.00703125 0.005208333333333333
0 0.31640625 0.334375 0.003125 0.0020833333333333333
0 0.712890625 0.3302083333333333 0.00390625 0.004166666666666667
0 0.44609375 0.3338541666666667 0.00625 0.011458333333333333
0 0.676171875 0.3296875 0.00703125 0.007291666666666667
0 0.357421875 0.32708333333333334 0.00390625 0.004166666666666667
0 0.58515625 0.3260416666666667 0.00625 0.00625
0 0.691796875 0.3255208333333333 0.00546875 0.007291666666666667
0 0.6703125 0.3104166666666667 0.0078125 0.008333333333333333
0 0.3625 0.3078125 0.0046875 0.005208333333333333
0 0.727734375 0.30520833333333336 0.00234375 0.004166666666666667
0 0.5203125 0.3046875 0.0046875 0.003125
0 0.71171875 0.30416666666666664 0.003125 0.004166666666666667
0 0.32421875 0.30364583333333334 0.003125 0.003125
0 0.616015625 0.2984375 0.00234375 0.0010416666666666667
0 0.38203125 0.2994791666666667 0.00625 0.005208333333333333
0 0.434765625 0.29791666666666666 0.00546875 0.00625
0 0.77890625 0.2921875 0.0046875 0.003125
0 0.55234375 0.2890625 0.0046875 0.005208333333333333
0 0.3671875 0.28802083333333334 0.0046875 0.005208333333333333
0 0.738671875 0.28541666666666665 0.00546875 0.004166666666666667
0 0.5203125 0.2828125 0.0046875 0.005208333333333333
0 0.566796875 0.2796875 0.00546875 0.005208333333333333
0 0.3296875 0.27760416666666665 0.0015625 0.003125
0 0.701953125 0.2708333333333333 0.00703125 0.004166666666666667
0 0.532421875 0.26666666666666666 0.00234375 0.0020833333333333333
0 0.377734375 0.26614583333333336 0.00234375 0.0010416666666666667
0 0.375390625 0.26614583333333336 0.00078125 0.0010416666666666667
0 0.43515625 0.26510416666666664 0.00625 0.005208333333333333
0 0.39921875 0.2640625 0.00625 0.003125
0 0.31953125 0.25885416666666666 0.0015625 0.0010416666666666667
0 0.361328125 0.259375 0.00390625 0.004166666666666667
0 0.6671875 0.25885416666666666 0.0078125 0.007291666666666667
0 0.55703125 0.25729166666666664 0.0046875 0.004166666666666667
0 0.721875 0.24791666666666667 0.0046875 0.004166666666666667
0 0.528515625 0.24739583333333334 0.00390625 0.003125
0 0.348828125 0.24739583333333334 0.00234375 0.003125
0 0.38984375 0.24635416666666668 0.0046875 0.005208333333333333
0 0.44375 0.24322916666666666 0.00625 0.009375
0 0.3125 0.2390625 0.0015625 0.003125
0 0.33203125 0.2375 0.0046875 0.004166666666666667
0 0.65859375 0.23489583333333333 0.0015625 0.0010416666666666667
0 0.613671875 0.2359375 0.00390625 0.005208333333333333
0 0.296484375 0.23020833333333332 0.00390625 0.004166666666666667
0 0.60078125 0.22760416666666666 0.003125 0.005208333333333333
0 0.72578125 0.22864583333333333 0.0078125 0.009375
0 0.453515625 0.22135416666666666 0.00234375 0.0010416666666666667
0 0.272265625 0.22239583333333332 0.00078125 0.003125
0 0.53125 0.22239583333333332 0.0046875 0.005208333333333333
0 0.32109375 0.21354166666666666 0.0015625 0.004166666666666667
0 0.39140625 0.21145833333333333 0.0078125 0.00625
0 0.46171875 0.20520833333333333 0.0015625 0.004166666666666667
0 0.2796875 0.20416666666666666 0.0015625 0.00625
0 0.448046875 0.2 0.00234375 0.004166666666666667
0 0.30703125 0.20052083333333334 0.0046875 0.005208333333333333
