0 0.2578125 0.9343493552168816 0.0125 0.005861664712778429
0 0.28359375 0.9279015240328253 0.0078125 0.005861664712778429
0 0.223828125 0.9226260257913247 0.01015625 0.004689331770222743
0 0.25234375 0.9161781946072685 0.00625 0.007033997655334115
0 0.369921875 0.9150058616647128 0.00859375 0.007033997655334115
0 0.545703125 0.9047479484173505 0.01171875 0.011137162954279016
0 0.214453125 0.8933177022274326 0.01171875 0.005861664712778429
0 0.694140625 0.8944900351699883 0.01171875 0.010550996483001172
0 0.364453125 0.8859906213364596 0.00234375 0.0017584994138335288
0 0.371484375 0.8862837045720985 0.00859375 0.004689331770222743
0 0.594921875 0.8865767878077374 0.01171875 0.00996483001172333
0 0.557421875 0.8827667057444314 0.01171875 0.010550996483001172
0 0.627734375 0.8821805392731535 0.01171875 0.010550996483001172
0 0.394921875 0.8777842907385698 0.00234375 0.0017584994138335288
0 0.403125 0.8780773739742087 0.00625 0.004689331770222743
0 0.658984375 0.8792497069167644 0.01171875 0.010550996483001172
0 0.444140625 0.873094958968347 0.01171875 0.0076201641266119575
0 0.219140625 0.8681125439624854 0.00390625 0.0023446658851113715
0 0.6046875 0.8704572098475967 0.0109375 0.009378663540445486
0 0.33828125 0.8689917936694022 0.0125 0.008792497069167644
0 0.64296875 0.8675263774912075 0.0078125 0.008206330597889801
0 0.368359375 0.8660609613130129 0.01171875 0.005275498241500586
0 0.26875 0.8648886283704572 0.0109375 0.006447831184056272
0 0.24609375 0.8599062133645955 0.0125 0.007033997655334115
0 0.40625 0.8604923798358733 0.0125 0.010550996483001172
0 0.655859375 0.8537514654161782 0.01171875 0.00996483001172333
0 0.506640625 0.8531652989449003 0.01171875 0.011137162954279016
0 0.4765625 0.8525791324736225 0.0109375 0.00996483001172333
0 0.610546875 0.8502344665885111 0.01171875 0.00996483001172333
0 0.3296875 0.8440797186400938 0.0125 0.009378663540445486
0 0.458984375 0.8420281359906213 0.01171875 0.011137162954279016
0 0.28671875 0.8405627198124267 0.0125 0.009378663540445486
0 0.492578125 0.8388042203985931 0.01171875 0.010550996483001172
0 0.37734375 0.8388042203985931 0.0125 0.010550996483001172
0 0.62421875 0.8329425556858148 0.00625 0.004689331770222743
0 0.694921875 0.8344079718640094 0.01171875 0.00996483001172333
0 0.30546875 0.8273739742086753 0.0125 0.0076201641266119575
0 0.33203125 0.8238569753810082 0.0125 0.00996483001172333
0 0.669921875 0.8229777256740914 0.01171875 0.010550996483001172
0 0.223046875 0.8177022274325909 0.00078125 0.0011723329425556857
0 0.242578125 0.8212192262602579 0.01328125 0.009378663540445486
0 0.71171875 0.8197538100820633 0.0109375 0.008792497069167644
0 0.220703125 0.8150644783118406 0.00078125 0.0005861664712778429
0 0.558203125 0.8171160609613131 0.01171875 0.010550996483001172
0 0.215234375 0.813599062133646 0.00703125 0.0035169988276670576
0 0.69140625 0.8147713950762017 0.0078125 0.009378663540445486
0 0.640625 0.8153575615474795 0.0125 0.010550996483001172
0 0.355859375 0.8118405627198124 0.01171875 0.008206330597889801
0 0.31796875 0.8092028135990621 0.0125 0.00996483001172333
0 0.614453125 0.8089097303634232 0.01171875 0.010550996483001172
0 0.236328125 0.8009964830011723 0.00234375 0.0017584994138335288
0 0.709375 0.802168815943728 0.0078125 0.006447831184056272
0 0.48671875 0.8012895662368112 0.0109375 0.010550996483001172
0 0.528515625 0.8001172332942555 0.01171875 0.010550996483001172
0 0.262109375 0.7974794841735052 0.01171875 0.008792497069167644
0 0.65546875 0.7963071512309496 0.0125 0.00996483001172333
0 0.57109375 0.7960140679953107 0.0109375 0.010550996483001172
0 0.286328125 0.7936694021101993 0.01171875 0.008206330597889801
0 0.353125 0.7927901524032825 0.0109375 0.00996483001172333
0 0.63515625 0.7901524032825322 0.0109375 0.010550996483001172
0 0.378515625 0.786928487690504 0.00859375 0.0076201641266119575
0 0.73046875 0.7878077373974208 0.0125 0.010550996483001172
0 0.5109375 0.7860492379835874 0.0109375 0.009378663540445486
0 0.230078125 0.7845838218053928 0.00703125 0.006447831184056272
0 0.428515625 0.7860492379835874 0.01171875 0.010550996483001172
0 0.401171875 0.7842907385697538 0.01171875 0.008206330597889801
0 0.188671875 0.783704572098476 0.01171875 0.008206330597889801
0 0.70546875 0.783704572098476 0.0125 0.009378663540445486
0 0.82734375 0.7819460726846424 0.0125 0.009378663540445486
0 0.773828125 0.7807737397420867 0.01171875 0.009378663540445486
0 0.253515625 0.7807737397420867 0.01171875 0.009378663540445486
0 0.65234375 0.7757913247362251 0.0125 0.0076201641266119575
0 0.28359375 0.7757913247362251 0.009375 0.0076201641266119575
0 0.7484375 0.7708089097303634 0.0125 0.009378663540445486
0 0.501171875 0.7693434935521688 0.01171875 0.00996483001172333
0 0.330859375 0.7690504103165299 0.00859375 0.009378663540445486
0 0.305859375 0.7690504103165299 0.01171875 0.009378663540445486
0 0.371875 0.768757327080891 0.0125 0.00996483001172333
0 0.240625 0.7667057444314185 0.0125 0.009378663540445486
0 0.715625 0.765240328253224 0.0125 0.00996483001172333
0 0.624609375 0.7655334114888629 0.01171875 0.010550996483001172
0 0.396875 0.7628956623681126 0.0078125 0.0076201641266119575
0 0.266796875 0.7620164126611958 0.00703125 0.007033997655334115
0 0.419140625 0.757327080890973 0.01171875 0.005861664712778429
0 0.6484375 0.7582063305978898 0.0109375 0.008792497069167644
0 0.684375 0.7582063305978898 0.0125 0.00996483001172333
0 0.3515625 0.7582063305978898 0.0125 0.00996483001172333
0 0.288671875 0.7564478311840562 0.01171875 0.008792497069167644
0 0.319921875 0.7535169988276671 0.01015625 0.008792497069167644
0 0.74921875 0.7532239155920282 0.0125 0.009378663540445486
0 0.250390625 0.7491207502930832 0.01015625 0.009378663540445486
0 0.219921875 0.7479484173505275 0.01015625 0.007033997655334115
0 0.632421875 0.7467760844079718 0.01171875 0.009378663540445486
0 0.83125 0.7438452520515827 0.0125 0.009378663540445486
0 0.673046875 0.7432590855803048 0.01328125 0.009378663540445486
0 0.423046875 0.7400351699882767 0.01171875 0.008792497069167644
0 0.337109375 0.7371043376318874 0.01015625 0.0076201641266119575
0 0.6546875 0.7359320046893317 0.0125 0.00996483001172333
0 0.281640625 0.7356389214536928 0.01171875 0.009378663540445486
0 0.7828125 0.735052754982415 0.0125 0.009378663540445486
0 0.2359375 0.735052754982415 0.0125 0.009378663540445486
0 0.54453125 0.7327080890973037 0.0109375 0.009378663540445486
0 0.208203125 0.7321219226260258 0.01171875 0.009378663540445486
0 0.3125 0.7297772567409144 0.0125 0.009378663540445486
0 0.764453125 0.723915592028136 0.01171875 0.008206330597889801
0 0.390234375 0.723915592028136 0.01171875 0.009378663540445486
0 0.25078125 0.720398593200469 0.0125 0.008206330597889801
0 0.8125 0.7192262602579133 0.0125 0.009378663540445486
0 0.226171875 0.7174677608440797 0.01328125 0.008206330597889801
0 0.275 0.7136576787807737 0.0109375 0.0076201641266119575
0 0.642578125 0.7121922626025792 0.01171875 0.009378663540445486
0 0.789453125 0.7110199296600235 0.01015625 0.009378663540445486
0 0.189453125 0.7095545134818289 0.01171875 0.008792497069167644
0 0.3359375 0.7077960140679953 0.0125 0.00996483001172333
0 0.765234375 0.7063305978898007 0.01171875 0.008206330597889801
0 0.731640625 0.7060375146541618 0.01171875 0.008792497069167644
0 0.359765625 0.705158264947245 0.01171875 0.009378663540445486
0 0.21171875 0.7031066822977726 0.0109375 0.008792497069167644
0 0.512890625 0.7025205158264948 0.01171875 0.008792497069167644
0 0.25625 0.7022274325908558 0.0125 0.009378663540445486
0 0.807421875 0.6995896834701055 0.01171875 0.008792497069167644
0 0.234765625 0.693728018757327 0.01328125 0.008792497069167644
0 0.3859375 0.6934349355216881 0.0109375 0.009378663540445486
0 0.75078125 0.6925556858147714 0.0125 0.008792497069167644
0 0.72265625 0.6910902696365768 0.009375 0.008206330597889801
0 0.34296875 0.6890386869871044 0.0125 0.00996483001172333
0 0.7859375 0.6869871043376319 0.0125 0.009378663540445486
0 0.674609375 0.686694021101993 0.01171875 0.008792497069167644
0 0.302734375 0.686400937866354 0.01171875 0.008206330597889801
0 0.213671875 0.6837631887456037 0.01328125 0.00996483001172333
0 0.257421875 0.6799531066822978 0.01328125 0.009378663540445486
0 0.764453125 0.6787807737397421 0.01171875 0.009378663540445486
0 0.32421875 0.6781946072684643 0.0125 0.009378663540445486
0 0.740234375 0.6773153575615475 0.01171875 0.008792497069167644
0 0.281640625 0.6767291910902696 0.01328125 0.008792497069167644
0 0.809375 0.6691090269636577 0.0125 0.008792497069167644
0 0.23671875 0.6676436107854631 0.0125 0.009378663540445486
0 0.2 0.6670574443141852 0.0125 0.009378663540445486
0 0.723828125 0.6652989449003517 0.01171875 0.008206330597889801
0 0.61640625 0.6655920281359906 0.0109375 0.008792497069167644
0 0.309375 0.664126611957796 0.0125 0.009378663540445486
0 0.363671875 0.6623681125439624 0.01171875 0.008206330597889801
0 0.78828125 0.6609026963657679 0.0109375 0.008792497069167644
0 0.33359375 0.6611957796014069 0.0125 0.009378663540445486
0 0.259375 0.6611957796014069 0.0109375 0.009378663540445486
0 0.285546875 0.6582649472450176 0.01328125 0.009378663540445486
0 0.7484375 0.6562133645955451 0.0109375 0.008792497069167644
0 0.219921875 0.6547479484173505 0.01171875 0.009378663540445486
0 0.834765625 0.6553341148886284 0.03046875 0.016412661195779603
0 0.189453125 0.6512309495896834 0.01328125 0.009378663540445486
0 0.716796875 0.6488862837045721 0.01171875 0.008206330597889801
0 0.24375 0.6471277842907386 0.0125 0.009378663540445486
0 0.351953125 0.6462485345838218 0.01171875 0.00996483001172333
0 0.304296875 0.6462485345838218 0.01171875 0.00996483001172333
0 0.2703125 0.6444900351699883 0.0125 0.008792497069167644
0 0.770703125 0.6386283704572099 0.01015625 0.008792497069167644
0 0.7453125 0.638042203985932 0.0109375 0.0076201641266119575
0 0.32890625 0.638335287221571 0.0125 0.009378663540445486
0 0.223828125 0.6365767878077374 0.01171875 0.009378663540445486
0 0.822265625 0.6345252051582649 0.00859375 0.0076201641266119575
0 0.196484375 0.6324736225087925 0.01328125 0.009378663540445486
0 0.254296875 0.6307151230949589 0.01328125 0.009378663540445486
0 0.616796875 0.6266119577960141 0.01171875 0.008206330597889801
0 0.27890625 0.626905041031653 0.0125 0.008792497069167644
0 0.746875 0.6207502930832356 0.0109375 0.008206330597889801
0 0.812890625 0.6189917936694022 0.01171875 0.008206330597889801
0 0.325 0.61957796014068 0.0125 0.009378663540445486
0 0.2140625 0.6192848769050411 0.0125 0.008792497069167644
0 0.301171875 0.6181125439624854 0.01328125 0.008792497069167644
0 0.780078125 0.6160609613130129 0.00703125 0.008206330597889801
0 0.239453125 0.6151817116060961 0.01171875 0.006447831184056272
0 0.589453125 0.6148886283704572 0.01171875 0.008206330597889801
0 0.2640625 0.6125439624853458 0.0125 0.008206330597889801
0 0.183203125 0.6107854630715123 0.01328125 0.009378663540445486
0 0.35703125 0.6101992966002344 0.0125 0.009378663540445486
0 0.76015625 0.6069753810082064 0.0109375 0.008792497069167644
0 0.29453125 0.6008206330597889 0.0125 0.009378663540445486
0 0.247265625 0.5993552168815943 0.01328125 0.008792497069167644
0 0.221875 0.5984759671746777 0.0125 0.007033997655334115
0 0.71875 0.597303634232122 0.0109375 0.008206330597889801
0 0.58203125 0.5964243845252052 0.0109375 0.008792497069167644
0 0.335546875 0.5967174677608441 0.01171875 0.009378663540445486
0 0.271484375 0.5940797186400938 0.01328125 0.00996483001172333
0 0.199609375 0.5917350527549824 0.01328125 0.008792497069167644
0 0.828125 0.5888042203985931 0.0125 0.008792497069167644
0 0.73515625 0.585873388042204 0.0109375 0.008792497069167644
0 0.3171875 0.5849941383352872 0.0125 0.009378663540445486
0 0.25234375 0.582063305978898 0.0125 0.007033997655334115
0 0.714453125 0.5803048065650644 0.01171875 0.008206330597889801
0 0.28828125 0.5808909730363423 0.0125 0.009378663540445486
0 0.184765625 0.5773739742086753 0.01328125 0.009378663540445486
0 0.209375 0.5756154747948418 0.0125 0.009378663540445486
0 0.7734375 0.5688745603751465 0.0109375 0.0076201641266119575
0 0.307421875 0.5682883939038686 0.01171875 0.008792497069167644
0 0.35234375 0.5662368112543963 0.0125 0.009378663540445486
0 0.230078125 0.5638921453692849 0.01171875 0.005861664712778429
0 0.265234375 0.5647713950762017 0.01328125 0.008792497069167644
0 0.666015625 0.5612543962485346 0.01171875 0.0076201641266119575
0 0.288671875 0.5589097303634232 0.01328125 0.006447831184056272
0 0.69921875 0.5592028135990621 0.0109375 0.008206330597889801
0 0.2015625 0.5568581477139508 0.0109375 0.007033997655334115
0 0.32734375 0.5574443141852286 0.0125 0.009378663540445486
0 0.610546875 0.5550996483001173 0.01015625 0.008206330597889801
0 0.587890625 0.5536342321219226 0.01171875 0.005275498241500586
0 0.248046875 0.5515826494724502 0.01328125 0.009378663540445486
0 0.4375 0.5504103165298945 0.0109375 0.008206330597889801
0 0.82265625 0.5474794841735052 0.009375 0.007033997655334115
0 0.223828125 0.5463071512309496 0.01328125 0.007033997655334115
0 0.3359375 0.5422039859320047 0.0125 0.005861664712778429
0 0.802734375 0.5395662368112544 0.01171875 0.0076201641266119575
0 0.273828125 0.5401524032825322 0.01328125 0.008792497069167644
0 0.311328125 0.5383939038686987 0.01328125 0.008792497069167644
0 0.59296875 0.5348769050410317 0.0109375 0.008792497069167644
0 0.4296875 0.5339976553341149 0.0109375 0.008206330597889801
0 0.391796875 0.5281359906213364 0.01171875 0.008206330597889801
0 0.20234375 0.5269636576787807 0.0125 0.009378663540445486
0 0.29296875 0.5263774912075029 0.0125 0.009378663540445486
0 0.228125 0.5254982415005862 0.0125 0.00996483001172333
0 0.3265625 0.5240328253223916 0.0125 0.009378663540445486
0 0.815625 0.5228604923798359 0.0109375 0.008206330597889801
0 0.3515625 0.522567409144197 0.0125 0.008792497069167644
0 0.269140625 0.522274325908558 0.01328125 0.009378663540445486
0 0.373828125 0.5167057444314185 0.01171875 0.008792497069167644
0 0.759765625 0.5140679953106683 0.01171875 0.008206330597889801
0 0.3078125 0.5120164126611958 0.0125 0.008792497069167644
0 0.39921875 0.5108440797186401 0.0125 0.008792497069167644
0 0.194140625 0.5090855803048066 0.01328125 0.0076201641266119575
0 0.284375 0.5079132473622509 0.0125 0.008792497069167644
0 0.33125 0.5061547479484173 0.0125 0.008792497069167644
0 0.84140625 0.5049824150058617 0.0125 0.0076201641266119575
0 0.259375 0.5055685814771395 0.0125 0.008792497069167644
0 0.225390625 0.5032239155920282 0.01328125 0.004103165298944901
0 0.71484375 0.5046893317702228 0.0109375 0.008206330597889801
0 0.35546875 0.5052754982415005 0.0125 0.009378663540445486
0 0.44296875 0.5017584994138335 0.0109375 0.004689331770222743
0 0.381640625 0.4997069167643611 0.01171875 0.005275498241500586
0 0.571484375 0.5005861664712778 0.01171875 0.008206330597889801
0 0.768359375 0.49824150058616645 0.01171875 0.008206330597889801
0 0.419921875 0.4967760844079719 0.01171875 0.008792497069167644
0 0.309375 0.49384525205158264 0.0125 0.008792497069167644
0 0.801171875 0.48974208675263775 0.01171875 0.008792497069167644
0 0.242578125 0.4891559202813599 0.01328125 0.008792497069167644
0 0.268359375 0.488862837045721 0.01328125 0.009378663540445486
0 0.333203125 0.48710433763188743 0.01015625 0.007033997655334115
0 0.358203125 0.48534583821805394 0.01171875 0.005861664712778429
0 0.839453125 0.48563892145369286 0.01171875 0.0076201641266119575
0 0.489453125 0.48329425556858147 0.01171875 0.005275498241500586
0 0.38125 0.48212192262602577 0.0125 0.005275498241500586
0 0.519921875 0.48300117233294254 0.01171875 0.008206330597889801
0 0.43046875 0.4797772567409144 0.0109375 0.0076201641266119575
0 0.46640625 0.4780187573270809 0.0109375 0.0076201641266119575
0 0.315234375 0.47743259085580303 0.01328125 0.006447831184056272
0 0.290625 0.4783118405627198 0.0125 0.008206330597889801
0 0.8609375 0.4753810082063306 0.0125 0.008206330597889801
0 0.820703125 0.4750879249706917 0.01171875 0.008792497069167644
0 0.40390625 0.473915592028136 0.0125 0.008792497069167644
0 0.34453125 0.4718640093786635 0.0125 0.009378663540445486
0 0.23515625 0.4718640093786635 0.0125 0.009378663540445486
0 0.260546875 0.4712778429073857 0.01328125 0.009378663540445486
0 0.732421875 0.47010550996483 0.01171875 0.008206330597889801
0 0.2109375 0.46805392731535755 0.0140625 0.006447831184056272
0 0.841015625 0.4683470105509965 0.01015625 0.008206330597889801
0 0.3671875 0.4671746776084408 0.0125 0.005861664712778429
0 0.7953125 0.4642438452520516 0.0125 0.008206330597889801
0 0.501171875 0.4645369284876905 0.01171875 0.008792497069167644
0 0.390234375 0.46072684642438455 0.01171875 0.005861664712778429
0 0.424609375 0.46131301289566234 0.01171875 0.008206330597889801
0 0.29921875 0.4604337631887456 0.0125 0.0076201641266119575
0 0.326171875 0.4598475967174678 0.01171875 0.008792497069167644
0 0.716015625 0.45838218053927315 0.01171875 0.008206330597889801
0 0.74609375 0.4566236811254396 0.0109375 0.008206330597889801
0 0.460546875 0.4566236811254396 0.01171875 0.008206330597889801
0 0.826171875 0.45603751465416176 0.01328125 0.008206330597889801
0 0.19453125 0.45398593200468934 0.0140625 0.0076201641266119575
0 0.853515625 0.4533997655334115 0.01171875 0.0076201641266119575
0 0.3484375 0.45398593200468934 0.0125 0.008792497069167644
0 0.248828125 0.45076201641266117 0.01328125 0.009378663540445486
0 0.767578125 0.44958968347010553 0.01171875 0.008206330597889801
0 0.6953125 0.44988276670574445 0.0125 0.008792497069167644
0 0.513671875 0.44988276670574445 0.01171875 0.008792497069167644
0 0.665234375 0.44724501758499413 0.01171875 0.008206330597889801
0 0.37109375 0.447831184056272 0.0125 0.009378663540445486
0 0.273828125 0.44724501758499413 0.01328125 0.009378663540445486
0 0.445703125 0.44314185228604924 0.01171875 0.008206330597889801
0 0.21484375 0.44196951934349354 0.0140625 0.009378663540445486
0 0.39375 0.44109026963657677 0.0125 0.008792497069167644
0 0.32578125 0.4413833528722157 0.0125 0.009378663540445486
0 0.417578125 0.4396248534583822 0.01171875 0.007033997655334115
0 0.749609375 0.43903868698710435 0.01171875 0.008206330597889801
0 0.504296875 0.43522860492379833 0.01171875 0.005275498241500586
0 0.35234375 0.4358147713950762 0.0125 0.008792497069167644
0 0.301953125 0.4361078546307151 0.01328125 0.009378663540445486
0 0.770703125 0.4320046893317702 0.01171875 0.008206330597889801
0 0.678125 0.43229777256740914 0.0109375 0.008792497069167644
0 0.255859375 0.4320046893317702 0.01328125 0.009378663540445486
0 0.60078125 0.4308323563892145 0.0109375 0.008206330597889801
0 0.375 0.42936694021101995 0.0125 0.0076201641266119575
0 0.865234375 0.42790152403282533 0.01328125 0.008206330597889801
0 0.333203125 0.42584994138335286 0.01328125 0.006447831184056272
0 0.8078125 0.4264361078546307 0.0125 0.008792497069167644
0 0.52578125 0.42555685814771393 0.0109375 0.007033997655334115
0 0.440234375 0.425263774912075 0.01171875 0.0076201641266119575
0 0.282421875 0.42467760844079716 0.01328125 0.008792497069167644
0 0.2140625 0.4235052754982415 0.0140625 0.00996483001172333
0 0.416015625 0.4223329425556858 0.01171875 0.008792497069167644
0 0.35625 0.417936694021102 0.0125 0.008206330597889801
0 0.3921875 0.4176436107854631 0.0125 0.008792497069167644
0 0.309375 0.41735052754982416 0.0125 0.009378663540445486
0 0.84921875 0.4126611957796014 0.0125 0.008206330597889801
0 0.762109375 0.41090269636576787 0.01328125 0.008206330597889801
0 0.783984375 0.41031652989449 0.01328125 0.008206330597889801
0 0.19375 0.4111957796014068 0.0140625 0.00996483001172333
0 0.740234375 0.4097303634232122 0.01171875 0.008206330597889801
0 0.805859375 0.4091441969519343 0.01328125 0.008206330597889801
0 0.440234375 0.4070926143024619 0.01171875 0.008792497069167644
0 0.272265625 0.40738569753810083 0.01328125 0.009378663540445486
0 0.4640625 0.4056271981242673 0.0109375 0.008206330597889801
0 0.328515625 0.4059202813599062 0.01328125 0.008792497069167644
0 0.221875 0.40621336459554513 0.0125 0.009378663540445486
0 0.248046875 0.4044548651817116 0.01328125 0.009378663540445486
0 0.37578125 0.40211019929660025 0.0125 0.009378663540445486
0 0.295703125 0.4015240328253224 0.01328125 0.009378663540445486
0 0.3515625 0.4000586166471278 0.0125 0.008792497069167644
0 0.400390625 0.39976553341148885 0.01171875 0.009378663540445486
0 0.4921875 0.39859320046893315 0.0109375 0.008206330597889801
0 0.515234375 0.39859320046893315 0.01171875 0.009378663540445486
0 0.859765625 0.39771395076201643 0.01328125 0.008792497069167644
0 0.8328125 0.39566236811254396 0.0125 0.008206330597889801
0 0.754296875 0.39536928487690504 0.01015625 0.008792497069167644
0 0.803515625 0.391852286049238 0.00234375 0.004103165298944901
0 0.784765625 0.3930246189917937 0.01171875 0.008792497069167644
0 0.423046875 0.39273153575615477 0.01171875 0.008206330597889801
0 0.8109375 0.3892145369284877 0.0078125 0.0035169988276670576
0 0.731640625 0.391852286049238 0.01171875 0.008792497069167644
0 0.2 0.39126611957796015 0.0125 0.00996483001172333
0 0.453515625 0.3895076201641266 0.01171875 0.008792497069167644
0 0.598046875 0.3865767878077374 0.01171875 0.005275498241500586
0 0.533203125 0.38686987104337633 0.01171875 0.007033997655334115
0 0.3328125 0.388042203985932 0.0125 0.009378663540445486
0 0.843359375 0.38364595545134816 0.00078125 0.0017584994138335288
0 0.22578125 0.3874560375146542 0.0140625 0.009378663540445486
0 0.855859375 0.3824736225087925 0.00078125 0.0005861664712778429
0 0.276171875 0.38716295427901526 0.01328125 0.00996483001172333
0 0.3078125 0.38569753810082064 0.0125 0.009378663540445486
0 0.38671875 0.38452520515826494 0.0125 0.009378663540445486
0 0.25078125 0.38481828839390386 0.0140625 0.00996483001172333
0 0.8453125 0.38042203985932005 0.003125 0.0023446658851113715
0 0.3625 0.3839390386869871 0.0125 0.009378663540445486
0 0.8515625 0.3801289566236811 0.0078125 0.0029308323563892145
0 0.575 0.3821805392731536 0.0109375 0.008206330597889801
0 0.651171875 0.38042203985932005 0.01171875 0.008206330597889801
0 0.495703125 0.380715123094959 0.01171875 0.008792497069167644
0 0.795703125 0.37807737397420865 0.01171875 0.008206330597889801
0 0.8234375 0.37397420867526376 0.0015625 0.0011723329425556857
0 0.756640625 0.37749120750293086 0.01171875 0.008206330597889801
0 0.703125 0.37749120750293086 0.0109375 0.008206330597889801
0 0.408984375 0.37778429073856973 0.01171875 0.008792497069167644
0 0.81484375 0.37397420867526376 0.003125 0.0023446658851113715
0 0.81875 0.37250879249706914 0.003125 0.0005861664712778429
0 0.442578125 0.3733880422039859 0.01171875 0.009378663540445486
0 0.28984375 0.37221570926143027 0.0125 0.009378663540445486
0 0.21015625 0.37250879249706914 0.0140625 0.00996483001172333
0 0.34296875 0.3713364595545135 0.0125 0.008792497069167644
0 0.534765625 0.369284876905041 0.01171875 0.007033997655334115
0 0.46875 0.36957796014067995 0.0109375 0.008792497069167644
0 0.265234375 0.3698710433763189 0.01328125 0.009378663540445486
0 0.837109375 0.36664712778429076 0.01171875 0.008792497069167644
0 0.637109375 0.365767878077374 0.01171875 0.008206330597889801
0 0.38828125 0.3660609613130129 0.0109375 0.008792497069167644
0 0.577734375 0.3645955451348183 0.01171875 0.008206330597889801
0 0.240625 0.3648886283704572 0.0140625 0.00996483001172333
0 0.8640625 0.3625439624853458 0.0125 0.008792497069167644
0 0.491015625 0.36283704572098474 0.01171875 0.009378663540445486
0 0.32109375 0.3625439624853458 0.0125 0.008792497069167644
0 0.36328125 0.3622508792497069 0.0125 0.009378663540445486
0 0.793359375 0.3601992966002345 0.01171875 0.0076201641266119575
0 0.7640625 0.3607854630715123 0.0109375 0.008792497069167644
0 0.51484375 0.36107854630715125 0.0109375 0.009378663540445486
0 0.7 0.3601992966002345 0.0109375 0.008792497069167644
0 0.409765625 0.3593200468933177 0.01171875 0.008206330597889801
0 0.81796875 0.3549237983587339 0.003125 0.0005861664712778429
0 0.67421875 0.35756154747948415 0.0109375 0.008206330597889801
0 0.5515625 0.35726846424384523 0.0109375 0.008792497069167644
0 0.4328125 0.3560961313012896 0.0109375 0.008792497069167644
0 0.280078125 0.35550996483001174 0.01328125 0.00996483001172333
0 0.341796875 0.3525791324736225 0.01328125 0.0076201641266119575
0 0.202734375 0.3540445486518171 0.01328125 0.010550996483001172
0 0.6515625 0.35228604923798357 0.0109375 0.008206330597889801
0 0.73203125 0.3516998827667057 0.009375 0.008206330597889801
0 0.847265625 0.35140679953106685 0.01171875 0.008792497069167644
0 0.621875 0.3496483001172333 0.0109375 0.008792497069167644
0 0.303515625 0.34906213364595545 0.01328125 0.008792497069167644
0 0.5984375 0.34788980070339975 0.0109375 0.008792497069167644
0 0.45546875 0.34759671746776083 0.009375 0.008206330597889801
0 0.255859375 0.3484759671746776 0.01328125 0.00996483001172333
0 0.777734375 0.34671746776084406 0.01171875 0.008792497069167644
0 0.530859375 0.34671746776084406 0.01171875 0.008792497069167644
0 0.226171875 0.34642438452520513 0.01171875 0.009378663540445486
0 0.867578125 0.3452520515826495 0.01328125 0.008206330597889801
0 0.80390625 0.3452520515826495 0.0125 0.008206330597889801
0 0.7109375 0.3443728018757327 0.0109375 0.008792497069167644
0 0.4890625 0.3440797186400938 0.0109375 0.009378663540445486
0 0.363671875 0.34349355216881594 0.01171875 0.008206330597889801
0 0.573828125 0.34261430246189917 0.01171875 0.008792497069167644
0 0.413671875 0.34114888628370454 0.01171875 0.008206330597889801
0 0.388671875 0.33939038686987105 0.00859375 0.007033997655334115
0 0.68359375 0.33792497069167643 0.0078125 0.006447831184056272
0 0.19921875 0.3373388042203986 0.003125 0.005275498241500586
0 0.3265625 0.33821805392731535 0.0125 0.009378663540445486
0 0.641015625 0.3364595545134818 0.01171875 0.008206330597889801
0 0.282421875 0.33675263774912073 0.01328125 0.008792497069167644
0 0.83671875 0.335873388042204 0.0125 0.008206330597889801
0 0.54921875 0.33528722157092616 0.0109375 0.008206330597889801
0 0.510546875 0.33411488862837047 0.01171875 0.008206330597889801
0 0.194140625 0.332063305978898 0.01171875 0.004103165298944901
0 0.748828125 0.3335287221570926 0.01015625 0.008206330597889801
0 0.43515625 0.33382180539273154 0.0109375 0.008792497069167644
0 0.615234375 0.33264947245017584 0.01171875 0.008792497069167644
0 0.727734375 0.33147713950762014 0.00859375 0.0076201641266119575
0 0.22265625 0.32971864009378665 0.0046875 0.005275498241500586
0 0.85546875 0.3305978898007034 0.0140625 0.008206330597889801
0 0.815234375 0.3303048065650645 0.01015625 0.008792497069167644
0 0.791796875 0.3303048065650645 0.01171875 0.008792497069167644
0 0.77109375 0.3303048065650645 0.0125 0.008792497069167644
0 0.45859375 0.32971864009378665 0.0109375 0.008792497069167644
0 0.590625 0.3291324736225088 0.0109375 0.008792497069167644
0 0.3046875 0.3291324736225088 0.0125 0.008792497069167644
0 0.701171875 0.32825322391559203 0.01015625 0.008206330597889801
0 0.21875 0.324736225087925 0.0078125 0.0035169988276670576
0 0.482421875 0.3264947245017585 0.01015625 0.008206330597889801
0 0.354296875 0.32590855803048063 0.01171875 0.008206330597889801
0 0.402734375 0.3250293083235639 0.01171875 0.0076201641266119575
0 0.56796875 0.324736225087925 0.0109375 0.008206330597889801
0 0.381640625 0.3226846424384525 0.00546875 0.004103165298944901
0 0.533203125 0.3235638921453693 0.00546875 0.008206330597889801
0 0.680078125 0.32092614302461897 0.01015625 0.0076201641266119575
0 0.266015625 0.32209847596717467 0.01328125 0.00996483001172333
0 0.653515625 0.32004689331770225 0.01015625 0.008206330597889801
0 0.33125 0.3194607268464244 0.0125 0.008206330597889801
0 0.240625 0.32004689331770225 0.0125 0.009378663540445486
0 0.83125 0.3182883939038687 0.0125 0.008206330597889801
0 0.798046875 0.31477139507620167 0.00078125 0.0011723329425556857
0 0.63046875 0.3182883939038687 0.0109375 0.008206330597889801
0 0.502734375 0.31740914419695193 0.01015625 0.008792497069167644
0 0.79921875 0.3130128956623681 0.0015625 0.0011723329425556857
0 0.739453125 0.3168229777256741 0.01015625 0.008792497069167644
0 0.808984375 0.31213364595545134 0.00078125 0.0005861664712778429
0 0.426171875 0.3159437280187573 0.01171875 0.008206330597889801
0 0.60703125 0.31535756154747946 0.009375 0.008206330597889801
0 0.803515625 0.31096131301289565 0.00078125 0.0005861664712778429
0 0.781640625 0.3150644783118406 0.01171875 0.008792497069167644
0 0.715625 0.3138921453692849 0.009375 0.0076201641266119575
0 0.2 0.31477139507620167 0.0140625 0.010550996483001172
0 0.859375 0.3130128956623681 0.0125 0.008206330597889801
0 0.55 0.31330597889800704 0.0109375 0.008792497069167644
0 0.45 0.3127198124267292 0.0109375 0.008792497069167644
0 0.583984375 0.31213364595545134 0.01015625 0.008792497069167644
0 0.3078125 0.31096131301289565 0.009375 0.006447831184056272
0 0.76015625 0.31096131301289565 0.0109375 0.008792497069167644
0 0.283984375 0.3094958968347011 0.01328125 0.009378663540445486
0 0.475 0.3083235638921454 0.00625 0.008206330597889801
0 0.34921875 0.3074443141852286 0.0109375 0.008792497069167644
0 0.522265625 0.30656506447831183 0.00859375 0.008206330597889801
0 0.667578125 0.305978898007034 0.01015625 0.008206330597889801
0 0.837890625 0.3009964830011723 0.00078125 0.0005861664712778429
0 0.37421875 0.3033411488862837 0.009375 0.005275498241500586
0 0.254296875 0.3048065650644783 0.01328125 0.009378663540445486
0 0.84375 0.3009964830011723 0.0078125 0.0029308323563892145
0 0.64453125 0.30363423212192264 0.009375 0.008206330597889801
0 0.81953125 0.30363423212192264 0.0125 0.009378663540445486
0 0.401953125 0.3033411488862837 0.01015625 0.008792497069167644
0 0.731640625 0.30011723329425555 0.00859375 0.008206330597889801
0 0.622265625 0.2995310668229777 0.00859375 0.007033997655334115
0 0.566015625 0.30011723329425555 0.01015625 0.008206330597889801
0 0.79296875 0.30011723329425555 0.0109375 0.009378663540445486
0 0.497265625 0.2995310668229777 0.00859375 0.008206330597889801
0 0.5984375 0.29835873388042206 0.0109375 0.008206330597889801
0 0.425390625 0.2977725674091442 0.01015625 0.008206330597889801
0 0.326953125 0.29806565064478313 0.01171875 0.008792497069167644
0 0.708984375 0.29689331770222743 0.01015625 0.0076201641266119575
0 0.774609375 0.2922039859320047 0.00078125 0.0005861664712778429
0 0.54140625 0.29572098475967173 0.0078125 0.0076201641266119575
0 0.77109375 0.29161781946072685 0.0015625 0.0005861664712778429
0 0.851953125 0.29044548651817115 0.00078125 0.0005861664712778429
0 0.448828125 0.29396248534583824 0.01015625 0.0076201641266119575
0 0.29765625 0.29308323563892147 0.0125 0.008206330597889801
0 0.20546875 0.2933763188745604 0.009375 0.00996483001172333
0 0.749609375 0.291031652989449 0.01015625 0.008792497069167644
0 0.471875 0.2895662368112544 0.009375 0.005861664712778429
0 0.854296875 0.2869284876905041 0.00234375 0.0017584994138335288
0 0.782421875 0.28634232121922626 0.00078125 0.0005861664712778429
0 0.684765625 0.2898593200468933 0.00859375 0.0076201641266119575
0 0.357421875 0.2901524032825322 0.01015625 0.008206330597889801
0 0.86015625 0.2869284876905041 0.0078125 0.0029308323563892145
0 0.825390625 0.28722157092614303 0.00390625 0.0035169988276670576
0 0.659765625 0.2895662368112544 0.00859375 0.008206330597889801
0 0.517578125 0.28868698710433766 0.00703125 0.006447831184056272
0 0.83203125 0.28487690504103164 0.0046875 0.0011723329425556857
0 0.809375 0.2881008206330598 0.0125 0.008792497069167644
0 0.38828125 0.2869284876905041 0.009375 0.008792497069167644
0 0.5828125 0.28604923798358733 0.0078125 0.008206330597889801
0 0.783203125 0.27989449003517 0.00078125 0.0005861664712778429
0 0.72578125 0.2825322391559203 0.009375 0.007033997655334115
0 0.558984375 0.2828253223915592 0.00859375 0.0076201641266119575
0 0.787109375 0.2787221570926143 0.00078125 0.0005861664712778429
0 0.625390625 0.28223915592028137 0.00859375 0.0076201641266119575
0 0.4109375 0.28194607268464245 0.0109375 0.008206330597889801
0 0.493359375 0.2801875732708089 0.00703125 0.007033997655334115
0 0.316796875 0.2801875732708089 0.01171875 0.008206330597889801
0 0.702734375 0.27960140679953105 0.01015625 0.008206330597889801
0 0.840234375 0.2772567409144197 0.00390625 0.004689331770222743
0 0.765234375 0.2784290738569754 0.01171875 0.008206330597889801
0 0.434765625 0.2784290738569754 0.01171875 0.008206330597889801
0 0.5359375 0.2769636576787808 0.00625 0.006447831184056272
0 0.87890625 0.27637749120750293 0.0125 0.008792497069167644
0 0.28125 0.27667057444314186 0.0125 0.009378663540445486
0 0.840234375 0.27227432590855805 0.00234375 0.0017584994138335288
0 0.64765625 0.2746189917936694 0.00625 0.006447831184056272
0 0.340625 0.27549824150058616 0.0109375 0.008206330597889801
0 0.60390625 0.27520515826494724 0.009375 0.008792497069167644
0 0.74375 0.2737397420867526 0.0109375 0.008206330597889801
0 0.675390625 0.2737397420867526 0.00859375 0.008206330597889801
0 0.46171875 0.2731535756154748 0.0109375 0.008206330597889801
0 0.821484375 0.2728604923798359 0.01015625 0.008792497069167644
0 0.373828125 0.2716881594372802 0.00703125 0.006447831184056272
0 0.5109375 0.2705158264947245 0.0109375 0.0076201641266119575
0 0.800390625 0.26817116060961316 0.01015625 0.008792497069167644
0 0.39453125 0.2672919109026964 0.0109375 0.008206330597889801
0 0.7171875 0.26582649472450176 0.009375 0.0076201641266119575
0 0.301171875 0.2661195779601407 0.01171875 0.008206330597889801
0 0.626171875 0.26348182883939036 0.00546875 0.005275498241500586
0 0.41953125 0.26465416178194606 0.0078125 0.0076201641266119575
0 0.86328125 0.26465416178194606 0.0125 0.008792497069167644
0 0.778125 0.2640679953106682 0.009375 0.008792497069167644
0 0.582421875 0.2637749120750293 0.00859375 0.008206330597889801
0 0.6953125 0.26289566236811257 0.0078125 0.0076201641266119575
0 0.486328125 0.26260257913247365 0.01171875 0.008206330597889801
0 0.44296875 0.2608440797186401 0.009375 0.008206330597889801
0 0.325 0.2605509964830012 0.0109375 0.0076201641266119575
0 0.530078125 0.2593786635404455 0.01015625 0.0076201641266119575
0 0.353125 0.2596717467760844 0.0109375 0.008206330597889801
0 0.75625 0.25908558030480655 0.009375 0.008206330597889801
0 0.83671875 0.2584994138335287 0.0109375 0.009378663540445486
0 0.6515625 0.25703399765533413 0.0078125 0.0076201641266119575
0 0.673828125 0.2555685814771395 0.00859375 0.007033997655334115
0 0.815234375 0.25586166471277844 0.01171875 0.008792497069167644
0 0.602734375 0.2552754982415006 0.01015625 0.0076201641266119575
0 0.734765625 0.25498241500586166 0.00859375 0.008206330597889801
0 0.5609375 0.2532239155920281 0.009375 0.008206330597889801
0 0.465625 0.2529308323563892 0.0109375 0.008792497069167644
0 0.50859375 0.25205158264947247 0.009375 0.008206330597889801
0 0.3796875 0.25205158264947247 0.009375 0.008206330597889801
0 0.794140625 0.2511723329425557 0.01015625 0.008792497069167644
0 0.403125 0.24912075029308323 0.009375 0.007033997655334115
0 0.714453125 0.2485345838218054 0.00859375 0.008206330597889801
0 0.856640625 0.24794841735052756 0.01328125 0.009378663540445486
0 0.77265625 0.24531066822977726 0.009375 0.0076201641266119575
0 0.199609375 0.24677608440797186 0.01015625 0.010550996483001172
0 0.691796875 0.2447245017584994 0.00859375 0.0076201641266119575
0 0.581640625 0.24501758499413834 0.01015625 0.008206330597889801
0 0.624609375 0.24384525205158264 0.00859375 0.007033997655334115
0 0.48671875 0.24413833528722156 0.009375 0.008792497069167644
0 0.44375 0.24267291910902697 0.0109375 0.008206330597889801
0 0.350390625 0.24091441969519342 0.00546875 0.005861664712778429
0 0.749609375 0.24150058616647127 0.01015625 0.008206330597889801
0 0.534765625 0.24150058616647127 0.01015625 0.008206330597889801
0 0.647265625 0.2391559202813599 0.00703125 0.005861664712778429
0 0.875390625 0.2403282532239156 0.01328125 0.009378663540445486
0 0.66953125 0.2376905041031653 0.009375 0.0076201641266119575
0 0.838671875 0.23798358733880423 0.01328125 0.009378663540445486
0 0.81328125 0.23739742086752638 0.0125 0.008206330597889801
0 0.728125 0.23534583821805394 0.0109375 0.008792497069167644
0 0.601953125 0.235052754982415 0.01015625 0.008206330597889801
0 0.508984375 0.23329425556858147 0.00703125 0.007033997655334115
0 0.420703125 0.23388042203985931 0.01171875 0.008206330597889801
0 0.373828125 0.23388042203985931 0.00859375 0.008206330597889801
0 0.78984375 0.2335873388042204 0.009375 0.008792497069167644
0 0.464453125 0.23329425556858147 0.01015625 0.008206330597889801
0 0.559765625 0.23182883939038687 0.00703125 0.0076201641266119575
0 0.396484375 0.2309495896834701 0.01171875 0.008206330597889801
0 0.85703125 0.23007033997655335 0.0140625 0.008792497069167644
0 0.768359375 0.22801875732708088 0.00859375 0.008206330597889801
0 0.687109375 0.22713950762016413 0.01015625 0.0076201641266119575
0 0.5828125 0.22626025791324736 0.0078125 0.008206330597889801
0 0.20078125 0.22655334114888628 0.0140625 0.00996483001172333
0 0.486328125 0.2250879249706917 0.00859375 0.008206330597889801
0 0.529296875 0.22362250879249707 0.00546875 0.006447831184056272
0 0.31328125 0.223915592028136 0.009375 0.007033997655334115
0 0.346875 0.22186400937866355 0.00625 0.004103165298944901
0 0.884375 0.22362250879249707 0.0125 0.008792497069167644
0 0.6578125 0.2224501758499414 0.00625 0.006447831184056272
0 0.74765625 0.2227432590855803 0.0078125 0.008206330597889801
0 0.709375 0.22303634232121922 0.009375 0.008792497069167644
0 0.825 0.22098475967174677 0.0109375 0.009378663540445486
0 0.43984375 0.22069167643610785 0.009375 0.008792497069167644
0 0.801953125 0.22010550996483 0.01171875 0.008792497069167644
0 0.605859375 0.2171746776084408 0.01015625 0.0076201641266119575
0 0.378125 0.21629542790152403 0.009375 0.007033997655334115
0 0.5484375 0.21570926143024619 0.0078125 0.007033997655334115
0 0.507421875 0.21541617819460726 0.00703125 0.0076201641266119575
0 0.463671875 0.21483001172332944 0.00859375 0.008792497069167644
0 0.780078125 0.2142438452520516 0.01171875 0.008792497069167644
0 0.86640625 0.21336459554513482 0.0125 0.008206330597889801
0 0.4015625 0.21277842907385697 0.009375 0.007033997655334115
0 0.7265625 0.21189917936694022 0.009375 0.008792497069167644
0 0.626953125 0.20984759671746775 0.01015625 0.007033997655334115
0 0.569921875 0.21014067995310667 0.01015625 0.0076201641266119575
0 0.691015625 0.20955451348182885 0.00859375 0.0076201641266119575
0 0.485546875 0.2063305978898007 0.00390625 0.005861664712778429
0 0.526171875 0.20545134818288394 0.01015625 0.0076201641266119575
0 0.746484375 0.205158264947245 0.00859375 0.008206330597889801
0 0.437890625 0.20281359906213364 0.01015625 0.007033997655334115
0 0.591796875 0.2022274325908558 0.00703125 0.007033997655334115
0 0.710546875 0.19929660023446658 0.00546875 0.004689331770222743
0 0.76796875 0.20017584994138335 0.009375 0.008792497069167644
0 0.5046875 0.19607268464243846 0.0078125 0.005275498241500586
0 0.41484375 0.1969519343493552 0.009375 0.007033997655334115
0 0.54609375 0.19665885111371628 0.0109375 0.0076201641266119575
0 0.461328125 0.19665885111371628 0.01015625 0.008792497069167644
0 0.612890625 0.19607268464243846 0.00859375 0.008792497069167644
0 0.786328125 0.19196951934349354 0.00234375 0.0017584994138335288
0 0.83359375 0.19343493552168817 0.0046875 0.005861664712778429
0 0.79140625 0.19021101992966002 0.0015625 0.0005861664712778429
0 0.733203125 0.19196951934349354 0.00390625 0.006447831184056272
0 0.571875 0.19167643610785462 0.00625 0.007033997655334115
0 0.8421875 0.18815943728018758 0.0015625 0.0011723329425556857
0 0.834375 0.18874560375146543 0.003125 0.0023446658851113715
0 0.839453125 0.1872801875732708 0.00078125 0.0005861664712778429
0 0.393359375 0.1884525205158265 0.00703125 0.006447831184056272
0 0.4828125 0.18698710433763188 0.00625 0.004689331770222743
0 0.752734375 0.18669402110199296 0.00703125 0.0076201641266119575
0 0.5265625 0.18698710433763188 0.009375 0.008206330597889801
0 0.59140625 0.18405627198124266 0.009375 0.007033997655334115
0 0.773046875 0.18259085580304807 0.01015625 0.008792497069167644
0 0.702734375 0.1817116060961313 0.00859375 0.007033997655334115
0 0.651953125 0.18259085580304807 0.00859375 0.008792497069167644
0 0.626953125 0.17966002344665885 0.00390625 0.004103165298944901
0 0.80390625 0.18112543962485345 0.0109375 0.009378663540445486
0 0.557421875 0.17819460726846426 0.00390625 0.0035169988276670576
0 0.46328125 0.17555685814771396 0.00625 0.006447831184056272
0 0.346875 0.17526377491207504 0.0078125 0.007033997655334115
0 0.72265625 0.17438452520515826 0.009375 0.0076201641266119575
0 0.834375 0.17379835873388041 0.0125 0.008792497069167644
0 0.605078125 0.1694021101992966 0.00859375 0.007033997655334115
0 0.5328125 0.16969519343493553 0.0109375 0.0076201641266119575
0 0.752734375 0.16910902696365768 0.01171875 0.0076201641266119575
0 0.51015625 0.167936694021102 0.0078125 0.006447831184056272
0 0.769921875 0.16207502930832357 0.00078125 0.0005861664712778429
0 0.573046875 0.16441969519343494 0.00546875 0.005275498241500586
0 0.409765625 0.1638335287221571 0.00546875 0.005275498241500586
0 0.775390625 0.16178194607268465 0.00703125 0.0023446658851113715
0 0.86328125 0.16266119577960142 0.0125 0.00996483001172333
0 0.4375 0.1597303634232122 0.009375 0.006447831184056272
0 0.73046875 0.15767878077373973 0.009375 0.007033997655334115
0 0.62421875 0.15621336459554513 0.0046875 0.005275498241500586
0 0.83671875 0.15621336459554513 0.0125 0.008792497069167644
0 0.65703125 0.1559202813599062 0.0046875 0.008206330597889801
0 0.793359375 0.15386869871043377 0.01171875 0.00996483001172333
0 0.678515625 0.15269636576787807 0.00703125 0.008792497069167644
0 0.5578125 0.15005861664712777 0.009375 0.007033997655334115
0 0.81640625 0.14947245017584995 0.0109375 0.009378663540445486
0 0.534765625 0.14830011723329425 0.00703125 0.007033997655334115
0 0.34296875 0.1462485345838218 0.0078125 0.008792497069167644
0 0.59140625 0.14419695193434937 0.0078125 0.007033997655334115
0 0.769921875 0.14038686987104337 0.00703125 0.008792497069167644
0 0.318359375 0.1354044548651817 0.01015625 0.007033997655334115
0 0.700390625 0.13569753810082064 0.01015625 0.008792497069167644
0 0.640234375 0.13188745603751464 0.00859375 0.007033997655334115
0 0.376953125 0.12895662368112543 0.00703125 0.005861664712778429
0 0.678515625 0.1283704572098476 0.00703125 0.007033997655334115
0 0.340625 0.12749120750293083 0.0078125 0.005275498241500586
0 0.289453125 0.12866354044548653 0.01015625 0.008792497069167644
0 0.54140625 0.1271981242672919 0.0078125 0.007033997655334115
0 0.597265625 0.1257327080890973 0.00546875 0.005275498241500586
0 0.5171875 0.12162954279015241 0.0078125 0.006447831184056272
0 0.235546875 0.11430246189917936 0.00390625 0.0011723329425556857
0 0.238671875 0.10580304806565065 0.00390625 0.0029308323563892145
0 0.234375 0.10404454865181711 0.003125 0.0005861664712778429
