0 0.546484375 0.7796875 0.00703125 0.009375
0 0.682421875 0.7791666666666667 0.00703125 0.010416666666666666
0 0.709765625 0.7755208333333333 0.00703125 0.009375
0 0.62578125 0.7755208333333333 0.00625 0.009375
0 0.531640625 0.7755208333333333 0.00703125 0.009375
0 0.6015625 0.7692708333333333 0.0078125 0.009375
0 0.669140625 0.765625 0.00703125 0.010416666666666666
0 0.413671875 0.7640625 0.00703125 0.009375
0 0.652734375 0.7619791666666667 0.00703125 0.009375
0 0.615234375 0.7609375 0.00703125 0.009375
0 0.541796875 0.7609375 0.00703125 0.009375
0 0.734375 0.7588541666666667 0.0078125 0.009375
0 0.465625 0.7588541666666667 0.00625 0.009375
0 0.717578125 0.7583333333333333 0.00703125 0.010416666666666666
0 0.778125 0.7567708333333333 0.0078125 0.009375
0 0.630859375 0.7567708333333333 0.00703125 0.009375
0 0.560546875 0.7567708333333333 0.00703125 0.009375
0 0.279296875 0.7546875 0.00703125 0.011458333333333333
0 0.400390625 0.753125 0.00703125 0.010416666666666666
0 0.691796875 0.7505208333333333 0.00703125 0.009375
0 0.344921875 0.7494791666666667 0.00703125 0.009375
0 0.38671875 0.7458333333333333 0.00625 0.010416666666666666
0 0.4484375 0.7442708333333333 0.00625 0.009375
0 0.659765625 0.7432291666666667 0.00703125 0.009375
0 0.677734375 0.7411458333333333 0.00703125 0.009375
0 0.550390625 0.7401041666666667 0.00703125 0.009375
0 0.621484375 0.7390625 0.00703125 0.009375
0 0.467578125 0.7364583333333333 0.00703125 0.010416666666666666
0 0.602734375 0.7348958333333333 0.00703125 0.009375
0 0.30078125 0.7348958333333333 0.0078125 0.009375
0 0.2828125 0.7354166666666667 0.0078125 0.010416666666666666
0 0.642578125 0.7338541666666667 0.00703125 0.009375
0 0.783203125 0.7328125 0.00703125 0.009375
0 0.748046875 0.7328125 0.00703125 0.009375
0 0.711328125 0.7286458333333333 0.00703125 0.009375
0 0.443359375 0.7244791666666667 0.00703125 0.009375
0 0.3359375 0.725 0.0078125 0.010416666666666666
0 0.67109375 0.7234375 0.0078125 0.009375
0 0.65546875 0.7229166666666667 0.00625 0.008333333333333333
0 0.630078125 0.7223958333333333 0.00703125 0.009375
0 0.376171875 0.7223958333333333 0.00703125 0.009375
0 0.687890625 0.7192708333333333 0.00703125 0.009375
0 0.59375 0.7192708333333333 0.00625 0.009375
0 0.614453125 0.7182291666666667 0.00703125 0.009375
0 0.558984375 0.7171875 0.00703125 0.009375
0 0.46640625 0.7177083333333333 0.00625 0.010416666666666666
0 0.732421875 0.715625 0.00703125 0.008333333333333333
0 0.303125 0.7140625 0.0078125 0.009375
0 0.773046875 0.7119791666666667 0.00703125 0.007291666666666667
0 0.702734375 0.7119791666666667 0.00703125 0.009375
0 0.791796875 0.7072916666666667 0.00703125 0.008333333333333333
0 0.639453125 0.7067708333333333 0.00703125 0.009375
0 0.67734375 0.7052083333333333 0.00625 0.008333333333333333
0 0.661328125 0.7046875 0.00703125 0.009375
0 0.43203125 0.7036458333333333 0.00625 0.009375
0 0.28984375 0.7041666666666667 0.0078125 0.010416666666666666
0 0.476171875 0.7010416666666667 0.00703125 0.010416666666666666
0 0.762890625 0.6973958333333333 0.00703125 0.005208333333333333
0 0.26640625 0.7 0.0078125 0.010416666666666666
0 0.725390625 0.6979166666666666 0.00703125 0.008333333333333333
0 0.77890625 0.69375 0.00625 0.00625
0 0.625390625 0.6953125 0.00703125 0.009375
0 0.445703125 0.6953125 0.00703125 0.009375
0 0.69609375 0.6942708333333333 0.00625 0.009375
0 0.65 0.6921875 0.00625 0.007291666666666667
0 0.226171875 0.6927083333333334 0.00859375 0.010416666666666666
0 0.740625 0.6911458333333333 0.00625 0.009375
0 0.489453125 0.6911458333333333 0.00703125 0.009375
0 0.71171875 0.6885416666666667 0.00625 0.008333333333333333
0 0.55859375 0.6875 0.00625 0.008333333333333333
0 0.387109375 0.6869791666666667 0.00703125 0.009375
0 0.680859375 0.6854166666666667 0.00703125 0.008333333333333333
0 0.6109375 0.6848958333333334 0.0078125 0.009375
0 0.29453125 0.6822916666666666 0.0078125 0.010416666666666666
0 0.278125 0.6822916666666666 0.0078125 0.010416666666666666
0 0.476171875 0.68125 0.00703125 0.010416666666666666
0 0.665234375 0.6796875 0.00703125 0.009375
0 0.629296875 0.6765625 0.00703125 0.009375
0 0.3328125 0.6755208333333333 0.0078125 0.009375
0 0.726171875 0.6723958333333333 0.00703125 0.009375
0 0.650390625 0.6713541666666667 0.00703125 0.009375
0 0.741796875 0.6703125 0.00703125 0.009375
0 0.791015625 0.66875 0.00703125 0.008333333333333333
0 0.7578125 0.66875 0.00625 0.008333333333333333
0 0.687109375 0.6666666666666666 0.00703125 0.008333333333333333
0 0.71328125 0.6614583333333334 0.00625 0.008333333333333333
0 0.414453125 0.6609375 0.00703125 0.009375
0 0.170703125 0.6614583333333334 0.00859375 0.010416666666666666
0 0.311328125 0.6604166666666667 0.00703125 0.010416666666666666
0 0.63515625 0.6583333333333333 0.00625 0.008333333333333333
0 0.292578125 0.6583333333333333 0.00859375 0.010416666666666666
0 0.326953125 0.6567708333333333 0.00703125 0.009375
0 0.548046875 0.6546875 0.00703125 0.009375
0 0.7828125 0.6515625 0.00625 0.007291666666666667
0 0.673828125 0.6510416666666666 0.00703125 0.008333333333333333
0 0.241796875 0.6489583333333333 0.00859375 0.010416666666666666
0 0.693359375 0.6473958333333333 0.00703125 0.009375
0 0.219921875 0.6473958333333333 0.00859375 0.009375
0 0.648046875 0.6463541666666667 0.00703125 0.009375
0 0.177734375 0.6458333333333334 0.00859375 0.010416666666666666
0 0.303125 0.6432291666666666 0.0078125 0.009375
0 0.7953125 0.6401041666666667 0.00625 0.005208333333333333
0 0.708984375 0.6416666666666667 0.00703125 0.008333333333333333
0 0.620703125 0.6390625 0.00703125 0.009375
0 0.762890625 0.6375 0.00703125 0.008333333333333333
0 0.411328125 0.6359375 0.00703125 0.009375
0 0.664453125 0.6317708333333333 0.00703125 0.009375
0 0.208984375 0.6317708333333333 0.00859375 0.009375
0 0.721484375 0.628125 0.00703125 0.008333333333333333
0 0.23125 0.6291666666666667 0.009375 0.010416666666666666
0 0.737109375 0.6229166666666667 0.00703125 0.008333333333333333
0 0.26328125 0.6234375 0.003125 0.009375
0 0.752734375 0.621875 0.00703125 0.008333333333333333
0 0.706640625 0.621875 0.00703125 0.008333333333333333
0 0.197265625 0.6177083333333333 0.00859375 0.010416666666666666
0 0.691796875 0.6140625 0.00703125 0.009375
0 0.23828125 0.6119791666666666 0.0078125 0.009375
0 0.72578125 0.609375 0.00625 0.008333333333333333
0 0.221875 0.6104166666666667 0.0078125 0.010416666666666666
0 0.665625 0.6067708333333334 0.00625 0.009375
0 0.175390625 0.603125 0.00859375 0.010416666666666666
0 0.708203125 0.6015625 0.00703125 0.009375
0 0.741796875 0.5989583333333334 0.00546875 0.00625
0 0.270703125 0.5953125 0.00859375 0.009375
0 0.362109375 0.5916666666666667 0.00703125 0.008333333333333333
0 0.234765625 0.5921875 0.00859375 0.009375
0 0.725390625 0.5885416666666666 0.00703125 0.008333333333333333
0 0.688671875 0.5895833333333333 0.00703125 0.010416666666666666
0 0.673046875 0.5885416666666666 0.00703125 0.008333333333333333
0 0.21484375 0.5885416666666666 0.0078125 0.010416666666666666
0 0.636328125 0.5864583333333333 0.00703125 0.008333333333333333
0 0.758984375 0.5859375 0.00703125 0.009375
0 0.197265625 0.5864583333333333 0.00859375 0.010416666666666666
0 0.148046875 0.5786458333333333 0.00546875 0.009375
0 0.746484375 0.5734375 0.00703125 0.009375
0 0.237890625 0.5713541666666667 0.00859375 0.009375
0 0.776953125 0.5697916666666667 0.00703125 0.008333333333333333
0 0.680078125 0.5703125 0.00703125 0.009375
0 0.71015625 0.56875 0.00625 0.008333333333333333
0 0.523046875 0.56875 0.00703125 0.008333333333333333
0 0.655078125 0.5671875 0.00703125 0.009375
0 0.62578125 0.5661458333333333 0.0078125 0.009375
0 0.761328125 0.5635416666666667 0.00703125 0.010416666666666666
0 0.727734375 0.5583333333333333 0.00546875 0.00625
0 0.504296875 0.5588541666666667 0.00703125 0.009375
0 0.137890625 0.5588541666666667 0.00859375 0.009375
0 0.179296875 0.5572916666666666 0.00390625 0.008333333333333333
0 0.162109375 0.5526041666666667 0.00078125 0.0010416666666666667
0 0.209765625 0.5536458333333333 0.00859375 0.009375
0 0.74453125 0.5520833333333334 0.00625 0.008333333333333333
0 0.68828125 0.5526041666666667 0.0078125 0.009375
0 0.7046875 0.5494791666666666 0.0078125 0.009375
0 0.78515625 0.5473958333333333 0.00625 0.009375
0 0.16484375 0.5473958333333333 0.003125 0.009375
0 0.76875 0.5447916666666667 0.00625 0.010416666666666666
0 0.366796875 0.5432291666666667 0.00703125 0.009375
0 0.1453125 0.5395833333333333 0.009375 0.008333333333333333
0 0.593359375 0.5390625 0.00703125 0.009375
0 0.7171875 0.5369791666666667 0.0078125 0.007291666666666667
0 0.736328125 0.5348958333333333 0.00703125 0.009375
0 0.778125 0.5291666666666667 0.00625 0.004166666666666667
0 0.2421875 0.5307291666666667 0.0078125 0.009375
0 0.258203125 0.5265625 0.00859375 0.009375
0 0.605859375 0.5255208333333333 0.00703125 0.009375
0 0.705859375 0.5213541666666667 0.00703125 0.009375
0 0.748046875 0.5197916666666667 0.00703125 0.008333333333333333
0 0.763671875 0.51875 0.00703125 0.008333333333333333
0 0.387109375 0.5192708333333333 0.00703125 0.009375
0 0.587109375 0.5145833333333333 0.00703125 0.00625
0 0.23203125 0.5161458333333333 0.009375 0.009375
0 0.80625 0.5145833333333333 0.0078125 0.008333333333333333
0 0.732421875 0.5140625 0.00703125 0.009375
0 0.255078125 0.5052083333333334 0.00859375 0.010416666666666666
0 0.173828125 0.5041666666666667 0.01015625 0.010416666666666666
0 0.713671875 0.5020833333333333 0.00703125 0.010416666666666666
0 0.6953125 0.5020833333333333 0.0078125 0.010416666666666666
0 0.7734375 0.5005208333333333 0.00625 0.009375
0 0.83046875 0.49895833333333334 0.00625 0.008333333333333333
0 0.74453125 0.4984375 0.0078125 0.009375
0 0.126171875 0.4984375 0.01015625 0.009375
0 0.796484375 0.4979166666666667 0.00703125 0.010416666666666666
0 0.3234375 0.4973958333333333 0.0078125 0.009375
0 0.8140625 0.4947916666666667 0.0078125 0.008333333333333333
0 0.728515625 0.49322916666666666 0.00703125 0.009375
0 0.1859375 0.4921875 0.009375 0.009375
0 0.758203125 0.4890625 0.00390625 0.005208333333333333
0 0.21015625 0.4890625 0.009375 0.009375
0 0.784765625 0.48489583333333336 0.00703125 0.009375
0 0.709375 0.4817708333333333 0.00625 0.009375
0 0.8015625 0.47760416666666666 0.0015625 0.005208333333333333
0 0.740625 0.4786458333333333 0.0078125 0.009375
0 0.692578125 0.478125 0.00703125 0.008333333333333333
0 0.613671875 0.4786458333333333 0.00703125 0.009375
0 0.144921875 0.4791666666666667 0.00859375 0.010416666666666666
0 0.128125 0.4786458333333333 0.0078125 0.009375
0 0.630078125 0.4734375 0.00703125 0.009375
0 0.7234375 0.47239583333333335 0.0078125 0.009375
0 0.770703125 0.4703125 0.00703125 0.009375
0 0.7546875 0.4661458333333333 0.00625 0.009375
0 0.67734375 0.4661458333333333 0.0078125 0.009375
0 0.735546875 0.4588541666666667 0.00703125 0.007291666666666667
0 0.709375 0.4588541666666667 0.00625 0.009375
0 0.783203125 0.45677083333333335 0.00703125 0.009375
0 0.692578125 0.45677083333333335 0.00703125 0.009375
0 0.769140625 0.4484375 0.00546875 0.005208333333333333
0 0.751953125 0.4479166666666667 0.00546875 0.004166666666666667
0 0.736328125 0.4390625 0.00546875 0.005208333333333333
0 0.720703125 0.44166666666666665 0.00703125 0.010416666666666666
0 0.666015625 0.44166666666666665 0.00703125 0.010416666666666666
0 0.811328125 0.4395833333333333 0.00703125 0.008333333333333333
0 0.703125 0.4395833333333333 0.0078125 0.010416666666666666
0 0.626953125 0.43854166666666666 0.00703125 0.008333333333333333
0 0.68203125 0.43802083333333336 0.0078125 0.009375
0 0.783203125 0.4348958333333333 0.00703125 0.009375
0 0.646484375 0.4348958333333333 0.00546875 0.009375
0 0.600390625 0.4317708333333333 0.00703125 0.009375
0 0.5234375 0.4296875 0.00625 0.009375
0 0.75078125 0.42552083333333335 0.003125 0.005208333333333333
0 0.451953125 0.42552083333333335 0.00703125 0.009375
0 0.71328125 0.42291666666666666 0.0078125 0.008333333333333333
0 0.149609375 0.4239583333333333 0.00859375 0.010416666666666666
0 0.671875 0.42135416666666664 0.0078125 0.009375
0 0.7296875 0.41875 0.00625 0.00625
0 0.69609375 0.4203125 0.0078125 0.009375
0 0.634765625 0.4203125 0.00703125 0.009375
0 0.772265625 0.4166666666666667 0.00703125 0.008333333333333333
0 0.540234375 0.41510416666666666 0.00703125 0.009375
0 0.606640625 0.4119791666666667 0.00703125 0.009375
0 0.813671875 0.4083333333333333 0.00703125 0.008333333333333333
0 0.525390625 0.4088541666666667 0.00703125 0.009375
0 0.653515625 0.40677083333333336 0.00546875 0.009375
0 0.687109375 0.403125 0.00703125 0.010416666666666666
0 0.703515625 0.4005208333333333 0.00703125 0.009375
0 0.669921875 0.4005208333333333 0.00703125 0.009375
0 0.155859375 0.4010416666666667 0.00859375 0.010416666666666666
0 0.73828125 0.39895833333333336 0.0078125 0.010416666666666666
0 0.721875 0.3984375 0.0078125 0.009375
0 0.637109375 0.39895833333333336 0.00703125 0.010416666666666666
0 0.42421875 0.39739583333333334 0.00625 0.009375
0 0.392578125 0.39739583333333334 0.00703125 0.009375
0 0.590234375 0.39427083333333335 0.00703125 0.009375
0 0.29921875 0.39114583333333336 0.0078125 0.009375
0 0.256640625 0.38958333333333334 0.00859375 0.010416666666666666
0 0.555859375 0.3854166666666667 0.00703125 0.008333333333333333
0 0.16796875 0.3854166666666667 0.0078125 0.010416666666666666
0 0.659375 0.384375 0.0078125 0.010416666666666666
0 0.69375 0.38333333333333336 0.0078125 0.010416666666666666
0 0.271484375 0.38333333333333336 0.00703125 0.010416666666666666
0 0.677734375 0.38229166666666664 0.00703125 0.010416666666666666
0 0.2046875 0.38229166666666664 0.009375 0.010416666666666666
0 0.512109375 0.3807291666666667 0.00703125 0.009375
0 0.606640625 0.3796875 0.00703125 0.009375
0 0.461328125 0.37864583333333335 0.00703125 0.009375
0 0.71796875 0.3776041666666667 0.0078125 0.009375
0 0.537109375 0.3770833333333333 0.00703125 0.008333333333333333
0 0.28671875 0.378125 0.0078125 0.010416666666666666
0 0.402734375 0.3765625 0.00703125 0.009375
0 0.734375 0.375 0.00625 0.010416666666666666
0 0.636328125 0.3692708333333333 0.00703125 0.009375
0 0.66875 0.36614583333333334 0.00625 0.005208333333333333
0 0.568359375 0.36770833333333336 0.00703125 0.010416666666666666
0 0.424609375 0.3671875 0.00703125 0.009375
0 0.704296875 0.365625 0.00703125 0.010416666666666666
0 0.687109375 0.3640625 0.00859375 0.009375
0 0.65234375 0.3645833333333333 0.0078125 0.010416666666666666
0 0.584765625 0.36354166666666665 0.00703125 0.010416666666666666
0 0.472265625 0.36354166666666665 0.00703125 0.010416666666666666
0 0.274609375 0.36302083333333335 0.00859375 0.009375
0 0.599609375 0.35572916666666665 0.00703125 0.009375
0 0.772265625 0.35520833333333335 0.00703125 0.010416666666666666
0 0.7390625 0.3541666666666667 0.0078125 0.010416666666666666
0 0.625390625 0.35260416666666666 0.00703125 0.009375
0 0.524609375 0.3515625 0.00703125 0.009375
0 0.171875 0.3515625 0.009375 0.011458333333333333
0 0.262890625 0.34791666666666665 0.00859375 0.010416666666666666
0 0.56640625 0.346875 0.0078125 0.010416666666666666
0 0.4234375 0.3463541666666667 0.0078125 0.009375
0 0.392578125 0.346875 0.00703125 0.010416666666666666
0 0.146875 0.346875 0.009375 0.010416666666666666
0 0.69921875 0.3458333333333333 0.0078125 0.010416666666666666
0 0.722265625 0.34427083333333336 0.00703125 0.009375
0 0.449609375 0.34479166666666666 0.00703125 0.010416666666666666
0 0.675390625 0.34375 0.00703125 0.010416666666666666
0 0.649609375 0.34270833333333334 0.00703125 0.010416666666666666
0 0.6125 0.340625 0.00625 0.008333333333333333
0 0.587109375 0.34010416666666665 0.00703125 0.009375
0 0.224609375 0.3411458333333333 0.00859375 0.011458333333333333
0 0.248046875 0.33958333333333335 0.00859375 0.010416666666666666
0 0.48125 0.33697916666666666 0.00625 0.009375
0 0.464453125 0.3375 0.00703125 0.010416666666666666
0 0.5125 0.3359375 0.0078125 0.009375
0 0.209375 0.33229166666666665 0.0078125 0.010416666666666666
0 0.68828125 0.32916666666666666 0.0078125 0.010416666666666666
0 0.63828125 0.328125 0.0078125 0.010416666666666666
0 0.543359375 0.328125 0.00703125 0.010416666666666666
0 0.441796875 0.3260416666666667 0.00703125 0.010416666666666666
0 0.559375 0.325 0.0078125 0.010416666666666666
0 0.236328125 0.325 0.00859375 0.010416666666666666
0 0.67109375 0.3223958333333333 0.0078125 0.009375
0 0.622265625 0.3229166666666667 0.00703125 0.010416666666666666
0 0.4984375 0.3234375 0.0078125 0.011458333333333333
0 0.65390625 0.321875 0.0078125 0.010416666666666666
0 0.576171875 0.32135416666666666 0.00703125 0.009375
0 0.594140625 0.3203125 0.00703125 0.009375
0 0.528125 0.32135416666666666 0.0078125 0.011458333333333333
0 0.70390625 0.3203125 0.0078125 0.011458333333333333
0 0.418359375 0.31927083333333334 0.00703125 0.009375
0 0.45703125 0.3177083333333333 0.0078125 0.010416666666666666
0 0.25 0.315625 0.0078125 0.010416666666666666
0 0.512890625 0.3145833333333333 0.00703125 0.010416666666666666
0 0.355078125 0.31145833333333334 0.00703125 0.010416666666666666
0 0.14609375 0.31145833333333334 0.009375 0.010416666666666666
0 0.608984375 0.3109375 0.00703125 0.011458333333333333
0 0.483984375 0.3104166666666667 0.00703125 0.010416666666666666
0 0.403125 0.309375 0.0078125 0.010416666666666666
0 0.54609375 0.30625 0.0078125 0.010416666666666666
0 0.46875 0.303125 0.0078125 0.010416666666666666
0 0.43671875 0.303125 0.0078125 0.010416666666666666
0 0.68125 0.3026041666666667 0.0078125 0.011458333333333333
0 0.237109375 0.3026041666666667 0.00859375 0.011458333333333333
0 0.581640625 0.30052083333333335 0.00703125 0.009375
0 0.265234375 0.30104166666666665 0.00859375 0.010416666666666666
0 0.66015625 0.3 0.0078125 0.010416666666666666
0 0.5296875 0.3 0.0078125 0.010416666666666666
0 0.644140625 0.2989583333333333 0.00703125 0.010416666666666666
0 0.38125 0.29791666666666666 0.0078125 0.010416666666666666
0 0.69765625 0.29739583333333336 0.0078125 0.011458333333333333
0 0.452734375 0.296875 0.00703125 0.010416666666666666
0 0.418359375 0.29583333333333334 0.00703125 0.010416666666666666
0 0.73046875 0.2947916666666667 0.0078125 0.010416666666666666
0 0.625390625 0.29375 0.00703125 0.010416666666666666
0 0.7140625 0.29270833333333335 0.0078125 0.010416666666666666
0 0.512890625 0.29270833333333335 0.00703125 0.010416666666666666
0 0.137109375 0.2921875 0.00859375 0.009375
0 0.798046875 0.2921875 0.00859375 0.011458333333333333
0 0.49296875 0.2921875 0.0078125 0.011458333333333333
0 0.33046875 0.2916666666666667 0.0078125 0.010416666666666666
0 0.603515625 0.290625 0.00703125 0.010416666666666666
0 0.78125 0.2890625 0.009375 0.011458333333333333
0 0.56640625 0.2875 0.0078125 0.010416666666666666
0 0.3953125 0.2875 0.0078125 0.010416666666666666
0 0.352734375 0.2869791666666667 0.00703125 0.009375
0 0.277734375 0.2864583333333333 0.00859375 0.010416666666666666
0 0.54140625 0.284375 0.0078125 0.010416666666666666
0 0.477734375 0.284375 0.00703125 0.010416666666666666
0 0.177734375 0.28229166666666666 0.00859375 0.008333333333333333
0 0.440234375 0.28177083333333336 0.00703125 0.011458333333333333
0 0.5875 0.28020833333333334 0.0078125 0.010416666666666666
0 0.6828125 0.2796875 0.0078125 0.011458333333333333
0 0.236328125 0.2796875 0.00546875 0.011458333333333333
0 0.6609375 0.27760416666666665 0.0078125 0.011458333333333333
0 0.46015625 0.27708333333333335 0.0078125 0.010416666666666666
0 0.4109375 0.2760416666666667 0.0078125 0.010416666666666666
0 0.50390625 0.27447916666666666 0.0078125 0.009375
0 0.38203125 0.275 0.0078125 0.010416666666666666
0 0.154296875 0.27239583333333334 0.00390625 0.009375
0 0.555078125 0.271875 0.00703125 0.010416666666666666
0 0.63984375 0.2713541666666667 0.0078125 0.011458333333333333
0 0.336328125 0.2713541666666667 0.00859375 0.011458333333333333
0 0.78984375 0.2682291666666667 0.0078125 0.011458333333333333
0 0.6109375 0.2671875 0.0078125 0.011458333333333333
0 0.48671875 0.26666666666666666 0.0078125 0.010416666666666666
0 0.42578125 0.26666666666666666 0.0078125 0.010416666666666666
0 0.448046875 0.2625 0.00703125 0.010416666666666666
0 0.39765625 0.2630208333333333 0.0078125 0.011458333333333333
0 0.53203125 0.259375 0.0078125 0.010416666666666666
0 0.516015625 0.2598958333333333 0.00703125 0.011458333333333333
0 0.671484375 0.25885416666666666 0.00859375 0.011458333333333333
0 0.65390625 0.25833333333333336 0.0078125 0.010416666666666666
0 0.46875 0.25833333333333336 0.0078125 0.010416666666666666
0 0.211328125 0.2552083333333333 0.00859375 0.010416666666666666
0 0.412109375 0.2546875 0.00859375 0.011458333333333333
0 0.3453125 0.25416666666666665 0.0078125 0.010416666666666666
0 0.499609375 0.253125 0.00703125 0.010416666666666666
0 0.37890625 0.25104166666666666 0.0078125 0.010416666666666666
0 0.30078125 0.25104166666666666 0.0078125 0.010416666666666666
0 0.234765625 0.25052083333333336 0.00859375 0.011458333333333333
0 0.687890625 0.2484375 0.00859375 0.011458333333333333
0 0.61171875 0.24479166666666666 0.0078125 0.010416666666666666
0 0.45625 0.24427083333333333 0.0078125 0.011458333333333333
0 0.426171875 0.24427083333333333 0.00703125 0.011458333333333333
0 0.6359375 0.24270833333333333 0.0078125 0.010416666666666666
0 0.144921875 0.24270833333333333 0.00859375 0.010416666666666666
0 0.797265625 0.2421875 0.00859375 0.011458333333333333
0 0.4796875 0.24166666666666667 0.0078125 0.010416666666666666
0 0.32734375 0.2421875 0.0078125 0.011458333333333333
0 0.66328125 0.24010416666666667 0.0078125 0.011458333333333333
0 0.39140625 0.23802083333333332 0.0078125 0.009375
0 0.516796875 0.23802083333333332 0.00703125 0.011458333333333333
0 0.5625 0.23697916666666666 0.0078125 0.011458333333333333
0 0.57890625 0.234375 0.0078125 0.010416666666666666
0 0.208203125 0.2328125 0.00859375 0.009375
0 0.346875 0.23229166666666667 0.0078125 0.010416666666666666
0 0.29375 0.23125 0.0078125 0.010416666666666666
0 0.494140625 0.22916666666666666 0.00703125 0.010416666666666666
0 0.40703125 0.2296875 0.0078125 0.011458333333333333
0 0.6234375 0.22760416666666666 0.0078125 0.011458333333333333
0 0.60078125 0.22760416666666666 0.0078125 0.011458333333333333
0 0.4453125 0.22760416666666666 0.0078125 0.011458333333333333
0 0.24609375 0.22708333333333333 0.0078125 0.010416666666666666
0 0.465625 0.22552083333333334 0.0078125 0.011458333333333333
0 0.42890625 0.221875 0.0078125 0.010416666666666666
0 0.146875 0.22083333333333333 0.009375 0.010416666666666666
0 0.38125 0.21979166666666666 0.0078125 0.010416666666666666
0 0.261328125 0.2203125 0.00859375 0.011458333333333333
0 0.50859375 0.21822916666666667 0.0078125 0.009375
0 0.333203125 0.21822916666666667 0.00859375 0.011458333333333333
0 0.182421875 0.21770833333333334 0.00859375 0.010416666666666666
0 0.4796875 0.2171875 0.00625 0.011458333333333333
0 0.6375 0.21614583333333334 0.0078125 0.011458333333333333
0 0.546484375 0.21302083333333333 0.00703125 0.011458333333333333
0 0.57734375 0.21197916666666666 0.0078125 0.011458333333333333
0 0.396875 0.21197916666666666 0.0078125 0.011458333333333333
0 0.352734375 0.209375 0.00703125 0.010416666666666666
0 0.495703125 0.2046875 0.00703125 0.011458333333333333
0 0.528125 0.20364583333333333 0.00625 0.011458333333333333
0 0.46640625 0.20364583333333333 0.0078125 0.011458333333333333
0 0.293359375 0.20260416666666667 0.00859375 0.011458333333333333
0 0.56015625 0.20052083333333334 0.0078125 0.011458333333333333
0 0.246484375 0.2 0.00703125 0.010416666666666666
0 0.33828125 0.19739583333333333 0.0078125 0.011458333333333333
0 0.2625 0.196875 0.0078125 0.010416666666666666
0 0.075 0.1953125 0.0046875 0.007291666666666667
0 0.1078125 0.19479166666666667 0.0046875 0.008333333333333333
0 0.188671875 0.1953125 0.00859375 0.011458333333333333
0 0.089453125 0.1921875 0.00390625 0.005208333333333333
0 0.8125 0.19322916666666667 0.009375 0.011458333333333333
0 0.310546875 0.19322916666666667 0.00859375 0.011458333333333333
0 0.075 0.1890625 0.0015625 0.003125
0 0.621875 0.19166666666666668 0.0078125 0.0125
0 0.4 0.19010416666666666 0.0078125 0.011458333333333333
0 0.601953125 0.1890625 0.00859375 0.011458333333333333
0 0.091015625 0.18541666666666667 0.00234375 0.004166666666666667
0 0.540625 0.18541666666666667 0.0078125 0.010416666666666666
0 0.4890625 0.18489583333333334 0.0078125 0.011458333333333333
0 0.38359375 0.18385416666666668 0.00625 0.011458333333333333
0 0.366015625 0.18333333333333332 0.00703125 0.010416666666666666
0 0.276953125 0.18385416666666668 0.00859375 0.011458333333333333
0 0.35 0.18229166666666666 0.0078125 0.010416666666666666
0 0.32578125 0.1828125 0.0078125 0.011458333333333333
0 0.294921875 0.18125 0.00859375 0.010416666666666666
0 0.23828125 0.18020833333333333 0.0078125 0.010416666666666666
0 0.579296875 0.1796875 0.00703125 0.011458333333333333
0 0.472265625 0.1796875 0.00703125 0.011458333333333333
0 0.55625 0.17760416666666667 0.0078125 0.011458333333333333
0 0.4453125 0.178125 0.0078125 0.0125
0 0.254296875 0.17604166666666668 0.00859375 0.008333333333333333
0 0.1140625 0.1765625 0.009375 0.011458333333333333
0 0.185546875 0.17135416666666667 0.00859375 0.011458333333333333
0 0.647265625 0.16927083333333334 0.00859375 0.011458333333333333
0 0.40703125 0.16927083333333334 0.0078125 0.011458333333333333
0 0.50234375 0.1671875 0.0078125 0.011458333333333333
0 0.26796875 0.16354166666666667 0.0078125 0.010416666666666666
0 0.3578125 0.16302083333333334 0.0078125 0.011458333333333333
0 0.31640625 0.16302083333333334 0.0078125 0.011458333333333333
0 0.28359375 0.16302083333333334 0.00625 0.011458333333333333
0 0.627734375 0.16145833333333334 0.00859375 0.0125
0 0.33203125 0.15885416666666666 0.0078125 0.011458333333333333
0 0.232421875 0.15833333333333333 0.00859375 0.010416666666666666
0 0.376953125 0.15677083333333333 0.00859375 0.011458333333333333
0 0.301171875 0.15364583333333334 0.00859375 0.011458333333333333
0 0.692578125 0.15260416666666668 0.00859375 0.011458333333333333
0 0.61328125 0.1484375 0.0078125 0.011458333333333333
0 0.596484375 0.14635416666666667 0.00859375 0.011458333333333333
0 0.70859375 0.14375 0.009375 0.0125
