0 0.27890625 0.8588541666666667 0.009375 0.013541666666666667
0 0.395703125 0.8572916666666667 0.00859375 0.0125
0 0.378125 0.8541666666666666 0.009375 0.0125
0 0.702734375 0.85 0.00859375 0.0125
0 0.2953125 0.85 0.009375 0.0125
0 0.623828125 0.8463541666666666 0.00859375 0.011458333333333333
0 0.774609375 0.84375 0.00859375 0.010416666666666666
0 0.670703125 0.8432291666666667 0.00859375 0.013541666666666667
0 0.362890625 0.840625 0.00859375 0.0125
0 0.7375 0.8390625 0.0078125 0.011458333333333333
0 0.721875 0.8395833333333333 0.0046875 0.0125
0 0.6875 0.8390625 0.0078125 0.013541666666666667
0 0.644140625 0.8385416666666666 0.00859375 0.0125
0 0.49375 0.8354166666666667 0.0078125 0.0125
0 0.592578125 0.8328125 0.00859375 0.011458333333333333
0 0.3421875 0.8322916666666667 0.009375 0.0125
0 0.82265625 0.8302083333333333 0.009375 0.0125
0 0.7515625 0.825 0.0078125 0.010416666666666666
0 0.897265625 0.825 0.01015625 0.0125
0 0.437109375 0.8244791666666667 0.00703125 0.011458333333333333
0 0.55234375 0.8239583333333333 0.0078125 0.0125
0 0.76875 0.821875 0.0078125 0.010416666666666666
0 0.524609375 0.8182291666666667 0.00546875 0.005208333333333333
0 0.413671875 0.821875 0.00859375 0.0125
0 0.92109375 0.8151041666666666 0.0015625 0.003125
0 0.709375 0.8192708333333333 0.009375 0.013541666666666667
0 0.677734375 0.81875 0.00859375 0.0125
0 0.65234375 0.81875 0.0078125 0.0125
0 0.634765625 0.8182291666666667 0.00546875 0.011458333333333333
0 0.9375 0.8125 0.0015625 0.0020833333333333333
0 0.728125 0.8177083333333334 0.009375 0.0125
0 0.616796875 0.8171875 0.00546875 0.011458333333333333
0 0.508203125 0.8166666666666667 0.00859375 0.0125
0 0.452734375 0.8161458333333333 0.00546875 0.011458333333333333
0 0.92265625 0.8083333333333333 0.003125 0.004166666666666667
0 0.390234375 0.8119791666666667 0.00859375 0.011458333333333333
0 0.599609375 0.8114583333333333 0.00859375 0.0125
0 0.369140625 0.809375 0.00859375 0.0125
0 0.937109375 0.8052083333333333 0.00546875 0.00625
0 0.905078125 0.8072916666666666 0.00859375 0.010416666666666666
0 0.692578125 0.8083333333333333 0.00703125 0.0125
0 0.169921875 0.8083333333333333 0.01015625 0.0125
0 0.81953125 0.80625 0.009375 0.0125
0 0.74296875 0.8041666666666667 0.009375 0.0125
0 0.664453125 0.803125 0.00859375 0.0125
0 0.760546875 0.8 0.00703125 0.010416666666666666
0 0.433203125 0.8 0.00859375 0.0125
0 0.7109375 0.7984375 0.009375 0.013541666666666667
0 0.466015625 0.7973958333333333 0.00546875 0.011458333333333333
0 0.53046875 0.796875 0.0078125 0.0125
0 0.500390625 0.7958333333333333 0.00859375 0.0125
0 0.648828125 0.7916666666666666 0.00546875 0.010416666666666666
0 0.603515625 0.7885416666666667 0.00859375 0.0125
0 0.415234375 0.7880208333333333 0.00859375 0.011458333333333333
0 0.44765625 0.7869791666666667 0.0078125 0.011458333333333333
0 0.826171875 0.7828125 0.01015625 0.011458333333333333
0 0.517578125 0.7828125 0.00703125 0.011458333333333333
0 0.486328125 0.7822916666666667 0.00703125 0.010416666666666666
0 0.352734375 0.7817708333333333 0.00859375 0.009375
0 0.669921875 0.78125 0.00859375 0.0125
0 0.61953125 0.7796875 0.0078125 0.011458333333333333
0 0.863671875 0.778125 0.00859375 0.010416666666666666
0 0.74453125 0.7791666666666667 0.009375 0.0125
0 0.5703125 0.778125 0.0078125 0.0125
0 0.53203125 0.7739583333333333 0.0078125 0.0125
0 0.760546875 0.7723958333333333 0.00859375 0.011458333333333333
0 0.552734375 0.7713541666666667 0.00859375 0.011458333333333333
0 0.391015625 0.771875 0.00859375 0.0125
0 0.36796875 0.7713541666666667 0.009375 0.011458333333333333
0 0.50234375 0.7703125 0.0078125 0.011458333333333333
0 0.5921875 0.7697916666666667 0.00625 0.0125
0 0.7109375 0.76875 0.009375 0.0125
0 0.799609375 0.7666666666666667 0.00859375 0.010416666666666666
0 0.655859375 0.7671875 0.00859375 0.011458333333333333
0 0.414453125 0.7651041666666667 0.00859375 0.011458333333333333
0 0.430859375 0.7630208333333334 0.00703125 0.011458333333333333
0 0.60859375 0.7614583333333333 0.0078125 0.0125
0 0.478515625 0.7614583333333333 0.00859375 0.0125
0 0.32578125 0.759375 0.009375 0.0125
0 0.865234375 0.7567708333333333 0.01015625 0.011458333333333333
0 0.675390625 0.7567708333333333 0.00859375 0.011458333333333333
0 0.517578125 0.7567708333333333 0.00859375 0.011458333333333333
0 0.1859375 0.7572916666666667 0.009375 0.0125
0 0.3546875 0.75625 0.009375 0.0125
0 0.573046875 0.7552083333333334 0.00859375 0.0125
0 0.541796875 0.7552083333333334 0.00859375 0.0125
0 0.379296875 0.7541666666666667 0.00859375 0.0125
0 0.3 0.75 0.009375 0.0125
0 0.771875 0.7484375 0.009375 0.011458333333333333
0 0.703125 0.7463541666666667 0.009375 0.007291666666666667
0 0.622265625 0.7473958333333334 0.00859375 0.011458333333333333
0 0.496484375 0.7453125 0.00859375 0.011458333333333333
0 0.79609375 0.7442708333333333 0.009375 0.011458333333333333
0 0.656640625 0.7442708333333333 0.00859375 0.011458333333333333
0 0.587890625 0.7442708333333333 0.00859375 0.011458333333333333
0 0.52890625 0.7401041666666667 0.0078125 0.011458333333333333
0 0.462890625 0.7390625 0.00859375 0.011458333333333333
0 0.3359375 0.7395833333333334 0.009375 0.0125
0 0.3171875 0.7395833333333334 0.009375 0.0125
0 0.4796875 0.7380208333333333 0.0078125 0.011458333333333333
0 0.602734375 0.7348958333333333 0.00859375 0.011458333333333333
0 0.550390625 0.7354166666666667 0.00859375 0.0125
0 0.51015625 0.7317708333333334 0.0078125 0.011458333333333333
0 0.573046875 0.73125 0.00859375 0.0125
0 0.38046875 0.7307291666666667 0.0078125 0.011458333333333333
0 0.19375 0.7291666666666666 0.009375 0.0125
0 0.666796875 0.7265625 0.00859375 0.011458333333333333
0 0.858984375 0.725 0.00546875 0.010416666666666666
0 0.4390625 0.7255208333333333 0.0078125 0.011458333333333333
0 0.350390625 0.7260416666666667 0.00859375 0.0125
0 0.588671875 0.721875 0.00859375 0.008333333333333333
0 0.619140625 0.7229166666666667 0.00859375 0.0125
0 0.4921875 0.7223958333333333 0.0078125 0.011458333333333333
0 0.5375 0.7203125 0.0078125 0.011458333333333333
0 0.328515625 0.7197916666666667 0.00859375 0.0125
0 0.77265625 0.7182291666666667 0.009375 0.011458333333333333
0 0.4046875 0.7177083333333333 0.0078125 0.0125
0 0.30546875 0.7177083333333333 0.009375 0.0125
0 0.55859375 0.7161458333333334 0.0078125 0.011458333333333333
0 0.83125 0.7151041666666667 0.009375 0.011458333333333333
0 0.51953125 0.7130208333333333 0.0078125 0.011458333333333333
0 0.453125 0.7130208333333333 0.0078125 0.011458333333333333
0 0.72734375 0.7109375 0.009375 0.011458333333333333
0 0.649609375 0.7109375 0.00859375 0.011458333333333333
0 0.60546875 0.7098958333333333 0.0078125 0.011458333333333333
0 0.426953125 0.7098958333333333 0.00859375 0.011458333333333333
0 0.20234375 0.7078125 0.009375 0.011458333333333333
0 0.672265625 0.70625 0.00859375 0.010416666666666666
0 0.875 0.7041666666666667 0.0078125 0.008333333333333333
0 0.38828125 0.70625 0.0078125 0.0125
0 0.503515625 0.7046875 0.00859375 0.011458333333333333
0 0.184765625 0.7046875 0.00859375 0.011458333333333333
0 0.484375 0.7036458333333333 0.0046875 0.011458333333333333
0 0.273046875 0.7036458333333333 0.00859375 0.011458333333333333
0 0.365234375 0.7026041666666667 0.00859375 0.011458333333333333
0 0.25546875 0.7015625 0.009375 0.011458333333333333
0 0.580859375 0.7005208333333334 0.00859375 0.011458333333333333
0 0.5453125 0.7005208333333334 0.0078125 0.011458333333333333
0 0.619921875 0.6994791666666667 0.00859375 0.011458333333333333
0 0.290234375 0.6989583333333333 0.00859375 0.0125
0 0.46484375 0.6973958333333333 0.0078125 0.011458333333333333
0 0.3453125 0.6973958333333333 0.009375 0.011458333333333333
0 0.4109375 0.6963541666666667 0.0078125 0.011458333333333333
0 0.329296875 0.6963541666666667 0.01015625 0.011458333333333333
0 0.740625 0.6953125 0.009375 0.011458333333333333
0 0.769921875 0.6942708333333333 0.00859375 0.011458333333333333
0 0.562109375 0.6932291666666667 0.00859375 0.011458333333333333
0 0.530078125 0.6932291666666667 0.00546875 0.011458333333333333
0 0.30703125 0.69375 0.009375 0.0125
0 0.448046875 0.6901041666666666 0.00859375 0.011458333333333333
0 0.598046875 0.6869791666666667 0.00390625 0.011458333333333333
0 0.512890625 0.6854166666666667 0.00703125 0.010416666666666666
0 0.864453125 0.6848958333333334 0.01015625 0.011458333333333333
0 0.647265625 0.6848958333333334 0.00859375 0.011458333333333333
0 0.382421875 0.6848958333333334 0.00859375 0.011458333333333333
0 0.4828125 0.6817708333333333 0.0078125 0.011458333333333333
0 0.75625 0.6807291666666667 0.009375 0.011458333333333333
0 0.541015625 0.6776041666666667 0.00859375 0.011458333333333333
0 0.58125 0.6765625 0.0078125 0.011458333333333333
0 0.398046875 0.6755208333333333 0.00859375 0.011458333333333333
0 0.283203125 0.6755208333333333 0.00859375 0.011458333333333333
0 0.466796875 0.6744791666666666 0.00859375 0.011458333333333333
0 0.416796875 0.6744791666666666 0.00859375 0.011458333333333333
0 0.33515625 0.6734375 0.0078125 0.011458333333333333
0 0.3171875 0.6734375 0.0078125 0.011458333333333333
0 0.49765625 0.6723958333333333 0.0078125 0.011458333333333333
0 0.368359375 0.6723958333333333 0.00859375 0.011458333333333333
0 0.434375 0.6708333333333333 0.0078125 0.010416666666666666
0 0.77109375 0.6708333333333333 0.009375 0.0125
0 0.555859375 0.6697916666666667 0.00703125 0.010416666666666666
0 0.45078125 0.6671875 0.0078125 0.011458333333333333
0 0.351953125 0.6677083333333333 0.00859375 0.0125
0 0.299609375 0.6661458333333333 0.00859375 0.011458333333333333
0 0.798828125 0.6635416666666667 0.00859375 0.010416666666666666
0 0.4828125 0.6588541666666666 0.0078125 0.011458333333333333
0 0.53359375 0.6572916666666667 0.0078125 0.010416666666666666
0 0.515625 0.6578125 0.0078125 0.011458333333333333
0 0.75859375 0.6557291666666667 0.009375 0.011458333333333333
0 0.40546875 0.6552083333333333 0.0078125 0.010416666666666666
0 0.37890625 0.6541666666666667 0.0078125 0.010416666666666666
0 0.784375 0.6536458333333334 0.00625 0.011458333333333333
0 0.33984375 0.6515625 0.0078125 0.011458333333333333
0 0.31328125 0.6510416666666666 0.0078125 0.010416666666666666
0 0.2640625 0.6505208333333333 0.0078125 0.011458333333333333
0 0.5484375 0.6494791666666667 0.0078125 0.011458333333333333
0 0.288671875 0.6494791666666667 0.00859375 0.011458333333333333
0 0.862890625 0.6484375 0.01015625 0.011458333333333333
0 0.60859375 0.6484375 0.0078125 0.011458333333333333
0 0.426953125 0.6479166666666667 0.00703125 0.010416666666666666
0 0.742578125 0.6473958333333333 0.00859375 0.011458333333333333
0 0.575390625 0.6479166666666667 0.00859375 0.0125
0 0.4703125 0.64375 0.0078125 0.010416666666666666
0 0.8375 0.6432291666666666 0.009375 0.011458333333333333
0 0.365234375 0.6416666666666667 0.00703125 0.010416666666666666
0 0.24609375 0.6395833333333333 0.0078125 0.010416666666666666
0 0.3921875 0.6385416666666667 0.0078125 0.010416666666666666
0 0.212109375 0.6385416666666667 0.00859375 0.010416666666666666
0 0.73125 0.6317708333333333 0.009375 0.011458333333333333
0 0.525 0.6302083333333334 0.0078125 0.010416666666666666
0 0.408203125 0.6302083333333334 0.00859375 0.010416666666666666
0 0.31953125 0.6265625 0.0078125 0.005208333333333333
0 0.300390625 0.6296875 0.00859375 0.011458333333333333
0 0.337109375 0.6286458333333333 0.00859375 0.011458333333333333
0 0.283203125 0.6276041666666666 0.00859375 0.011458333333333333
0 0.575 0.6265625 0.0078125 0.011458333333333333
0 0.425 0.6260416666666667 0.0078125 0.010416666666666666
0 0.35390625 0.6239583333333333 0.0078125 0.010416666666666666
0 0.2515625 0.6177083333333333 0.0078125 0.010416666666666666
0 0.598828125 0.6171875 0.00390625 0.011458333333333333
0 0.457421875 0.6166666666666667 0.00859375 0.010416666666666666
0 0.718359375 0.6161458333333333 0.00859375 0.011458333333333333
0 0.53828125 0.6145833333333334 0.0046875 0.010416666666666666
0 0.269140625 0.6151041666666667 0.00859375 0.011458333333333333
0 0.384765625 0.6130208333333333 0.00703125 0.009375
0 0.48359375 0.6125 0.0078125 0.010416666666666666
0 0.803515625 0.6109375 0.01015625 0.011458333333333333
0 0.3109375 0.6109375 0.009375 0.011458333333333333
0 0.733984375 0.6098958333333333 0.00859375 0.011458333333333333
0 0.841796875 0.6083333333333333 0.01015625 0.010416666666666666
0 0.4375 0.6083333333333333 0.0078125 0.010416666666666666
0 0.3296875 0.6083333333333333 0.0078125 0.010416666666666666
0 0.29375 0.6088541666666667 0.0078125 0.011458333333333333
0 0.749609375 0.6036458333333333 0.00859375 0.011458333333333333
0 0.70546875 0.6020833333333333 0.009375 0.010416666666666666
0 0.4015625 0.5989583333333334 0.0078125 0.010416666666666666
0 0.608203125 0.5958333333333333 0.00859375 0.010416666666666666
0 0.575390625 0.5958333333333333 0.00703125 0.010416666666666666
0 0.352734375 0.5932291666666667 0.00859375 0.011458333333333333
0 0.264453125 0.5932291666666667 0.00859375 0.011458333333333333
0 0.247265625 0.5927083333333333 0.00859375 0.010416666666666666
0 0.854296875 0.5921875 0.01015625 0.011458333333333333
0 0.31875 0.5916666666666667 0.0078125 0.010416666666666666
0 0.28359375 0.5911458333333334 0.0078125 0.009375
0 0.30078125 0.5885416666666666 0.0078125 0.010416666666666666
0 0.3359375 0.5838541666666667 0.00625 0.007291666666666667
0 0.16796875 0.5833333333333334 0.0078125 0.008333333333333333
0 0.4703125 0.5833333333333334 0.0078125 0.010416666666666666
0 0.384375 0.5796875 0.0078125 0.011458333333333333
0 0.4546875 0.5770833333333333 0.0078125 0.010416666666666666
0 0.256640625 0.5739583333333333 0.00546875 0.010416666666666666
0 0.21171875 0.5739583333333333 0.0078125 0.010416666666666666
0 0.35546875 0.5708333333333333 0.0078125 0.010416666666666666
0 0.291015625 0.5708333333333333 0.00859375 0.010416666666666666
0 0.316796875 0.5697916666666667 0.00859375 0.010416666666666666
0 0.861328125 0.5677083333333334 0.01015625 0.010416666666666666
0 0.273828125 0.5682291666666667 0.00859375 0.011458333333333333
0 0.546484375 0.5666666666666667 0.00703125 0.010416666666666666
0 0.23359375 0.5640625 0.00625 0.005208333333333333
0 0.471875 0.5614583333333333 0.0078125 0.010416666666666666
0 0.391015625 0.559375 0.00703125 0.010416666666666666
0 0.342578125 0.5557291666666667 0.00703125 0.009375
0 0.200390625 0.5552083333333333 0.00859375 0.010416666666666666
0 0.248828125 0.5515625 0.00546875 0.005208333333333333
0 0.363671875 0.5515625 0.00703125 0.009375
0 0.305859375 0.5520833333333334 0.00859375 0.010416666666666666
0 0.17109375 0.5505208333333333 0.0078125 0.009375
0 0.283984375 0.5505208333333333 0.00859375 0.011458333333333333
0 0.266015625 0.5489583333333333 0.00859375 0.010416666666666666
0 0.32265625 0.5484375 0.0078125 0.011458333333333333
0 0.2328125 0.5447916666666667 0.00625 0.010416666666666666
0 0.216015625 0.5411458333333333 0.00390625 0.005208333333333333
0 0.200390625 0.5328125 0.00703125 0.009375
0 0.295703125 0.5322916666666667 0.00859375 0.010416666666666666
0 0.25 0.53125 0.0078125 0.010416666666666666
0 0.278125 0.5286458333333334 0.00625 0.007291666666666667
0 0.310546875 0.5229166666666667 0.00859375 0.010416666666666666
0 0.23046875 0.5223958333333333 0.0078125 0.011458333333333333
0 0.213671875 0.5182291666666666 0.00703125 0.011458333333333333
0 0.360546875 0.5161458333333333 0.00859375 0.009375
0 0.262890625 0.5161458333333333 0.00859375 0.009375
0 0.18046875 0.5104166666666666 0.0046875 0.00625
0 0.37734375 0.5109375 0.0078125 0.009375
0 0.88359375 0.5104166666666666 0.0078125 0.010416666666666666
0 0.865625 0.5104166666666666 0.009375 0.010416666666666666
0 0.294921875 0.5104166666666666 0.00859375 0.010416666666666666
0 0.24453125 0.5104166666666666 0.0078125 0.010416666666666666
0 0.277734375 0.50625 0.00703125 0.010416666666666666
0 0.1984375 0.5015625 0.0078125 0.007291666666666667
0 0.226953125 0.4984375 0.00234375 0.005208333333333333
0 0.798046875 0.5 0.01015625 0.010416666666666666
0 0.823046875 0.496875 0.01015625 0.010416666666666666
0 0.257421875 0.4947916666666667 0.00859375 0.010416666666666666
0 0.16796875 0.4921875 0.0078125 0.009375
0 0.680078125 0.49166666666666664 0.00859375 0.010416666666666666
0 0.885546875 0.4895833333333333 0.01015625 0.010416666666666666
0 0.185546875 0.48854166666666665 0.00703125 0.008333333333333333
0 0.23984375 0.48802083333333335 0.0078125 0.009375
0 0.15 0.48802083333333335 0.00625 0.009375
0 0.209765625 0.484375 0.00703125 0.00625
0 0.291796875 0.48541666666666666 0.00859375 0.010416666666666666
0 0.273046875 0.48541666666666666 0.00859375 0.010416666666666666
0 0.8359375 0.484375 0.009375 0.010416666666666666
0 0.7484375 0.48333333333333334 0.0046875 0.010416666666666666
0 0.751953125 0.47760416666666666 0.00078125 0.0010416666666666667
0 0.253125 0.47239583333333335 0.00625 0.009375
0 0.1765625 0.471875 0.0078125 0.008333333333333333
0 0.775390625 0.471875 0.01015625 0.010416666666666666
0 0.405078125 0.4713541666666667 0.00703125 0.009375
0 0.2203125 0.46822916666666664 0.0078125 0.009375
0 0.6140625 0.46770833333333334 0.0078125 0.010416666666666666
0 0.23671875 0.4666666666666667 0.0078125 0.008333333333333333
0 0.280859375 0.46458333333333335 0.00859375 0.010416666666666666
0 0.3859375 0.4609375 0.0078125 0.009375
0 0.748046875 0.4609375 0.00859375 0.011458333333333333
0 0.204296875 0.4578125 0.00546875 0.005208333333333333
0 0.76484375 0.45677083333333335 0.0078125 0.011458333333333333
0 0.249609375 0.4510416666666667 0.00859375 0.010416666666666666
0 0.26875 0.45 0.0078125 0.010416666666666666
0 0.865234375 0.44635416666666666 0.00390625 0.007291666666666667
0 0.3984375 0.4473958333333333 0.0078125 0.009375
0 0.63515625 0.4432291666666667 0.0078125 0.009375
0 0.215234375 0.4395833333333333 0.00859375 0.008333333333333333
0 0.848046875 0.43854166666666666 0.00859375 0.010416666666666666
0 0.19765625 0.43802083333333336 0.00625 0.009375
0 0.28203125 0.4359375 0.0078125 0.009375
0 0.798828125 0.4328125 0.01015625 0.009375
0 0.240234375 0.43125 0.00546875 0.00625
0 0.298828125 0.4322916666666667 0.00859375 0.010416666666666666
0 0.833203125 0.42916666666666664 0.00859375 0.010416666666666666
0 0.258203125 0.42552083333333335 0.00703125 0.005208333333333333
0 0.873046875 0.4276041666666667 0.01015625 0.011458333333333333
0 0.49140625 0.42604166666666665 0.0078125 0.010416666666666666
0 0.2234375 0.4197916666666667 0.0078125 0.008333333333333333
0 0.364453125 0.41770833333333335 0.00703125 0.010416666666666666
0 0.33359375 0.41770833333333335 0.0078125 0.010416666666666666
0 0.471875 0.4166666666666667 0.0078125 0.010416666666666666
0 0.276171875 0.4140625 0.00703125 0.007291666666666667
0 0.76953125 0.4140625 0.009375 0.009375
0 0.307421875 0.41302083333333334 0.00703125 0.007291666666666667
0 0.206640625 0.41302083333333334 0.00703125 0.007291666666666667
0 0.238671875 0.4083333333333333 0.00859375 0.00625
0 0.86484375 0.4046875 0.009375 0.005208333333333333
0 0.81171875 0.3984375 0.009375 0.011458333333333333
0 0.353515625 0.39791666666666664 0.00703125 0.010416666666666666
0 0.225 0.396875 0.0078125 0.008333333333333333
0 0.79375 0.3958333333333333 0.009375 0.010416666666666666
0 0.315234375 0.3932291666666667 0.00703125 0.007291666666666667
0 0.26015625 0.39375 0.0078125 0.008333333333333333
0 0.2984375 0.39375 0.0078125 0.010416666666666666
0 0.77265625 0.3927083333333333 0.009375 0.010416666666666666
0 0.63984375 0.3921875 0.0078125 0.009375
0 0.7328125 0.38958333333333334 0.0046875 0.010416666666666666
0 0.24296875 0.3828125 0.00625 0.005208333333333333
0 0.834375 0.38177083333333334 0.009375 0.011458333333333333
0 0.278125 0.38125 0.0078125 0.010416666666666666
0 0.323046875 0.37604166666666666 0.00703125 0.010416666666666666
0 0.26015625 0.371875 0.00625 0.00625
0 0.787109375 0.37135416666666665 0.00703125 0.007291666666666667
0 0.769140625 0.371875 0.00859375 0.010416666666666666
0 0.29609375 0.36822916666666666 0.0078125 0.009375
0 0.811328125 0.365625 0.01015625 0.010416666666666666
0 0.28046875 0.35989583333333336 0.0078125 0.009375
0 0.23125 0.359375 0.00625 0.008333333333333333
0 0.74609375 0.359375 0.009375 0.010416666666666666
0 0.248046875 0.3578125 0.00703125 0.009375
0 0.776171875 0.353125 0.01015625 0.010416666666666666
0 0.26484375 0.35208333333333336 0.0078125 0.008333333333333333
0 0.799609375 0.35104166666666664 0.00859375 0.010416666666666666
0 0.32421875 0.35 0.0078125 0.010416666666666666
0 0.5890625 0.3458333333333333 0.0078125 0.010416666666666666
0 0.220703125 0.34322916666666664 0.00703125 0.009375
0 0.36953125 0.3421875 0.0078125 0.009375
0 0.186328125 0.34010416666666665 0.00546875 0.005208333333333333
0 0.276953125 0.3390625 0.00703125 0.009375
0 0.701953125 0.3380208333333333 0.00859375 0.009375
0 0.78828125 0.334375 0.009375 0.010416666666666666
0 0.341015625 0.334375 0.00703125 0.010416666666666666
0 0.765625 0.3333333333333333 0.009375 0.010416666666666666
0 0.29375 0.3333333333333333 0.0078125 0.010416666666666666
0 0.3140625 0.3296875 0.0078125 0.009375
0 0.2 0.32708333333333334 0.00625 0.004166666666666667
0 0.445703125 0.3255208333333333 0.00703125 0.009375
0 0.67734375 0.32395833333333335 0.009375 0.010416666666666666
0 0.712890625 0.3234375 0.00859375 0.011458333333333333
0 0.3546875 0.3223958333333333 0.0078125 0.009375
0 0.69296875 0.3203125 0.009375 0.011458333333333333
0 0.58515625 0.31979166666666664 0.0078125 0.010416666666666666
0 0.835546875 0.328125 0.01640625 0.029166666666666667
0 0.273046875 0.3182291666666667 0.00703125 0.009375
0 0.3 0.31145833333333334 0.0078125 0.00625
0 0.226171875 0.3104166666666667 0.00703125 0.010416666666666666
0 0.190625 0.3098958333333333 0.00625 0.009375
0 0.24296875 0.30885416666666665 0.0078125 0.009375
0 0.338671875 0.30833333333333335 0.00703125 0.010416666666666666
0 0.259375 0.3046875 0.0078125 0.005208333333333333
0 0.670703125 0.3046875 0.00859375 0.011458333333333333
0 0.360546875 0.303125 0.00703125 0.010416666666666666
0 0.32265625 0.3 0.0078125 0.010416666666666666
0 0.727734375 0.29791666666666666 0.00859375 0.010416666666666666
0 0.52109375 0.29791666666666666 0.0078125 0.010416666666666666
0 0.7109375 0.29739583333333336 0.0078125 0.011458333333333333
0 0.3796875 0.29375 0.0078125 0.010416666666666666
0 0.306640625 0.29375 0.00703125 0.010416666666666666
0 0.6140625 0.29270833333333335 0.0078125 0.010416666666666666
0 0.434765625 0.2916666666666667 0.00703125 0.010416666666666666
0 0.274609375 0.28854166666666664 0.00703125 0.008333333333333333
0 0.50703125 0.28854166666666664 0.0078125 0.010416666666666666
0 0.78203125 0.2875 0.009375 0.010416666666666666
0 0.244140625 0.2869791666666667 0.00703125 0.009375
0 0.338671875 0.2864583333333333 0.00703125 0.010416666666666666
0 0.204296875 0.2833333333333333 0.00703125 0.004166666666666667
0 0.290625 0.284375 0.0078125 0.010416666666666666
0 0.553125 0.2833333333333333 0.0078125 0.010416666666666666
0 0.36484375 0.2828125 0.0078125 0.009375
0 0.220703125 0.28177083333333336 0.00703125 0.009375
0 0.26015625 0.2796875 0.0078125 0.009375
0 0.73984375 0.2796875 0.009375 0.011458333333333333
0 0.520703125 0.27760416666666665 0.00703125 0.011458333333333333
0 0.5671875 0.275 0.0078125 0.010416666666666666
0 0.715625 0.27447916666666666 0.009375 0.011458333333333333
0 0.32734375 0.27291666666666664 0.0078125 0.010416666666666666
0 0.31015625 0.27239583333333334 0.0078125 0.009375
0 0.35 0.2708333333333333 0.0078125 0.010416666666666666
0 0.190234375 0.26979166666666665 0.00703125 0.010416666666666666
0 0.284375 0.265625 0.0078125 0.010416666666666666
0 0.21015625 0.26458333333333334 0.0078125 0.008333333333333333
0 0.7015625 0.26458333333333334 0.009375 0.010416666666666666
0 0.252734375 0.2609375 0.00703125 0.009375
0 0.533203125 0.2598958333333333 0.00390625 0.009375
0 0.434375 0.2598958333333333 0.0078125 0.009375
0 0.376171875 0.259375 0.00703125 0.010416666666666666
0 0.398046875 0.25833333333333336 0.00703125 0.010416666666666666
0 0.29921875 0.2578125 0.0078125 0.011458333333333333
0 0.36015625 0.2552083333333333 0.0078125 0.010416666666666666
0 0.62578125 0.2552083333333333 0.0078125 0.0125
0 0.333203125 0.25364583333333335 0.00703125 0.009375
0 0.667578125 0.253125 0.00859375 0.010416666666666666
0 0.555078125 0.2526041666666667 0.00703125 0.009375
0 0.31640625 0.253125 0.0078125 0.010416666666666666
0 0.275 0.24791666666666667 0.0078125 0.010416666666666666
0 0.70390625 0.24322916666666666 0.0078125 0.011458333333333333
0 0.346875 0.24270833333333333 0.0078125 0.010416666666666666
0 0.23671875 0.24270833333333333 0.0078125 0.010416666666666666
0 0.2 0.24270833333333333 0.0078125 0.010416666666666666
0 0.72265625 0.2421875 0.009375 0.011458333333333333
0 0.38828125 0.24166666666666667 0.0078125 0.010416666666666666
0 0.5296875 0.23958333333333334 0.0078125 0.010416666666666666
0 0.36875 0.2375 0.0078125 0.010416666666666666
0 0.443359375 0.23645833333333333 0.00703125 0.010416666666666666
0 0.31015625 0.23489583333333333 0.0078125 0.011458333333333333
0 0.549609375 0.23229166666666667 0.00703125 0.010416666666666666
0 0.32890625 0.23229166666666667 0.0078125 0.010416666666666666
0 0.61484375 0.23125 0.0078125 0.010416666666666666
0 0.658203125 0.22760416666666666 0.00859375 0.011458333333333333
0 0.2953125 0.22552083333333334 0.0078125 0.011458333333333333
0 0.6 0.22291666666666668 0.0078125 0.010416666666666666
0 0.726953125 0.22291666666666668 0.00859375 0.0125
0 0.432421875 0.21875 0.00703125 0.010416666666666666
0 0.35859375 0.21875 0.0078125 0.010416666666666666
0 0.204296875 0.21822916666666667 0.00859375 0.011458333333333333
0 0.53203125 0.2171875 0.0078125 0.011458333333333333
0 0.26796875 0.2171875 0.0078125 0.011458333333333333
0 0.250390625 0.21614583333333334 0.00859375 0.011458333333333333
0 0.45234375 0.21458333333333332 0.0078125 0.010416666666666666
0 0.375 0.21458333333333332 0.0078125 0.010416666666666666
0 0.3359375 0.21302083333333333 0.0078125 0.011458333333333333
0 0.5859375 0.21145833333333333 0.0078125 0.010416666666666666
0 0.31875 0.20885416666666667 0.0078125 0.011458333333333333
0 0.38984375 0.20572916666666666 0.0078125 0.011458333333333333
0 0.462890625 0.19895833333333332 0.00703125 0.010416666666666666
0 0.364453125 0.1984375 0.00703125 0.009375
0 0.2765625 0.19895833333333332 0.0078125 0.010416666666666666
0 0.447265625 0.1953125 0.00703125 0.011458333333333333
0 0.3046875 0.1953125 0.0078125 0.011458333333333333
