0 0.22265625 0.9270222743259086 0.0125 0.005275498241500586
0 0.496484375 0.9103165298944901 0.00859375 0.007033997655334115
0 0.4203125 0.9047479484173505 0.0109375 0.00996483001172333
0 0.32578125 0.9003516998827668 0.0015625 0.0035169988276670576
0 0.46015625 0.8965416178194607 0.0015625 0.0029308323563892145
0 0.576953125 0.8959554513481829 0.01171875 0.0076201641266119575
0 0.624609375 0.8900937866354045 0.01171875 0.0076201641266119575
0 0.50546875 0.891559202813599 0.009375 0.010550996483001172
0 0.29921875 0.8859906213364596 0.0125 0.0076201641266119575
0 0.726953125 0.8836459554513482 0.01171875 0.00996483001172333
0 0.66328125 0.8760257913247362 0.0109375 0.006447831184056272
0 0.5796875 0.8766119577960141 0.0109375 0.00996483001172333
0 0.2765625 0.8763188745603752 0.0125 0.010550996483001172
0 0.645703125 0.8651817116060961 0.00078125 0.0011723329425556857
0 0.355859375 0.8654747948417351 0.00078125 0.0017584994138335288
0 0.691796875 0.8684056271981243 0.01015625 0.00996483001172333
0 0.478515625 0.8663540445486518 0.01171875 0.010550996483001172
0 0.381640625 0.8640093786635404 0.01015625 0.007033997655334115
0 0.40234375 0.8528722157092614 0.0015625 0.0011723329425556857
0 0.620703125 0.8540445486518171 0.00703125 0.009378663540445486
0 0.426953125 0.8525791324736225 0.01015625 0.0076201641266119575
0 0.501171875 0.85052754982415 0.01171875 0.010550996483001172
0 0.64765625 0.8417350527549824 0.0078125 0.005861664712778429
0 0.689453125 0.8423212192262602 0.01015625 0.009378663540445486
0 0.440625 0.8390973036342321 0.003125 0.0029308323563892145
0 0.464453125 0.839390386869871 0.01171875 0.010550996483001172
0 0.367578125 0.8376318874560376 0.01015625 0.008206330597889801
0 0.56171875 0.8373388042203986 0.0109375 0.011137162954279016
0 0.3015625 0.8326494724501758 0.0109375 0.008792497069167644
0 0.326171875 0.828253223915592 0.00390625 0.0023446658851113715
0 0.394140625 0.8232708089097304 0.00390625 0.0029308323563892145
0 0.730078125 0.8229777256740914 0.00859375 0.008206330597889801
0 0.658203125 0.8197538100820633 0.00546875 0.006447831184056272
0 0.3625 0.8165298944900352 0.0078125 0.007033997655334115
0 0.607421875 0.8109613130128956 0.00546875 0.004103165298944901
0 0.5140625 0.8138921453692849 0.0125 0.011137162954279016
0 0.203515625 0.813599062133646 0.01015625 0.010550996483001172
0 0.328125 0.8100820633059789 0.003125 0.004689331770222743
0 0.703515625 0.8115474794841735 0.01015625 0.00996483001172333
0 0.7453125 0.8089097303634232 0.009375 0.008206330597889801
0 0.181640625 0.8056858147713951 0.00078125 0.0017584994138335288
0 0.72578125 0.8048065650644783 0.0046875 0.0035169988276670576
0 0.2671875 0.8074443141852286 0.0109375 0.00996483001172333
0 0.178515625 0.802168815943728 0.00078125 0.0005861664712778429
0 0.176953125 0.8015826494724502 0.00078125 0.0005861664712778429
0 0.412890625 0.8048065650644783 0.01171875 0.009378663540445486
0 0.669921875 0.8033411488862837 0.00859375 0.008792497069167644
0 0.241015625 0.8039273153575616 0.01328125 0.00996483001172333
0 0.58359375 0.8033411488862837 0.0109375 0.00996483001172333
0 0.651953125 0.7974794841735052 0.00078125 0.0005861664712778429
0 0.381640625 0.8027549824150059 0.01171875 0.011137162954279016
0 0.4609375 0.7939624853458382 0.00625 0.00996483001172333
0 0.350390625 0.7942555685814772 0.01328125 0.010550996483001172
0 0.74296875 0.791031652989449 0.00625 0.005275498241500586
0 0.566796875 0.7919109026963658 0.01171875 0.010550996483001172
0 0.686328125 0.7904454865181711 0.00859375 0.00996483001172333
0 0.515625 0.7907385697538101 0.0109375 0.010550996483001172
0 0.309375 0.7886869871043376 0.009375 0.006447831184056272
0 0.286328125 0.786928487690504 0.01015625 0.006447831184056272
0 0.4203125 0.7863423212192263 0.0109375 0.00996483001172333
0 0.235546875 0.7828253223915592 0.00078125 0.0029308323563892145
0 0.6171875 0.7845838218053928 0.0109375 0.00996483001172333
0 0.539453125 0.7834114888628371 0.00390625 0.0076201641266119575
0 0.33203125 0.7801875732708089 0.0109375 0.005861664712778429
0 0.669140625 0.779601406799531 0.00859375 0.009378663540445486
0 0.15078125 0.7766705744431418 0.0109375 0.008206330597889801
0 0.765625 0.7763774912075029 0.009375 0.008792497069167644
0 0.39609375 0.7746189917936694 0.009375 0.0076201641266119575
0 0.440234375 0.7737397420867527 0.01171875 0.007033997655334115
0 0.25390625 0.7708089097303634 0.0015625 0.0023446658851113715
0 0.359765625 0.7705158264947245 0.00703125 0.004103165298944901
0 0.7390625 0.772274325908558 0.0109375 0.008792497069167644
0 0.215234375 0.7716881594372802 0.01171875 0.0076201641266119575
0 0.28203125 0.768757327080891 0.00625 0.005275498241500586
0 0.862109375 0.7702227432590856 0.01171875 0.009378663540445486
0 0.8078125 0.7690504103165299 0.0125 0.009378663540445486
0 0.68828125 0.7664126611957796 0.009375 0.00996483001172333
0 0.31171875 0.7605509964830012 0.0078125 0.006447831184056272
0 0.3359375 0.7593786635404455 0.0109375 0.006447831184056272
0 0.782421875 0.7590855803048066 0.01171875 0.008206330597889801
0 0.565234375 0.7570339976553341 0.01171875 0.00996483001172333
0 0.265234375 0.7532239155920282 0.01015625 0.005861664712778429
0 0.29453125 0.7508792497069168 0.0015625 0.0023446658851113715
0 0.74921875 0.7532239155920282 0.0125 0.009378663540445486
0 0.36484375 0.7520515826494725 0.009375 0.007033997655334115
0 0.676171875 0.7491207502930832 0.00859375 0.009378663540445486
0 0.71875 0.7470691676436108 0.0125 0.0076201641266119575
0 0.346484375 0.742672919109027 0.00390625 0.0035169988276670576
0 0.31875 0.7406213364595545 0.0109375 0.005275498241500586
0 0.697265625 0.7423798358733881 0.01171875 0.00996483001172333
0 0.78359375 0.7412075029308324 0.0125 0.008792497069167644
0 0.655859375 0.7400351699882767 0.01171875 0.00996483001172333
0 0.24921875 0.7376905041031653 0.0109375 0.0076201641266119575
0 0.275 0.735052754982415 0.0109375 0.007033997655334115
0 0.3953125 0.7330011723329426 0.0046875 0.004103165298944901
0 0.86640625 0.7321219226260258 0.0125 0.009378663540445486
0 0.71953125 0.7286049237983587 0.0109375 0.009378663540445486
0 0.298828125 0.727432590855803 0.01171875 0.007033997655334115
0 0.3515625 0.7242086752637749 0.0046875 0.004103165298944901
0 0.375390625 0.7233294255568582 0.00390625 0.0035169988276670576
0 0.449609375 0.7233294255568582 0.01171875 0.008206330597889801
0 0.32421875 0.7227432590855803 0.0109375 0.007033997655334115
0 0.8171875 0.7227432590855803 0.0125 0.009378663540445486
0 0.26015625 0.7206916764361079 0.0109375 0.006447831184056272
0 0.283203125 0.712778429073857 0.01171875 0.007033997655334115
0 0.798828125 0.7113130128956624 0.01171875 0.0076201641266119575
0 0.232421875 0.7101406799531067 0.01171875 0.0076201641266119575
0 0.85 0.7075029308323564 0.0078125 0.007033997655334115
0 0.34140625 0.7072098475967175 0.0125 0.006447831184056272
0 0.307421875 0.7057444314185228 0.00546875 0.004689331770222743
0 0.163671875 0.7036928487690504 0.01328125 0.0076201641266119575
0 0.737890625 0.701641266119578 0.01171875 0.009378663540445486
0 0.255078125 0.7001758499413834 0.01171875 0.006447831184056272
0 0.20546875 0.7007620164126612 0.0125 0.0076201641266119575
0 0.82734375 0.6992966002344666 0.0046875 0.007033997655334115
0 0.57578125 0.6975381008206331 0.0078125 0.005861664712778429
0 0.7671875 0.693728018757327 0.0109375 0.0076201641266119575
0 0.800390625 0.6934349355216881 0.01171875 0.008206330597889801
0 0.328125 0.6922626025791325 0.0109375 0.005861664712778429
0 0.65703125 0.6934349355216881 0.0109375 0.009378663540445486
0 0.4015625 0.6928487690504103 0.0109375 0.008206330597889801
0 0.283203125 0.69021101992966 0.01171875 0.005275498241500586
0 0.377734375 0.6887456037514654 0.00703125 0.005861664712778429
0 0.187109375 0.6878663540445487 0.01328125 0.0076201641266119575
0 0.844921875 0.686694021101993 0.00703125 0.006447831184056272
0 0.352734375 0.6872801875732708 0.01171875 0.0076201641266119575
0 0.237109375 0.6869871043376319 0.01015625 0.007033997655334115
0 0.556640625 0.6875732708089097 0.01015625 0.009378663540445486
0 0.534765625 0.6852286049237983 0.00546875 0.005861664712778429
0 0.26171875 0.6817116060961314 0.0125 0.007033997655334115
0 0.5921875 0.6820046893317703 0.0109375 0.008792497069167644
0 0.7859375 0.6799531066822978 0.0109375 0.008206330597889801
0 0.7578125 0.6770222743259086 0.0078125 0.007033997655334115
0 0.825 0.6773153575615475 0.0125 0.008792497069167644
0 0.411328125 0.6764361078546307 0.01171875 0.008206330597889801
0 0.219140625 0.6735052754982415 0.01328125 0.007033997655334115
0 0.571875 0.6737983587338804 0.0109375 0.008792497069167644
0 0.635546875 0.6720398593200468 0.00703125 0.006447831184056272
0 0.33203125 0.6720398593200468 0.0125 0.006447831184056272
0 0.28671875 0.6723329425556858 0.0125 0.007033997655334115
0 0.37109375 0.6711606096131302 0.0125 0.008206330597889801
0 0.86328125 0.6667643610785463 0.0125 0.008792497069167644
0 0.800390625 0.6664712778429074 0.01015625 0.008206330597889801
0 0.7734375 0.6664712778429074 0.009375 0.008206330597889801
0 0.187890625 0.6647127784290738 0.01328125 0.007033997655334115
0 0.309765625 0.6626611957796014 0.01171875 0.006447831184056272
0 0.264453125 0.6611957796014069 0.01171875 0.005861664712778429
0 0.237890625 0.6609026963657679 0.01171875 0.006447831184056272
0 0.64921875 0.6594372801875733 0.0109375 0.007033997655334115
0 0.55859375 0.6579718640093787 0.0109375 0.005275498241500586
0 0.819921875 0.6585580304806565 0.01171875 0.008792497069167644
0 0.353125 0.6579718640093787 0.0125 0.0076201641266119575
0 0.396875 0.6553341148886284 0.0125 0.005861664712778429
0 0.16640625 0.6541617819460727 0.0125 0.007033997655334115
0 0.740234375 0.6541617819460727 0.01171875 0.008206330597889801
0 0.289453125 0.652696365767878 0.01171875 0.008792497069167644
0 0.33046875 0.6515240328253223 0.0125 0.0076201641266119575
0 0.763671875 0.6506447831184057 0.01015625 0.008206330597889801
0 0.793359375 0.6497655334114889 0.01171875 0.008792497069167644
0 0.465625 0.6483001172332943 0.0109375 0.005861664712778429
0 0.883203125 0.6459554513481829 0.00859375 0.008206330597889801
0 0.376953125 0.6450762016412661 0.01328125 0.0076201641266119575
0 0.226953125 0.6441969519343493 0.01171875 0.005861664712778429
0 0.2671875 0.6430246189917936 0.0125 0.008206330597889801
0 0.687109375 0.6430246189917936 0.01171875 0.009378663540445486
0 0.31015625 0.641559202813599 0.0109375 0.0076201641266119575
0 0.35390625 0.6389214536928488 0.0125 0.009378663540445486
0 0.4 0.6368698710433763 0.0125 0.006447831184056272
0 0.862109375 0.6374560375146542 0.01171875 0.008792497069167644
0 0.7328125 0.6359906213364596 0.009375 0.005861664712778429
0 0.649609375 0.6356975381008206 0.01171875 0.008792497069167644
0 0.247265625 0.6321805392731535 0.01171875 0.005275498241500586
0 0.288671875 0.6315943728018757 0.01171875 0.006447831184056272
0 0.81796875 0.6321805392731535 0.0125 0.008792497069167644
0 0.58359375 0.6321805392731535 0.0109375 0.008792497069167644
0 0.33125 0.6324736225087925 0.0125 0.009378663540445486
0 0.195703125 0.6307151230949589 0.01015625 0.005861664712778429
0 0.447265625 0.6295427901524033 0.01171875 0.005861664712778429
0 0.8421875 0.6280773739742087 0.0109375 0.008792497069167644
0 0.36328125 0.6248534583821805 0.0015625 0.0023446658851113715
0 0.22109375 0.6260257913247362 0.009375 0.005861664712778429
0 0.373046875 0.6239742086752638 0.00390625 0.004103165298944901
0 0.88359375 0.6189917936694022 0.0078125 0.008206330597889801
0 0.266015625 0.6184056271981243 0.01171875 0.007033997655334115
0 0.771484375 0.6184056271981243 0.01171875 0.008206330597889801
0 0.600390625 0.6184056271981243 0.01171875 0.008206330597889801
0 0.345703125 0.6160609613130129 0.01328125 0.008206330597889801
0 0.144921875 0.6154747948417351 0.01328125 0.007033997655334115
0 0.32109375 0.6151817116060961 0.0125 0.008792497069167644
0 0.2421875 0.6134232121922626 0.009375 0.005275498241500586
0 0.295703125 0.6131301289566237 0.01171875 0.005861664712778429
0 0.438671875 0.6131301289566237 0.01171875 0.007033997655334115
0 0.416796875 0.6087338804220399 0.01171875 0.005275498241500586
0 0.366015625 0.6052168815943728 0.01328125 0.006447831184056272
0 0.850390625 0.6052168815943728 0.01171875 0.008792497069167644
0 0.777734375 0.6002344665885111 0.00859375 0.005861664712778429
0 0.27578125 0.6014067995310668 0.0125 0.008206330597889801
0 0.224609375 0.5999413833528722 0.00859375 0.005275498241500586
0 0.633203125 0.597303634232122 0.01171875 0.008206330597889801
0 0.44375 0.5952520515826495 0.0125 0.006447831184056272
0 0.24921875 0.5955451348182884 0.0125 0.007033997655334115
0 0.8328125 0.5955451348182884 0.0078125 0.008206330597889801
0 0.17421875 0.5949589683470106 0.0125 0.007033997655334115
0 0.2 0.5940797186400938 0.0125 0.006447831184056272
0 0.309375 0.5926143024618992 0.0125 0.007033997655334115
0 0.3640625 0.5867526377491208 0.0109375 0.005861664712778429
0 0.850390625 0.5838218053927315 0.00703125 0.007033997655334115
0 0.268359375 0.5829425556858148 0.01328125 0.005275498241500586
0 0.221875 0.5800117233294255 0.0078125 0.005275498241500586
0 0.196875 0.5750293083235639 0.0109375 0.005861664712778429
0 0.246484375 0.5756154747948418 0.01328125 0.009378663540445486
0 0.69609375 0.574736225087925 0.009375 0.008792497069167644
0 0.16171875 0.5726846424384525 0.0125 0.007033997655334115
0 0.866015625 0.5720984759671747 0.01015625 0.008206330597889801
0 0.831640625 0.5715123094958968 0.01171875 0.008206330597889801
0 0.411328125 0.5712192262602579 0.01171875 0.0076201641266119575
0 0.27109375 0.5647713950762017 0.0125 0.006447831184056272
0 0.521484375 0.5653575615474795 0.01171875 0.008792497069167644
0 0.8859375 0.5638921453692849 0.009375 0.008206330597889801
0 0.308984375 0.5609613130128956 0.01328125 0.007033997655334115
0 0.756640625 0.5609613130128956 0.01015625 0.008206330597889801
0 0.183203125 0.5592028135990621 0.01171875 0.007033997655334115
0 0.7921875 0.5589097303634232 0.0109375 0.0076201641266119575
0 0.815625 0.555978898007034 0.009375 0.0076201641266119575
0 0.23671875 0.5539273153575616 0.0109375 0.005861664712778429
0 0.36171875 0.552168815943728 0.0125 0.007033997655334115
0 0.3328125 0.5504103165298945 0.0046875 0.005861664712778429
0 0.155078125 0.5489449003516998 0.01328125 0.006447831184056272
0 0.28125 0.5477725674091442 0.0125 0.006447831184056272
0 0.405859375 0.5471864009378663 0.01171875 0.006447831184056272
0 0.2578125 0.5416178194607268 0.0078125 0.004689331770222743
0 0.83359375 0.5419109026963658 0.0078125 0.0076201641266119575
0 0.192578125 0.5413247362250879 0.01171875 0.006447831184056272
0 0.380859375 0.5401524032825322 0.01328125 0.006447831184056272
0 0.22109375 0.5386869871043376 0.0109375 0.005861664712778429
0 0.792578125 0.5375146541617819 0.00859375 0.005861664712778429
0 0.33515625 0.5316529894490035 0.0125 0.007033997655334115
0 0.459375 0.5322391559202814 0.0125 0.009378663540445486
0 0.265625 0.5278429073856975 0.0015625 0.0017584994138335288
0 0.275390625 0.5278429073856975 0.00546875 0.004103165298944901
0 0.726171875 0.5278429073856975 0.00859375 0.005275498241500586
0 0.29765625 0.5281359906213364 0.0125 0.005861664712778429
0 0.155078125 0.5263774912075029 0.01171875 0.005861664712778429
0 0.843359375 0.5269636576787807 0.01015625 0.008206330597889801
0 0.239453125 0.5254982415005862 0.01171875 0.006447831184056272
0 0.20546875 0.5234466588511137 0.009375 0.005861664712778429
0 0.417578125 0.5228604923798359 0.01171875 0.007033997655334115
0 0.17890625 0.5161195779601406 0.009375 0.005275498241500586
0 0.469140625 0.5146541617819461 0.01015625 0.007033997655334115
0 0.136328125 0.5126025791324736 0.00859375 0.005275498241500586
0 0.75078125 0.5123094958968347 0.009375 0.008206330597889801
0 0.288671875 0.511137162954279 0.01171875 0.005861664712778429
0 0.62421875 0.5120164126611958 0.0109375 0.008792497069167644
0 0.855859375 0.511430246189918 0.01015625 0.008792497069167644
0 0.834375 0.511137162954279 0.0078125 0.008206330597889801
0 0.533984375 0.5108440797186401 0.01171875 0.0076201641266119575
0 0.715625 0.5093786635404455 0.0109375 0.008206330597889801
0 0.227734375 0.5052754982415005 0.01171875 0.005861664712778429
0 0.571484375 0.5052754982415005 0.01171875 0.008206330597889801
0 0.401171875 0.5026377491207503 0.00546875 0.0029308323563892145
0 0.391796875 0.5017584994138335 0.00078125 0.0011723329425556857
0 0.810546875 0.5026377491207503 0.01171875 0.008792497069167644
0 0.421484375 0.5002930832356389 0.01171875 0.0076201641266119575
0 0.1859375 0.4976553341148886 0.0109375 0.005861664712778429
0 0.373828125 0.4967760844079719 0.01171875 0.006447831184056272
0 0.149609375 0.49531066822977726 0.01171875 0.005861664712778429
0 0.859375 0.49384525205158264 0.0109375 0.0076201641266119575
0 0.287109375 0.4903282532239156 0.01171875 0.006447831184056272
0 0.77890625 0.49091441969519345 0.0109375 0.008792497069167644
0 0.879296875 0.4894490035169988 0.01328125 0.008206330597889801
0 0.5375 0.4876905041031653 0.009375 0.005861664712778429
0 0.3375 0.48739742086752635 0.0125 0.006447831184056272
0 0.263671875 0.48300117233294254 0.01328125 0.005861664712778429
0 0.23359375 0.4835873388042204 0.0125 0.007033997655334115
0 0.389453125 0.48329425556858147 0.01328125 0.0076201641266119575
0 0.835546875 0.48300117233294254 0.01171875 0.008206330597889801
0 0.414453125 0.48212192262602577 0.01171875 0.006447831184056272
0 0.168359375 0.48212192262602577 0.01171875 0.006447831184056272
0 0.19453125 0.48007033997655335 0.0125 0.005861664712778429
0 0.799609375 0.47772567409144195 0.00859375 0.007033997655334115
0 0.35703125 0.47596717467760846 0.0125 0.007033997655334115
0 0.321484375 0.4730363423212192 0.01328125 0.007033997655334115
0 0.209765625 0.47039859320046895 0.00390625 0.0029308323563892145
0 0.464453125 0.4715709261430246 0.01171875 0.006447831184056272
0 0.218359375 0.4695193434935522 0.00703125 0.004689331770222743
0 0.81640625 0.4645369284876905 0.00625 0.0017584994138335288
0 0.3984375 0.46600234466588514 0.0125 0.007033997655334115
0 0.266796875 0.4645369284876905 0.01328125 0.006447831184056272
0 0.241015625 0.46483001172332944 0.01328125 0.007033997655334115
0 0.44296875 0.4633645955451348 0.0109375 0.005275498241500586
0 0.654296875 0.46277842907385697 0.01171875 0.0076201641266119575
0 0.376171875 0.46131301289566234 0.00703125 0.004689331770222743
0 0.710546875 0.4621922626025791 0.01171875 0.008792497069167644
0 0.341796875 0.4601406799531067 0.01015625 0.004689331770222743
0 0.678125 0.4610199296600234 0.0109375 0.0076201641266119575
0 0.837109375 0.4610199296600234 0.01171875 0.008792497069167644
0 0.501171875 0.4604337631887456 0.01171875 0.0076201641266119575
0 0.798046875 0.458968347010551 0.01015625 0.008206330597889801
0 0.30546875 0.45838218053927315 0.0125 0.007033997655334115
0 0.86640625 0.4577960140679953 0.00625 0.007033997655334115
0 0.4203125 0.45691676436107853 0.0125 0.006447831184056272
0 0.775 0.4548651817116061 0.0125 0.008206330597889801
0 0.4640625 0.4522274325908558 0.009375 0.005275498241500586
0 0.619140625 0.45281359906213364 0.01171875 0.008792497069167644
0 0.573828125 0.45193434935521687 0.01171875 0.007033997655334115
0 0.8859375 0.45076201641266117 0.009375 0.008206330597889801
0 0.184375 0.44871043376318875 0.0125 0.006447831184056272
0 0.396484375 0.4469519343493552 0.01171875 0.006447831184056272
0 0.351953125 0.44460726846424387 0.00390625 0.0017584994138335288
0 0.34296875 0.4437280187573271 0.0015625 0.0011723329425556857
0 0.246875 0.44636576787807736 0.0109375 0.006447831184056272
0 0.4859375 0.44636576787807736 0.0125 0.0076201641266119575
0 0.354296875 0.4428487690504103 0.00078125 0.0005861664712778429
0 0.440234375 0.4454865181711606 0.01015625 0.007033997655334115
0 0.721875 0.44607268464243843 0.0125 0.009378663540445486
0 0.29765625 0.4428487690504103 0.003125 0.004103165298944901
0 0.844921875 0.44460726846424387 0.01015625 0.008792497069167644
0 0.594140625 0.4428487690504103 0.01171875 0.006447831184056272
0 0.518359375 0.4416764361078546 0.01015625 0.005275498241500586
0 0.79296875 0.4416764361078546 0.0125 0.008792497069167644
0 0.866796875 0.4369871043376319 0.00703125 0.0017584994138335288
0 0.7453125 0.4405041031652989 0.0125 0.008792497069167644
0 0.54609375 0.4393317702227433 0.0125 0.006447831184056272
0 0.41796875 0.4393317702227433 0.0125 0.0076201641266119575
0 0.823046875 0.4393317702227433 0.01171875 0.008792497069167644
0 0.4671875 0.43669402110199296 0.0125 0.004689331770222743
0 0.324609375 0.4369871043376319 0.01328125 0.006447831184056272
0 0.376953125 0.43522860492379833 0.01328125 0.006447831184056272
0 0.703515625 0.4331770222743259 0.01015625 0.007033997655334115
0 0.8921875 0.43347010550996484 0.009375 0.008792497069167644
0 0.56796875 0.4317116060961313 0.0109375 0.006447831184056272
0 0.17421875 0.432883939038687 0.0140625 0.00996483001172333
0 0.519921875 0.4243845252051583 0.00078125 0.0011723329425556857
0 0.39921875 0.4276084407971864 0.0125 0.0076201641266119575
0 0.834375 0.42555685814771393 0.0046875 0.004689331770222743
0 0.446484375 0.42672919109026963 0.01171875 0.007033997655334115
0 0.240625 0.42819460726846426 0.0140625 0.00996483001172333
0 0.83984375 0.42291910902696367 0.003125 0.0005861664712778429
0 0.783203125 0.4264361078546307 0.00859375 0.0076201641266119575
0 0.80625 0.42467760844079716 0.0109375 0.005275498241500586
0 0.68125 0.42584994138335286 0.0125 0.0076201641266119575
0 0.283203125 0.4232121922626026 0.01015625 0.005861664712778429
0 0.873046875 0.42291910902696367 0.00859375 0.0076201641266119575
0 0.35546875 0.4232121922626026 0.0125 0.008206330597889801
0 0.487109375 0.42057444314185227 0.00859375 0.005275498241500586
0 0.42265625 0.4208675263774912 0.0125 0.007033997655334115
0 0.590625 0.4167643610785463 0.0015625 0.0011723329425556857
0 0.3828125 0.41822977725674093 0.00625 0.005275498241500586
0 0.30703125 0.4176436107854631 0.0125 0.0076201641266119575
0 0.74765625 0.4164712778429074 0.00625 0.006447831184056272
0 0.33203125 0.414126611957796 0.0125 0.006447831184056272
0 0.2609375 0.41588511137162953 0.0140625 0.00996483001172333
0 0.5625 0.414126611957796 0.0109375 0.0076201641266119575
0 0.892578125 0.41060961313012895 0.00703125 0.0017584994138335288
0 0.465625 0.4135404454865182 0.0109375 0.0076201641266119575
0 0.8546875 0.41295427901524034 0.009375 0.008792497069167644
0 0.76796875 0.41295427901524034 0.0109375 0.008792497069167644
0 0.709375 0.41090269636576787 0.009375 0.005861664712778429
0 0.664453125 0.40943728018757325 0.00859375 0.005275498241500586
0 0.791015625 0.4100234466588511 0.01171875 0.008792497069167644
0 0.831640625 0.40943728018757325 0.01171875 0.008792497069167644
0 0.403125 0.40855803048065653 0.0109375 0.007033997655334115
0 0.63125 0.40855803048065653 0.0109375 0.008206330597889801
0 0.44296875 0.4070926143024619 0.009375 0.005275498241500586
0 0.133984375 0.40855803048065653 0.01484375 0.010550996483001172
0 0.877734375 0.40240328253223917 0.00078125 0.0005861664712778429
0 0.358984375 0.40504103165298944 0.01328125 0.008206330597889801
0 0.872265625 0.4003516998827667 0.01015625 0.0023446658851113715
0 0.312890625 0.4003516998827667 0.01015625 0.0035169988276670576
0 0.305859375 0.399179366940211 0.00078125 0.0011723329425556857
0 0.730859375 0.40211019929660025 0.01015625 0.009378663540445486
0 0.4828125 0.3994724501758499 0.009375 0.005275498241500586
0 0.23046875 0.40211019929660025 0.0140625 0.010550996483001172
0 0.15859375 0.4015240328253224 0.0140625 0.010550996483001172
0 0.27578125 0.39976553341148885 0.0125 0.008206330597889801
0 0.753125 0.3994724501758499 0.0109375 0.008792497069167644
0 0.853515625 0.39419695193434934 0.00078125 0.0005861664712778429
0 0.421484375 0.39683470105509966 0.01171875 0.005861664712778429
0 0.38203125 0.39771395076201643 0.0125 0.0076201641266119575
0 0.69296875 0.39683470105509966 0.009375 0.008206330597889801
0 0.33671875 0.39566236811254396 0.0125 0.007033997655334115
0 0.847265625 0.39331770222743256 0.01171875 0.0035169988276670576
0 0.536328125 0.39419695193434934 0.01171875 0.006447831184056272
0 0.801171875 0.39419695193434934 0.01328125 0.008792497069167644
0 0.891796875 0.3936107854630715 0.01015625 0.008792497069167644
0 0.65546875 0.3906799531066823 0.009375 0.0076201641266119575
0 0.45234375 0.39009378663540445 0.0109375 0.0076201641266119575
0 0.21015625 0.39009378663540445 0.0140625 0.00996483001172333
0 0.588671875 0.3862837045720985 0.01171875 0.008206330597889801
0 0.3578125 0.38569753810082064 0.0125 0.007033997655334115
0 0.721484375 0.3854044548651817 0.00703125 0.0076201641266119575
0 0.293359375 0.38452520515826494 0.01328125 0.005861664712778429
0 0.6765625 0.38364595545134816 0.0109375 0.006447831184056272
0 0.2421875 0.384232121922626 0.0125 0.0076201641266119575
0 0.763671875 0.3830597889800703 0.01015625 0.008792497069167644
0 0.40546875 0.38276670574443145 0.0109375 0.008206330597889801
0 0.787109375 0.3786635404454865 0.00703125 0.0035169988276670576
0 0.473828125 0.3801289566236811 0.01015625 0.006447831184056272
0 0.268359375 0.38188745603751467 0.01328125 0.00996483001172333
0 0.43046875 0.3795427901524033 0.0109375 0.006447831184056272
0 0.321875 0.3801289566236811 0.0125 0.0076201641266119575
0 0.38046875 0.3789566236811254 0.0125 0.0076201641266119575
0 0.8265625 0.3789566236811254 0.0109375 0.008792497069167644
0 0.69921875 0.3783704572098476 0.009375 0.0076201641266119575
0 0.850390625 0.37778429073856973 0.01171875 0.008792497069167644
0 0.74140625 0.37749120750293086 0.0078125 0.008206330597889801
0 0.896484375 0.3766119577960141 0.01328125 0.008792497069167644
0 0.217578125 0.3713364595545135 0.00078125 0.0005861664712778429
0 0.875390625 0.373094958968347 0.01328125 0.008792497069167644
0 0.805859375 0.3733880422039859 0.01171875 0.009378663540445486
0 0.617578125 0.37221570926143027 0.01015625 0.007033997655334115
0 0.510546875 0.373094958968347 0.01171875 0.008792497069167644
0 0.5734375 0.37075029308323565 0.0078125 0.005275498241500586
0 0.566015625 0.3678194607268464 0.00078125 0.0005861664712778429
0 0.45234375 0.37192262602579135 0.0125 0.008792497069167644
0 0.2234375 0.3686987104337632 0.0109375 0.0035169988276670576
0 0.59453125 0.36840562719812425 0.0109375 0.0076201641266119575
0 0.65703125 0.3678194607268464 0.009375 0.0076201641266119575
0 0.71796875 0.36723329425556855 0.009375 0.0076201641266119575
0 0.36171875 0.3669402110199297 0.0125 0.008206330597889801
0 0.30234375 0.36635404454865184 0.0125 0.007033997655334115
0 0.251171875 0.3675263774912075 0.01328125 0.009378663540445486
0 0.6796875 0.3660609613130129 0.0109375 0.0076201641266119575
0 0.7734375 0.3660609613130129 0.0109375 0.008792497069167644
0 0.336328125 0.36430246189917936 0.01171875 0.005275498241500586
0 0.415625 0.36400937866354044 0.0109375 0.007033997655334115
0 0.482421875 0.36313012895662367 0.01015625 0.006447831184056272
0 0.276953125 0.36400937866354044 0.01328125 0.009378663540445486
0 0.38984375 0.3616647127784291 0.0125 0.008206330597889801
0 0.750390625 0.36107854630715125 0.01015625 0.008206330597889801
0 0.85625 0.3604923798358734 0.0109375 0.008206330597889801
0 0.89375 0.3593200468933177 0.009375 0.007033997655334115
0 0.834375 0.3601992966002345 0.0109375 0.008792497069167644
0 0.702734375 0.35463071512309496 0.00390625 0.0035169988276670576
0 0.637890625 0.35550996483001174 0.01015625 0.005275498241500586
0 0.437109375 0.35668229777256744 0.01171875 0.0076201641266119575
0 0.795703125 0.35550996483001174 0.01171875 0.008792497069167644
0 0.5296875 0.35433763188745604 0.0125 0.0076201641266119575
0 0.50390625 0.3537514654161782 0.0078125 0.006447831184056272
0 0.46171875 0.3528722157092614 0.0109375 0.007033997655334115
0 0.7296875 0.35199296600234464 0.0109375 0.0076201641266119575
0 0.55390625 0.35140679953106685 0.0109375 0.0076201641266119575
0 0.234765625 0.3525791324736225 0.01328125 0.00996483001172333
0 0.66640625 0.350820633059789 0.009375 0.0076201641266119575
0 0.3203125 0.3505275498241501 0.0125 0.008206330597889801
0 0.874609375 0.3499413833528722 0.01015625 0.008206330597889801
0 0.370703125 0.34906213364595545 0.01171875 0.006447831184056272
0 0.29296875 0.3481828839390387 0.0109375 0.007033997655334115
0 0.7734375 0.34788980070339975 0.0109375 0.008792497069167644
0 0.59921875 0.3452520515826495 0.0109375 0.008206330597889801
0 0.483203125 0.34495896834701056 0.01015625 0.008792497069167644
0 0.419921875 0.3417350527549824 0.00859375 0.005861664712778429
0 0.833203125 0.34232121922626024 0.01015625 0.008206330597889801
0 0.393359375 0.3420281359906213 0.01171875 0.0076201641266119575
0 0.266796875 0.343200468933177 0.01328125 0.00996483001172333
0 0.89765625 0.3417350527549824 0.0109375 0.008206330597889801
0 0.687109375 0.3408558030480657 0.00859375 0.006447831184056272
0 0.62421875 0.34144196951934347 0.0109375 0.0076201641266119575
0 0.85625 0.33675263774912073 0.0046875 0.0017584994138335288
0 0.648046875 0.3399765533411489 0.01015625 0.008206330597889801
0 0.34921875 0.3402696365767878 0.0125 0.008792497069167644
0 0.51640625 0.33939038686987105 0.0109375 0.008206330597889801
0 0.572265625 0.3373388042203986 0.00703125 0.005275498241500586
0 0.443359375 0.33792497069167643 0.01015625 0.006447831184056272
0 0.794140625 0.3376318874560375 0.01171875 0.009378663540445486
0 0.71015625 0.33499413833528724 0.0046875 0.0076201641266119575
0 0.54609375 0.33499413833528724 0.009375 0.008792497069167644
0 0.73203125 0.3344079718640094 0.0078125 0.008792497069167644
0 0.307421875 0.3335287221570926 0.01015625 0.008206330597889801
0 0.880078125 0.3323563892145369 0.00859375 0.007033997655334115
0 0.465625 0.3323563892145369 0.009375 0.008206330597889801
0 0.230078125 0.3303048065650645 0.00859375 0.004103165298944901
0 0.375390625 0.3303048065650645 0.00546875 0.005275498241500586
0 0.77421875 0.3300117233294256 0.009375 0.008206330597889801
0 0.282421875 0.32854630715123095 0.01328125 0.008792497069167644
0 0.590625 0.3276670574443142 0.009375 0.008206330597889801
0 0.664453125 0.32620164126611956 0.00859375 0.006447831184056272
0 0.84140625 0.3256154747948417 0.0125 0.0076201641266119575
0 0.750390625 0.32620164126611956 0.01171875 0.008792497069167644
0 0.39765625 0.32415005861664714 0.0046875 0.004689331770222743
0 0.33046875 0.3256154747948417 0.0125 0.0076201641266119575
0 0.819140625 0.3256154747948417 0.01171875 0.008792497069167644
0 0.252734375 0.32620164126611956 0.01328125 0.00996483001172333
0 0.490234375 0.32415005861664714 0.00703125 0.007033997655334115
0 0.633203125 0.32415005861664714 0.00859375 0.008206330597889801
0 0.445703125 0.32209847596717467 0.00859375 0.004103165298944901
0 0.894921875 0.31975381008206333 0.00078125 0.0005861664712778429
0 0.6875 0.32297772567409144 0.009375 0.007033997655334115
0 0.898828125 0.3191676436107855 0.00078125 0.0005861664712778429
0 0.56171875 0.32092614302461897 0.0109375 0.0076201641266119575
0 0.51171875 0.32063305978898005 0.0109375 0.007033997655334115
0 0.422265625 0.31858147713950763 0.00546875 0.004103165298944901
0 0.724609375 0.31740914419695193 0.00390625 0.004103165298944901
0 0.61015625 0.31887456037514655 0.0109375 0.009378663540445486
0 0.356640625 0.317116060961313 0.00859375 0.009378663540445486
0 0.309765625 0.3156506447831184 0.01015625 0.006447831184056272
0 0.787109375 0.3159437280187573 0.01015625 0.008206330597889801
0 0.87578125 0.31477139507620167 0.0109375 0.008206330597889801
0 0.470703125 0.3127198124267292 0.00546875 0.006447831184056272
0 0.22109375 0.31447831184056274 0.0125 0.00996483001172333
0 0.53671875 0.3130128956623681 0.009375 0.008206330597889801
0 0.650390625 0.31096131301289565 0.00859375 0.0076201641266119575
0 0.854296875 0.31096131301289565 0.01015625 0.008792497069167644
0 0.765625 0.31096131301289565 0.009375 0.008792497069167644
0 0.582421875 0.3103751465416178 0.00859375 0.0076201641266119575
0 0.334375 0.3074443141852286 0.003125 0.0029308323563892145
0 0.830859375 0.30978898007034 0.01015625 0.008792497069167644
0 0.7421875 0.30890973036342323 0.0109375 0.008206330597889801
0 0.806640625 0.30803048065650646 0.01171875 0.008792497069167644
0 0.384375 0.3071512309495897 0.009375 0.008206330597889801
0 0.244921875 0.30685814771395076 0.00859375 0.008792497069167644
0 0.4921875 0.30568581477139506 0.0078125 0.0076201641266119575
0 0.409765625 0.30246189917936694 0.00078125 0.0011723329425556857
0 0.894140625 0.3050996483001172 0.01171875 0.0076201641266119575
0 0.69140625 0.3048065650644783 0.00625 0.007033997655334115
0 0.626171875 0.30568581477139506 0.01171875 0.008792497069167644
0 0.455078125 0.3048065650644783 0.00546875 0.008206330597889801
0 0.5171875 0.30275498241500587 0.00625 0.006447831184056272
0 0.432421875 0.30041031652989447 0.00078125 0.0017584994138335288
0 0.5609375 0.302168815943728 0.00625 0.006447831184056272
0 0.433203125 0.29835873388042206 0.00078125 0.0011723329425556857
0 0.712890625 0.3007033997655334 0.00859375 0.007033997655334115
0 0.295703125 0.2989449003516999 0.00703125 0.005861664712778429
0 0.36328125 0.29806565064478313 0.00625 0.005275498241500586
0 0.8703125 0.29835873388042206 0.009375 0.007033997655334115
0 0.602734375 0.29806565064478313 0.00859375 0.0076201641266119575
0 0.267578125 0.298651817116061 0.01171875 0.008792497069167644
0 0.759765625 0.2933763188745604 0.00078125 0.0005861664712778429
0 0.778125 0.2963071512309496 0.009375 0.008792497069167644
0 0.758984375 0.2922039859320047 0.00078125 0.0005861664712778429
0 0.672265625 0.29484173505275496 0.00546875 0.007033997655334115
0 0.843359375 0.2951348182883939 0.01171875 0.008792497069167644
0 0.537109375 0.29425556858147717 0.00859375 0.008206330597889801
0 0.82109375 0.2936694021101993 0.0109375 0.008206330597889801
0 0.75390625 0.29073856975381007 0.0078125 0.0023446658851113715
0 0.230859375 0.29161781946072685 0.00234375 0.004103165298944901
0 0.64453125 0.2924970691676436 0.0078125 0.008206330597889801
0 0.341015625 0.2898593200468933 0.00234375 0.0029308323563892145
0 0.580859375 0.2913247362250879 0.00546875 0.007033997655334115
0 0.45625 0.2901524032825322 0.00625 0.004689331770222743
0 0.22578125 0.28868698710433766 0.00625 0.0017584994138335288
0 0.79921875 0.29044548651817115 0.0109375 0.008792497069167644
0 0.731640625 0.2898593200468933 0.00703125 0.0076201641266119575
0 0.480078125 0.2895662368112544 0.00703125 0.007033997655334115
0 0.903515625 0.2881008206330598 0.00859375 0.0076201641266119575
0 0.505859375 0.28604923798358733 0.00390625 0.004689331770222743
0 0.38203125 0.28722157092614303 0.0078125 0.007033997655334115
0 0.313671875 0.28722157092614303 0.00859375 0.007033997655334115
0 0.620703125 0.2854630715123095 0.00703125 0.007033997655334115
0 0.406640625 0.2828253223915592 0.00546875 0.004103165298944901
0 0.55703125 0.283704572098476 0.0078125 0.007033997655334115
0 0.28046875 0.2825322391559203 0.009375 0.005861664712778429
0 0.881640625 0.2825322391559203 0.01015625 0.008206330597889801
0 0.708984375 0.28223915592028137 0.00859375 0.0076201641266119575
0 0.858203125 0.28194607268464245 0.01171875 0.008206330597889801
0 0.68671875 0.28106682297772567 0.00625 0.006447831184056272
0 0.433984375 0.28194607268464245 0.00859375 0.008206330597889801
0 0.59765625 0.27989449003517 0.0078125 0.0076201641266119575
0 0.2296875 0.27637749120750293 0.0015625 0.0005861664712778429
0 0.768359375 0.27960140679953105 0.01015625 0.008206330597889801
0 0.834765625 0.2787221570926143 0.01015625 0.008792497069167644
0 0.66484375 0.2757913247362251 0.003125 0.0029308323563892145
0 0.53125 0.2769636576787808 0.00625 0.0076201641266119575
0 0.359375 0.2772567409144197 0.0078125 0.008206330597889801
0 0.747265625 0.27549824150058616 0.00703125 0.008206330597889801
0 0.81171875 0.2749120750293083 0.009375 0.008206330597889801
0 0.32890625 0.27110199296600235 0.0046875 0.0029308323563892145
0 0.57734375 0.2716881594372802 0.0046875 0.005275498241500586
0 0.458984375 0.2731535756154748 0.00859375 0.008206330597889801
0 0.234375 0.27139507620164127 0.003125 0.007033997655334115
0 0.483203125 0.27110199296600235 0.00859375 0.0076201641266119575
0 0.231640625 0.2675849941383353 0.00078125 0.0005861664712778429
0 0.229296875 0.26699882766705746 0.00234375 0.0005861664712778429
0 0.788671875 0.26787807737397423 0.00859375 0.0035169988276670576
0 0.639453125 0.2690504103165299 0.01015625 0.005861664712778429
0 0.896875 0.2696365767878077 0.0125 0.008206330597889801
0 0.508203125 0.2672919109026964 0.00390625 0.0035169988276670576
0 0.724609375 0.26787807737397423 0.00546875 0.007033997655334115
0 0.5515625 0.2661195779601407 0.0046875 0.0035169988276670576
0 0.38828125 0.268464243845252 0.009375 0.008206330597889801
0 0.87109375 0.2672919109026964 0.009375 0.008206330597889801
0 0.852734375 0.26348182883939036 0.00078125 0.0005861664712778429
0 0.701171875 0.2661195779601407 0.00546875 0.005861664712778429
0 0.616796875 0.2661195779601407 0.00859375 0.007033997655334115
0 0.41953125 0.26582649472450176 0.009375 0.0076201641266119575
0 0.8484375 0.26143024618991795 0.0078125 0.0023446658851113715
0 0.830859375 0.2605509964830012 0.00078125 0.0005861664712778429
0 0.828515625 0.2587924970691676 0.00078125 0.0005861664712778429
0 0.824609375 0.2582063305978898 0.00546875 0.0017584994138335288
0 0.59375 0.2605509964830012 0.0078125 0.0076201641266119575
0 0.662890625 0.2584994138335287 0.00859375 0.007033997655334115
0 0.5296875 0.257620164126612 0.0046875 0.005275498241500586
0 0.348046875 0.2582063305978898 0.00703125 0.0076201641266119575
0 0.443359375 0.2584994138335287 0.00859375 0.009378663540445486
0 0.804296875 0.257620164126612 0.01015625 0.008792497069167644
0 0.740234375 0.25732708089097306 0.01015625 0.008206330597889801
0 0.571875 0.2543962485345838 0.0046875 0.004689331770222743
0 0.466015625 0.2552754982415006 0.01015625 0.0076201641266119575
0 0.312109375 0.2543962485345838 0.00703125 0.005861664712778429
0 0.37109375 0.25381008206330596 0.009375 0.007033997655334115
0 0.906640625 0.2532239155920281 0.01015625 0.008206330597889801
0 0.884765625 0.25351699882766704 0.01015625 0.008792497069167644
0 0.78203125 0.2523446658851114 0.0109375 0.008792497069167644
0 0.715625 0.25058616647127785 0.0046875 0.006447831184056272
0 0.68515625 0.25 0.0046875 0.005275498241500586
0 0.40390625 0.24970691676436108 0.0046875 0.004689331770222743
0 0.859765625 0.24706916764361078 0.00078125 0.0005861664712778429
0 0.49765625 0.2502930832356389 0.00625 0.007033997655334115
0 0.86171875 0.24648300117233293 0.0015625 0.0005861664712778429
0 0.630078125 0.24970691676436108 0.00703125 0.007033997655334115
0 0.548046875 0.24706916764361078 0.00859375 0.006447831184056272
0 0.841015625 0.24706916764361078 0.01015625 0.008792497069167644
0 0.81875 0.24413833528722156 0.009375 0.006447831184056272
0 0.33203125 0.24355216881594371 0.0078125 0.005275498241500586
0 0.75625 0.2444314185228605 0.009375 0.008206330597889801
0 0.605859375 0.24384525205158264 0.00859375 0.007033997655334115
0 0.42578125 0.2444314185228605 0.0078125 0.008206330597889801
0 0.45078125 0.24091441969519342 0.0046875 0.004689331770222743
0 0.65234375 0.2417936694021102 0.009375 0.0076201641266119575
0 0.734375 0.24062133645955452 0.00625 0.006447831184056272
0 0.35625 0.23827667057444316 0.0078125 0.005275498241500586
0 0.384375 0.23798358733880423 0.0078125 0.005861664712778429
0 0.521484375 0.23856975381008205 0.00703125 0.008206330597889801
0 0.476171875 0.23798358733880423 0.00703125 0.007033997655334115
0 0.797265625 0.23856975381008205 0.00859375 0.009378663540445486
0 0.896484375 0.23739742086752638 0.01015625 0.008206330597889801
0 0.71328125 0.23329425556858147 0.003125 0.0023446658851113715
0 0.565625 0.235052754982415 0.009375 0.005861664712778429
0 0.873828125 0.23534583821805394 0.01015625 0.008792497069167644
0 0.774609375 0.23417350527549824 0.01015625 0.008792497069167644
0 0.688671875 0.23241500586166472 0.00703125 0.006447831184056272
0 0.848828125 0.2283118405627198 0.00078125 0.0005861664712778429
0 0.851953125 0.22772567409144198 0.00390625 0.0005861664712778429
0 0.635546875 0.23007033997655335 0.00546875 0.006447831184056272
0 0.593359375 0.22977725674091443 0.00390625 0.005861664712778429
0 0.5421875 0.22889800703399765 0.00625 0.005275498241500586
0 0.409375 0.23007033997655335 0.0078125 0.0076201641266119575
0 0.497265625 0.2294841735052755 0.00859375 0.008792497069167644
0 0.433984375 0.22626025791324736 0.00703125 0.007033997655334115
0 0.75078125 0.22655334114888628 0.009375 0.008792497069167644
0 0.670703125 0.22332942555685814 0.00390625 0.0023446658851113715
0 0.809375 0.2227432590855803 0.0078125 0.005861664712778429
0 0.7296875 0.2212778429073857 0.0078125 0.006447831184056272
0 0.613671875 0.22186400937866355 0.00703125 0.0076201641266119575
0 0.226171875 0.22215709261430247 0.01015625 0.008206330597889801
0 0.90625 0.22186400937866355 0.0109375 0.008792497069167644
0 0.381640625 0.2186400937866354 0.00390625 0.0023446658851113715
0 0.52109375 0.2198124267291911 0.00625 0.007033997655334115
0 0.887109375 0.2160023446658851 0.00078125 0.0005861664712778429
0 0.880859375 0.2160023446658851 0.00078125 0.0005861664712778429
0 0.884765625 0.21541617819460726 0.00234375 0.0005861664712778429
0 0.5734375 0.21805392731535755 0.00625 0.005861664712778429
0 0.477734375 0.2186400937866354 0.00546875 0.007033997655334115
0 0.7859375 0.2171746776084408 0.009375 0.0076201641266119575
0 0.704296875 0.21483001172332944 0.00390625 0.006447831184056272
0 0.45390625 0.21131301289566237 0.0078125 0.005275498241500586
0 0.6390625 0.21131301289566237 0.0078125 0.006447831184056272
0 0.866796875 0.2077960140679953 0.00078125 0.0005861664712778429
0 0.4046875 0.21072684642438452 0.0078125 0.0076201641266119575
0 0.7625 0.2104337631887456 0.0109375 0.008206330597889801
0 0.595703125 0.208968347010551 0.00390625 0.005275498241500586
0 0.540625 0.20984759671746775 0.0078125 0.007033997655334115
0 0.4984375 0.20984759671746775 0.0078125 0.007033997655334115
0 0.428515625 0.2077960140679953 0.00859375 0.006447831184056272
0 0.819921875 0.20720984759671746 0.01015625 0.0076201641266119575
0 0.661328125 0.205158264947245 0.00703125 0.007033997655334115
0 0.61796875 0.20281359906213364 0.00625 0.007033997655334115
0 0.56328125 0.2007620164126612 0.003125 0.004103165298944901
0 0.34453125 0.20017584994138335 0.0046875 0.0029308323563892145
0 0.22578125 0.20281359906213364 0.009375 0.009378663540445486
0 0.724609375 0.20105509964830012 0.00703125 0.007033997655334115
0 0.378125 0.1981242672919109 0.0015625 0.0011723329425556857
0 0.884375 0.20105509964830012 0.009375 0.008206330597889801
0 0.684375 0.19841735052754983 0.0046875 0.0029308323563892145
0 0.519921875 0.20017584994138335 0.00703125 0.006447831184056272
0 0.77890625 0.19665885111371628 0.0046875 0.004103165298944901
0 0.801953125 0.19724501758499413 0.00546875 0.006447831184056272
0 0.74609375 0.19753810082063306 0.0109375 0.008206330597889801
0 0.47265625 0.19636576787807739 0.0078125 0.007033997655334115
0 0.844921875 0.19079718640093787 0.00078125 0.0005861664712778429
0 0.64296875 0.1937280187573271 0.00625 0.006447831184056272
0 0.409765625 0.19226260257913247 0.00546875 0.004689331770222743
0 0.840234375 0.19050410316529895 0.00703125 0.0023446658851113715
0 0.863671875 0.1925556858147714 0.01015625 0.0076201641266119575
0 0.583984375 0.19167643610785462 0.00546875 0.005861664712778429
0 0.496484375 0.19138335287221572 0.00703125 0.005275498241500586
0 0.540625 0.19050410316529895 0.0078125 0.005861664712778429
0 0.434375 0.18903868698710433 0.00625 0.004103165298944901
0 0.8203125 0.1884525205158265 0.009375 0.0076201641266119575
0 0.665234375 0.18669402110199296 0.00546875 0.006447831184056272
0 0.605859375 0.18669402110199296 0.00703125 0.006447831184056272
0 0.7609375 0.18347010550996484 0.009375 0.007033997655334115
0 0.517578125 0.18112543962485345 0.00234375 0.0023446658851113715
0 0.5625 0.1817116060961313 0.0046875 0.004689331770222743
0 0.883984375 0.18259085580304807 0.00859375 0.0076201641266119575
0 0.627734375 0.179073856975381 0.00546875 0.004103165298944901
0 0.740234375 0.17936694021101993 0.00546875 0.005861664712778429
0 0.783203125 0.17878077373974208 0.00859375 0.005861664712778429
0 0.47265625 0.17819460726846426 0.0046875 0.004689331770222743
0 0.6859375 0.17672919109026963 0.003125 0.0029308323563892145
0 0.540625 0.17291910902696367 0.003125 0.0011723329425556857
0 0.58359375 0.1735052754982415 0.0046875 0.0035169988276670576
0 0.448828125 0.17321219226260257 0.00390625 0.0029308323563892145
0 0.80546875 0.1746776084407972 0.009375 0.008206330597889801
0 0.903125 0.1746776084407972 0.0109375 0.009378663540445486
0 0.7171875 0.17379835873388041 0.00625 0.0076201641266119575
0 0.649609375 0.1720398593200469 0.00546875 0.006447831184056272
0 0.494921875 0.17174677608440797 0.00703125 0.005861664712778429
0 0.874609375 0.167936694021102 0.00078125 0.0005861664712778429
0 0.828125 0.16764361078546308 0.00625 0.0023446658851113715
0 0.6078125 0.167936694021102 0.0046875 0.005275498241500586
0 0.769140625 0.16588511137162953 0.00234375 0.0023446658851113715
0 0.424609375 0.16412661195779601 0.00390625 0.0035169988276670576
0 0.88359375 0.16295427901524032 0.00625 0.004689331770222743
0 0.56328125 0.16354044548651817 0.0046875 0.005861664712778429
0 0.790625 0.16178194607268465 0.00625 0.004689331770222743
0 0.519921875 0.15943728018757328 0.00234375 0.0023446658851113715
0 0.6296875 0.1597303634232122 0.0046875 0.004103165298944901
0 0.6890625 0.15885111371629543 0.0046875 0.005861664712778429
0 0.662890625 0.1559202813599062 0.00078125 0.0011723329425556857
0 0.84609375 0.15650644783118406 0.00625 0.004689331770222743
0 0.81171875 0.1570926143024619 0.009375 0.007033997655334115
0 0.5921875 0.15357561547479484 0.003125 0.0023446658851113715
0 0.37890625 0.15005861664712777 0.0015625 0.0023446658851113715
0 0.70625 0.14800703399765533 0.0078125 0.006447831184056272
0 0.756640625 0.1444900351699883 0.00234375 0.0005861664712778429
0 0.873046875 0.14800703399765533 0.01015625 0.008792497069167644
0 0.56953125 0.1444900351699883 0.0046875 0.004103165298944901
0 0.642578125 0.1447831184056272 0.00546875 0.005861664712778429
0 0.544921875 0.1433177022274326 0.00546875 0.005275498241500586
0 0.894921875 0.14155920281359907 0.00703125 0.0029308323563892145
0 0.608203125 0.14009378663540445 0.00390625 0.0023446658851113715
0 0.791015625 0.14273153575615474 0.01171875 0.008792497069167644
0 0.814453125 0.1392145369284877 0.01015625 0.008792497069167644
0 0.762890625 0.13393903868698712 0.00078125 0.0005861664712778429
0 0.89921875 0.1336459554513482 0.0046875 0.0011723329425556857
0 0.470703125 0.1336459554513482 0.00390625 0.0023446658851113715
0 0.76953125 0.12866354044548653 0.0015625 0.0005861664712778429
0 0.694140625 0.13071512309495897 0.00390625 0.004689331770222743
0 0.87890625 0.12954279015240328 0.009375 0.008206330597889801
0 0.7171875 0.12661195779601406 0.0046875 0.004689331770222743
0 0.833203125 0.12895662368112543 0.01171875 0.010550996483001172
0 0.569921875 0.12338804220398593 0.00078125 0.0005861664712778429
0 0.594140625 0.12368112543962485 0.00546875 0.004689331770222743
0 0.374609375 0.12133645955451348 0.00390625 0.0035169988276670576
0 0.856640625 0.1228018757327081 0.01015625 0.0076201641266119575
0 0.628125 0.11869871043376319 0.00625 0.0029308323563892145
0 0.812890625 0.11283704572098475 0.00078125 0.0005861664712778429
0 0.8109375 0.11107854630715124 0.003125 0.0017584994138335288
0 0.34921875 0.10961313012895663 0.003125 0.0023446658851113715
0 0.738671875 0.11019929660023446 0.01015625 0.009378663540445486
0 0.677734375 0.10550996483001172 0.00703125 0.005861664712778429
0 0.408984375 0.10199296600234467 0.00234375 0.0023446658851113715
0 0.372265625 0.10169988276670575 0.00234375 0.0017584994138335288
0 0.716796875 0.10199296600234467 0.00546875 0.005861664712778429
0 0.63515625 0.09964830011723329 0.0015625 0.0011723329425556857
0 0.578515625 0.10052754982415006 0.00234375 0.0029308323563892145
0 0.55234375 0.09525205158264947 0.0046875 0.004103165298944901
0 0.262109375 0.08177022274325908 0.00390625 0.006447831184056272
