0 0.369140625 0.8390973036342321 0.01015625 0.008792497069167644
0 0.305078125 0.8335287221570926 0.01171875 0.009378663540445486
0 0.4359375 0.8291324736225087 0.009375 0.006447831184056272
0 0.41328125 0.8185814771395076 0.0078125 0.0076201641266119575
0 0.3796875 0.8147713950762017 0.00625 0.007033997655334115
0 0.71953125 0.8118405627198124 0.0046875 0.004689331770222743
0 0.139453125 0.8130128956623681 0.01328125 0.009378663540445486
0 0.6875 0.8042203985932005 0.0078125 0.009378663540445486
0 0.42890625 0.8027549824150059 0.009375 0.008792497069167644
0 0.398046875 0.802168815943728 0.00703125 0.0076201641266119575
0 0.5125 0.7901524032825322 0.0109375 0.009378663540445486
0 0.15390625 0.7898593200468933 0.015625 0.00996483001172333
0 0.41171875 0.7845838218053928 0.0046875 0.005275498241500586
0 0.098828125 0.7863423212192263 0.01328125 0.008792497069167644
0 0.13359375 0.7860492379835874 0.015625 0.009378663540445486
0 0.388671875 0.7831184056271981 0.00859375 0.009378663540445486
0 0.3421875 0.779601406799531 0.0109375 0.009378663540445486
0 0.4265625 0.7646541617819461 0.009375 0.008792497069167644
0 0.45234375 0.7640679953106683 0.0109375 0.008792497069167644
0 0.26015625 0.7555685814771395 0.0125 0.009378663540445486
0 0.420703125 0.7444314185228605 0.01171875 0.009378663540445486
0 0.143359375 0.7444314185228605 0.01328125 0.009378663540445486
0 0.33125 0.7435521688159438 0.0109375 0.008792497069167644
0 0.484765625 0.742672919109027 0.01015625 0.009378663540445486
0 0.575390625 0.7344665885111371 0.01015625 0.009378663540445486
0 0.225390625 0.7335873388042204 0.01328125 0.008792497069167644
0 0.4625 0.7309495896834701 0.0109375 0.009378663540445486
0 0.546875 0.7247948417350527 0.0109375 0.008792497069167644
0 0.46640625 0.7116060961313013 0.0109375 0.009378663540445486
0 0.330078125 0.7113130128956624 0.01015625 0.008792497069167644
0 0.17421875 0.7048651817116061 0.0125 0.008792497069167644
0 0.56640625 0.697831184056272 0.0109375 0.008792497069167644
0 0.457421875 0.6837631887456037 0.01171875 0.008792497069167644
0 0.546484375 0.682590855803048 0.01171875 0.008792497069167644
0 0.2875 0.682590855803048 0.0125 0.00996483001172333
0 0.5125 0.6781946072684643 0.0125 0.009378663540445486
0 0.214453125 0.6776084407971864 0.01328125 0.010550996483001172
0 0.184765625 0.6758499413833529 0.01328125 0.008206330597889801
0 0.301953125 0.6682297772567409 0.01171875 0.009378663540445486
0 0.53828125 0.660609613130129 0.0125 0.009378663540445486
0 0.220703125 0.6609026963657679 0.01328125 0.00996483001172333
0 0.336328125 0.6597303634232122 0.01171875 0.008792497069167644
0 0.51328125 0.6588511137162955 0.0125 0.009378663540445486
0 0.712109375 0.6535756154747948 0.01171875 0.009378663540445486
0 0.0890625 0.6506447831184057 0.0125 0.008206330597889801
0 0.36171875 0.6503516998827668 0.0125 0.008792497069167644
0 0.839453125 0.64947245017585 0.01484375 0.010550996483001172
0 0.444921875 0.6447831184056272 0.01171875 0.009378663540445486
0 0.3859375 0.6433177022274326 0.0109375 0.0076201641266119575
0 0.284375 0.6439038686987104 0.0125 0.008792497069167644
0 0.49765625 0.6430246189917936 0.0109375 0.009378663540445486
0 0.16015625 0.6412661195779601 0.0140625 0.009378663540445486
0 0.6921875 0.6398007033997656 0.0125 0.008792497069167644
0 0.4765625 0.6330597889800703 0.0109375 0.008206330597889801
0 0.177734375 0.6286635404454866 0.01328125 0.008792497069167644
0 0.65625 0.6274912075029309 0.0125 0.008792497069167644
0 0.28984375 0.6184056271981243 0.0125 0.008206330597889801
0 0.344140625 0.6181125439624854 0.01171875 0.008792497069167644
0 0.538671875 0.6178194607268465 0.01171875 0.009378663540445486
0 0.42890625 0.6178194607268465 0.0125 0.009378663540445486
0 0.634765625 0.6160609613130129 0.01171875 0.008206330597889801
0 0.467578125 0.6143024618991794 0.01171875 0.009378663540445486
0 0.5140625 0.611664712778429 0.0109375 0.008792497069167644
0 0.3625 0.6014067995310668 0.0125 0.008206330597889801
0 0.33671875 0.6008206330597889 0.009375 0.007033997655334115
0 0.572265625 0.6008206330597889 0.01171875 0.009378663540445486
0 0.437109375 0.6002344665885111 0.01171875 0.008206330597889801
0 0.473828125 0.5955451348182884 0.01171875 0.009378663540445486
0 0.415625 0.5911488862837045 0.0109375 0.008792497069167644
0 0.5421875 0.5896834701055099 0.0125 0.009378663540445486
0 0.30390625 0.5864595545134819 0.0109375 0.008792497069167644
0 0.64140625 0.585873388042204 0.0125 0.008792497069167644
0 0.616015625 0.582063305978898 0.01171875 0.008206330597889801
0 0.666796875 0.5814771395076201 0.01328125 0.009378663540445486
0 0.358203125 0.5788393903868698 0.01171875 0.008792497069167644
0 0.45234375 0.5776670574443142 0.0125 0.008792497069167644
0 0.476171875 0.5764947245017585 0.01171875 0.008792497069167644
0 0.284375 0.5762016412661196 0.0125 0.009378663540445486
0 0.323828125 0.5750293083235639 0.01171875 0.008206330597889801
0 0.390234375 0.5738569753810082 0.01171875 0.008206330597889801
0 0.419921875 0.5712192262602579 0.01171875 0.008792497069167644
0 0.57109375 0.5609613130128956 0.0125 0.009378663540445486
0 0.5390625 0.559495896834701 0.0109375 0.008792497069167644
0 0.20859375 0.5577373974208675 0.0109375 0.005275498241500586
0 0.213671875 0.5542203985932005 0.00078125 0.0005861664712778429
0 0.459765625 0.5553927315357562 0.01171875 0.008792497069167644
0 0.15234375 0.5524618991793669 0.0125 0.008792497069167644
0 0.235546875 0.5489449003516998 0.01484375 0.008792497069167644
0 0.256640625 0.5480656506447831 0.01328125 0.008206330597889801
0 0.599609375 0.5477725674091442 0.01171875 0.008792497069167644
0 0.67734375 0.5463071512309496 0.0125 0.009378663540445486
0 0.324609375 0.5454279015240329 0.01171875 0.008792497069167644
0 0.55859375 0.5436694021101993 0.0125 0.008792497069167644
0 0.63359375 0.5424970691676436 0.0125 0.008792497069167644
0 0.526171875 0.5395662368112544 0.01171875 0.008792497069167644
0 0.400390625 0.5378077373974208 0.01171875 0.008792497069167644
0 0.475390625 0.5342907385697538 0.01171875 0.008792497069167644
0 0.431640625 0.5263774912075029 0.01328125 0.008206330597889801
0 0.6453125 0.5257913247362251 0.0125 0.009378663540445486
0 0.3453125 0.5246189917936694 0.0109375 0.008206330597889801
0 0.556640625 0.5219812426729191 0.01171875 0.008792497069167644
0 0.409375 0.5208089097303634 0.0125 0.0076201641266119575
0 0.522265625 0.5196365767878077 0.01171875 0.008792497069167644
0 0.61953125 0.5193434935521688 0.0125 0.009378663540445486
0 0.21328125 0.5167057444314185 0.015625 0.008792497069167644
0 0.67890625 0.5161195779601406 0.0125 0.008792497069167644
0 0.363671875 0.5123094958968347 0.01171875 0.009378663540445486
0 0.58515625 0.5093786635404455 0.0125 0.008206330597889801
0 0.392578125 0.5079132473622509 0.01171875 0.0076201641266119575
0 0.328515625 0.5084994138335287 0.01171875 0.008792497069167644
0 0.232421875 0.5082063305978898 0.01484375 0.008206330597889801
0 0.522265625 0.5011723329425557 0.01171875 0.008206330597889801
0 0.62578125 0.5011723329425557 0.0125 0.009378663540445486
0 0.179296875 0.4985345838218054 0.01328125 0.006447831184056272
0 0.485546875 0.4970691676436108 0.01171875 0.008206330597889801
0 0.25546875 0.4967760844079719 0.0109375 0.0076201641266119575
0 0.562890625 0.49618991793669404 0.01171875 0.008792497069167644
0 0.342578125 0.4932590855803048 0.01171875 0.008792497069167644
0 0.08203125 0.4917936694021102 0.0140625 0.008206330597889801
0 0.608984375 0.48681125439624856 0.01171875 0.008792497069167644
0 0.66953125 0.48563892145369286 0.0125 0.008792497069167644
0 0.31953125 0.48417350527549824 0.0109375 0.009378663540445486
0 0.128515625 0.48124267291910905 0.01484375 0.009378663540445486
0 0.5203125 0.47860492379835873 0.0125 0.008792497069167644
0 0.584375 0.47743259085580303 0.0125 0.008792497069167644
0 0.559765625 0.4768464243845252 0.01328125 0.008792497069167644
0 0.74375 0.4765533411488863 0.0125 0.009378663540445486
0 0.708984375 0.4712778429073857 0.01328125 0.009378663540445486
0 0.6515625 0.47039859320046895 0.0125 0.008792497069167644
0 0.612109375 0.4671746776084408 0.01171875 0.009378663540445486
0 0.297265625 0.466295427901524 0.01328125 0.0076201641266119575
0 0.45625 0.46600234466588514 0.0125 0.008206330597889801
0 0.31953125 0.46600234466588514 0.0140625 0.009378663540445486
0 0.541015625 0.4645369284876905 0.01171875 0.008792497069167644
0 0.50390625 0.4645369284876905 0.0125 0.008792497069167644
0 0.479296875 0.46395076201641267 0.01328125 0.0076201641266119575
0 0.124609375 0.46395076201641267 0.01171875 0.008792497069167644
0 0.0984375 0.4630715123094959 0.0140625 0.008206330597889801
0 0.591015625 0.45574443141852283 0.01328125 0.008792497069167644
0 0.162890625 0.45545134818288396 0.01015625 0.008206330597889801
0 0.69765625 0.45398593200468934 0.0125 0.008792497069167644
0 0.364453125 0.4533997655334115 0.01171875 0.0076201641266119575
0 0.5671875 0.45281359906213364 0.0125 0.008792497069167644
0 0.212890625 0.451348182883939 0.01484375 0.008206330597889801
0 0.517578125 0.44841735052754983 0.01171875 0.009378663540445486
0 0.61953125 0.44753810082063306 0.0125 0.008792497069167644
0 0.256640625 0.447831184056272 0.01328125 0.009378663540445486
0 0.233984375 0.4469519343493552 0.01640625 0.008792497069167644
0 0.31875 0.4457796014067995 0.0125 0.008792497069167644
0 0.491015625 0.44460726846424387 0.01171875 0.008792497069167644
0 0.28984375 0.4372801875732708 0.0125 0.008206330597889801
0 0.6859375 0.4369871043376319 0.0125 0.008792497069167644
0 0.10625 0.43640093786635403 0.0125 0.008792497069167644
0 0.57578125 0.43522860492379833 0.0125 0.008792497069167644
0 0.471875 0.4331770222743259 0.0125 0.008206330597889801
0 0.137890625 0.4317116060961313 0.01328125 0.008792497069167644
0 0.4484375 0.43141852286049237 0.0125 0.009378663540445486
0 0.6609375 0.42995310668229775 0.0125 0.008792497069167644
0 0.5203125 0.43024618991793667 0.0125 0.009378663540445486
0 0.253515625 0.43024618991793667 0.01171875 0.009378663540445486
0 0.310546875 0.42936694021101995 0.01328125 0.008792497069167644
0 0.598828125 0.42702227432590856 0.01171875 0.008792497069167644
0 0.495703125 0.42584994138335286 0.01171875 0.008792497069167644
0 0.63671875 0.42409144196951937 0.0125 0.008792497069167644
0 0.843359375 0.42291910902696367 0.01484375 0.00996483001172333
0 0.400390625 0.4220398593200469 0.01171875 0.008206330597889801
0 0.430078125 0.4194021101992966 0.01171875 0.008792497069167644
0 0.5375 0.41617819460726846 0.0125 0.009378663540445486
0 0.459765625 0.4155920281359906 0.01171875 0.008206330597889801
0 0.6796875 0.4155920281359906 0.0125 0.009378663540445486
0 0.58203125 0.4135404454865182 0.0125 0.008792497069167644
0 0.712890625 0.41324736225087927 0.01328125 0.009378663540445486
0 0.615234375 0.4123681125439625 0.01171875 0.008792497069167644
0 0.822265625 0.4111957796014068 0.01328125 0.00996483001172333
0 0.225390625 0.4097303634232122 0.01328125 0.008206330597889801
0 0.512109375 0.4000586166471278 0.01328125 0.008792497069167644
0 0.3171875 0.39976553341148885 0.0109375 0.008206330597889801
0 0.84375 0.3988862837045721 0.0140625 0.00996483001172333
0 0.65 0.39800703399765536 0.0125 0.009378663540445486
0 0.598828125 0.39800703399765536 0.01171875 0.009378663540445486
0 0.5359375 0.39771395076201643 0.0125 0.00996483001172333
0 0.48359375 0.3971277842907386 0.0109375 0.008792497069167644
0 0.675390625 0.39683470105509966 0.01328125 0.009378663540445486
0 0.417578125 0.39155920281359907 0.01171875 0.008206330597889801
0 0.56796875 0.39009378663540445 0.0125 0.008792497069167644
0 0.63125 0.38159437280187575 0.0125 0.009378663540445486
0 0.69375 0.3813012895662368 0.0125 0.00996483001172333
0 0.546875 0.38042203985932005 0.0125 0.009378663540445486
0 0.359765625 0.3766119577960141 0.01171875 0.008792497069167644
0 0.655859375 0.3757327080890973 0.01328125 0.009378663540445486
0 0.122265625 0.37514654161781946 0.01171875 0.009378663540445486
0 0.61015625 0.369284876905041 0.0109375 0.009378663540445486
0 0.78515625 0.3675263774912075 0.0140625 0.009378663540445486
0 0.5078125 0.36430246189917936 0.0109375 0.008792497069167644
0 0.760546875 0.3613716295427902 0.01328125 0.00996483001172333
0 0.5546875 0.35726846424384523 0.0125 0.008792497069167644
0 0.2015625 0.35668229777256744 0.0125 0.008792497069167644
0 0.642578125 0.35668229777256744 0.01328125 0.00996483001172333
0 0.6671875 0.35463071512309496 0.0125 0.009378663540445486
0 0.53125 0.35433763188745604 0.0125 0.008792497069167644
0 0.617578125 0.3516998827667057 0.01328125 0.010550996483001172
0 0.593359375 0.34906213364595545 0.01328125 0.008792497069167644
0 0.28515625 0.34759671746776083 0.0109375 0.009378663540445486
0 0.704296875 0.3429073856975381 0.01328125 0.009378663540445486
0 0.512890625 0.3417350527549824 0.01171875 0.009378663540445486
0 0.6796875 0.33792497069167643 0.0125 0.00996483001172333
0 0.63828125 0.33675263774912073 0.0125 0.00996483001172333
0 0.608984375 0.3279601406799531 0.01171875 0.00996483001172333
0 0.66015625 0.32532239155920284 0.0125 0.009378663540445486
0 0.544921875 0.32444314185228607 0.01171875 0.008792497069167644
0 0.587890625 0.31535756154747946 0.01171875 0.009378663540445486
0 0.19609375 0.31125439624853457 0.0125 0.011723329425556858
0 0.6265625 0.3086166471277843 0.0125 0.00996483001172333
0 0.71328125 0.30803048065650646 0.0125 0.00996483001172333
0 0.68125 0.30685814771395076 0.0125 0.00996483001172333
0 0.65078125 0.30246189917936694 0.0125 0.009378663540445486
0 0.29765625 0.30275498241500587 0.0109375 0.00996483001172333
0 0.401953125 0.30041031652989447 0.01171875 0.00996483001172333
0 0.073828125 0.29835873388042206 0.01171875 0.009378663540445486
0 0.534765625 0.2977725674091442 0.01171875 0.009378663540445486
0 0.1953125 0.2951348182883939 0.0125 0.011137162954279016
0 0.63125 0.29044548651817115 0.0125 0.00996483001172333
0 0.673828125 0.2857561547479484 0.01328125 0.00996483001172333
0 0.65859375 0.2719812426729191 0.0125 0.008206330597889801
0 0.687890625 0.26817116060961316 0.01328125 0.00996483001172333
0 0.847265625 0.2675849941383353 0.01328125 0.00996483001172333
0 0.206640625 0.27227432590855805 0.02421875 0.025205158264947247
0 0.335546875 0.2608440797186401 0.01328125 0.010550996483001172
0 0.78359375 0.2582063305978898 0.0125 0.00996483001172333
0 0.5703125 0.257620164126612 0.0109375 0.00996483001172333
0 0.875390625 0.2529308323563892 0.01328125 0.00996483001172333
0 0.5984375 0.25175849941383355 0.0125 0.00996483001172333
0 0.12890625 0.23974208675263775 0.0125 0.010550996483001172
0 0.084375 0.23681125439624853 0.0125 0.009378663540445486
0 0.205859375 0.23856975381008205 0.03515625 0.01406799531066823
0 0.61796875 0.23446658851113716 0.0125 0.010550996483001172
0 0.60234375 0.22039859320046892 0.0125 0.010550996483001172
0 0.540234375 0.2142438452520516 0.01171875 0.011137162954279016
0 0.15703125 0.2130715123094959 0.0125 0.00996483001172333
0 0.6234375 0.20926143024618993 0.0125 0.010550996483001172
0 0.86875 0.20252051582649472 0.0140625 0.00996483001172333
0 0.64765625 0.20164126611957797 0.0125 0.010550996483001172
0 0.498046875 0.1969519343493552 0.01328125 0.010550996483001172
0 0.52578125 0.19314185228604924 0.0125 0.011137162954279016
0 0.63046875 0.1884525205158265 0.009375 0.008792497069167644
0 0.41796875 0.18669402110199296 0.0125 0.011137162954279016
0 0.48125 0.18200468933177022 0.00625 0.0076201641266119575
0 0.374609375 0.18347010550996484 0.01171875 0.011723329425556858
0 0.6640625 0.17790152403282533 0.0125 0.011137162954279016
0 0.56640625 0.16998827667057445 0.0125 0.004689331770222743
0 0.526171875 0.1694021101992966 0.01328125 0.009378663540445486
0 0.74609375 0.16881594372801875 0.0125 0.010550996483001172
0 0.253515625 0.16852286049237983 0.01328125 0.011137162954279016
0 0.6390625 0.1638335287221571 0.0125 0.0076201641266119575
0 0.27265625 0.15914419695193435 0.0125 0.011137162954279016
0 0.49609375 0.15386869871043377 0.00625 0.0029308323563892145
0 0.22890625 0.1515240328253224 0.0125 0.00996483001172333
0 0.474609375 0.14800703399765533 0.00703125 0.006447831184056272
0 0.580078125 0.14390386869871044 0.01015625 0.011137162954279016
0 0.255078125 0.13599062133645956 0.00546875 0.0035169988276670576
0 0.2015625 0.138042203985932 0.0125 0.00996483001172333
0 0.220703125 0.13188745603751464 0.00546875 0.004689331770222743
0 0.809765625 0.13305978898007034 0.01328125 0.010550996483001172
0 0.5140625 0.12866354044548653 0.0015625 0.0017584994138335288
0 0.73828125 0.12631887456037513 0.0125 0.011137162954279016
0 0.5875 0.12075029308323564 0.0125 0.008206330597889801
0 0.63359375 0.12045720984759671 0.0125 0.011137162954279016
0 0.841796875 0.11987104337631888 0.01328125 0.011137162954279016
0 0.287109375 0.11811254396248534 0.01171875 0.011137162954279016
0 0.526171875 0.11049237983587339 0.00234375 0.0029308323563892145
0 0.329296875 0.111957796014068 0.01328125 0.009378663540445486
0 0.26015625 0.09261430246189918 0.0046875 0.004689331770222743
0 0.205859375 0.09788980070339977 0.04609375 0.026963657678780773
0 0.228125 0.08177022274325908 0.0046875 0.005275498241500586
