0 0.08515625 0.9991207502930832 0.0046875 0.0017584994138335288
0 0.56328125 0.8824736225087925 0.0109375 0.00996483001172333
0 0.33984375 0.8540445486518171 0.0109375 0.008206330597889801
0 0.60234375 0.7898593200468933 0.0125 0.008792497069167644
0 0.214453125 0.7256740914419695 0.01171875 0.008206330597889801
0 0.567578125 0.5501172332942555 0.01171875 0.008792497069167644
0 0.184375 0.49618991793669404 0.0125 0.0076201641266119575
0 0.827734375 0.380715123094959 0.01328125 0.0076201641266119575
0 0.8515625 0.3569753810082063 0.0140625 0.009378663540445486
0 0.503515625 0.27754982415005863 0.00078125 0.0005861664712778429
0 0.492578125 0.27667057444314186 0.00078125 0.0011723329425556857
0 0.342578125 0.18141852286049237 0.00078125 0.0005861664712778429
0 0.85625 0.12602579132473624 0.0109375 0.009378663540445486
