0 0.223046875 0.9490035169988277 0.01171875 0.007033997655334115
0 0.247265625 0.9413833528722158 0.01171875 0.010550996483001172
0 0.194140625 0.9361078546307151 0.00234375 0.0023446658851113715
0 0.191796875 0.9346424384525205 0.00078125 0.0005861664712778429
0 0.21640625 0.9287807737397421 0.0078125 0.0076201641266119575
0 0.336328125 0.9235052754982415 0.00859375 0.0076201641266119575
0 0.5140625 0.9158851113716295 0.0125 0.011137162954279016
0 0.663671875 0.9053341148886284 0.01171875 0.011137162954279016
0 0.1796875 0.902989449003517 0.0125 0.006447831184056272
0 0.340625 0.8968347010550997 0.0046875 0.004689331770222743
0 0.563671875 0.8977139507620164 0.01171875 0.00996483001172333
0 0.597265625 0.8950762016412661 0.01171875 0.007033997655334115
0 0.5265625 0.8927315357561547 0.0109375 0.009378663540445486
0 0.367578125 0.8903868698710434 0.01171875 0.009378663540445486
0 0.628125 0.8900937866354045 0.0109375 0.00996483001172333
0 0.57578125 0.8818874560375146 0.0078125 0.004103165298944901
0 0.6140625 0.8798358733880423 0.003125 0.0023446658851113715
0 0.2734375 0.8798358733880423 0.0015625 0.0023446658851113715
0 0.3359375 0.8786635404454866 0.0125 0.009378663540445486
0 0.308203125 0.8766119577960141 0.00703125 0.006447831184056272
0 0.23515625 0.8745603751465416 0.0109375 0.005861664712778429
0 0.20703125 0.8684056271981243 0.0015625 0.0005861664712778429
0 0.37421875 0.8707502930832356 0.0125 0.00996483001172333
0 0.215234375 0.8692848769050411 0.00703125 0.007033997655334115
0 0.625390625 0.8640093786635404 0.01171875 0.009378663540445486
0 0.444921875 0.8637162954279015 0.01015625 0.008792497069167644
0 0.475 0.8634232121922626 0.0125 0.010550996483001172
0 0.580078125 0.8607854630715123 0.01171875 0.008792497069167644
0 0.30078125 0.8522860492379836 0.0046875 0.0035169988276670576
0 0.295703125 0.8502344665885111 0.00390625 0.0005861664712778429
0 0.427734375 0.8519929660023446 0.01171875 0.011137162954279016
0 0.253515625 0.8502344665885111 0.01328125 0.00996483001172333
0 0.4609375 0.8484759671746777 0.0125 0.00996483001172333
0 0.344921875 0.8487690504103166 0.01015625 0.010550996483001172
0 0.665234375 0.8446658851113716 0.01171875 0.009378663540445486
0 0.5921875 0.8440797186400938 0.009375 0.009378663540445486
0 0.270703125 0.8376318874560376 0.00703125 0.005861664712778429
0 0.299609375 0.8347010550996483 0.01328125 0.008206330597889801
0 0.63984375 0.8341148886283705 0.0109375 0.008206330597889801
0 0.681640625 0.8303048065650644 0.01015625 0.008792497069167644
0 0.20859375 0.8305978898007034 0.0125 0.009378663540445486
0 0.6625 0.8253223915592028 0.00625 0.005861664712778429
0 0.52734375 0.8270808909730364 0.0125 0.010550996483001172
0 0.18046875 0.8232708089097304 0.00625 0.0029308323563892145
0 0.61015625 0.8253223915592028 0.0125 0.010550996483001172
0 0.3234375 0.8212192262602579 0.0125 0.008206330597889801
0 0.5859375 0.8188745603751465 0.0078125 0.010550996483001172
0 0.28515625 0.8185814771395076 0.0125 0.00996483001172333
0 0.679296875 0.8118405627198124 0.00703125 0.007033997655334115
0 0.203125 0.8127198124267292 0.009375 0.008792497069167644
0 0.45546875 0.8106682297772567 0.0125 0.010550996483001172
0 0.498046875 0.8100820633059789 0.01171875 0.010550996483001172
0 0.229296875 0.8065650644783119 0.01328125 0.009378663540445486
0 0.62578125 0.805978898007034 0.0109375 0.010550996483001172
0 0.542578125 0.8056858147713951 0.00703125 0.00996483001172333
0 0.253515625 0.8024618991793669 0.01171875 0.008206330597889801
0 0.3203125 0.8018757327080891 0.0109375 0.009378663540445486
0 0.605078125 0.7995310668229777 0.01171875 0.010550996483001172
0 0.34609375 0.7954279015240329 0.00625 0.004689331770222743
0 0.700390625 0.7977725674091442 0.01171875 0.010550996483001172
0 0.19609375 0.7945486518171161 0.003125 0.004103165298944901
0 0.4828125 0.7954279015240329 0.00625 0.008206330597889801
0 0.369921875 0.7942555685814772 0.00859375 0.008206330597889801
0 0.396875 0.794841735052755 0.0125 0.010550996483001172
0 0.67578125 0.7936694021101993 0.0125 0.009378663540445486
0 0.155078125 0.7930832356389215 0.01171875 0.009378663540445486
0 0.79765625 0.7922039859320047 0.0125 0.00996483001172333
0 0.74453125 0.791031652989449 0.0125 0.00996483001172333
0 0.22109375 0.7901524032825322 0.0109375 0.009378663540445486
0 0.622265625 0.7851699882766706 0.01171875 0.0076201641266119575
0 0.2515625 0.7845838218053928 0.0078125 0.006447831184056272
0 0.71875 0.7810668229777257 0.0125 0.008792497069167644
0 0.470703125 0.7787221570926143 0.01171875 0.00996483001172333
0 0.298046875 0.7781359906213364 0.01171875 0.008792497069167644
0 0.33984375 0.7772567409144197 0.0125 0.008206330597889801
0 0.27421875 0.7778429073856975 0.0109375 0.009378663540445486
0 0.20703125 0.7754982415005862 0.0109375 0.008206330597889801
0 0.6859375 0.7752051582649473 0.0125 0.00996483001172333
0 0.234765625 0.772274325908558 0.00390625 0.004103165298944901
0 0.59453125 0.7749120750293084 0.0125 0.010550996483001172
0 0.366796875 0.7713950762016413 0.00390625 0.007033997655334115
0 0.389453125 0.7669988276670574 0.00859375 0.005275498241500586
0 0.6546875 0.768464243845252 0.0125 0.009378663540445486
0 0.620703125 0.7678780773739742 0.00703125 0.008206330597889801
0 0.3203125 0.7669988276670574 0.0125 0.00996483001172333
0 0.256640625 0.7655334114888629 0.01171875 0.009378663540445486
0 0.71953125 0.7628956623681126 0.0125 0.008792497069167644
0 0.2875 0.761137162954279 0.0125 0.0076201641266119575
0 0.217578125 0.757327080890973 0.01015625 0.008206330597889801
0 0.18671875 0.7570339976553341 0.0109375 0.0076201641266119575
0 0.602734375 0.7561547479484173 0.01171875 0.009378663540445486
0 0.8015625 0.7541031652989449 0.0125 0.00996483001172333
0 0.64453125 0.7526377491207503 0.0109375 0.009378663540445486
0 0.392578125 0.7488276670574443 0.01171875 0.008792497069167644
0 0.30546875 0.7453106682297772 0.0078125 0.006447831184056272
0 0.62421875 0.7453106682297772 0.0109375 0.00996483001172333
0 0.753125 0.7447245017584995 0.0125 0.00996483001172333
0 0.248828125 0.7432590855803048 0.01171875 0.008206330597889801
0 0.203125 0.7435521688159438 0.0125 0.008792497069167644
0 0.514453125 0.7417936694021102 0.01171875 0.00996483001172333
0 0.17421875 0.7406213364595545 0.0109375 0.00996483001172333
0 0.28046875 0.7373974208675264 0.0125 0.008206330597889801
0 0.735546875 0.7341735052754983 0.01171875 0.0076201641266119575
0 0.358984375 0.7327080890973037 0.01171875 0.009378663540445486
0 0.783203125 0.7294841735052755 0.01171875 0.008792497069167644
0 0.21796875 0.7280187573270809 0.0125 0.007033997655334115
0 0.193359375 0.7250879249706916 0.01328125 0.008206330597889801
0 0.765234375 0.72010550996483 0.00078125 0.0005861664712778429
0 0.2421875 0.7215709261430246 0.0125 0.007033997655334115
0 0.61328125 0.7215709261430246 0.0109375 0.009378663540445486
0 0.76015625 0.7174677608440797 0.009375 0.0035169988276670576
0 0.15625 0.7171746776084408 0.0109375 0.0076201641266119575
0 0.7359375 0.7160023446658851 0.0109375 0.008792497069167644
0 0.702734375 0.7160023446658851 0.01171875 0.008792497069167644
0 0.304296875 0.7160023446658851 0.01171875 0.00996483001172333
0 0.32890625 0.7136576787807737 0.0125 0.00996483001172333
0 0.17890625 0.7113130128956624 0.0109375 0.008792497069167644
0 0.483203125 0.7113130128956624 0.01171875 0.00996483001172333
0 0.22421875 0.7104337631887456 0.0125 0.009378663540445486
0 0.778515625 0.708968347010551 0.01171875 0.008792497069167644
0 0.721484375 0.7022274325908558 0.01171875 0.008206330597889801
0 0.35546875 0.7013481828839391 0.0125 0.008792497069167644
0 0.20234375 0.7007620164126612 0.0125 0.0076201641266119575
0 0.694140625 0.7001758499413834 0.00859375 0.008792497069167644
0 0.31171875 0.6972450175849941 0.0125 0.00996483001172333
0 0.75703125 0.6963657678780774 0.0125 0.009378663540445486
0 0.645703125 0.6957796014067995 0.01171875 0.009378663540445486
0 0.271875 0.6946072684642438 0.0109375 0.008206330597889801
0 0.180859375 0.6910902696365768 0.01328125 0.009378663540445486
0 0.225390625 0.6875732708089097 0.01328125 0.007033997655334115
0 0.73515625 0.6878663540445487 0.0109375 0.008792497069167644
0 0.71171875 0.686694021101993 0.0109375 0.008792497069167644
0 0.293359375 0.686400937866354 0.01328125 0.009378663540445486
0 0.25 0.6846424384525205 0.0125 0.009378663540445486
0 0.78046875 0.6787807737397421 0.0125 0.009378663540445486
0 0.694921875 0.6746776084407972 0.01171875 0.008206330597889801
0 0.20390625 0.6755568581477139 0.0125 0.00996483001172333
0 0.587109375 0.6746776084407972 0.01171875 0.009378663540445486
0 0.167578125 0.6735052754982415 0.01328125 0.007033997655334115
0 0.278515625 0.671746776084408 0.01171875 0.009378663540445486
0 0.3328125 0.6708675263774913 0.0125 0.008792497069167644
0 0.759375 0.6702813599062134 0.0109375 0.008792497069167644
0 0.302734375 0.6694021101992966 0.01171875 0.009378663540445486
0 0.813671875 0.6685228604923799 0.01484375 0.008792497069167644
0 0.805078125 0.6644196951934349 0.00078125 0.0005861664712778429
0 0.227734375 0.6685228604923799 0.01171875 0.008792497069167644
0 0.719140625 0.6655920281359906 0.01171875 0.008792497069167644
0 0.25390625 0.6658851113716295 0.0125 0.009378663540445486
0 0.1875 0.6614888628370457 0.0125 0.0076201641266119575
0 0.797265625 0.660609613130129 0.01328125 0.008206330597889801
0 0.687890625 0.6582649472450176 0.01171875 0.008206330597889801
0 0.15703125 0.6576787807737398 0.0125 0.008206330597889801
0 0.237890625 0.6535756154747948 0.01171875 0.004689331770222743
0 0.212109375 0.6547479484173505 0.01328125 0.009378663540445486
0 0.32109375 0.6541617819460727 0.0125 0.009378663540445486
0 0.273046875 0.6541617819460727 0.01328125 0.009378663540445486
0 0.29765625 0.6480070339976554 0.0125 0.005275498241500586
0 0.7421875 0.6480070339976554 0.009375 0.008792497069167644
0 0.71640625 0.6471277842907386 0.0109375 0.008206330597889801
0 0.79296875 0.6441969519343493 0.009375 0.007033997655334115
0 0.1921875 0.6436107854630715 0.0125 0.009378663540445486
0 0.163671875 0.6392145369284877 0.01328125 0.008792497069167644
0 0.222265625 0.6374560375146542 0.01171875 0.008792497069167644
0 0.58828125 0.6351113716295428 0.0109375 0.008792497069167644
0 0.247265625 0.6336459554513482 0.01171875 0.008206330597889801
0 0.718359375 0.6301289566236812 0.01171875 0.008206330597889801
0 0.29453125 0.6286635404454866 0.0125 0.006447831184056272
0 0.784375 0.6280773739742087 0.0125 0.0076201641266119575
0 0.182421875 0.6263188745603752 0.01328125 0.008792497069167644
0 0.7515625 0.6248534583821805 0.00625 0.007033997655334115
0 0.269921875 0.6254396248534584 0.01328125 0.009378663540445486
0 0.20703125 0.6225087924970691 0.0109375 0.005861664712778429
0 0.561328125 0.623094958968347 0.01015625 0.008206330597889801
0 0.2328125 0.6192848769050411 0.0125 0.0076201641266119575
0 0.3265625 0.6178194607268465 0.0125 0.009378663540445486
0 0.15078125 0.6169402110199297 0.0140625 0.008792497069167644
0 0.730859375 0.6160609613130129 0.01171875 0.008206330597889801
0 0.263671875 0.6081477139507621 0.01328125 0.00996483001172333
0 0.690234375 0.6063892145369285 0.01015625 0.0076201641266119575
0 0.190234375 0.6052168815943728 0.01171875 0.006447831184056272
0 0.215625 0.604630715123095 0.0125 0.006447831184056272
0 0.552734375 0.604630715123095 0.01171875 0.008792497069167644
0 0.30546875 0.6037514654161782 0.0125 0.009378663540445486
0 0.240625 0.6011137162954279 0.0125 0.00996483001172333
0 0.16796875 0.5975967174677609 0.0125 0.006447831184056272
0 0.798828125 0.5978898007033998 0.01171875 0.008206330597889801
0 0.706640625 0.5946658851113716 0.01015625 0.008792497069167644
0 0.28671875 0.5911488862837045 0.0125 0.0076201641266119575
0 0.685546875 0.5890973036342321 0.01171875 0.008206330597889801
0 0.257421875 0.5870457209847597 0.01328125 0.008792497069167644
0 0.22109375 0.5864595545134819 0.0125 0.0076201641266119575
0 0.152734375 0.5838218053927315 0.01328125 0.009378663540445486
0 0.178515625 0.5808909730363423 0.01328125 0.007033997655334115
0 0.28046875 0.5764947245017585 0.0015625 0.0005861664712778429
0 0.7453125 0.5785463071512309 0.009375 0.008206330597889801
0 0.282421875 0.574736225087925 0.00078125 0.0005861664712778429
0 0.271484375 0.5753223915592028 0.00234375 0.0017584994138335288
0 0.322265625 0.5732708089097304 0.01171875 0.009378663540445486
0 0.19921875 0.5700468933177022 0.0078125 0.005275498241500586
0 0.234765625 0.5712192262602579 0.01328125 0.008792497069167644
0 0.637890625 0.5700468933177022 0.01171875 0.008792497069167644
0 0.67109375 0.5679953106682297 0.0109375 0.008206330597889801
0 0.296875 0.5644783118405627 0.0125 0.009378663540445486
0 0.1703125 0.5627198124267292 0.0109375 0.005861664712778429
0 0.582421875 0.563599062133646 0.01171875 0.008792497069167644
0 0.258203125 0.5641852286049238 0.01328125 0.00996483001172333
0 0.559765625 0.5600820633059789 0.01171875 0.008792497069167644
0 0.40859375 0.5571512309495897 0.0109375 0.006447831184056272
0 0.79453125 0.556271981242673 0.009375 0.005861664712778429
0 0.217578125 0.5580304806565064 0.01328125 0.009378663540445486
0 0.192578125 0.5530480656506448 0.01328125 0.0076201641266119575
0 0.30625 0.5492379835873388 0.0125 0.005861664712778429
0 0.77421875 0.5486518171160609 0.0109375 0.008206330597889801
0 0.28125 0.5451348182883939 0.0125 0.004689331770222743
0 0.243359375 0.5457209847596718 0.01328125 0.007033997655334115
0 0.564453125 0.5430832356389215 0.01171875 0.008792497069167644
0 0.40078125 0.5407385697538101 0.0109375 0.0076201641266119575
0 0.3625 0.5351699882766706 0.0125 0.008206330597889801
0 0.171484375 0.5319460726846424 0.01171875 0.006447831184056272
0 0.7875 0.5322391559202814 0.0109375 0.008206330597889801
0 0.26328125 0.5328253223915592 0.0125 0.009378663540445486
0 0.197265625 0.5304806565064478 0.01328125 0.007033997655334115
0 0.296875 0.5304806565064478 0.0125 0.009378663540445486
0 0.322265625 0.52989449003517 0.01171875 0.009378663540445486
0 0.23828125 0.5287221570926143 0.0125 0.009378663540445486
0 0.73203125 0.5228604923798359 0.0109375 0.008206330597889801
0 0.344921875 0.5234466588511137 0.01171875 0.009378663540445486
0 0.278515625 0.518464243845252 0.01328125 0.008792497069167644
0 0.3703125 0.5178780773739742 0.0125 0.008792497069167644
0 0.162890625 0.5146541617819461 0.01328125 0.007033997655334115
0 0.8140625 0.5140679953106683 0.0109375 0.008206330597889801
0 0.25390625 0.5143610785463072 0.0125 0.008792497069167644
0 0.68671875 0.5134818288393904 0.0109375 0.008206330597889801
0 0.301953125 0.5123094958968347 0.01328125 0.008206330597889801
0 0.3265625 0.511137162954279 0.0125 0.008206330597889801
0 0.22890625 0.511430246189918 0.0125 0.008792497069167644
0 0.195703125 0.5084994138335287 0.01328125 0.0076201641266119575
0 0.54453125 0.5079132473622509 0.0109375 0.0076201641266119575
0 0.740625 0.5070339976553341 0.0109375 0.008206330597889801
0 0.41484375 0.5058616647127784 0.0109375 0.005861664712778429
0 0.353125 0.5049824150058617 0.0125 0.008792497069167644
0 0.39140625 0.5032239155920282 0.0125 0.0076201641266119575
0 0.280078125 0.5 0.01328125 0.009378663540445486
0 0.773046875 0.4988276670574443 0.01171875 0.008206330597889801
0 0.309765625 0.4932590855803048 0.00078125 0.0005861664712778429
0 0.30390625 0.49501758499413834 0.0109375 0.004103165298944901
0 0.8109375 0.49501758499413834 0.0125 0.0076201641266119575
0 0.2125 0.4956037514654162 0.0140625 0.00996483001172333
0 0.23828125 0.4947245017584994 0.0140625 0.009378663540445486
0 0.3296875 0.4917936694021102 0.0109375 0.005861664712778429
0 0.491796875 0.49091441969519345 0.01171875 0.008792497069167644
0 0.461328125 0.488862837045721 0.01171875 0.008206330597889801
0 0.26328125 0.48651817116060964 0.00625 0.005861664712778429
0 0.25625 0.4847596717467761 0.003125 0.0023446658851113715
0 0.40234375 0.48651817116060964 0.0109375 0.007033997655334115
0 0.352734375 0.48681125439624856 0.01171875 0.008792497069167644
0 0.4390625 0.48563892145369286 0.0109375 0.008792497069167644
0 0.8328125 0.4847596717467761 0.0125 0.008206330597889801
0 0.792578125 0.48446658851113716 0.01171875 0.008792497069167644
0 0.375 0.481535756154748 0.0125 0.004103165298944901
0 0.2859375 0.4824150058616647 0.0125 0.009378663540445486
0 0.23046875 0.47860492379835873 0.0140625 0.006447831184056272
0 0.205078125 0.47889800703399765 0.01328125 0.007033997655334115
0 0.704296875 0.47860492379835873 0.01171875 0.0076201641266119575
0 0.812890625 0.47743259085580303 0.01015625 0.0076201641266119575
0 0.315625 0.47743259085580303 0.0125 0.0076201641266119575
0 0.7671875 0.47362250879249707 0.0125 0.008206330597889801
0 0.4734375 0.47215709261430244 0.0109375 0.008792497069167644
0 0.338671875 0.47245017584994137 0.01328125 0.009378663540445486
0 0.18046875 0.47245017584994137 0.0140625 0.009378663540445486
0 0.396484375 0.4686400937866354 0.01171875 0.008792497069167644
0 0.297265625 0.4671746776084408 0.01171875 0.005861664712778429
0 0.6890625 0.4671746776084408 0.009375 0.008206330597889801
0 0.26953125 0.466295427901524 0.0125 0.006447831184056272
0 0.718359375 0.4654161781946073 0.01171875 0.008206330597889801
0 0.36171875 0.4657092614302462 0.0125 0.008792497069167644
0 0.7984375 0.46512309495896836 0.0125 0.008792497069167644
0 0.432421875 0.46395076201641267 0.01171875 0.008792497069167644
0 0.825 0.46277842907385697 0.0125 0.008792497069167644
0 0.486328125 0.4586752637749121 0.01171875 0.005275498241500586
0 0.319921875 0.4604337631887456 0.01328125 0.008792497069167644
0 0.73984375 0.45838218053927315 0.0109375 0.008206330597889801
0 0.66796875 0.45838218053927315 0.0109375 0.008206330597889801
0 0.164453125 0.4566236811254396 0.01328125 0.007033997655334115
0 0.238671875 0.4522274325908558 0.00078125 0.0005861664712778429
0 0.637890625 0.45545134818288396 0.01171875 0.008206330597889801
0 0.246875 0.45398593200468934 0.009375 0.005275498241500586
0 0.218359375 0.45574443141852283 0.01328125 0.008792497069167644
0 0.34296875 0.45427901524032827 0.0125 0.009378663540445486
0 0.391015625 0.44841735052754983 0.00390625 0.0011723329425556857
0 0.394921875 0.44636576787807736 0.00078125 0.0005861664712778429
0 0.41796875 0.44988276670574445 0.0125 0.008792497069167644
0 0.721484375 0.447831184056272 0.01171875 0.008206330597889801
0 0.365625 0.44724501758499413 0.0125 0.008206330597889801
0 0.296875 0.44724501758499413 0.0125 0.008206330597889801
0 0.18515625 0.447831184056272 0.0140625 0.009378663540445486
0 0.323828125 0.4425556858147714 0.01328125 0.009378663540445486
0 0.273046875 0.4425556858147714 0.01328125 0.009378663540445486
0 0.743359375 0.44109026963657677 0.01171875 0.008792497069167644
0 0.476953125 0.44079718640093785 0.01171875 0.008206330597889801
0 0.65078125 0.4405041031652989 0.0109375 0.008792497069167644
0 0.573046875 0.4384525205158265 0.01171875 0.008206330597889801
0 0.8375 0.4372801875732708 0.0125 0.008206330597889801
0 0.226171875 0.43757327080890973 0.01328125 0.00996483001172333
0 0.347265625 0.4358147713950762 0.01171875 0.0076201641266119575
0 0.78046875 0.43552168815943726 0.0125 0.008206330597889801
0 0.498828125 0.43347010550996484 0.01015625 0.0076201641266119575
0 0.3046875 0.4317116060961313 0.0125 0.006447831184056272
0 0.253515625 0.4317116060961313 0.01328125 0.006447831184056272
0 0.412109375 0.4320046893317702 0.01171875 0.008206330597889801
0 0.3875 0.42936694021101995 0.0125 0.008792497069167644
0 0.184375 0.4287807737397421 0.0140625 0.00996483001172333
0 0.364453125 0.42379835873388044 0.01171875 0.008206330597889801
0 0.328125 0.4243845252051583 0.0125 0.009378663540445486
0 0.280859375 0.4235052754982415 0.01328125 0.00996483001172333
0 0.821875 0.4220398593200469 0.0125 0.008206330597889801
0 0.778515625 0.4196951934349355 0.01328125 0.005861664712778429
0 0.734765625 0.4196951934349355 0.01171875 0.008206330597889801
0 0.756640625 0.4191090269636577 0.01171875 0.008206330597889801
0 0.7125 0.41852286049237986 0.0109375 0.008206330597889801
0 0.164453125 0.4167643610785463 0.01484375 0.010550996483001172
0 0.412890625 0.41324736225087927 0.01171875 0.007033997655334115
0 0.24296875 0.41324736225087927 0.0125 0.009378663540445486
0 0.436328125 0.4126611957796014 0.01171875 0.009378663540445486
0 0.299609375 0.41207502930832357 0.01328125 0.009378663540445486
0 0.1921875 0.4114888628370457 0.0125 0.009378663540445486
0 0.21875 0.4100234466588511 0.0140625 0.00996483001172333
0 0.348046875 0.4079718640093787 0.01328125 0.009378663540445486
0 0.83203125 0.4070926143024619 0.0125 0.008792497069167644
0 0.267578125 0.40767878077373976 0.01328125 0.00996483001172333
0 0.48828125 0.4059202813599062 0.0109375 0.008792497069167644
0 0.464453125 0.4059202813599062 0.01171875 0.008792497069167644
0 0.373046875 0.40621336459554513 0.01171875 0.009378663540445486
0 0.3234375 0.4059202813599062 0.0125 0.008792497069167644
0 0.805078125 0.40504103165298944 0.01328125 0.008206330597889801
0 0.726953125 0.40386869871043374 0.01015625 0.008206330597889801
0 0.77578125 0.40093786635404455 0.0015625 0.0035169988276670576
0 0.75703125 0.4018171160609613 0.0109375 0.008792497069167644
0 0.781640625 0.3971277842907386 0.00234375 0.0005861664712778429
0 0.704296875 0.4006447831184056 0.01171875 0.008792497069167644
0 0.3953125 0.3994724501758499 0.0125 0.008792497069167644
0 0.570703125 0.39449003516998826 0.01171875 0.005861664712778429
0 0.426953125 0.3962485345838218 0.01171875 0.009378663540445486
0 0.1703125 0.39654161781946073 0.0125 0.00996483001172333
0 0.506640625 0.3950762016412661 0.01171875 0.008206330597889801
0 0.827734375 0.3906799531066823 0.00078125 0.0005861664712778429
0 0.3046875 0.3936107854630715 0.0125 0.008792497069167644
0 0.82265625 0.3886283704572098 0.0078125 0.0011723329425556857
0 0.247265625 0.3930246189917937 0.01328125 0.00996483001172333
0 0.196875 0.3930246189917937 0.0140625 0.00996483001172333
0 0.279296875 0.3909730363423212 0.01328125 0.008206330597889801
0 0.358984375 0.3909730363423212 0.01328125 0.009378663540445486
0 0.5484375 0.3892145369284877 0.0109375 0.007033997655334115
0 0.334375 0.3898007033997655 0.0125 0.009378663540445486
0 0.221875 0.39009378663540445 0.0140625 0.00996483001172333
0 0.624609375 0.3886283704572098 0.01015625 0.008206330597889801
0 0.468359375 0.38716295427901526 0.01171875 0.0076201641266119575
0 0.768359375 0.38716295427901526 0.01171875 0.008792497069167644
0 0.729296875 0.3862837045720985 0.01171875 0.008206330597889801
0 0.676171875 0.3862837045720985 0.01015625 0.008206330597889801
0 0.79140625 0.38569753810082064 0.0109375 0.008206330597889801
0 0.38125 0.38452520515826494 0.0125 0.009378663540445486
0 0.804296875 0.3789566236811254 0.00078125 0.0005861664712778429
0 0.415625 0.3801289566236811 0.0109375 0.008792497069167644
0 0.815234375 0.3742672919109027 0.00078125 0.0005861664712778429
0 0.315234375 0.37778429073856973 0.01328125 0.008792497069167644
0 0.26171875 0.37807737397420865 0.0125 0.009378663540445486
0 0.50859375 0.376905041031653 0.0109375 0.008206330597889801
0 0.18125 0.37778429073856973 0.0140625 0.00996483001172333
0 0.81015625 0.37192262602579135 0.0046875 0.0005861664712778429
0 0.4421875 0.37631887456037516 0.0109375 0.009378663540445486
0 0.23671875 0.3754396248534584 0.0140625 0.00996483001172333
0 0.61015625 0.37397420867526376 0.0109375 0.008206330597889801
0 0.55078125 0.37221570926143027 0.0109375 0.008206330597889801
0 0.83671875 0.37192262602579135 0.0125 0.008792497069167644
0 0.359765625 0.37221570926143027 0.01171875 0.009378663540445486
0 0.795703125 0.36664712778429076 0.00078125 0.0005861664712778429
0 0.766015625 0.3698710433763189 0.01171875 0.008206330597889801
0 0.73671875 0.36957796014067995 0.0109375 0.008792497069167644
0 0.46484375 0.3698710433763189 0.0109375 0.009378663540445486
0 0.21171875 0.3701641266119578 0.0140625 0.00996483001172333
0 0.79140625 0.3645955451348183 0.0046875 0.0011723329425556857
0 0.673046875 0.36811254396248533 0.01171875 0.008206330597889801
0 0.487890625 0.36811254396248533 0.01171875 0.008206330597889801
0 0.336328125 0.36840562719812425 0.01171875 0.008792497069167644
0 0.29296875 0.36840562719812425 0.0125 0.008792497069167644
0 0.646484375 0.36547479484173506 0.01171875 0.0076201641266119575
0 0.382421875 0.3660609613130129 0.01171875 0.008792497069167644
0 0.525 0.3648886283704572 0.0109375 0.008792497069167644
0 0.40625 0.3625439624853458 0.0109375 0.008792497069167644
0 0.82109375 0.3607854630715123 0.009375 0.008792497069167644
0 0.704296875 0.3601992966002345 0.01015625 0.0076201641266119575
0 0.624609375 0.3601992966002345 0.01171875 0.008792497069167644
0 0.251953125 0.3607854630715123 0.01328125 0.00996483001172333
0 0.3140625 0.35873388042203985 0.0125 0.008206330597889801
0 0.1734375 0.3590269636576788 0.0140625 0.00996483001172333
0 0.5953125 0.3578546307151231 0.0109375 0.008792497069167644
0 0.750390625 0.35550996483001174 0.01171875 0.008792497069167644
0 0.572265625 0.35550996483001174 0.01015625 0.008792497069167644
0 0.840234375 0.35463071512309496 0.01171875 0.008206330597889801
0 0.7765625 0.35433763188745604 0.0125 0.008792497069167644
0 0.427734375 0.3540445486518171 0.01171875 0.008206330597889801
0 0.275390625 0.35463071512309496 0.01328125 0.009378663540445486
0 0.503515625 0.3537514654161782 0.01171875 0.008792497069167644
0 0.68359375 0.3528722157092614 0.0109375 0.008206330597889801
0 0.228515625 0.35345838218053927 0.01171875 0.009378663540445486
0 0.337109375 0.3499413833528722 0.00859375 0.005861664712778429
0 0.46328125 0.350820633059789 0.009375 0.008792497069167644
0 0.196875 0.3516998827667057 0.0140625 0.010550996483001172
0 0.547265625 0.3499413833528722 0.01015625 0.008206330597889801
0 0.3859375 0.34788980070339975 0.0125 0.008792497069167644
0 0.657421875 0.34613130128956626 0.00703125 0.006447831184056272
0 0.3625 0.34583821805392734 0.00625 0.005861664712778429
0 0.808984375 0.34495896834701056 0.01171875 0.008792497069167644
0 0.6140625 0.3443728018757327 0.0109375 0.008792497069167644
0 0.82265625 0.3408558030480657 0.0015625 0.0029308323563892145
0 0.29921875 0.34378663540445487 0.0125 0.008792497069167644
0 0.834765625 0.3385111371629543 0.00078125 0.0005861664712778429
0 0.823828125 0.3385111371629543 0.00078125 0.0005861664712778429
0 0.72265625 0.34232121922626024 0.009375 0.008206330597889801
0 0.52265625 0.34261430246189917 0.0109375 0.008792497069167644
0 0.254296875 0.34232121922626024 0.01328125 0.009378663540445486
0 0.484375 0.34144196951934347 0.0109375 0.008792497069167644
0 0.832421875 0.33675263774912073 0.00078125 0.0005861664712778429
0 0.826171875 0.33675263774912073 0.00078125 0.0005861664712778429
0 0.827734375 0.3361664712778429 0.00078125 0.0005861664712778429
0 0.699609375 0.3402696365767878 0.01015625 0.008792497069167644
0 0.5890625 0.3402696365767878 0.0109375 0.008792497069167644
0 0.408203125 0.3402696365767878 0.01171875 0.008792497069167644
0 0.78828125 0.3355803048065651 0.003125 0.0005861664712778429
0 0.76484375 0.33968347010551 0.0109375 0.008792497069167644
0 0.74375 0.33909730363423213 0.0109375 0.008792497069167644
0 0.165625 0.3399765533411489 0.0125 0.010550996483001172
0 0.674609375 0.33675263774912073 0.00859375 0.0076201641266119575
0 0.5640625 0.3373388042203986 0.0109375 0.008792497069167644
0 0.431640625 0.3364595545134818 0.01015625 0.008206330597889801
0 0.276171875 0.33499413833528724 0.01015625 0.006447831184056272
0 0.183203125 0.332063305978898 0.00078125 0.0005861664712778429
0 0.456640625 0.3332356389214537 0.00859375 0.006447831184056272
0 0.54140625 0.332063305978898 0.0109375 0.0076201641266119575
0 0.18984375 0.3303048065650645 0.009375 0.004103165298944901
0 0.326953125 0.332063305978898 0.01171875 0.008792497069167644
0 0.505859375 0.3305978898007034 0.00703125 0.007033997655334115
0 0.37734375 0.3303048065650645 0.009375 0.0076201641266119575
0 0.243359375 0.3279601406799531 0.00234375 0.004103165298944901
0 0.653125 0.32942555685814773 0.0109375 0.008206330597889801
0 0.354296875 0.3279601406799531 0.00546875 0.005275498241500586
0 0.6265625 0.32854630715123095 0.0109375 0.008792497069167644
0 0.80390625 0.3279601406799531 0.0125 0.008792497069167644
0 0.172265625 0.32415005861664714 0.00390625 0.0011723329425556857
0 0.60390625 0.3264947245017585 0.0109375 0.008206330597889801
0 0.2375 0.3238569753810082 0.009375 0.0029308323563892145
0 0.772265625 0.32209847596717467 0.00078125 0.0005861664712778429
0 0.713671875 0.3256154747948417 0.00859375 0.008792497069167644
0 0.78125 0.32092614302461897 0.0015625 0.0005861664712778429
0 0.304296875 0.3250293083235639 0.01171875 0.008792497069167644
0 0.776953125 0.3203399765533411 0.00234375 0.0005861664712778429
0 0.476953125 0.3238569753810082 0.00859375 0.0076201641266119575
0 0.2125 0.3250293083235639 0.0140625 0.00996483001172333
0 0.7546875 0.3238569753810082 0.0109375 0.008792497069167644
0 0.832421875 0.3226846424384525 0.01171875 0.0076201641266119575
0 0.6890625 0.3226846424384525 0.009375 0.0076201641266119575
0 0.580078125 0.32327080890973037 0.01015625 0.008792497069167644
0 0.164453125 0.3191676436107855 0.00078125 0.0005861664712778429
0 0.39921875 0.3223915592028136 0.0109375 0.008206330597889801
0 0.523828125 0.32063305978898005 0.01015625 0.008206330597889801
0 0.733203125 0.32004689331770225 0.01171875 0.008206330597889801
0 0.557421875 0.31975381008206333 0.01015625 0.008792497069167644
0 0.423046875 0.3191676436107855 0.01015625 0.008792497069167644
0 0.28359375 0.31652989449003516 0.00625 0.004689331770222743
0 0.173046875 0.31770222743259086 0.01171875 0.007033997655334115
0 0.448046875 0.3159437280187573 0.00703125 0.005861664712778429
0 0.641015625 0.31447831184056274 0.01015625 0.0076201641266119575
0 0.49453125 0.3138921453692849 0.0109375 0.0076201641266119575
0 0.25625 0.31477139507620167 0.0125 0.009378663540445486
0 0.81484375 0.31330597889800704 0.0109375 0.008792497069167644
0 0.32265625 0.3130128956623681 0.0109375 0.008206330597889801
0 0.792578125 0.3127198124267292 0.01171875 0.008792497069167644
0 0.61796875 0.3115474794841735 0.009375 0.0076201641266119575
0 0.348046875 0.30978898007034 0.00703125 0.006447831184056272
0 0.769921875 0.305978898007034 0.00234375 0.0011723329425556857
0 0.762890625 0.30568581477139506 0.00078125 0.0005861664712778429
0 0.76640625 0.3050996483001172 0.0015625 0.0005861664712778429
0 0.7046875 0.30890973036342323 0.009375 0.008206330597889801
0 0.374609375 0.30920281359906215 0.01171875 0.008792497069167644
0 0.227734375 0.30890973036342323 0.01015625 0.008206330597889801
0 0.596484375 0.3071512309495897 0.00859375 0.005861664712778429
0 0.539453125 0.30773739742086753 0.01171875 0.008206330597889801
0 0.57265625 0.305978898007034 0.0109375 0.008206330597889801
0 0.470703125 0.305978898007034 0.00859375 0.008206330597889801
0 0.683203125 0.30539273153575613 0.00859375 0.008206330597889801
0 0.7453125 0.3045134818288394 0.009375 0.0076201641266119575
0 0.398828125 0.30392731535756157 0.01015625 0.0076201641266119575
0 0.299609375 0.30363423212192264 0.01171875 0.008206330597889801
0 0.51484375 0.30275498241500587 0.0078125 0.0076201641266119575
0 0.421484375 0.3007033997655334 0.01015625 0.008206330597889801
0 0.72265625 0.2998241500586166 0.0109375 0.008792497069167644
0 0.83125 0.29923798358733883 0.0125 0.008792497069167644
0 0.444921875 0.29718640093786636 0.00859375 0.004689331770222743
0 0.2703125 0.29835873388042206 0.0125 0.007033997655334115
0 0.658984375 0.2977725674091442 0.00859375 0.007033997655334115
0 0.80390625 0.29806565064478313 0.0109375 0.008792497069167644
0 0.632421875 0.2977725674091442 0.01015625 0.008206330597889801
0 0.4921875 0.2963071512309496 0.0046875 0.005275498241500586
0 0.782421875 0.2974794841735053 0.01171875 0.008792497069167644
0 0.1765625 0.29806565064478313 0.0109375 0.00996483001172333
0 0.33046875 0.2954279015240328 0.0109375 0.008206330597889801
0 0.555078125 0.2936694021101993 0.01015625 0.008206330597889801
0 0.3609375 0.2933763188745604 0.0109375 0.008792497069167644
0 0.700390625 0.29161781946072685 0.00703125 0.006447831184056272
0 0.760546875 0.29191090269636577 0.01015625 0.008206330597889801
0 0.53203125 0.29044548651817115 0.009375 0.0076201641266119575
0 0.599609375 0.2898593200468933 0.00703125 0.0076201641266119575
0 0.4671875 0.2881008206330598 0.00625 0.006447831184056272
0 0.676171875 0.2881008206330598 0.01015625 0.0076201641266119575
0 0.7390625 0.2878077373974209 0.0109375 0.008206330597889801
0 0.384375 0.2881008206330598 0.0109375 0.008792497069167644
0 0.51015625 0.28516998827667056 0.00625 0.006447831184056272
0 0.851953125 0.2857561547479484 0.01171875 0.008792497069167644
0 0.822265625 0.2816529894490035 0.00078125 0.0005861664712778429
0 0.2890625 0.28604923798358733 0.0125 0.009378663540445486
0 0.820703125 0.28106682297772567 0.00078125 0.0005861664712778429
0 0.814453125 0.28106682297772567 0.00078125 0.0005861664712778429
0 0.408984375 0.28487690504103164 0.01015625 0.008206330597889801
0 0.81796875 0.2804806565064478 0.003125 0.0005861664712778429
0 0.621875 0.2828253223915592 0.0046875 0.006447831184056272
0 0.578125 0.2828253223915592 0.0078125 0.006447831184056272
0 0.717578125 0.2825322391559203 0.01015625 0.008206330597889801
0 0.648828125 0.28223915592028137 0.00859375 0.0076201641266119575
0 0.79453125 0.2825322391559203 0.0109375 0.009378663540445486
0 0.313671875 0.28077373974208675 0.01015625 0.008206330597889801
0 0.25390625 0.2816529894490035 0.0125 0.00996483001172333
0 0.34765625 0.2787221570926143 0.0046875 0.005275498241500586
0 0.4359375 0.2790152403282532 0.0109375 0.008206330597889801
0 0.485546875 0.27784290738569756 0.00859375 0.008206330597889801
0 0.773046875 0.2772567409144197 0.01171875 0.008206330597889801
0 0.691015625 0.2749120750293083 0.00859375 0.008206330597889801
0 0.8359375 0.27432590855803046 0.0125 0.009378663540445486
0 0.751953125 0.2731535756154748 0.00859375 0.008206330597889801
0 0.6 0.2719812426729191 0.0046875 0.005861664712778429
0 0.36953125 0.2731535756154748 0.0078125 0.008206330597889801
0 0.394140625 0.2708089097303634 0.00546875 0.004689331770222743
0 0.669921875 0.27139507620164127 0.00703125 0.008206330597889801
0 0.557421875 0.27139507620164127 0.00703125 0.008206330597889801
0 0.27421875 0.27110199296600235 0.0125 0.008792497069167644
0 0.462109375 0.2696365767878077 0.00703125 0.008206330597889801
0 0.81015625 0.26817116060961316 0.0109375 0.008792497069167644
0 0.730078125 0.26817116060961316 0.01015625 0.008792497069167644
0 0.416015625 0.26670574443141853 0.01015625 0.007033997655334115
0 0.505078125 0.2664126611957796 0.00859375 0.0076201641266119575
0 0.648828125 0.26465416178194606 0.00703125 0.005275498241500586
0 0.298046875 0.26553341148886284 0.01171875 0.007033997655334115
0 0.624609375 0.264947245017585 0.00859375 0.007033997655334115
0 0.326171875 0.26553341148886284 0.01015625 0.008206330597889801
0 0.78828125 0.2652403282532239 0.0109375 0.008792497069167644
0 0.709375 0.26436107854630714 0.0078125 0.008206330597889801
0 0.578125 0.26289566236811257 0.0078125 0.0076201641266119575
0 0.823828125 0.2587924970691676 0.00078125 0.0017584994138335288
0 0.534375 0.2605509964830012 0.009375 0.0076201641266119575
0 0.767578125 0.2605509964830012 0.01015625 0.008792497069167644
0 0.483203125 0.2596717467760844 0.00703125 0.008206330597889801
0 0.4390625 0.2599648300117233 0.0109375 0.008792497069167644
0 0.171875 0.25586166471277844 0.0015625 0.0005861664712778429
0 0.835546875 0.2552754982415006 0.00234375 0.0017584994138335288
0 0.353515625 0.2584994138335287 0.00859375 0.008206330597889801
0 0.833203125 0.2541031652989449 0.00078125 0.0005861664712778429
0 0.830078125 0.25351699882766704 0.00390625 0.0005861664712778429
0 0.6875 0.25703399765533413 0.009375 0.0076201641266119575
0 0.3765625 0.2552754982415006 0.009375 0.0076201641266119575
0 0.746875 0.25498241500586166 0.009375 0.008206330597889801
0 0.665625 0.25381008206330596 0.009375 0.008206330597889801
0 0.555859375 0.2529308323563892 0.00859375 0.008792497069167644
0 0.6 0.25175849941383355 0.00625 0.0076201641266119575
0 0.723828125 0.2508792497069168 0.00859375 0.008206330597889801
0 0.46015625 0.25058616647127785 0.0109375 0.0076201641266119575
0 0.175 0.25058616647127785 0.0046875 0.0076201641266119575
0 0.171484375 0.24648300117233293 0.00078125 0.0005861664712778429
0 0.848046875 0.2502930832356389 0.01328125 0.009378663540445486
0 0.80625 0.24765533411488863 0.0015625 0.004103165298944901
0 0.324609375 0.24765533411488863 0.00546875 0.004103165298944901
0 0.169921875 0.2458968347010551 0.00078125 0.0005861664712778429
0 0.50859375 0.24912075029308323 0.009375 0.008206330597889801
0 0.8171875 0.2447245017584994 0.0015625 0.0005861664712778429
0 0.41796875 0.2485345838218054 0.0109375 0.008206330597889801
0 0.815234375 0.24413833528722156 0.00078125 0.0005861664712778429
0 0.808984375 0.24413833528722156 0.00078125 0.0005861664712778429
0 0.620703125 0.24677608440797186 0.00859375 0.005861664712778429
0 0.812109375 0.24355216881594371 0.00390625 0.0005861664712778429
0 0.78671875 0.24706916764361078 0.0125 0.008792497069167644
0 0.64296875 0.24648300117233293 0.009375 0.0076201641266119575
0 0.701953125 0.24384525205158264 0.01015625 0.008206330597889801
0 0.762890625 0.2429660023446659 0.01015625 0.008792497069167644
0 0.5765625 0.24267291910902697 0.009375 0.008206330597889801
0 0.836328125 0.2376905041031653 0.00078125 0.0005861664712778429
0 0.825390625 0.24003516998827668 0.00390625 0.005275498241500586
0 0.834765625 0.23710433763188746 0.00078125 0.0005861664712778429
0 0.48046875 0.24091441969519342 0.0109375 0.008206330597889801
0 0.53515625 0.2391559202813599 0.0046875 0.005861664712778429
0 0.43828125 0.2403282532239156 0.0109375 0.008206330597889801
0 0.394921875 0.2403282532239156 0.01015625 0.008206330597889801
0 0.830859375 0.2365181711606096 0.00546875 0.0017584994138335288
0 0.345703125 0.24003516998827668 0.01171875 0.008792497069167644
0 0.7421875 0.23710433763188746 0.0078125 0.0076201641266119575
0 0.369921875 0.23739742086752638 0.01171875 0.008206330597889801
0 0.661328125 0.23593200468933176 0.00859375 0.0076201641266119575
0 0.55625 0.23388042203985931 0.0078125 0.007033997655334115
0 0.85703125 0.23388042203985931 0.0125 0.008206330597889801
0 0.632421875 0.23124267291910902 0.00546875 0.004103165298944901
0 0.503515625 0.23124267291910902 0.00390625 0.005275498241500586
0 0.46015625 0.2321219226260258 0.009375 0.008206330597889801
0 0.720703125 0.23124267291910902 0.01015625 0.0076201641266119575
0 0.683984375 0.23124267291910902 0.00859375 0.0076201641266119575
0 0.1734375 0.23153575615474795 0.0140625 0.010550996483001172
0 0.7984375 0.23036342321219228 0.0109375 0.009378663540445486
0 0.286328125 0.22889800703399765 0.01015625 0.006447831184056272
0 0.775390625 0.22977725674091443 0.01171875 0.009378663540445486
0 0.321484375 0.2268464243845252 0.00546875 0.0035169988276670576
0 0.41484375 0.22713950762016413 0.0078125 0.008792497069167644
0 0.580859375 0.22479484173505276 0.00859375 0.0076201641266119575
0 0.523046875 0.22362250879249707 0.00703125 0.0076201641266119575
0 0.83984375 0.22362250879249707 0.0125 0.008792497069167644
0 0.754296875 0.22362250879249707 0.01171875 0.008792497069167644
0 0.3515625 0.22186400937866355 0.009375 0.006447831184056272
0 0.4796875 0.22215709261430247 0.0109375 0.008206330597889801
0 0.43671875 0.22157092614302462 0.0109375 0.008206330597889801
0 0.70078125 0.22039859320046892 0.0078125 0.008206330597889801
0 0.37578125 0.2186400937866354 0.009375 0.007033997655334115
0 0.666015625 0.21834701055099648 0.00703125 0.0076201641266119575
0 0.602734375 0.21776084407971863 0.00703125 0.006447831184056272
0 0.54453125 0.21805392731535755 0.009375 0.008206330597889801
0 0.458203125 0.2130715123094959 0.00703125 0.005275498241500586
0 0.721875 0.21395076201641267 0.00625 0.008206330597889801
0 0.501171875 0.21277842907385697 0.00703125 0.005861664712778429
0 0.685546875 0.208968347010551 0.00390625 0.005275498241500586
0 0.566015625 0.20984759671746775 0.00703125 0.007033997655334115
0 0.808984375 0.20603751465416179 0.00078125 0.0005861664712778429
0 0.41328125 0.20926143024618993 0.0078125 0.007033997655334115
0 0.807421875 0.20545134818288394 0.00078125 0.0005861664712778429
0 0.741796875 0.20955451348182885 0.00859375 0.008792497069167644
0 0.80625 0.20252051582649472 0.0015625 0.004103165298944901
0 0.587109375 0.20398593200468934 0.00859375 0.007033997655334115
0 0.52109375 0.20398593200468934 0.009375 0.007033997655334115
0 0.4796875 0.20310668229777257 0.00625 0.005275498241500586
0 0.765625 0.20017584994138335 0.00625 0.0017584994138335288
0 0.435546875 0.20310668229777257 0.01015625 0.0076201641266119575
0 0.388671875 0.20281359906213364 0.01015625 0.007033997655334115
0 0.70703125 0.20134818288393905 0.0046875 0.006447831184056272
0 0.8125 0.19724501758499413 0.0015625 0.0005861664712778429
0 0.54609375 0.1995896834701055 0.0078125 0.0076201641266119575
0 0.726171875 0.1954865181711606 0.00859375 0.006447831184056272
0 0.458203125 0.194021101992966 0.00546875 0.004689331770222743
0 0.3671875 0.19460726846424384 0.0078125 0.005861664712778429
0 0.50234375 0.1943141852286049 0.00625 0.0076201641266119575
0 0.567578125 0.19138335287221572 0.00546875 0.006447831184056272
0 0.746484375 0.18786635404454866 0.00078125 0.0005861664712778429
0 0.676953125 0.1910902696365768 0.00859375 0.008206330597889801
0 0.62578125 0.19079718640093787 0.009375 0.0076201641266119575
0 0.77734375 0.19050410316529895 0.0125 0.008206330597889801
0 0.601171875 0.18815943728018758 0.00390625 0.0035169988276670576
0 0.53125 0.1858147713950762 0.0046875 0.0023446658851113715
0 0.696875 0.18347010550996484 0.009375 0.007033997655334115
0 0.43828125 0.18141852286049237 0.0046875 0.004103165298944901
0 0.8078125 0.18376318874560374 0.0125 0.00996483001172333
0 0.32109375 0.18112543962485345 0.0078125 0.007033997655334115
0 0.580859375 0.17790152403282533 0.00703125 0.006447831184056272
0 0.726953125 0.17848769050410315 0.01171875 0.008792497069167644
0 0.508984375 0.1764361078546307 0.00703125 0.005861664712778429
0 0.833984375 0.1746776084407972 0.00703125 0.005861664712778429
0 0.484765625 0.1749706916764361 0.00859375 0.006447831184056272
0 0.748046875 0.17438452520515826 0.01171875 0.008792497069167644
0 0.547265625 0.17233294255568582 0.00546875 0.005861664712778429
0 0.383984375 0.1694021101992966 0.00546875 0.0035169988276670576
0 0.70546875 0.16735052754982416 0.0078125 0.0076201641266119575
0 0.41171875 0.16588511137162953 0.0078125 0.005861664712778429
0 0.5984375 0.16471277842907386 0.00625 0.004689331770222743
0 0.8109375 0.1667643610785463 0.0125 0.00996483001172333
0 0.630078125 0.16441969519343494 0.00859375 0.008792497069167644
0 0.767578125 0.1638335287221571 0.01171875 0.00996483001172333
0 0.651953125 0.16090269636576787 0.00859375 0.0076201641266119575
0 0.78984375 0.15943728018757328 0.0125 0.009378663540445486
0 0.5328125 0.15767878077373973 0.009375 0.007033997655334115
0 0.51015625 0.15533411488862836 0.00625 0.0035169988276670576
0 0.31796875 0.15269636576787807 0.0078125 0.0076201641266119575
0 0.56640625 0.15211019929660025 0.0078125 0.0076201641266119575
0 0.742578125 0.15005861664712777 0.01171875 0.009378663540445486
0 0.675 0.1447831184056272 0.0109375 0.008206330597889801
0 0.293359375 0.14009378663540445 0.00859375 0.004689331770222743
0 0.615625 0.1406799531066823 0.0078125 0.007033997655334115
0 0.653125 0.1365767878077374 0.0078125 0.005861664712778429
0 0.518359375 0.13335287221570927 0.00390625 0.0029308323563892145
0 0.3515625 0.134232121922626 0.0078125 0.004689331770222743
0 0.571875 0.1336459554513482 0.00625 0.004689331770222743
0 0.31484375 0.13335287221570927 0.009375 0.005275498241500586
0 0.26328125 0.1324736225087925 0.0109375 0.007033997655334115
0 0.492578125 0.12866354044548653 0.00703125 0.006447831184056272
0 0.212109375 0.11518171160609614 0.00859375 0.008792497069167644
0 0.211328125 0.1093200468933177 0.00078125 0.0005861664712778429
0 0.208203125 0.10873388042203985 0.00390625 0.0005861664712778429
