0 0.346484375 0.8942708333333333 0.01015625 0.015625
0 0.44765625 0.7979166666666667 0.009375 0.0125
0 0.694921875 0.7958333333333333 0.01015625 0.0125
0 0.519140625 0.7854166666666667 0.00859375 0.0125
0 0.58359375 0.7822916666666667 0.009375 0.0125
0 0.60390625 0.778125 0.009375 0.0125
0 0.5359375 0.7765625 0.009375 0.011458333333333333
0 0.346875 0.7760416666666666 0.009375 0.0125
0 0.714453125 0.7755208333333333 0.01015625 0.013541666666666667
0 0.640234375 0.7755208333333333 0.01015625 0.013541666666666667
0 0.743359375 0.7713541666666667 0.01015625 0.013541666666666667
0 0.203125 0.7697916666666667 0.009375 0.0125
0 0.696875 0.76875 0.009375 0.014583333333333334
0 0.55234375 0.7661458333333333 0.009375 0.013541666666666667
0 0.868359375 0.7614583333333333 0.01015625 0.0125
0 0.67890625 0.7598958333333333 0.009375 0.013541666666666667
0 0.57734375 0.7557291666666667 0.0078125 0.011458333333333333
0 0.645703125 0.7536458333333333 0.01015625 0.011458333333333333
0 0.628515625 0.7526041666666666 0.01015625 0.013541666666666667
0 0.507421875 0.746875 0.00859375 0.0125
0 0.770703125 0.7442708333333333 0.01015625 0.013541666666666667
0 0.692578125 0.7432291666666667 0.01015625 0.013541666666666667
0 0.66640625 0.7416666666666667 0.009375 0.0125
0 0.55859375 0.7416666666666667 0.009375 0.0125
0 0.597265625 0.7401041666666667 0.01015625 0.013541666666666667
0 0.61484375 0.7375 0.009375 0.0125
0 0.722265625 0.7328125 0.01015625 0.013541666666666667
0 0.52265625 0.7317708333333334 0.009375 0.013541666666666667
0 0.44921875 0.7307291666666667 0.009375 0.013541666666666667
0 0.75390625 0.7296875 0.0109375 0.013541666666666667
0 0.830859375 0.728125 0.01171875 0.0125
0 0.41328125 0.728125 0.009375 0.0125
0 0.89140625 0.7276041666666667 0.0109375 0.013541666666666667
0 0.647265625 0.7270833333333333 0.01015625 0.0125
0 0.630078125 0.7260416666666667 0.01015625 0.0125
0 0.681640625 0.7234375 0.01015625 0.013541666666666667
0 0.4703125 0.7234375 0.009375 0.013541666666666667
0 0.70625 0.7213541666666666 0.009375 0.011458333333333333
0 0.73671875 0.7203125 0.0109375 0.013541666666666667
0 0.378515625 0.7197916666666667 0.00859375 0.0125
0 0.663671875 0.7177083333333333 0.01015625 0.0125
0 0.85234375 0.7161458333333334 0.0109375 0.013541666666666667
0 0.566796875 0.715625 0.00859375 0.0125
0 0.720703125 0.7088541666666667 0.01015625 0.013541666666666667
0 0.456640625 0.7083333333333334 0.00859375 0.0125
0 0.60234375 0.7057291666666666 0.009375 0.013541666666666667
0 0.638671875 0.7046875 0.00859375 0.013541666666666667
0 0.582421875 0.7046875 0.00859375 0.013541666666666667
0 0.49453125 0.7041666666666667 0.009375 0.0125
0 0.694140625 0.703125 0.01015625 0.0125
0 0.545703125 0.7026041666666667 0.00859375 0.011458333333333333
0 0.5140625 0.7010416666666667 0.009375 0.0125
0 0.67421875 0.7 0.009375 0.0125
0 0.390234375 0.6994791666666667 0.01015625 0.013541666666666667
0 0.85078125 0.6932291666666667 0.0109375 0.013541666666666667
0 0.65546875 0.6927083333333334 0.009375 0.0125
0 0.81328125 0.690625 0.0109375 0.0125
0 0.37421875 0.6895833333333333 0.009375 0.0125
0 0.71875 0.6859375 0.009375 0.013541666666666667
0 0.611328125 0.6859375 0.00859375 0.013541666666666667
0 0.355078125 0.6838541666666667 0.00859375 0.011458333333333333
0 0.590234375 0.6833333333333333 0.00859375 0.0125
0 0.50234375 0.6828125 0.009375 0.013541666666666667
0 0.5734375 0.6796875 0.009375 0.011458333333333333
0 0.53984375 0.6760416666666667 0.0078125 0.0125
0 0.471484375 0.6703125 0.00859375 0.011458333333333333
0 0.519140625 0.6677083333333333 0.00859375 0.0125
0 0.67265625 0.6661458333333333 0.0078125 0.011458333333333333
0 0.37109375 0.6635416666666667 0.009375 0.010416666666666666
0 0.559765625 0.6614583333333334 0.00859375 0.0125
0 0.3484375 0.6614583333333334 0.0078125 0.0125
0 0.3171875 0.6572916666666667 0.009375 0.0125
0 0.543359375 0.6536458333333334 0.00859375 0.011458333333333333
0 0.8421875 0.6526041666666667 0.0109375 0.013541666666666667
0 0.799609375 0.6484375 0.01171875 0.011458333333333333
0 0.57578125 0.6489583333333333 0.009375 0.0125
0 0.441796875 0.646875 0.00859375 0.0125
0 0.502734375 0.6458333333333334 0.00859375 0.0125
0 0.520703125 0.64375 0.00859375 0.0125
0 0.28203125 0.6390625 0.009375 0.011458333333333333
0 0.66640625 0.6380208333333334 0.009375 0.011458333333333333
0 0.814453125 0.6375 0.01171875 0.0125
0 0.398828125 0.6369791666666667 0.00859375 0.011458333333333333
0 0.459375 0.6359375 0.009375 0.011458333333333333
0 0.318359375 0.6333333333333333 0.00859375 0.0125
0 0.533203125 0.628125 0.00859375 0.0125
0 0.417578125 0.6276041666666666 0.00859375 0.011458333333333333
0 0.58203125 0.6270833333333333 0.009375 0.0125
0 0.386328125 0.6203125 0.00859375 0.011458333333333333
0 0.273828125 0.6177083333333333 0.00859375 0.0125
0 0.33203125 0.6161458333333333 0.009375 0.011458333333333333
0 0.2921875 0.6130208333333333 0.009375 0.011458333333333333
0 0.566015625 0.6114583333333333 0.00859375 0.0125
0 0.35 0.6109375 0.009375 0.011458333333333333
0 0.521484375 0.6078125 0.00859375 0.011458333333333333
0 0.589453125 0.6067708333333334 0.00859375 0.011458333333333333
0 0.82109375 0.6067708333333334 0.0109375 0.013541666666666667
0 0.548828125 0.60625 0.00859375 0.0125
0 0.84453125 0.6041666666666666 0.0078125 0.0125
0 0.650390625 0.59375 0.00859375 0.010416666666666666
0 0.535546875 0.5921875 0.00859375 0.011458333333333333
0 0.830078125 0.5890625 0.01171875 0.013541666666666667
0 0.57109375 0.5880208333333333 0.009375 0.011458333333333333
0 0.35703125 0.5885416666666666 0.009375 0.0125
0 0.33671875 0.5848958333333333 0.009375 0.011458333333333333
0 0.554296875 0.58125 0.00859375 0.0125
0 0.234375 0.5765625 0.009375 0.011458333333333333
0 0.370703125 0.5729166666666666 0.00859375 0.0125
0 0.439453125 0.5604166666666667 0.00859375 0.010416666666666666
0 0.54140625 0.5588541666666667 0.0078125 0.011458333333333333
0 0.51953125 0.5567708333333333 0.0078125 0.011458333333333333
0 0.416796875 0.5567708333333333 0.00859375 0.011458333333333333
0 0.580859375 0.5546875 0.00859375 0.011458333333333333
0 0.462109375 0.5541666666666667 0.00859375 0.010416666666666666
0 0.380859375 0.5546875 0.00859375 0.011458333333333333
0 0.81328125 0.5494791666666666 0.0234375 0.023958333333333335
0 0.566015625 0.5427083333333333 0.00859375 0.010416666666666666
0 0.496484375 0.5401041666666667 0.00859375 0.011458333333333333
0 0.405078125 0.5395833333333333 0.00859375 0.0125
0 0.308203125 0.5395833333333333 0.00859375 0.0125
0 0.28203125 0.5375 0.009375 0.0125
0 0.33515625 0.5333333333333333 0.009375 0.0125
0 0.46640625 0.5307291666666667 0.0078125 0.011458333333333333
0 0.439453125 0.528125 0.00859375 0.010416666666666666
0 0.509375 0.5260416666666666 0.0078125 0.010416666666666666
0 0.421875 0.5270833333333333 0.009375 0.0125
0 0.371484375 0.5255208333333333 0.00859375 0.011458333333333333
0 0.863671875 0.5223958333333333 0.01171875 0.011458333333333333
0 0.26171875 0.5223958333333333 0.009375 0.011458333333333333
0 0.40625 0.5171875 0.009375 0.011458333333333333
0 0.390234375 0.5078125 0.00859375 0.011458333333333333
0 0.423828125 0.5041666666666667 0.00859375 0.010416666666666666
0 0.626953125 0.503125 0.00859375 0.010416666666666666
0 0.203515625 0.5026041666666666 0.00859375 0.009375
0 0.458203125 0.5 0.00859375 0.010416666666666666
0 0.26171875 0.49895833333333334 0.009375 0.010416666666666666
0 0.22734375 0.49895833333333334 0.009375 0.0125
0 0.280859375 0.4953125 0.00859375 0.011458333333333333
0 0.473046875 0.4901041666666667 0.00859375 0.011458333333333333
0 0.436328125 0.48854166666666665 0.00859375 0.0125
0 0.243359375 0.484375 0.00703125 0.00625
0 0.213671875 0.48489583333333336 0.00859375 0.011458333333333333
0 0.56796875 0.4786458333333333 0.0078125 0.011458333333333333
0 0.533203125 0.47239583333333335 0.00703125 0.011458333333333333
0 0.456640625 0.4708333333333333 0.00859375 0.010416666666666666
0 0.2296875 0.471875 0.009375 0.0125
0 0.484375 0.46979166666666666 0.0078125 0.010416666666666666
0 0.4265625 0.4635416666666667 0.0078125 0.010416666666666666
0 0.24765625 0.4640625 0.009375 0.011458333333333333
0 0.7234375 0.4588541666666667 0.009375 0.011458333333333333
0 0.683203125 0.45416666666666666 0.01015625 0.010416666666666666
0 0.219140625 0.4546875 0.00859375 0.011458333333333333
0 0.372265625 0.4510416666666667 0.00859375 0.010416666666666666
0 0.45390625 0.44947916666666665 0.0078125 0.011458333333333333
0 0.698828125 0.4484375 0.01015625 0.011458333333333333
0 0.414453125 0.4484375 0.00859375 0.011458333333333333
0 0.57890625 0.44375 0.0078125 0.010416666666666666
0 0.197265625 0.44114583333333335 0.00859375 0.011458333333333333
0 0.419921875 0.4265625 0.00859375 0.011458333333333333
0 0.36328125 0.4244791666666667 0.0078125 0.011458333333333333
0 0.54921875 0.42291666666666666 0.0078125 0.010416666666666666
0 0.8546875 0.42239583333333336 0.0265625 0.011458333333333333
0 0.441796875 0.41875 0.00859375 0.010416666666666666
0 0.46328125 0.41822916666666665 0.0078125 0.011458333333333333
0 0.244921875 0.4171875 0.00859375 0.011458333333333333
0 0.31640625 0.41510416666666666 0.0078125 0.011458333333333333
0 0.4046875 0.41354166666666664 0.0078125 0.010416666666666666
0 0.287109375 0.4140625 0.00859375 0.011458333333333333
0 0.787109375 0.40989583333333335 0.01015625 0.011458333333333333
0 0.47890625 0.4088541666666667 0.0078125 0.011458333333333333
0 0.42734375 0.40729166666666666 0.0078125 0.010416666666666666
0 0.537890625 0.40572916666666664 0.00859375 0.011458333333333333
0 0.682421875 0.39947916666666666 0.00859375 0.011458333333333333
0 0.633203125 0.39739583333333334 0.00859375 0.011458333333333333
0 0.5546875 0.396875 0.0078125 0.010416666666666666
0 0.441015625 0.39375 0.00859375 0.010416666666666666
0 0.812109375 0.3927083333333333 0.01015625 0.0125
0 0.346875 0.39114583333333336 0.0078125 0.011458333333333333
0 0.38828125 0.39010416666666664 0.0078125 0.011458333333333333
0 0.6 0.3875 0.0078125 0.010416666666666666
0 0.479296875 0.38697916666666665 0.00859375 0.011458333333333333
0 0.896484375 0.371875 0.00546875 0.004166666666666667
0 0.62890625 0.37552083333333336 0.0078125 0.011458333333333333
0 0.2 0.37083333333333335 0.009375 0.0125
0 0.8234375 0.36822916666666666 0.0265625 0.013541666666666667
0 0.530078125 0.36614583333333334 0.00703125 0.011458333333333333
0 0.48046875 0.36614583333333334 0.0078125 0.011458333333333333
0 0.61484375 0.36302083333333335 0.0078125 0.011458333333333333
0 0.225390625 0.36302083333333335 0.00859375 0.011458333333333333
0 0.8796875 0.35520833333333335 0.025 0.014583333333333334
0 0.500390625 0.3484375 0.00859375 0.011458333333333333
0 0.2796875 0.34791666666666665 0.0078125 0.0125
0 0.5375 0.3458333333333333 0.0078125 0.010416666666666666
0 0.5625 0.34427083333333336 0.0078125 0.011458333333333333
0 0.77734375 0.35 0.01875 0.025
0 0.569140625 0.3265625 0.00703125 0.011458333333333333
0 0.5 0.3229166666666667 0.0078125 0.010416666666666666
0 0.837890625 0.3223958333333333 0.01015625 0.011458333333333333
0 0.711328125 0.32395833333333335 0.02578125 0.014583333333333334
0 0.36875 0.31979166666666664 0.0078125 0.0125
0 0.804296875 0.3177083333333333 0.00703125 0.010416666666666666
0 0.290625 0.3182291666666667 0.0078125 0.011458333333333333
0 0.4640625 0.315625 0.0078125 0.010416666666666666
0 0.58203125 0.29739583333333336 0.0078125 0.011458333333333333
0 0.354296875 0.2864583333333333 0.00859375 0.0125
0 0.400390625 0.28177083333333336 0.00859375 0.011458333333333333
0 0.52578125 0.28020833333333334 0.0078125 0.010416666666666666
0 0.805078125 0.27447916666666666 0.01015625 0.011458333333333333
0 0.51171875 0.26979166666666665 0.0078125 0.010416666666666666
0 0.761328125 0.26875 0.01015625 0.010416666666666666
0 0.72265625 0.2640625 0.009375 0.011458333333333333
0 0.701171875 0.2609375 0.00859375 0.011458333333333333
0 0.777734375 0.24947916666666667 0.01015625 0.009375
0 0.25390625 0.24947916666666667 0.009375 0.013541666666666667
0 0.29609375 0.24270833333333333 0.0078125 0.0125
0 0.258203125 0.23072916666666668 0.00859375 0.013541666666666667
0 0.53046875 0.22760416666666666 0.0078125 0.011458333333333333
0 0.371484375 0.2265625 0.00859375 0.011458333333333333
0 0.5171875 0.21510416666666668 0.0078125 0.011458333333333333
0 0.26015625 0.19947916666666668 0.009375 0.011458333333333333
