0 0.6578125 0.8953125 0.0078125 0.013541666666666667
0 0.3515625 0.89375 0.009375 0.0125
0 0.265234375 0.890625 0.01015625 0.010416666666666666
0 0.469140625 0.890625 0.01015625 0.014583333333333334
0 0.402734375 0.890625 0.01015625 0.014583333333333334
0 0.33046875 0.8895833333333333 0.009375 0.014583333333333334
0 0.245703125 0.8895833333333333 0.01015625 0.014583333333333334
0 0.640234375 0.8885416666666667 0.01015625 0.014583333333333334
0 0.511328125 0.8885416666666667 0.01015625 0.014583333333333334
0 0.56484375 0.8859375 0.00625 0.011458333333333333
0 0.613671875 0.8848958333333333 0.00546875 0.011458333333333333
0 0.36953125 0.8864583333333333 0.009375 0.014583333333333334
0 0.309765625 0.8864583333333333 0.01015625 0.014583333333333334
0 0.595703125 0.8833333333333333 0.00703125 0.0125
0 0.5484375 0.8838541666666667 0.009375 0.013541666666666667
0 0.69921875 0.8817708333333333 0.009375 0.011458333333333333
0 0.675 0.8828125 0.0078125 0.013541666666666667
0 0.41875 0.8796875 0.009375 0.013541666666666667
0 0.387109375 0.8791666666666667 0.01015625 0.014583333333333334
0 0.7171875 0.8765625 0.0078125 0.011458333333333333
0 0.484765625 0.8776041666666666 0.01015625 0.015625
0 0.78828125 0.8708333333333333 0.00625 0.010416666666666666
0 0.580078125 0.871875 0.00703125 0.0125
0 0.751953125 0.8677083333333333 0.00546875 0.00625
0 0.73359375 0.8703125 0.00625 0.011458333333333333
0 0.343359375 0.8703125 0.01015625 0.013541666666666667
0 0.501171875 0.86875 0.01015625 0.0125
0 0.90078125 0.8677083333333333 0.0109375 0.0125
0 0.771875 0.8661458333333333 0.0078125 0.011458333333333333
0 0.6265625 0.8666666666666667 0.0078125 0.0125
0 0.66171875 0.865625 0.00625 0.014583333333333334
0 0.458984375 0.8661458333333333 0.01015625 0.015625
0 0.68515625 0.8635416666666667 0.0078125 0.0125
0 0.6046875 0.8619791666666666 0.0046875 0.009375
0 0.40390625 0.8640625 0.009375 0.013541666666666667
0 0.1390625 0.8583333333333333 0.0015625 0.0020833333333333333
0 0.9296875 0.8567708333333334 0.0015625 0.0010416666666666667
0 0.82109375 0.8625 0.009375 0.0125
0 0.559765625 0.8614583333333333 0.00859375 0.010416666666666666
0 0.360546875 0.8640625 0.00859375 0.015625
0 0.1296875 0.8578125 0.0015625 0.005208333333333333
0 0.87578125 0.859375 0.0109375 0.010416666666666666
0 0.64453125 0.8598958333333333 0.0078125 0.013541666666666667
0 0.703515625 0.8572916666666667 0.00703125 0.010416666666666666
0 0.434765625 0.859375 0.01015625 0.014583333333333334
0 0.801953125 0.8526041666666667 0.00390625 0.005208333333333333
0 0.5171875 0.8567708333333334 0.009375 0.013541666666666667
0 0.1328125 0.8520833333333333 0.0046875 0.004166666666666667
0 0.475390625 0.8546875 0.01015625 0.015625
0 0.382421875 0.8536458333333333 0.01015625 0.013541666666666667
0 0.721875 0.85 0.00625 0.0125
0 0.573046875 0.8484375 0.00546875 0.009375
0 0.33515625 0.8489583333333334 0.009375 0.014583333333333334
0 0.7421875 0.8458333333333333 0.0078125 0.0125
0 0.533984375 0.8458333333333333 0.01015625 0.0125
0 0.784375 0.8447916666666667 0.0078125 0.0125
0 0.623046875 0.8427083333333333 0.00390625 0.010416666666666666
0 0.762109375 0.8427083333333333 0.00859375 0.0125
0 0.675 0.8427083333333333 0.009375 0.0125
0 0.497265625 0.8432291666666667 0.01015625 0.013541666666666667
0 0.421484375 0.8432291666666667 0.01015625 0.015625
0 0.82578125 0.8395833333333333 0.0078125 0.010416666666666666
0 0.655078125 0.8401041666666667 0.00859375 0.011458333333333333
0 0.691796875 0.8390625 0.00546875 0.011458333333333333
0 0.39765625 0.8401041666666667 0.009375 0.015625
0 0.92421875 0.8338541666666667 0.0046875 0.005208333333333333
0 0.60546875 0.8369791666666667 0.00625 0.011458333333333333
0 0.550390625 0.8385416666666666 0.00703125 0.014583333333333334
0 0.86640625 0.8359375 0.0109375 0.013541666666666667
0 0.464453125 0.834375 0.01015625 0.014583333333333334
0 0.366015625 0.8338541666666667 0.01015625 0.013541666666666667
0 0.321875 0.8338541666666667 0.009375 0.013541666666666667
0 0.587109375 0.83125 0.00546875 0.010416666666666666
0 0.5140625 0.8307291666666666 0.009375 0.013541666666666667
0 0.637890625 0.8291666666666667 0.00703125 0.0125
0 0.481640625 0.8291666666666667 0.00859375 0.0125
0 0.7078125 0.8286458333333333 0.00625 0.013541666666666667
0 0.73125 0.8270833333333333 0.009375 0.0125
0 0.800390625 0.8255208333333334 0.01015625 0.013541666666666667
0 0.9421875 0.821875 0.0109375 0.008333333333333333
0 0.383203125 0.825 0.01015625 0.014583333333333334
0 0.339453125 0.8244791666666667 0.01015625 0.013541666666666667
0 0.770703125 0.8213541666666667 0.00390625 0.009375
0 0.564453125 0.8229166666666666 0.00703125 0.0125
0 0.6671875 0.8203125 0.0078125 0.011458333333333333
0 0.532421875 0.8197916666666667 0.00859375 0.0125
0 0.753515625 0.8177083333333334 0.00859375 0.0125
0 0.498828125 0.81875 0.01015625 0.014583333333333334
0 0.417578125 0.8182291666666667 0.01015625 0.013541666666666667
0 0.61796875 0.8171875 0.00625 0.013541666666666667
0 0.6859375 0.815625 0.009375 0.0125
0 0.871875 0.8140625 0.0109375 0.013541666666666667
0 0.601171875 0.8130208333333333 0.00859375 0.013541666666666667
0 0.399609375 0.8135416666666667 0.01015625 0.014583333333333334
0 0.548828125 0.8104166666666667 0.00703125 0.0125
0 0.470703125 0.8104166666666667 0.01015625 0.0125
0 0.369921875 0.8088541666666667 0.01015625 0.013541666666666667
0 0.2953125 0.8088541666666667 0.009375 0.013541666666666667
0 0.147265625 0.8026041666666667 0.00078125 0.0010416666666666667
0 0.435546875 0.8078125 0.01015625 0.013541666666666667
0 0.641015625 0.8052083333333333 0.01015625 0.010416666666666666
0 0.3515625 0.8067708333333333 0.009375 0.013541666666666667
0 0.32578125 0.80625 0.009375 0.014583333333333334
0 0.51796875 0.8046875 0.009375 0.013541666666666667
0 0.150390625 0.7994791666666666 0.00390625 0.003125
0 0.6984375 0.8010416666666667 0.00625 0.008333333333333333
0 0.778515625 0.8010416666666667 0.00859375 0.0125
0 0.9359375 0.8 0.0109375 0.0125
0 0.797265625 0.7989583333333333 0.00703125 0.014583333333333334
0 0.65859375 0.7984375 0.009375 0.013541666666666667
0 0.56484375 0.7979166666666667 0.00625 0.0125
0 0.4890625 0.796875 0.009375 0.014583333333333334
0 0.84453125 0.7953125 0.009375 0.013541666666666667
0 0.588671875 0.7953125 0.00859375 0.013541666666666667
0 0.53515625 0.7942708333333334 0.009375 0.013541666666666667
0 0.414453125 0.7942708333333334 0.01015625 0.013541666666666667
0 0.38359375 0.79375 0.009375 0.014583333333333334
0 0.3109375 0.7932291666666667 0.009375 0.013541666666666667
0 0.757421875 0.7885416666666667 0.00703125 0.0125
0 0.682421875 0.7890625 0.00859375 0.013541666666666667
0 0.61015625 0.7890625 0.009375 0.013541666666666667
0 0.28515625 0.7890625 0.009375 0.013541666666666667
0 0.628515625 0.7869791666666667 0.00859375 0.013541666666666667
0 0.237890625 0.78125 0.00078125 0.0020833333333333333
0 0.875 0.7833333333333333 0.0078125 0.008333333333333333
0 0.4703125 0.7854166666666667 0.009375 0.0125
0 0.44453125 0.7864583333333334 0.009375 0.014583333333333334
0 0.362890625 0.7859375 0.01015625 0.013541666666666667
0 0.344140625 0.784375 0.00859375 0.0125
0 0.238671875 0.7786458333333334 0.00078125 0.0010416666666666667
0 0.8296875 0.7786458333333334 0.0046875 0.007291666666666667
0 0.740625 0.78125 0.009375 0.0125
0 0.547265625 0.778125 0.00390625 0.00625
0 0.5203125 0.7802083333333333 0.009375 0.0125
0 0.4 0.78125 0.009375 0.014583333333333334
0 0.326953125 0.7807291666666667 0.00859375 0.013541666666666667
0 0.243359375 0.778125 0.00859375 0.008333333333333333
0 0.57421875 0.7776041666666667 0.0046875 0.009375
0 0.697265625 0.7770833333333333 0.00703125 0.010416666666666666
0 0.666015625 0.778125 0.00859375 0.0125
0 0.50234375 0.7786458333333334 0.009375 0.013541666666666667
0 0.773046875 0.7770833333333333 0.00703125 0.0125
0 0.42734375 0.7776041666666667 0.009375 0.013541666666666667
0 0.158984375 0.7755208333333333 0.01015625 0.009375
0 0.54609375 0.7708333333333334 0.003125 0.004166666666666667
0 0.886328125 0.7671875 0.00078125 0.0010416666666666667
0 0.596484375 0.7729166666666667 0.00859375 0.0125
0 0.297265625 0.7703125 0.01015625 0.013541666666666667
0 0.48515625 0.7692708333333333 0.009375 0.013541666666666667
0 0.81328125 0.765625 0.0078125 0.0125
0 0.371875 0.7645833333333333 0.009375 0.0125
0 0.275390625 0.7651041666666667 0.01015625 0.013541666666666667
0 0.63671875 0.7640625 0.009375 0.013541666666666667
0 0.31484375 0.7640625 0.009375 0.013541666666666667
0 0.730859375 0.7609375 0.00390625 0.009375
0 0.713671875 0.7619791666666667 0.00859375 0.011458333333333333
0 0.35390625 0.7630208333333334 0.009375 0.013541666666666667
0 0.468359375 0.7598958333333333 0.01015625 0.013541666666666667
0 0.655078125 0.7572916666666667 0.00703125 0.0125
0 0.44921875 0.7578125 0.009375 0.013541666666666667
0 0.416796875 0.7583333333333333 0.00859375 0.014583333333333334
0 0.336328125 0.7578125 0.00859375 0.013541666666666667
0 0.515625 0.7567708333333333 0.00625 0.013541666666666667
0 0.398828125 0.7567708333333333 0.00859375 0.013541666666666667
0 0.150390625 0.75625 0.00859375 0.0125
0 0.67421875 0.7541666666666667 0.009375 0.0125
0 0.571484375 0.7541666666666667 0.00703125 0.0125
0 0.533203125 0.7546875 0.00859375 0.013541666666666667
0 0.8484375 0.7536458333333333 0.009375 0.013541666666666667
0 0.5546875 0.753125 0.009375 0.0125
0 0.169921875 0.753125 0.01015625 0.0125
0 0.759765625 0.7526041666666666 0.00703125 0.013541666666666667
0 0.828515625 0.7505208333333333 0.01015625 0.013541666666666667
0 0.496484375 0.75 0.00703125 0.0125
0 0.241796875 0.75 0.00859375 0.0125
0 0.596875 0.7479166666666667 0.009375 0.0125
0 0.223828125 0.7479166666666667 0.00859375 0.0125
0 0.38359375 0.7458333333333333 0.009375 0.0125
0 0.2953125 0.7458333333333333 0.009375 0.0125
0 0.259765625 0.74375 0.00859375 0.010416666666666666
0 0.87265625 0.7442708333333333 0.0109375 0.013541666666666667
0 0.694140625 0.74375 0.01015625 0.0125
0 0.6140625 0.7442708333333333 0.009375 0.013541666666666667
0 0.480078125 0.7427083333333333 0.00859375 0.0125
0 0.362890625 0.7427083333333333 0.00703125 0.0125
0 0.74453125 0.7416666666666667 0.009375 0.0125
0 0.32421875 0.7416666666666667 0.009375 0.0125
0 0.276953125 0.740625 0.00859375 0.0125
0 0.63828125 0.7395833333333334 0.009375 0.0125
0 0.430859375 0.7401041666666667 0.00859375 0.013541666666666667
0 0.722265625 0.7369791666666666 0.00703125 0.011458333333333333
0 0.408984375 0.7364583333333333 0.00859375 0.0125
0 0.4625 0.7348958333333333 0.009375 0.013541666666666667
0 0.340625 0.7338541666666667 0.009375 0.011458333333333333
0 0.781640625 0.7322916666666667 0.01015625 0.0125
0 0.58203125 0.7322916666666667 0.009375 0.0125
0 0.5109375 0.7322916666666667 0.0046875 0.0125
0 0.53828125 0.73125 0.00625 0.0125
0 0.667578125 0.728125 0.01015625 0.0125
0 0.554296875 0.728125 0.00859375 0.0125
0 0.307421875 0.728125 0.00859375 0.0125
0 0.492578125 0.7239583333333334 0.00703125 0.010416666666666666
0 0.444921875 0.725 0.00859375 0.0125
0 0.288671875 0.7223958333333333 0.00859375 0.011458333333333333
0 0.380078125 0.721875 0.00859375 0.0125
0 0.25390625 0.721875 0.009375 0.0125
0 0.151953125 0.7213541666666666 0.00859375 0.011458333333333333
0 0.749609375 0.7171875 0.00703125 0.009375
0 0.47578125 0.7192708333333333 0.009375 0.013541666666666667
0 0.323828125 0.7177083333333333 0.00859375 0.0125
0 0.235546875 0.7177083333333333 0.00859375 0.0125
0 0.27109375 0.7166666666666667 0.0078125 0.0125
0 0.419140625 0.7161458333333334 0.00859375 0.013541666666666667
0 0.36328125 0.7140625 0.0078125 0.011458333333333333
0 0.872265625 0.7140625 0.01015625 0.013541666666666667
0 0.8921875 0.7130208333333333 0.009375 0.013541666666666667
0 0.4609375 0.7109375 0.00625 0.013541666666666667
0 0.525390625 0.7088541666666667 0.00546875 0.011458333333333333
0 0.341796875 0.7088541666666667 0.00703125 0.011458333333333333
0 0.506640625 0.7083333333333334 0.00859375 0.0125
0 0.396484375 0.7083333333333334 0.00859375 0.0125
0 0.840625 0.7041666666666667 0.00625 0.010416666666666666
0 0.809765625 0.7052083333333333 0.00703125 0.0125
0 0.78984375 0.7026041666666667 0.00625 0.007291666666666667
0 0.208984375 0.7036458333333333 0.00703125 0.009375
0 0.31015625 0.7036458333333333 0.0078125 0.011458333333333333
0 0.762890625 0.7010416666666667 0.01015625 0.0125
0 0.284765625 0.6989583333333333 0.00859375 0.010416666666666666
0 0.250390625 0.6984375 0.00703125 0.011458333333333333
0 0.378515625 0.6973958333333333 0.00859375 0.011458333333333333
0 0.47265625 0.6947916666666667 0.009375 0.0125
0 0.412109375 0.6947916666666667 0.00859375 0.0125
0 0.23359375 0.69375 0.0078125 0.010416666666666666
0 0.330078125 0.6932291666666667 0.00859375 0.011458333333333333
0 0.719921875 0.6927083333333334 0.01015625 0.0125
0 0.184765625 0.6880208333333333 0.00234375 0.003125
0 0.26796875 0.6895833333333333 0.0046875 0.010416666666666666
0 0.518359375 0.6864583333333333 0.00859375 0.0125
0 0.362109375 0.6833333333333333 0.00546875 0.008333333333333333
0 0.298046875 0.6848958333333334 0.00703125 0.011458333333333333
0 0.396484375 0.684375 0.00859375 0.0125
0 0.21796875 0.6828125 0.0078125 0.011458333333333333
0 0.805078125 0.6817708333333333 0.00703125 0.011458333333333333
0 0.345703125 0.6817708333333333 0.00859375 0.011458333333333333
0 0.743359375 0.68125 0.01015625 0.0125
0 0.786328125 0.6776041666666667 0.00703125 0.007291666666666667
0 0.316796875 0.6786458333333333 0.00859375 0.009375
0 0.282421875 0.6739583333333333 0.00546875 0.004166666666666667
0 0.84453125 0.6776041666666667 0.0109375 0.013541666666666667
0 0.251953125 0.6739583333333333 0.00859375 0.0125
0 0.471484375 0.6708333333333333 0.00859375 0.0125
0 0.412890625 0.6697916666666667 0.00546875 0.0125
0 0.333203125 0.6651041666666667 0.00859375 0.009375
0 0.378125 0.6630208333333333 0.0078125 0.011458333333333333
0 0.72578125 0.6625 0.009375 0.0125
0 0.180859375 0.6609375 0.00703125 0.009375
0 0.353515625 0.6598958333333333 0.00859375 0.011458333333333333
0 0.221484375 0.6598958333333333 0.00703125 0.011458333333333333
0 0.39609375 0.6583333333333333 0.0078125 0.0125
0 0.239453125 0.65625 0.00859375 0.008333333333333333
0 0.838671875 0.6546875 0.00859375 0.011458333333333333
0 0.5953125 0.6546875 0.0078125 0.011458333333333333
0 0.27734375 0.6526041666666667 0.0078125 0.009375
0 0.26015625 0.6520833333333333 0.0078125 0.010416666666666666
0 0.297265625 0.65 0.00703125 0.008333333333333333
0 0.422265625 0.6510416666666666 0.00859375 0.0125
0 0.316015625 0.6442708333333333 0.00859375 0.007291666666666667
0 0.461328125 0.6432291666666666 0.00859375 0.011458333333333333
0 0.3359375 0.6421875 0.009375 0.011458333333333333
0 0.68515625 0.6401041666666667 0.0078125 0.011458333333333333
0 0.19609375 0.634375 0.003125 0.004166666666666667
0 0.216015625 0.6369791666666667 0.00703125 0.011458333333333333
0 0.397265625 0.6348958333333333 0.00859375 0.011458333333333333
0 0.234375 0.6348958333333333 0.0078125 0.011458333333333333
0 0.27109375 0.6317708333333333 0.009375 0.011458333333333333
0 0.252734375 0.63125 0.00703125 0.010416666666666666
0 0.291015625 0.6302083333333334 0.00703125 0.010416666666666666
0 0.42109375 0.6276041666666666 0.00625 0.011458333333333333
0 0.3484375 0.6255208333333333 0.009375 0.011458333333333333
0 0.654296875 0.6244791666666667 0.00859375 0.011458333333333333
0 0.326171875 0.6229166666666667 0.00859375 0.010416666666666666
0 0.3078125 0.6208333333333333 0.00625 0.00625
0 0.548828125 0.6213541666666667 0.00859375 0.011458333333333333
0 0.84453125 0.6208333333333333 0.0109375 0.0125
0 0.20703125 0.6151041666666667 0.0046875 0.005208333333333333
0 0.226953125 0.6140625 0.00390625 0.005208333333333333
0 0.796875 0.6166666666666667 0.0109375 0.0125
0 0.568359375 0.6119791666666666 0.00859375 0.011458333333333333
0 0.243359375 0.6119791666666666 0.00703125 0.011458333333333333
0 0.26328125 0.6104166666666667 0.0078125 0.010416666666666666
0 0.282421875 0.609375 0.00859375 0.010416666666666666
0 0.337890625 0.6057291666666667 0.00859375 0.011458333333333333
0 0.776171875 0.6026041666666667 0.01015625 0.011458333333333333
0 0.31953125 0.6015625 0.0078125 0.009375
0 0.29921875 0.6010416666666667 0.00625 0.008333333333333333
0 0.36015625 0.6010416666666667 0.009375 0.010416666666666666
0 0.217578125 0.5921875 0.00390625 0.005208333333333333
0 0.235546875 0.5916666666666667 0.00703125 0.010416666666666666
0 0.27265625 0.5911458333333334 0.0078125 0.011458333333333333
0 0.253125 0.5911458333333334 0.0078125 0.011458333333333333
0 0.537109375 0.5895833333333333 0.00859375 0.0125
0 0.201953125 0.5848958333333333 0.00703125 0.007291666666666667
0 0.14453125 0.584375 0.00625 0.008333333333333333
0 0.3109375 0.5802083333333333 0.0078125 0.008333333333333333
0 0.29375 0.58125 0.0078125 0.010416666666666666
0 0.444921875 0.5807291666666666 0.00859375 0.011458333333333333
0 0.365234375 0.5729166666666666 0.00859375 0.010416666666666666
0 0.242578125 0.5697916666666667 0.00546875 0.004166666666666667
0 0.22578125 0.5729166666666666 0.0078125 0.010416666666666666
0 0.2609375 0.5697916666666667 0.0078125 0.010416666666666666
0 0.279296875 0.5692708333333333 0.00859375 0.011458333333333333
0 0.18984375 0.5677083333333334 0.00625 0.008333333333333333
0 0.169140625 0.5666666666666667 0.00390625 0.00625
0 0.324609375 0.565625 0.00859375 0.010416666666666666
0 0.534765625 0.5651041666666666 0.00859375 0.011458333333333333
0 0.209375 0.5630208333333333 0.00625 0.007291666666666667
0 0.148828125 0.5604166666666667 0.00546875 0.00625
0 0.30078125 0.5598958333333334 0.0078125 0.009375
0 0.341796875 0.559375 0.00859375 0.010416666666666666
0 0.441796875 0.5588541666666667 0.00859375 0.011458333333333333
0 0.358984375 0.5520833333333334 0.00859375 0.010416666666666666
0 0.234375 0.55 0.00625 0.00625
0 0.269921875 0.5494791666666666 0.00703125 0.009375
0 0.197265625 0.5447916666666667 0.00390625 0.004166666666666667
0 0.395703125 0.5463541666666667 0.00703125 0.011458333333333333
0 0.217578125 0.5442708333333334 0.00703125 0.007291666666666667
0 0.17109375 0.5442708333333334 0.00625 0.007291666666666667
0 0.8015625 0.5401041666666667 0.0109375 0.011458333333333333
0 0.898046875 0.5395833333333333 0.01171875 0.0125
0 0.834375 0.5395833333333333 0.0109375 0.0125
0 0.412890625 0.5359375 0.00859375 0.011458333333333333
0 0.28984375 0.5348958333333333 0.0078125 0.009375
0 0.25546875 0.5333333333333333 0.0078125 0.00625
0 0.7078125 0.5338541666666666 0.009375 0.011458333333333333
0 0.1859375 0.5302083333333333 0.00625 0.00625
0 0.429296875 0.53125 0.00859375 0.010416666666666666
0 0.306640625 0.5296875 0.00703125 0.009375
0 0.23125 0.5270833333333333 0.0078125 0.008333333333333333
0 0.208984375 0.5234375 0.00703125 0.005208333333333333
0 0.272265625 0.5223958333333333 0.00703125 0.007291666666666667
0 0.323828125 0.5229166666666667 0.00859375 0.010416666666666666
0 0.24609375 0.5161458333333333 0.0078125 0.009375
0 0.81328125 0.5151041666666667 0.0109375 0.011458333333333333
0 0.1765625 0.5135416666666667 0.00625 0.008333333333333333
0 0.295703125 0.5130208333333334 0.00859375 0.009375
0 0.394921875 0.5130208333333334 0.00859375 0.011458333333333333
0 0.14921875 0.50625 0.003125 0.004166666666666667
0 0.348828125 0.5083333333333333 0.00859375 0.010416666666666666
0 0.228515625 0.5026041666666666 0.00546875 0.005208333333333333
0 0.211328125 0.5020833333333333 0.00703125 0.008333333333333333
0 0.523828125 0.4979166666666667 0.00859375 0.010416666666666666
0 0.19453125 0.4942708333333333 0.0046875 0.005208333333333333
0 0.27109375 0.4947916666666667 0.0078125 0.008333333333333333
0 0.253515625 0.4953125 0.00703125 0.009375
0 0.392578125 0.4901041666666667 0.00859375 0.011458333333333333
0 0.8875 0.48854166666666665 0.0109375 0.0125
0 0.54140625 0.4875 0.0078125 0.010416666666666666
0 0.355859375 0.4869791666666667 0.00703125 0.009375
0 0.238671875 0.48385416666666664 0.00703125 0.007291666666666667
0 0.221484375 0.4828125 0.00703125 0.007291666666666667
0 0.775390625 0.48072916666666665 0.01015625 0.011458333333333333
0 0.873046875 0.47708333333333336 0.00546875 0.008333333333333333
0 0.28046875 0.47552083333333334 0.00625 0.005208333333333333
0 0.26328125 0.4765625 0.0078125 0.009375
0 0.6703125 0.4765625 0.009375 0.011458333333333333
0 0.85078125 0.4739583333333333 0.009375 0.0125
0 0.248828125 0.4640625 0.00703125 0.007291666666666667
0 0.23125 0.4625 0.0046875 0.004166666666666667
0 0.212890625 0.4630208333333333 0.00390625 0.005208333333333333
0 0.73828125 0.46510416666666665 0.009375 0.011458333333333333
0 0.833984375 0.4640625 0.00859375 0.011458333333333333
0 0.295703125 0.4625 0.00703125 0.008333333333333333
0 0.800390625 0.46145833333333336 0.00703125 0.008333333333333333
0 0.783203125 0.46041666666666664 0.00703125 0.010416666666666666
0 0.76484375 0.4609375 0.009375 0.011458333333333333
0 0.330078125 0.46041666666666664 0.00859375 0.010416666666666666
0 0.8828125 0.45625 0.0109375 0.0125
0 0.26484375 0.45260416666666664 0.00625 0.005208333333333333
0 0.198828125 0.45260416666666664 0.00703125 0.007291666666666667
0 0.7234375 0.45364583333333336 0.009375 0.011458333333333333
0 0.282421875 0.44947916666666665 0.00703125 0.007291666666666667
0 0.18203125 0.44583333333333336 0.00625 0.008333333333333333
0 0.241015625 0.4427083333333333 0.00546875 0.004166666666666667
0 0.21484375 0.4432291666666667 0.0078125 0.009375
0 0.86953125 0.440625 0.0046875 0.00625
0 0.81640625 0.44166666666666665 0.0109375 0.0125
0 0.755859375 0.4390625 0.00859375 0.007291666666666667
0 0.778125 0.4390625 0.009375 0.011458333333333333
0 0.296875 0.43854166666666666 0.0078125 0.010416666666666666
0 0.256640625 0.4354166666666667 0.00703125 0.008333333333333333
0 0.200390625 0.43020833333333336 0.00546875 0.008333333333333333
0 0.2296875 0.42916666666666664 0.00625 0.008333333333333333
0 0.854296875 0.42916666666666664 0.01171875 0.0125
0 0.79375 0.4276041666666667 0.009375 0.009375
0 0.312109375 0.428125 0.00859375 0.010416666666666666
0 0.273046875 0.42604166666666665 0.00703125 0.00625
0 0.591015625 0.42604166666666665 0.00546875 0.010416666666666666
0 0.563671875 0.42604166666666665 0.00859375 0.010416666666666666
0 0.8796875 0.42604166666666665 0.0109375 0.0125
0 0.465625 0.421875 0.0078125 0.010416666666666666
0 0.35859375 0.4192708333333333 0.0078125 0.011458333333333333
0 0.246484375 0.41822916666666665 0.00703125 0.009375
0 0.1875 0.4166666666666667 0.00625 0.008333333333333333
0 0.8234375 0.415625 0.0109375 0.0125
0 0.742578125 0.4140625 0.01015625 0.011458333333333333
0 0.778125 0.4125 0.009375 0.0125
0 0.26328125 0.4114583333333333 0.0078125 0.010416666666666666
0 0.548046875 0.41041666666666665 0.00859375 0.010416666666666666
0 0.303125 0.41041666666666665 0.0078125 0.010416666666666666
0 0.5796875 0.409375 0.0046875 0.010416666666666666
0 0.2828125 0.409375 0.0078125 0.010416666666666666
0 0.31953125 0.4083333333333333 0.0078125 0.010416666666666666
0 0.224609375 0.40572916666666664 0.00546875 0.005208333333333333
0 0.608203125 0.4078125 0.00859375 0.011458333333333333
0 0.2015625 0.4046875 0.00625 0.009375
0 0.795703125 0.4015625 0.00703125 0.005208333333333333
0 0.427734375 0.4010416666666667 0.00546875 0.010416666666666666
0 0.241015625 0.39791666666666664 0.00703125 0.008333333333333333
0 0.343359375 0.3958333333333333 0.00859375 0.010416666666666666
0 0.178125 0.3932291666666667 0.00625 0.009375
0 0.269921875 0.39114583333333336 0.00703125 0.009375
0 0.833984375 0.39166666666666666 0.01015625 0.0125
0 0.894140625 0.390625 0.01171875 0.0125
0 0.555859375 0.39010416666666664 0.00859375 0.011458333333333333
0 0.28671875 0.3880208333333333 0.0078125 0.009375
0 0.194140625 0.3854166666666667 0.00703125 0.008333333333333333
0 0.778125 0.38645833333333335 0.009375 0.0125
0 0.41640625 0.38333333333333336 0.0078125 0.010416666666666666
0 0.796484375 0.38125 0.00859375 0.008333333333333333
0 0.252734375 0.3807291666666667 0.00703125 0.007291666666666667
0 0.229296875 0.3796875 0.00703125 0.007291666666666667
0 0.212109375 0.3776041666666667 0.00703125 0.005208333333333333
0 0.815625 0.378125 0.0109375 0.0125
0 0.305078125 0.37552083333333336 0.00703125 0.007291666666666667
0 0.66796875 0.3697916666666667 0.009375 0.010416666666666666
0 0.32109375 0.3692708333333333 0.0078125 0.009375
0 0.271875 0.3692708333333333 0.00625 0.009375
0 0.69375 0.3692708333333333 0.0078125 0.011458333333333333
0 0.289453125 0.365625 0.00703125 0.008333333333333333
0 0.538671875 0.3651041666666667 0.00859375 0.011458333333333333
0 0.2390625 0.36041666666666666 0.00625 0.00625
0 0.22265625 0.36041666666666666 0.00625 0.00625
0 0.256640625 0.35989583333333336 0.00703125 0.007291666666666667
0 0.20546875 0.3578125 0.0046875 0.005208333333333333
0 0.787890625 0.35833333333333334 0.01015625 0.0125
0 0.189453125 0.35520833333333335 0.00703125 0.008333333333333333
0 0.5046875 0.35520833333333335 0.0078125 0.010416666666666666
0 0.308984375 0.35520833333333335 0.00859375 0.010416666666666666
0 0.678515625 0.3541666666666667 0.00859375 0.010416666666666666
0 0.706640625 0.3536458333333333 0.00859375 0.011458333333333333
0 0.524609375 0.3536458333333333 0.00859375 0.011458333333333333
0 0.655078125 0.35260416666666666 0.00859375 0.011458333333333333
0 0.39609375 0.35052083333333334 0.0078125 0.011458333333333333
0 0.279296875 0.3489583333333333 0.00859375 0.008333333333333333
0 0.42578125 0.34479166666666666 0.0078125 0.010416666666666666
0 0.603515625 0.34375 0.00859375 0.010416666666666666
0 0.24921875 0.340625 0.00625 0.004166666666666667
0 0.1609375 0.340625 0.003125 0.004166666666666667
0 0.29609375 0.3421875 0.0078125 0.009375
0 0.21875 0.340625 0.0078125 0.008333333333333333
0 0.692578125 0.3411458333333333 0.00859375 0.011458333333333333
0 0.753515625 0.340625 0.01015625 0.0125
0 0.20078125 0.3375 0.00625 0.00625
0 0.641796875 0.3390625 0.00859375 0.011458333333333333
0 0.41015625 0.3385416666666667 0.0078125 0.010416666666666666
0 0.33828125 0.3385416666666667 0.0078125 0.010416666666666666
0 0.265625 0.334375 0.00625 0.00625
0 0.184375 0.33541666666666664 0.00625 0.008333333333333333
0 0.3203125 0.3333333333333333 0.0078125 0.008333333333333333
0 0.23359375 0.33177083333333335 0.00625 0.007291666666666667
0 0.677734375 0.3307291666666667 0.00859375 0.011458333333333333
0 0.38828125 0.3296875 0.0078125 0.011458333333333333
0 0.72265625 0.32760416666666664 0.0078125 0.011458333333333333
0 0.705078125 0.32760416666666664 0.00859375 0.011458333333333333
0 0.281640625 0.3260416666666667 0.00703125 0.008333333333333333
0 0.594140625 0.3265625 0.00859375 0.011458333333333333
0 0.525390625 0.3255208333333333 0.00859375 0.011458333333333333
0 0.5046875 0.3229166666666667 0.0078125 0.010416666666666666
0 0.35 0.3229166666666667 0.0078125 0.010416666666666666
0 0.298828125 0.32083333333333336 0.00859375 0.008333333333333333
0 0.25078125 0.32083333333333336 0.00625 0.008333333333333333
0 0.22109375 0.31979166666666664 0.0078125 0.008333333333333333
0 0.662109375 0.3203125 0.00859375 0.011458333333333333
0 0.33203125 0.31875 0.0078125 0.010416666666666666
0 0.17421875 0.31666666666666665 0.0078125 0.008333333333333333
0 0.780078125 0.315625 0.01015625 0.0125
0 0.41796875 0.3145833333333333 0.0078125 0.010416666666666666
0 0.366015625 0.3145833333333333 0.00859375 0.010416666666666666
0 0.266796875 0.31302083333333336 0.00703125 0.009375
0 0.3140625 0.3104166666666667 0.0078125 0.010416666666666666
0 0.23671875 0.30885416666666665 0.0078125 0.009375
0 0.200390625 0.3072916666666667 0.00546875 0.00625
0 0.734375 0.30885416666666665 0.009375 0.011458333333333333
0 0.687109375 0.3067708333333333 0.00859375 0.011458333333333333
0 0.28359375 0.3046875 0.0078125 0.009375
0 0.5359375 0.30520833333333336 0.0078125 0.0125
0 0.710546875 0.3015625 0.00859375 0.007291666666666667
0 0.34296875 0.3020833333333333 0.0078125 0.010416666666666666
0 0.623046875 0.30104166666666665 0.00859375 0.010416666666666666
0 0.300390625 0.2994791666666667 0.00859375 0.009375
0 0.2546875 0.2994791666666667 0.0078125 0.009375
0 0.217578125 0.2994791666666667 0.00703125 0.009375
0 0.56328125 0.2989583333333333 0.0078125 0.010416666666666666
0 0.405078125 0.2994791666666667 0.00859375 0.011458333333333333
0 0.660546875 0.2984375 0.00859375 0.011458333333333333
0 0.38828125 0.29791666666666666 0.0078125 0.010416666666666666
0 0.42734375 0.29739583333333336 0.0078125 0.011458333333333333
0 0.1703125 0.29635416666666664 0.0078125 0.009375
0 0.326171875 0.2942708333333333 0.00859375 0.011458333333333333
0 0.372265625 0.29322916666666665 0.00859375 0.011458333333333333
0 0.270703125 0.2921875 0.00859375 0.009375
0 0.69921875 0.28489583333333335 0.009375 0.009375
0 0.4984375 0.28489583333333335 0.0078125 0.011458333333333333
0 0.415234375 0.2833333333333333 0.00859375 0.010416666666666666
0 0.35703125 0.28177083333333336 0.0078125 0.011458333333333333
0 0.340234375 0.28177083333333336 0.00859375 0.011458333333333333
0 0.288671875 0.28125 0.00859375 0.010416666666666666
0 0.71875 0.2796875 0.009375 0.009375
0 0.258203125 0.278125 0.00859375 0.008333333333333333
0 0.30546875 0.2786458333333333 0.0078125 0.011458333333333333
0 0.65234375 0.27760416666666665 0.0078125 0.011458333333333333
0 0.241796875 0.27760416666666665 0.00859375 0.011458333333333333
0 0.177734375 0.2760416666666667 0.00859375 0.010416666666666666
0 0.63515625 0.275 0.0078125 0.010416666666666666
0 0.38203125 0.275 0.0078125 0.0125
0 0.46953125 0.271875 0.0078125 0.010416666666666666
0 0.2265625 0.26979166666666665 0.009375 0.010416666666666666
0 0.40546875 0.26666666666666666 0.0078125 0.010416666666666666
0 0.58828125 0.26510416666666664 0.0078125 0.011458333333333333
0 0.35 0.26510416666666664 0.0078125 0.011458333333333333
0 0.780859375 0.2635416666666667 0.01015625 0.0125
0 0.45546875 0.26197916666666665 0.0078125 0.011458333333333333
0 0.32109375 0.26197916666666665 0.0078125 0.011458333333333333
0 0.74296875 0.26145833333333335 0.009375 0.0125
0 0.563671875 0.2598958333333333 0.00859375 0.011458333333333333
0 0.43828125 0.25833333333333336 0.0078125 0.010416666666666666
0 0.342578125 0.25364583333333335 0.00078125 0.0010416666666666667
0 0.421484375 0.25833333333333336 0.00859375 0.0125
0 0.3765625 0.2557291666666667 0.0078125 0.013541666666666667
0 0.305078125 0.2552083333333333 0.00859375 0.0125
0 0.335546875 0.24791666666666667 0.00078125 0.0020833333333333333
0 0.1828125 0.25104166666666666 0.009375 0.010416666666666666
0 0.336328125 0.2453125 0.00078125 0.0010416666666666667
0 0.246484375 0.25052083333333336 0.00859375 0.011458333333333333
0 0.3375 0.24322916666666666 0.0015625 0.0010416666666666667
0 0.630859375 0.24739583333333334 0.00859375 0.011458333333333333
0 0.263671875 0.24791666666666667 0.00859375 0.0125
0 0.230859375 0.24635416666666668 0.00859375 0.011458333333333333
0 0.40859375 0.2453125 0.0078125 0.011458333333333333
0 0.281640625 0.24479166666666666 0.00859375 0.0125
0 0.35546875 0.2421875 0.0078125 0.011458333333333333
0 0.5984375 0.24010416666666667 0.0078125 0.011458333333333333
0 0.296875 0.23802083333333332 0.009375 0.013541666666666667
0 0.43359375 0.23541666666666666 0.0078125 0.0125
0 0.328515625 0.2328125 0.00859375 0.011458333333333333
0 0.387109375 0.23177083333333334 0.00859375 0.011458333333333333
0 0.254296875 0.23229166666666667 0.00859375 0.0125
0 0.369921875 0.23125 0.00859375 0.0125
0 0.344921875 0.22708333333333333 0.00859375 0.010416666666666666
0 0.28515625 0.225 0.009375 0.0125
0 0.421484375 0.221875 0.00859375 0.0125
0 0.2125 0.2015625 0.009375 0.011458333333333333
0 0.433203125 0.19791666666666666 0.00859375 0.0125
