0 0.352734375 0.8578125 0.00078125 0.0010416666666666667
0 0.6796875 0.8614583333333333 0.00625 0.0125
0 0.374609375 0.8583333333333333 0.00390625 0.010416666666666666
0 0.351953125 0.8541666666666666 0.00078125 0.0020833333333333333
0 0.376171875 0.8526041666666667 0.00078125 0.0010416666666666667
0 0.378515625 0.8515625 0.00234375 0.0010416666666666667
0 0.352734375 0.8515625 0.00078125 0.0010416666666666667
0 0.291796875 0.8536458333333333 0.01015625 0.009375
0 0.661328125 0.8541666666666666 0.00703125 0.0125
0 0.493359375 0.8552083333333333 0.01015625 0.014583333333333334
0 0.427734375 0.8546875 0.01015625 0.013541666666666667
0 0.53515625 0.8536458333333333 0.009375 0.013541666666666667
0 0.356640625 0.8484375 0.00703125 0.003125
0 0.587890625 0.8515625 0.00546875 0.011458333333333333
0 0.273046875 0.8526041666666667 0.01015625 0.013541666666666667
0 0.7203125 0.8489583333333334 0.0078125 0.010416666666666666
0 0.697265625 0.85 0.00703125 0.0125
0 0.63828125 0.85 0.009375 0.0125
0 0.394921875 0.8510416666666667 0.01015625 0.014583333333333334
0 0.3359375 0.8505208333333333 0.009375 0.013541666666666667
0 0.61875 0.8489583333333334 0.00625 0.0125
0 0.57109375 0.8494791666666667 0.009375 0.013541666666666667
0 0.737890625 0.8427083333333333 0.00703125 0.0125
0 0.44375 0.84375 0.009375 0.014583333333333334
0 0.412109375 0.84375 0.01015625 0.014583333333333334
0 0.508203125 0.8427083333333333 0.01015625 0.014583333333333334
0 0.809375 0.8390625 0.0046875 0.009375
0 0.7734375 0.8348958333333333 0.0046875 0.005208333333333333
0 0.755078125 0.8380208333333333 0.00546875 0.011458333333333333
0 0.603125 0.8375 0.0078125 0.0125
0 0.92109375 0.8354166666666667 0.0109375 0.0125
0 0.367578125 0.8354166666666667 0.00703125 0.0125
0 0.791796875 0.8333333333333334 0.00546875 0.010416666666666666
0 0.648828125 0.8338541666666667 0.00703125 0.011458333333333333
0 0.8421875 0.8317708333333333 0.009375 0.009375
0 0.525 0.8338541666666667 0.009375 0.013541666666666667
0 0.684375 0.8328125 0.00625 0.013541666666666667
0 0.498046875 0.8265625 0.00078125 0.0010416666666666667
0 0.628125 0.828125 0.00625 0.00625
0 0.483203125 0.8317708333333333 0.01015625 0.013541666666666667
0 0.708203125 0.8302083333333333 0.01015625 0.0125
0 0.496484375 0.8244791666666667 0.00078125 0.0010416666666666667
0 0.95078125 0.8270833333333333 0.009375 0.010416666666666666
0 0.58203125 0.8276041666666667 0.00625 0.011458333333333333
0 0.42890625 0.8286458333333333 0.009375 0.013541666666666667
0 0.896484375 0.8270833333333333 0.01171875 0.0125
0 0.666015625 0.8270833333333333 0.00546875 0.0125
0 0.38671875 0.828125 0.009375 0.014583333333333334
0 0.726171875 0.8244791666666667 0.00703125 0.011458333333333333
0 0.166796875 0.8192708333333333 0.00078125 0.0010416666666666667
0 0.823828125 0.8197916666666667 0.00390625 0.004166666666666667
0 0.459375 0.825 0.009375 0.014583333333333334
0 0.541796875 0.8223958333333333 0.00703125 0.013541666666666667
0 0.16171875 0.8192708333333333 0.0078125 0.009375
0 0.49921875 0.8177083333333334 0.009375 0.010416666666666666
0 0.408203125 0.81875 0.01015625 0.014583333333333334
0 0.74453125 0.8166666666666667 0.0078125 0.0125
0 0.7640625 0.8145833333333333 0.0078125 0.010416666666666666
0 0.596484375 0.8135416666666667 0.00546875 0.008333333333333333
0 0.805859375 0.8135416666666667 0.00859375 0.010416666666666666
0 0.361328125 0.8135416666666667 0.01015625 0.014583333333333334
0 0.78515625 0.8109375 0.009375 0.011458333333333333
0 0.6453125 0.809375 0.0046875 0.010416666666666666
0 0.5578125 0.8109375 0.009375 0.013541666666666667
0 0.696484375 0.809375 0.00703125 0.0125
0 0.52109375 0.809375 0.009375 0.0125
0 0.887890625 0.8067708333333333 0.00703125 0.009375
0 0.848046875 0.8083333333333333 0.01015625 0.0125
0 0.71484375 0.80625 0.0078125 0.010416666666666666
0 0.67734375 0.8072916666666666 0.009375 0.0125
0 0.446484375 0.8083333333333333 0.01015625 0.014583333333333334
0 0.94453125 0.8015625 0.003125 0.003125
0 0.628125 0.8036458333333333 0.00625 0.011458333333333333
0 0.573828125 0.8046875 0.00703125 0.013541666666666667
0 0.42265625 0.8052083333333333 0.009375 0.014583333333333334
0 0.343359375 0.7973958333333333 0.00078125 0.0010416666666666667
0 0.351953125 0.7963541666666667 0.00078125 0.0010416666666666667
0 0.61015625 0.7984375 0.00625 0.009375
0 0.48828125 0.8 0.009375 0.014583333333333334
0 0.5375 0.7979166666666667 0.009375 0.0125
0 0.391796875 0.7989583333333333 0.01015625 0.014583333333333334
0 0.3484375 0.7932291666666667 0.00625 0.003125
0 0.660546875 0.7963541666666667 0.00703125 0.011458333333333333
0 0.7296875 0.7963541666666667 0.0078125 0.013541666666666667
0 0.751953125 0.7947916666666667 0.00703125 0.0125
0 0.50625 0.7958333333333333 0.009375 0.014583333333333334
0 0.791796875 0.790625 0.00390625 0.00625
0 0.962890625 0.7927083333333333 0.01171875 0.0125
0 0.820703125 0.79375 0.00859375 0.014583333333333334
0 0.40859375 0.7901041666666667 0.009375 0.013541666666666667
0 0.36484375 0.7890625 0.009375 0.011458333333333333
0 0.587890625 0.7890625 0.00859375 0.013541666666666667
0 0.6890625 0.7864583333333334 0.0078125 0.0125
0 0.773828125 0.7859375 0.00703125 0.013541666666666667
0 0.64140625 0.784375 0.0046875 0.0125
0 0.55625 0.7848958333333333 0.0078125 0.013541666666666667
0 0.52265625 0.7848958333333333 0.009375 0.013541666666666667
0 0.44296875 0.7838541666666666 0.009375 0.013541666666666667
0 0.89296875 0.7828125 0.0109375 0.013541666666666667
0 0.70703125 0.7828125 0.00625 0.013541666666666667
0 0.623828125 0.7796875 0.00859375 0.013541666666666667
0 0.424609375 0.7786458333333334 0.01015625 0.013541666666666667
0 0.573046875 0.7770833333333333 0.00859375 0.0125
0 0.347265625 0.7713541666666667 0.00078125 0.0010416666666666667
0 0.4953125 0.7765625 0.009375 0.013541666666666667
0 0.348046875 0.7692708333333333 0.00078125 0.0010416666666666667
0 0.394140625 0.7739583333333333 0.00703125 0.0125
0 0.321875 0.7744791666666667 0.009375 0.013541666666666667
0 0.662890625 0.7723958333333333 0.00859375 0.011458333333333333
0 0.46015625 0.7734375 0.009375 0.013541666666666667
0 0.719921875 0.7682291666666666 0.00546875 0.005208333333333333
0 0.80078125 0.7703125 0.009375 0.011458333333333333
0 0.54140625 0.7708333333333334 0.009375 0.0125
0 0.37734375 0.7713541666666667 0.009375 0.013541666666666667
0 0.35234375 0.7671875 0.0078125 0.005208333333333333
0 0.95625 0.76875 0.0109375 0.0125
0 0.180859375 0.7661458333333333 0.00859375 0.009375
0 0.81953125 0.7671875 0.00625 0.013541666666666667
0 0.680078125 0.7661458333333333 0.00703125 0.013541666666666667
0 0.866796875 0.7645833333333333 0.01015625 0.0125
0 0.588671875 0.7645833333333333 0.00703125 0.0125
0 0.413671875 0.7578125 0.00078125 0.0010416666666666667
0 0.6125 0.7625 0.009375 0.0125
0 0.51328125 0.7630208333333334 0.009375 0.013541666666666667
0 0.557421875 0.7609375 0.00703125 0.013541666666666667
0 0.439453125 0.7598958333333333 0.01015625 0.013541666666666667
0 0.408984375 0.7572916666666667 0.00859375 0.008333333333333333
0 0.779296875 0.7572916666666667 0.00703125 0.0125
0 0.705078125 0.7572916666666667 0.00859375 0.0125
0 0.33671875 0.7578125 0.009375 0.013541666666666667
0 0.632421875 0.7567708333333333 0.00703125 0.013541666666666667
0 0.896484375 0.7515625 0.00546875 0.007291666666666667
0 0.651171875 0.7546875 0.00859375 0.013541666666666667
0 0.31171875 0.7546875 0.009375 0.013541666666666667
0 0.56953125 0.7479166666666667 0.0015625 0.0020833333333333333
0 0.46953125 0.7526041666666666 0.009375 0.013541666666666667
0 0.38828125 0.7520833333333333 0.009375 0.0125
0 0.851953125 0.7484375 0.00859375 0.009375
0 0.7625 0.75 0.009375 0.0125
0 0.494921875 0.7510416666666667 0.01015625 0.014583333333333334
0 0.370703125 0.7494791666666667 0.00859375 0.013541666666666667
0 0.543359375 0.746875 0.00859375 0.0125
0 0.424609375 0.7473958333333334 0.00859375 0.013541666666666667
0 0.7953125 0.7458333333333333 0.0078125 0.0125
0 0.71875 0.7453125 0.00625 0.011458333333333333
0 0.68828125 0.7458333333333333 0.0078125 0.0125
0 0.352734375 0.7458333333333333 0.00859375 0.0125
0 0.27109375 0.7416666666666667 0.00625 0.004166666666666667
0 0.59765625 0.7442708333333333 0.00625 0.011458333333333333
0 0.52578125 0.7453125 0.009375 0.013541666666666667
0 0.45234375 0.7442708333333333 0.009375 0.013541666666666667
0 0.569921875 0.7375 0.00234375 0.004166666666666667
0 0.18671875 0.7416666666666667 0.009375 0.0125
0 0.619921875 0.740625 0.00859375 0.0125
0 0.508984375 0.7364583333333333 0.00859375 0.0125
0 0.3234375 0.7364583333333333 0.009375 0.0125
0 0.9078125 0.7322916666666667 0.009375 0.008333333333333333
0 0.834765625 0.7338541666666667 0.01015625 0.011458333333333333
0 0.753125 0.7286458333333333 0.0046875 0.005208333333333333
0 0.659375 0.7322916666666667 0.009375 0.0125
0 0.735546875 0.7302083333333333 0.00859375 0.0125
0 0.397265625 0.7302083333333333 0.00859375 0.0125
0 0.340625 0.7302083333333333 0.009375 0.0125
0 0.301953125 0.7302083333333333 0.01015625 0.0125
0 0.3796875 0.7291666666666666 0.009375 0.0125
0 0.893359375 0.7203125 0.00078125 0.0010416666666666667
0 0.67890625 0.7260416666666667 0.009375 0.0125
0 0.49296875 0.7265625 0.009375 0.013541666666666667
0 0.4734375 0.725 0.009375 0.0125
0 0.53828125 0.7239583333333334 0.009375 0.0125
0 0.441796875 0.7244791666666667 0.00859375 0.013541666666666667
0 0.362109375 0.7239583333333334 0.00859375 0.0125
0 0.867578125 0.7229166666666667 0.00546875 0.0125
0 0.42421875 0.7229166666666667 0.009375 0.0125
0 0.781640625 0.721875 0.00703125 0.0125
0 0.696484375 0.7223958333333333 0.00859375 0.013541666666666667
0 0.595703125 0.721875 0.00859375 0.0125
0 0.55625 0.721875 0.0078125 0.0125
0 0.849609375 0.7208333333333333 0.01015625 0.0125
0 0.578125 0.7208333333333333 0.009375 0.0125
0 0.1796875 0.7208333333333333 0.009375 0.0125
0 0.197265625 0.7182291666666667 0.01015625 0.011458333333333333
0 0.52109375 0.7171875 0.0078125 0.011458333333333333
0 0.269140625 0.7161458333333334 0.00859375 0.011458333333333333
0 0.890234375 0.7145833333333333 0.00390625 0.010416666666666666
0 0.61953125 0.7161458333333334 0.009375 0.013541666666666667
0 0.251171875 0.7130208333333333 0.00859375 0.011458333333333333
0 0.715625 0.7125 0.0078125 0.0125
0 0.637109375 0.7125 0.00859375 0.0125
0 0.408984375 0.7125 0.00859375 0.0125
0 0.321484375 0.7114583333333333 0.00859375 0.0125
0 0.76640625 0.7104166666666667 0.009375 0.0125
0 0.286328125 0.7098958333333333 0.00859375 0.011458333333333333
0 0.6609375 0.7088541666666667 0.009375 0.011458333333333333
0 0.5046875 0.709375 0.009375 0.0125
0 0.389453125 0.709375 0.00859375 0.0125
0 0.35 0.7083333333333334 0.009375 0.0125
0 0.30390625 0.7067708333333333 0.009375 0.011458333333333333
0 0.745703125 0.7057291666666666 0.00859375 0.011458333333333333
0 0.455859375 0.7067708333333333 0.00859375 0.013541666666666667
0 0.433984375 0.703125 0.00859375 0.0125
0 0.803515625 0.7020833333333333 0.01015625 0.0125
0 0.48671875 0.7020833333333333 0.009375 0.0125
0 0.60546875 0.7 0.009375 0.0125
0 0.366015625 0.7 0.00859375 0.0125
0 0.560546875 0.6989583333333333 0.00859375 0.0125
0 0.53359375 0.6989583333333333 0.009375 0.0125
0 0.690234375 0.6973958333333333 0.01015625 0.011458333333333333
0 0.577734375 0.6958333333333333 0.00859375 0.0125
0 0.333984375 0.6942708333333333 0.00859375 0.011458333333333333
0 0.51640625 0.6921875 0.0078125 0.011458333333333333
0 0.469140625 0.6921875 0.00859375 0.011458333333333333
0 0.40546875 0.6890625 0.009375 0.011458333333333333
0 0.31484375 0.6885416666666667 0.0078125 0.010416666666666666
0 0.771875 0.6875 0.00625 0.010416666666666666
0 0.28046875 0.6880208333333333 0.0078125 0.011458333333333333
0 0.180078125 0.6864583333333333 0.00703125 0.010416666666666666
0 0.499609375 0.6864583333333333 0.00859375 0.0125
0 0.893359375 0.684375 0.01015625 0.0125
0 0.35 0.6838541666666667 0.0078125 0.011458333333333333
0 0.2625 0.6838541666666667 0.0078125 0.011458333333333333
0 0.444140625 0.6833333333333333 0.00859375 0.0125
0 0.298046875 0.6828125 0.00859375 0.011458333333333333
0 0.91328125 0.6828125 0.009375 0.013541666666666667
0 0.388671875 0.6807291666666667 0.00703125 0.011458333333333333
0 0.48359375 0.678125 0.009375 0.0125
0 0.8125 0.6755208333333333 0.0046875 0.009375
0 0.548046875 0.6765625 0.00859375 0.011458333333333333
0 0.86328125 0.6755208333333333 0.009375 0.011458333333333333
0 0.53046875 0.6760416666666667 0.009375 0.0125
0 0.36796875 0.6755208333333333 0.00625 0.011458333333333333
0 0.832421875 0.675 0.00859375 0.0125
0 0.4234375 0.675 0.00625 0.0125
0 0.783984375 0.6708333333333333 0.00859375 0.0125
0 0.3359375 0.6703125 0.0078125 0.011458333333333333
0 0.236328125 0.6692708333333334 0.00703125 0.009375
0 0.3109375 0.665625 0.0078125 0.010416666666666666
0 0.403515625 0.6651041666666667 0.00859375 0.011458333333333333
0 0.27734375 0.6640625 0.0078125 0.011458333333333333
0 0.741796875 0.6619791666666667 0.01015625 0.011458333333333333
0 0.496875 0.6625 0.009375 0.0125
0 0.437109375 0.6619791666666667 0.00859375 0.011458333333333333
0 0.26015625 0.6604166666666667 0.00625 0.010416666666666666
0 0.35546875 0.6604166666666667 0.0078125 0.0125
0 0.294140625 0.65625 0.00703125 0.010416666666666666
0 0.211328125 0.6541666666666667 0.00390625 0.00625
0 0.541796875 0.6541666666666667 0.00859375 0.0125
0 0.388671875 0.6526041666666667 0.00859375 0.011458333333333333
0 0.828125 0.6515625 0.009375 0.011458333333333333
0 0.421484375 0.6515625 0.00859375 0.011458333333333333
0 0.325 0.6515625 0.0078125 0.011458333333333333
0 0.76484375 0.6510416666666666 0.0078125 0.0125
0 0.80859375 0.6479166666666667 0.0078125 0.008333333333333333
0 0.244921875 0.6489583333333333 0.00703125 0.010416666666666666
0 0.865625 0.6479166666666667 0.0109375 0.010416666666666666
0 0.371484375 0.6484375 0.00859375 0.011458333333333333
0 0.342578125 0.6463541666666667 0.00859375 0.011458333333333333
0 0.309375 0.6401041666666667 0.00625 0.005208333333333333
0 0.27890625 0.6401041666666667 0.0078125 0.011458333333333333
0 0.49609375 0.6395833333333333 0.0078125 0.0125
0 0.4359375 0.6369791666666667 0.0078125 0.011458333333333333
0 0.35859375 0.6328125 0.0078125 0.011458333333333333
0 0.748046875 0.6322916666666667 0.01015625 0.0125
0 0.40390625 0.6307291666666667 0.009375 0.011458333333333333
0 0.208203125 0.6270833333333333 0.00703125 0.008333333333333333
0 0.379296875 0.6276041666666666 0.00859375 0.011458333333333333
0 0.248828125 0.6260416666666667 0.00703125 0.010416666666666666
0 0.421484375 0.6255208333333333 0.00859375 0.011458333333333333
0 0.859765625 0.6234375 0.00859375 0.009375
0 0.26640625 0.6234375 0.0078125 0.009375
0 0.61875 0.6239583333333333 0.009375 0.0125
0 0.304296875 0.6203125 0.00859375 0.011458333333333333
0 0.32421875 0.61875 0.0078125 0.010416666666666666
0 0.28671875 0.6192708333333333 0.0078125 0.011458333333333333
0 0.447265625 0.61875 0.00859375 0.0125
0 0.3421875 0.6130208333333333 0.0078125 0.011458333333333333
0 0.485546875 0.6119791666666666 0.00859375 0.011458333333333333
0 0.70859375 0.6098958333333333 0.009375 0.011458333333333333
0 0.361328125 0.6098958333333333 0.00859375 0.011458333333333333
0 0.24296875 0.6036458333333333 0.0078125 0.009375
0 0.223046875 0.6026041666666667 0.00390625 0.007291666666666667
0 0.42265625 0.6026041666666667 0.0078125 0.011458333333333333
0 0.26171875 0.6015625 0.0078125 0.009375
0 0.297265625 0.5989583333333334 0.00859375 0.010416666666666666
0 0.31796875 0.5973958333333333 0.0078125 0.009375
0 0.2796875 0.5979166666666667 0.0078125 0.010416666666666666
0 0.446875 0.5958333333333333 0.0078125 0.010416666666666666
0 0.67734375 0.5942708333333333 0.009375 0.011458333333333333
0 0.373828125 0.5932291666666667 0.00859375 0.011458333333333333
0 0.86640625 0.5916666666666667 0.0109375 0.0125
0 0.35234375 0.5885416666666666 0.0078125 0.00625
0 0.333984375 0.5890625 0.00703125 0.007291666666666667
0 0.572265625 0.5901041666666667 0.00859375 0.011458333333333333
0 0.819140625 0.5869791666666667 0.01015625 0.011458333333333333
0 0.23515625 0.5822916666666667 0.003125 0.00625
0 0.253515625 0.5807291666666666 0.00390625 0.005208333333333333
0 0.591796875 0.5807291666666666 0.00859375 0.011458333333333333
0 0.2703125 0.5791666666666667 0.0078125 0.010416666666666666
0 0.28984375 0.5786458333333333 0.0078125 0.011458333333333333
0 0.308984375 0.5770833333333333 0.00859375 0.010416666666666666
0 0.798828125 0.5734375 0.01015625 0.011458333333333333
0 0.36328125 0.5734375 0.0078125 0.011458333333333333
0 0.326171875 0.56875 0.00546875 0.00625
0 0.345703125 0.5692708333333333 0.00859375 0.009375
0 0.385546875 0.5692708333333333 0.00859375 0.011458333333333333
0 0.244140625 0.5598958333333334 0.00546875 0.005208333333333333
0 0.262109375 0.5588541666666667 0.00859375 0.009375
0 0.5609375 0.5588541666666667 0.0078125 0.011458333333333333
0 0.2984375 0.5588541666666667 0.0078125 0.011458333333333333
0 0.2796875 0.5583333333333333 0.0078125 0.010416666666666666
0 0.228515625 0.5520833333333334 0.00546875 0.008333333333333333
0 0.172265625 0.5515625 0.00546875 0.007291666666666667
0 0.470703125 0.5505208333333333 0.00546875 0.011458333333333333
0 0.337109375 0.5479166666666667 0.00703125 0.00625
0 0.31953125 0.5489583333333333 0.0078125 0.010416666666666666
0 0.38984375 0.5416666666666666 0.00625 0.010416666666666666
0 0.252734375 0.5395833333333333 0.00703125 0.008333333333333333
0 0.2703125 0.5369791666666667 0.00625 0.005208333333333333
0 0.465234375 0.5338541666666666 0.00078125 0.0010416666666666667
0 0.287890625 0.5375 0.00703125 0.010416666666666666
0 0.30546875 0.5369791666666667 0.0078125 0.011458333333333333
0 0.217578125 0.5354166666666667 0.00703125 0.008333333333333333
0 0.196484375 0.5338541666666666 0.00390625 0.007291666666666667
0 0.55859375 0.5348958333333333 0.0078125 0.011458333333333333
0 0.350390625 0.5333333333333333 0.00859375 0.010416666666666666
0 0.236328125 0.5302083333333333 0.00703125 0.00625
0 0.32734375 0.5276041666666667 0.0078125 0.007291666666666667
0 0.176953125 0.5276041666666667 0.00546875 0.007291666666666667
0 0.4671875 0.528125 0.0046875 0.010416666666666666
0 0.3671875 0.528125 0.0078125 0.010416666666666666
0 0.384765625 0.5213541666666667 0.00859375 0.009375
0 0.261328125 0.5182291666666666 0.00703125 0.007291666666666667
0 0.296484375 0.5177083333333333 0.00859375 0.008333333333333333
0 0.42109375 0.5151041666666667 0.0078125 0.009375
0 0.225 0.5125 0.003125 0.004166666666666667
0 0.2453125 0.5119791666666667 0.0078125 0.009375
0 0.198828125 0.5104166666666666 0.00546875 0.00625
0 0.919921875 0.5109375 0.01171875 0.011458333333333333
0 0.85703125 0.5109375 0.0109375 0.011458333333333333
0 0.82421875 0.5114583333333333 0.0109375 0.0125
0 0.437109375 0.5052083333333334 0.00859375 0.010416666666666666
0 0.73046875 0.5046875 0.009375 0.011458333333333333
0 0.28203125 0.5015625 0.0078125 0.005208333333333333
0 0.315625 0.503125 0.0078125 0.010416666666666666
0 0.45390625 0.5005208333333333 0.0078125 0.011458333333333333
0 0.21328125 0.4979166666666667 0.00625 0.00625
0 0.3328125 0.49895833333333334 0.0078125 0.010416666666666666
0 0.2578125 0.496875 0.0078125 0.010416666666666666
0 0.236328125 0.4921875 0.00703125 0.007291666666666667
0 0.35 0.49114583333333334 0.0078125 0.007291666666666667
0 0.298828125 0.49166666666666664 0.00703125 0.010416666666666666
0 0.8359375 0.4864583333333333 0.0109375 0.0125
0 0.273046875 0.48489583333333336 0.00859375 0.009375
0 0.41953125 0.4828125 0.0078125 0.011458333333333333
0 0.321875 0.4817708333333333 0.0078125 0.009375
0 0.203515625 0.48125 0.00546875 0.008333333333333333
0 0.37421875 0.47760416666666666 0.0078125 0.011458333333333333
0 0.17578125 0.47552083333333334 0.0046875 0.007291666666666667
0 0.25546875 0.4708333333333333 0.00625 0.00625
0 0.237890625 0.46875 0.00703125 0.00625
0 0.54765625 0.46822916666666664 0.0078125 0.011458333333333333
0 0.29765625 0.4630208333333333 0.0078125 0.007291666666666667
0 0.28046875 0.46458333333333335 0.0078125 0.010416666666666666
0 0.221484375 0.4630208333333333 0.00703125 0.007291666666666667
0 0.91015625 0.4609375 0.0109375 0.011458333333333333
0 0.4171875 0.45989583333333334 0.0078125 0.011458333333333333
0 0.56640625 0.4578125 0.0046875 0.011458333333333333
0 0.38125 0.45677083333333335 0.0078125 0.009375
0 0.265625 0.453125 0.0078125 0.008333333333333333
0 0.248046875 0.45208333333333334 0.00703125 0.008333333333333333
0 0.7984375 0.4515625 0.0109375 0.011458333333333333
0 0.89375 0.45 0.0078125 0.010416666666666666
0 0.69375 0.4473958333333333 0.009375 0.011458333333333333
0 0.307421875 0.44375 0.00703125 0.004166666666666667
0 0.28984375 0.4453125 0.0078125 0.009375
0 0.8734375 0.4453125 0.0078125 0.011458333333333333
0 0.761328125 0.43697916666666664 0.01015625 0.011458333333333333
0 0.857421875 0.4359375 0.01015625 0.011458333333333333
0 0.823828125 0.43333333333333335 0.00859375 0.008333333333333333
0 0.274609375 0.43333333333333335 0.00703125 0.008333333333333333
0 0.257421875 0.4317708333333333 0.00546875 0.005208333333333333
0 0.238671875 0.4328125 0.00546875 0.007291666666666667
0 0.805859375 0.4322916666666667 0.00703125 0.010416666666666666
0 0.322265625 0.4322916666666667 0.00859375 0.010416666666666666
0 0.787890625 0.4322916666666667 0.00859375 0.0125
0 0.35546875 0.43020833333333336 0.0078125 0.010416666666666666
0 0.90546875 0.428125 0.0109375 0.0125
0 0.74609375 0.42552083333333335 0.009375 0.011458333333333333
0 0.29140625 0.42291666666666666 0.0078125 0.008333333333333333
0 0.225390625 0.42135416666666664 0.00703125 0.009375
0 0.308984375 0.4197916666666667 0.00859375 0.008333333333333333
0 0.892578125 0.41302083333333334 0.00546875 0.005208333333333333
0 0.209375 0.41458333333333336 0.00625 0.008333333333333333
0 0.26796875 0.41302083333333334 0.00625 0.007291666666666667
0 0.8390625 0.41354166666666664 0.0109375 0.0125
0 0.7796875 0.4125 0.009375 0.010416666666666666
0 0.24140625 0.4109375 0.0078125 0.007291666666666667
0 0.801171875 0.41041666666666665 0.01015625 0.010416666666666666
0 0.32265625 0.4078125 0.0078125 0.009375
0 0.28359375 0.4041666666666667 0.0078125 0.008333333333333333
0 0.8765625 0.4010416666666667 0.0109375 0.0125
0 0.8171875 0.4010416666666667 0.009375 0.0125
0 0.22734375 0.39895833333333336 0.0078125 0.008333333333333333
0 0.25625 0.3984375 0.00625 0.009375
0 0.337890625 0.39739583333333334 0.00859375 0.009375
0 0.29921875 0.3963541666666667 0.00625 0.007291666666666667
0 0.9015625 0.39739583333333334 0.009375 0.011458333333333333
0 0.614453125 0.396875 0.00546875 0.010416666666666666
0 0.5875 0.3963541666666667 0.0078125 0.009375
0 0.48984375 0.39166666666666666 0.0078125 0.010416666666666666
0 0.38359375 0.3885416666666667 0.0078125 0.010416666666666666
0 0.273046875 0.3880208333333333 0.00703125 0.009375
0 0.84609375 0.3875 0.0109375 0.0125
0 0.214453125 0.3859375 0.00703125 0.009375
0 0.766015625 0.3859375 0.01015625 0.011458333333333333
0 0.80078125 0.38333333333333336 0.009375 0.0125
0 0.573828125 0.38125 0.00546875 0.010416666666666666
0 0.28984375 0.38125 0.0078125 0.010416666666666666
0 0.32890625 0.3802083333333333 0.0078125 0.010416666666666666
0 0.601953125 0.3796875 0.00859375 0.011458333333333333
0 0.308984375 0.37864583333333335 0.00859375 0.009375
0 0.631640625 0.37864583333333335 0.00859375 0.011458333333333333
0 0.81953125 0.37395833333333334 0.0078125 0.004166666666666667
0 0.3453125 0.3770833333333333 0.0078125 0.010416666666666666
0 0.251171875 0.3765625 0.00546875 0.009375
0 0.22890625 0.3734375 0.0078125 0.009375
0 0.45078125 0.37083333333333335 0.0078125 0.010416666666666666
0 0.2671875 0.3671875 0.0078125 0.009375
0 0.368359375 0.365625 0.00703125 0.010416666666666666
0 0.85703125 0.36354166666666665 0.0109375 0.0125
0 0.2046875 0.3614583333333333 0.00625 0.008333333333333333
0 0.9171875 0.3625 0.0109375 0.0125
0 0.580078125 0.3609375 0.00859375 0.011458333333333333
0 0.29609375 0.35989583333333336 0.0078125 0.009375
0 0.3125 0.3578125 0.0078125 0.009375
0 0.80078125 0.35833333333333334 0.009375 0.0125
0 0.221484375 0.3541666666666667 0.00703125 0.008333333333333333
0 0.81953125 0.35260416666666666 0.0078125 0.009375
0 0.441015625 0.353125 0.00859375 0.010416666666666666
0 0.27890625 0.3515625 0.0078125 0.009375
0 0.25625 0.35 0.0078125 0.010416666666666666
0 0.838671875 0.35 0.01015625 0.0125
0 0.238671875 0.3463541666666667 0.00546875 0.005208333333333333
0 0.330859375 0.34479166666666666 0.00703125 0.00625
0 0.718359375 0.340625 0.00859375 0.010416666666666666
0 0.691796875 0.3411458333333333 0.00859375 0.011458333333333333
0 0.346875 0.3390625 0.0078125 0.009375
0 0.2984375 0.3390625 0.0078125 0.009375
0 0.31484375 0.33541666666666664 0.0078125 0.008333333333333333
0 0.5625 0.3359375 0.0078125 0.011458333333333333
0 0.283203125 0.3307291666666667 0.00703125 0.009375
0 0.265625 0.3302083333333333 0.00625 0.008333333333333333
0 0.24921875 0.3302083333333333 0.00625 0.008333333333333333
0 0.8109375 0.3302083333333333 0.0109375 0.0125
0 0.2328125 0.32708333333333334 0.00625 0.00625
0 0.52890625 0.3260416666666667 0.0078125 0.010416666666666666
0 0.215625 0.325 0.00625 0.008333333333333333
0 0.73046875 0.325 0.009375 0.010416666666666666
0 0.70234375 0.3255208333333333 0.009375 0.011458333333333333
0 0.334375 0.325 0.0078125 0.010416666666666666
0 0.678515625 0.32395833333333335 0.00859375 0.010416666666666666
0 0.548828125 0.32447916666666665 0.00859375 0.011458333333333333
0 0.42109375 0.32083333333333336 0.0078125 0.010416666666666666
0 0.3046875 0.31927083333333334 0.0078125 0.009375
0 0.626953125 0.3145833333333333 0.00859375 0.010416666666666666
0 0.450390625 0.3145833333333333 0.00703125 0.010416666666666666
0 0.71640625 0.31302083333333336 0.0078125 0.011458333333333333
0 0.321875 0.3125 0.0078125 0.010416666666666666
0 0.275 0.3109375 0.0078125 0.007291666666666667
0 0.18828125 0.3098958333333333 0.0046875 0.005208333333333333
0 0.776953125 0.3125 0.01015625 0.0125
0 0.244921875 0.3109375 0.00703125 0.009375
0 0.666015625 0.3098958333333333 0.00859375 0.011458333333333333
0 0.434765625 0.30833333333333335 0.00859375 0.010416666666666666
0 0.363671875 0.3078125 0.00703125 0.009375
0 0.228125 0.3072916666666667 0.0078125 0.008333333333333333
0 0.291796875 0.30625 0.00703125 0.010416666666666666
0 0.211328125 0.3046875 0.00703125 0.009375
0 0.345703125 0.30416666666666664 0.00703125 0.010416666666666666
0 0.260546875 0.30104166666666665 0.00703125 0.008333333333333333
0 0.7015625 0.3015625 0.009375 0.011458333333333333
0 0.41328125 0.2994791666666667 0.0078125 0.011458333333333333
0 0.746484375 0.2989583333333333 0.00859375 0.0125
0 0.728515625 0.2989583333333333 0.00859375 0.0125
0 0.61796875 0.296875 0.0078125 0.010416666666666666
0 0.3078125 0.29635416666666664 0.0078125 0.009375
0 0.54921875 0.29583333333333334 0.0078125 0.010416666666666666
0 0.52890625 0.29322916666666665 0.0078125 0.011458333333333333
0 0.375 0.29270833333333335 0.0078125 0.010416666666666666
0 0.277734375 0.290625 0.00703125 0.008333333333333333
0 0.686328125 0.2911458333333333 0.00859375 0.011458333333333333
0 0.32421875 0.29010416666666666 0.0078125 0.009375
0 0.248046875 0.2890625 0.00859375 0.009375
0 0.35703125 0.28854166666666664 0.0078125 0.010416666666666666
0 0.200390625 0.2869791666666667 0.00703125 0.009375
0 0.803515625 0.2875 0.01015625 0.0125
0 0.44296875 0.28489583333333335 0.0078125 0.011458333333333333
0 0.390625 0.284375 0.0078125 0.010416666666666666
0 0.29296875 0.28229166666666666 0.0078125 0.008333333333333333
0 0.339453125 0.28072916666666664 0.00859375 0.011458333333333333
0 0.758203125 0.28020833333333334 0.01015625 0.0125
0 0.26328125 0.2786458333333333 0.0078125 0.009375
0 0.226953125 0.2765625 0.00546875 0.005208333333333333
0 0.7109375 0.2786458333333333 0.009375 0.011458333333333333
0 0.56015625 0.2755208333333333 0.0078125 0.011458333333333333
0 0.309375 0.27395833333333336 0.0078125 0.008333333333333333
0 0.734375 0.27447916666666666 0.009375 0.011458333333333333
0 0.646484375 0.27239583333333334 0.00859375 0.011458333333333333
0 0.36796875 0.27239583333333334 0.0078125 0.011458333333333333
0 0.5875 0.26979166666666665 0.0078125 0.010416666666666666
0 0.4296875 0.2703125 0.0078125 0.011458333333333333
0 0.325390625 0.26979166666666665 0.00859375 0.010416666666666666
0 0.280859375 0.26979166666666665 0.00859375 0.010416666666666666
0 0.244140625 0.26927083333333335 0.00859375 0.009375
0 0.684765625 0.26979166666666665 0.00859375 0.0125
0 0.45234375 0.2677083333333333 0.0078125 0.010416666666666666
0 0.41328125 0.2677083333333333 0.0078125 0.010416666666666666
0 0.197265625 0.265625 0.00859375 0.010416666666666666
0 0.351171875 0.26458333333333334 0.00859375 0.010416666666666666
0 0.397265625 0.2635416666666667 0.00859375 0.0125
0 0.296875 0.26145833333333335 0.009375 0.010416666666666666
0 0.723046875 0.25677083333333334 0.00859375 0.011458333333333333
0 0.52265625 0.2552083333333333 0.0078125 0.0125
0 0.440234375 0.25364583333333335 0.00859375 0.011458333333333333
0 0.382421875 0.253125 0.00859375 0.0125
0 0.7421875 0.2520833333333333 0.009375 0.0125
0 0.365234375 0.2520833333333333 0.00859375 0.0125
0 0.314453125 0.25052083333333336 0.00859375 0.011458333333333333
0 0.330859375 0.24895833333333334 0.00859375 0.010416666666666666
0 0.284375 0.2484375 0.009375 0.009375
0 0.6765625 0.24895833333333334 0.0078125 0.0125
0 0.2671875 0.246875 0.009375 0.010416666666666666
0 0.659375 0.24635416666666668 0.0078125 0.011458333333333333
0 0.25703125 0.24166666666666667 0.0015625 0.0020833333333333333
0 0.20390625 0.24583333333333332 0.0078125 0.010416666666666666
0 0.49453125 0.2421875 0.0078125 0.011458333333333333
0 0.40703125 0.24427083333333333 0.0078125 0.015625
0 0.6125 0.2359375 0.0078125 0.011458333333333333
0 0.43046875 0.23697916666666666 0.0078125 0.013541666666666667
0 0.804296875 0.23541666666666666 0.01015625 0.0125
0 0.375 0.23541666666666666 0.0078125 0.0125
0 0.766796875 0.23333333333333334 0.01015625 0.0125
0 0.480078125 0.2328125 0.00859375 0.011458333333333333
0 0.34609375 0.23177083333333334 0.0078125 0.011458333333333333
0 0.587890625 0.23072916666666668 0.00859375 0.011458333333333333
0 0.462890625 0.22864583333333333 0.00859375 0.011458333333333333
0 0.446484375 0.22916666666666666 0.00859375 0.0125
0 0.4015625 0.22760416666666666 0.0078125 0.015625
0 0.33046875 0.225 0.0078125 0.0125
0 0.27265625 0.2203125 0.009375 0.011458333333333333
0 0.208984375 0.2203125 0.00859375 0.011458333333333333
0 0.36484375 0.21875 0.0078125 0.010416666666666666
0 0.6546875 0.21822916666666667 0.0078125 0.011458333333333333
0 0.289453125 0.21770833333333334 0.00859375 0.0125
0 0.25703125 0.21614583333333334 0.009375 0.011458333333333333
0 0.43359375 0.21614583333333334 0.0078125 0.013541666666666667
0 0.307421875 0.21458333333333332 0.00859375 0.0125
0 0.38046875 0.21302083333333333 0.0078125 0.011458333333333333
0 0.62265625 0.2109375 0.0078125 0.011458333333333333
0 0.32265625 0.20833333333333334 0.0078125 0.0125
0 0.4578125 0.20572916666666666 0.0078125 0.013541666666666667
0 0.354296875 0.20260416666666667 0.00859375 0.011458333333333333
0 0.412109375 0.20208333333333334 0.00859375 0.0125
0 0.280078125 0.20208333333333334 0.00859375 0.0125
0 0.395703125 0.20104166666666667 0.00859375 0.0125
0 0.369921875 0.19739583333333333 0.00859375 0.011458333333333333
0 0.310546875 0.19479166666666667 0.00859375 0.0125
0 0.446484375 0.19166666666666668 0.00859375 0.0125
0 0.23828125 0.17083333333333334 0.009375 0.0125
0 0.458203125 0.16875 0.00859375 0.0125
