0 0.264453125 0.9393317702227433 0.00234375 0.0017584994138335288
0 0.232421875 0.9317116060961314 0.00078125 0.0005861664712778429
0 0.284375 0.9346424384525205 0.0109375 0.00996483001172333
0 0.251953125 0.9240914419695193 0.01171875 0.005275498241500586
0 0.373046875 0.9164712778429074 0.00546875 0.0076201641266119575
0 0.546484375 0.9053341148886284 0.01171875 0.00996483001172333
0 0.211328125 0.8983001172332943 0.00078125 0.0005861664712778429
0 0.221484375 0.8983001172332943 0.00234375 0.0017584994138335288
0 0.694140625 0.8939038686987104 0.01171875 0.010550996483001172
0 0.371875 0.891559202813599 0.0109375 0.008206330597889801
0 0.594921875 0.8871629542790153 0.01171875 0.008792497069167644
0 0.630078125 0.8845252051582649 0.00859375 0.007033997655334115
0 0.558203125 0.8839390386869871 0.01171875 0.010550996483001172
0 0.401171875 0.8801289566236812 0.01171875 0.004103165298944901
0 0.659375 0.8795427901524033 0.009375 0.00996483001172333
0 0.308203125 0.8745603751465416 0.00078125 0.0011723329425556857
0 0.446484375 0.8745603751465416 0.00234375 0.0035169988276670576
0 0.605078125 0.8736811254396248 0.00078125 0.0029308323563892145
0 0.605859375 0.8707502930832356 0.00078125 0.0005861664712778429
0 0.371484375 0.8728018757327081 0.00859375 0.007033997655334115
0 0.27421875 0.8710433763188745 0.003125 0.0035169988276670576
0 0.270703125 0.8684056271981243 0.00078125 0.0005861664712778429
0 0.64453125 0.8698710433763188 0.003125 0.004689331770222743
0 0.33984375 0.8704572098475967 0.0125 0.007033997655334115
0 0.407421875 0.8634232121922626 0.01171875 0.009378663540445486
0 0.477734375 0.8558030480656507 0.00859375 0.008206330597889801
0 0.5078125 0.8552168815943728 0.009375 0.010550996483001172
0 0.612109375 0.8522860492379836 0.00703125 0.005861664712778429
0 0.655078125 0.8537514654161782 0.01171875 0.00996483001172333
0 0.334375 0.8467174677608441 0.0046875 0.004103165298944901
0 0.325390625 0.8455451348182884 0.00234375 0.0017584994138335288
0 0.287890625 0.8464243845252052 0.01171875 0.007033997655334115
0 0.377734375 0.8437866354044549 0.01171875 0.0076201641266119575
0 0.458984375 0.8446658851113716 0.01171875 0.010550996483001172
0 0.492578125 0.8408558030480656 0.01171875 0.00996483001172333
0 0.694140625 0.8344079718640094 0.01171875 0.008792497069167644
0 0.3078125 0.8335287221570926 0.0078125 0.007033997655334115
0 0.3328125 0.828253223915592 0.0125 0.009378663540445486
0 0.243359375 0.8270808909730364 0.01328125 0.008206330597889801
0 0.223046875 0.8223915592028136 0.00390625 0.0035169988276670576
0 0.21328125 0.8203399765533411 0.0015625 0.0017584994138335288
0 0.669140625 0.8235638921453693 0.01171875 0.009378663540445486
0 0.710546875 0.8194607268464243 0.01015625 0.009378663540445486
0 0.6921875 0.8165298944900352 0.003125 0.004689331770222743
0 0.557421875 0.8188745603751465 0.01171875 0.010550996483001172
0 0.360546875 0.813599062133646 0.00390625 0.0023446658851113715
0 0.352734375 0.813305978898007 0.00546875 0.0029308323563892145
0 0.639453125 0.8159437280187574 0.01171875 0.010550996483001172
0 0.31796875 0.8141852286049238 0.0125 0.009378663540445486
0 0.23671875 0.8100820633059789 0.009375 0.005861664712778429
0 0.613671875 0.809495896834701 0.01015625 0.009378663540445486
0 0.70703125 0.8024618991793669 0.0078125 0.005861664712778429
0 0.4859375 0.8036342321219226 0.0109375 0.010550996483001172
0 0.262890625 0.8024618991793669 0.01328125 0.009378663540445486
0 0.527734375 0.8024618991793669 0.01171875 0.010550996483001172
0 0.28671875 0.798358733880422 0.0125 0.008206330597889801
0 0.571484375 0.7966002344665886 0.00703125 0.008206330597889801
0 0.65390625 0.7968933177022274 0.0109375 0.00996483001172333
0 0.352734375 0.7968933177022274 0.01171875 0.00996483001172333
0 0.23046875 0.7922039859320047 0.0078125 0.006447831184056272
0 0.376171875 0.7919109026963658 0.00859375 0.007033997655334115
0 0.188671875 0.7904454865181711 0.01171875 0.008792497069167644
0 0.633203125 0.7907385697538101 0.01171875 0.010550996483001172
0 0.40078125 0.7892731535756154 0.0109375 0.0076201641266119575
0 0.42734375 0.7895662368112544 0.0125 0.010550996483001172
0 0.5109375 0.7881008206330598 0.009375 0.00996483001172333
0 0.728125 0.7875146541617819 0.0125 0.00996483001172333
0 0.25390625 0.786928487690504 0.0125 0.00996483001172333
0 0.703515625 0.7839976553341149 0.01171875 0.008792497069167644
0 0.2828125 0.7810668229777257 0.009375 0.0076201641266119575
0 0.82421875 0.7807737397420867 0.0125 0.009378663540445486
0 0.771484375 0.7801875732708089 0.01171875 0.009378663540445486
0 0.650390625 0.7772567409144197 0.01171875 0.007033997655334115
0 0.305859375 0.7746189917936694 0.01171875 0.008792497069167644
0 0.330078125 0.7740328253223916 0.01171875 0.008792497069167644
0 0.37109375 0.7731535756154748 0.0125 0.009378663540445486
0 0.240234375 0.772274325908558 0.01171875 0.008792497069167644
0 0.7453125 0.7711019929660023 0.0125 0.0076201641266119575
0 0.499609375 0.772274325908558 0.01171875 0.00996483001172333
0 0.267578125 0.7675849941383353 0.00390625 0.006447831184056272
0 0.39453125 0.7672919109026963 0.009375 0.009378663540445486
0 0.622265625 0.7667057444314185 0.01171875 0.010550996483001172
0 0.712890625 0.7658264947245017 0.01171875 0.00996483001172333
0 0.418359375 0.7608440797186401 0.01171875 0.004689331770222743
0 0.351171875 0.7628956623681126 0.01171875 0.00996483001172333
0 0.28828125 0.7620164126611958 0.0109375 0.009378663540445486
0 0.64765625 0.7596717467760844 0.0078125 0.008206330597889801
0 0.681640625 0.7590855803048066 0.01171875 0.009378663540445486
0 0.3203125 0.7579132473622509 0.0078125 0.008206330597889801
0 0.21953125 0.7555685814771395 0.0078125 0.008206330597889801
0 0.24921875 0.7549824150058617 0.0125 0.008206330597889801
0 0.74609375 0.7529308323563892 0.0125 0.008792497069167644
0 0.6296875 0.7479484173505275 0.0109375 0.009378663540445486
0 0.671484375 0.7438452520515827 0.01171875 0.009378663540445486
0 0.422265625 0.7435521688159438 0.01015625 0.008792497069167644
0 0.82734375 0.7432590855803048 0.0125 0.009378663540445486
0 0.3375 0.7412075029308324 0.0078125 0.006447831184056272
0 0.280078125 0.7409144196951934 0.01171875 0.008206330597889801
0 0.2359375 0.7406213364595545 0.0109375 0.008792497069167644
0 0.206640625 0.738569753810082 0.01015625 0.009378663540445486
0 0.65078125 0.7371043376318874 0.0109375 0.00996483001172333
0 0.541796875 0.735052754982415 0.01171875 0.009378663540445486
0 0.311328125 0.7341735052754983 0.01171875 0.0076201641266119575
0 0.77890625 0.7344665885111371 0.0125 0.009378663540445486
0 0.38828125 0.7283118405627198 0.0109375 0.00996483001172333
0 0.248828125 0.7265533411488863 0.01171875 0.008792497069167644
0 0.760546875 0.7242086752637749 0.01171875 0.0076201641266119575
0 0.225 0.723915592028136 0.0125 0.009378663540445486
0 0.273828125 0.7189331770222743 0.01015625 0.006447831184056272
0 0.809765625 0.7189331770222743 0.01015625 0.008792497069167644
0 0.18828125 0.7160023446658851 0.0109375 0.0076201641266119575
0 0.6390625 0.7116060961313013 0.0109375 0.004689331770222743
0 0.333984375 0.712778429073857 0.01171875 0.009378663540445486
0 0.78671875 0.7104337631887456 0.0078125 0.009378663540445486
0 0.357421875 0.7095545134818289 0.01171875 0.008792497069167644
0 0.210546875 0.7083821805392732 0.01015625 0.006447831184056272
0 0.2546875 0.7083821805392732 0.0125 0.00996483001172333
0 0.761328125 0.7063305978898007 0.01171875 0.008206330597889801
0 0.728125 0.7066236811254396 0.0125 0.008792497069167644
0 0.509765625 0.7054513481828839 0.01171875 0.008792497069167644
0 0.233203125 0.7004689331770223 0.01328125 0.009378663540445486
0 0.803125 0.6990035169988277 0.0125 0.008792497069167644
0 0.383984375 0.6975381008206331 0.01171875 0.009378663540445486
0 0.340234375 0.694021101992966 0.01171875 0.009378663540445486
0 0.746875 0.6931418522860492 0.0125 0.008792497069167644
0 0.30078125 0.6916764361078547 0.0125 0.007033997655334115
0 0.71796875 0.6913833528722158 0.0109375 0.008792497069167644
0 0.21171875 0.6893317702227433 0.0125 0.008206330597889801
0 0.670703125 0.6878663540445487 0.01171875 0.008792497069167644
0 0.255078125 0.6855216881594373 0.01328125 0.006447831184056272
0 0.78125 0.686400937866354 0.0125 0.009378663540445486
0 0.322265625 0.6834701055099648 0.01171875 0.009378663540445486
0 0.2796875 0.682590855803048 0.0125 0.008792497069167644
0 0.76015625 0.6784876905041032 0.0109375 0.008792497069167644
0 0.736328125 0.6779015240328253 0.01015625 0.008792497069167644
0 0.233984375 0.6743845252051582 0.01171875 0.008792497069167644
0 0.19765625 0.6740914419695193 0.0125 0.009378663540445486
0 0.30703125 0.6696951934349356 0.0125 0.008792497069167644
0 0.804296875 0.6691090269636577 0.01328125 0.008792497069167644
0 0.612109375 0.667936694021102 0.01171875 0.008792497069167644
0 0.360546875 0.667936694021102 0.01171875 0.008792497069167644
0 0.71953125 0.6664712778429074 0.0109375 0.008206330597889801
0 0.256640625 0.6673505275498242 0.01171875 0.00996483001172333
0 0.330859375 0.6664712778429074 0.01171875 0.009378663540445486
0 0.2828125 0.6638335287221571 0.0125 0.008792497069167644
0 0.2171875 0.6614888628370457 0.0109375 0.008792497069167644
0 0.783203125 0.6609026963657679 0.01171875 0.008792497069167644
0 0.839453125 0.6585580304806565 0.01171875 0.008792497069167644
0 0.1875 0.6576787807737398 0.0125 0.008206330597889801
0 0.744140625 0.656799531066823 0.01015625 0.008792497069167644
0 0.24140625 0.6541617819460727 0.0125 0.009378663540445486
0 0.2671875 0.6521101992966002 0.0125 0.006447831184056272
0 0.3015625 0.6521101992966002 0.0125 0.008792497069167644
0 0.348828125 0.6518171160609613 0.01171875 0.009378663540445486
0 0.819921875 0.6506447831184057 0.01171875 0.008206330597889801
0 0.711328125 0.6500586166471278 0.01171875 0.008206330597889801
0 0.325390625 0.645662368112544 0.01171875 0.005275498241500586
0 0.221484375 0.6421453692848769 0.01328125 0.0076201641266119575
0 0.740234375 0.6389214536928488 0.01171875 0.007033997655334115
0 0.764453125 0.6389214536928488 0.01171875 0.008206330597889801
0 0.192578125 0.6395076201641267 0.01171875 0.009378663540445486
0 0.25078125 0.6371629542790153 0.0125 0.009378663540445486
0 0.815234375 0.634232121922626 0.01171875 0.007033997655334115
0 0.27578125 0.6324736225087925 0.0125 0.008206330597889801
0 0.612109375 0.6289566236811255 0.01171875 0.008206330597889801
0 0.2109375 0.6260257913247362 0.0109375 0.007033997655334115
0 0.321875 0.6254396248534584 0.0125 0.009378663540445486
0 0.297265625 0.6242672919109027 0.01328125 0.009378663540445486
0 0.235546875 0.6219226260257913 0.01171875 0.005861664712778429
0 0.741796875 0.6216295427901524 0.01015625 0.0076201641266119575
0 0.80703125 0.6186987104337632 0.0125 0.0076201641266119575
0 0.260546875 0.6192848769050411 0.01328125 0.008792497069167644
0 0.1796875 0.6178194607268465 0.0125 0.008206330597889801
0 0.584375 0.6172332942555686 0.0109375 0.008206330597889801
0 0.774609375 0.6166471277842908 0.00703125 0.008206330597889801
0 0.352734375 0.615767878077374 0.01171875 0.008792497069167644
0 0.75390625 0.6075615474794842 0.0109375 0.0076201641266119575
0 0.290234375 0.6072684642438453 0.01171875 0.009378663540445486
0 0.24375 0.6058030480656507 0.0125 0.0076201641266119575
0 0.218359375 0.6052168815943728 0.01015625 0.006447831184056272
0 0.33125 0.6025791324736225 0.0125 0.009378663540445486
0 0.267578125 0.6008206330597889 0.01328125 0.009378663540445486
0 0.712890625 0.5987690504103166 0.01015625 0.0076201641266119575
0 0.5765625 0.5993552168815943 0.0109375 0.008792497069167644
0 0.1953125 0.5990621336459554 0.0125 0.008206330597889801
0 0.3125 0.5911488862837045 0.0125 0.008792497069167644
0 0.82109375 0.5885111371629543 0.0125 0.008206330597889801
0 0.72890625 0.5870457209847597 0.0109375 0.008792497069167644
0 0.283984375 0.5873388042203986 0.01328125 0.009378663540445486
0 0.248828125 0.5864595545134819 0.01171875 0.0076201641266119575
0 0.18046875 0.5841148886283705 0.0125 0.006447831184056272
0 0.205078125 0.5817702227432591 0.01171875 0.006447831184056272
0 0.708203125 0.5814771395076201 0.01171875 0.008206330597889801
0 0.302734375 0.5735638921453693 0.01171875 0.006447831184056272
0 0.22578125 0.57063305978898 0.009375 0.005275498241500586
0 0.34765625 0.5720984759671747 0.0125 0.009378663540445486
0 0.260546875 0.5712192262602579 0.01328125 0.008792497069167644
0 0.76640625 0.5691676436107854 0.0109375 0.005861664712778429
0 0.19609375 0.567409144196952 0.009375 0.0035169988276670576
0 0.66015625 0.563599062133646 0.0109375 0.008792497069167644
0 0.322265625 0.563305978898007 0.01171875 0.008206330597889801
0 0.283984375 0.5638921453692849 0.01328125 0.009378663540445486
0 0.606640625 0.5600820633059789 0.00703125 0.004103165298944901
0 0.69296875 0.5609613130128956 0.0109375 0.008206330597889801
0 0.24375 0.5580304806565064 0.0125 0.008206330597889801
0 0.58203125 0.5550996483001173 0.0109375 0.008206330597889801
0 0.43203125 0.5545134818288394 0.0109375 0.007033997655334115
0 0.21875 0.5545134818288394 0.0125 0.008206330597889801
0 0.816015625 0.5486518171160609 0.00859375 0.008206330597889801
0 0.269140625 0.5471864009378663 0.01328125 0.008792497069167644
0 0.33046875 0.5466002344665886 0.0125 0.008792497069167644
0 0.30625 0.5439624853458382 0.0125 0.007033997655334115
0 0.794921875 0.5398593200468933 0.01171875 0.007033997655334115
0 0.42421875 0.5383939038686987 0.0109375 0.0076201641266119575
0 0.586328125 0.5381008206330598 0.01171875 0.008206330597889801
0 0.198046875 0.533704572098476 0.01328125 0.006447831184056272
0 0.386328125 0.5342907385697538 0.01171875 0.008792497069167644
0 0.287890625 0.5334114888628371 0.01328125 0.009378663540445486
0 0.223046875 0.5331184056271981 0.01328125 0.00996483001172333
0 0.32109375 0.5304806565064478 0.0125 0.009378663540445486
0 0.34609375 0.5290152403282532 0.0125 0.008792497069167644
0 0.26328125 0.5287221570926143 0.0125 0.008206330597889801
0 0.8078125 0.5234466588511137 0.0109375 0.008206330597889801
0 0.36796875 0.522567409144197 0.0125 0.008792497069167644
0 0.30234375 0.5202227432590856 0.0125 0.005275498241500586
0 0.188671875 0.5178780773739742 0.01328125 0.00996483001172333
0 0.393359375 0.5158264947245017 0.01171875 0.008206330597889801
0 0.75234375 0.515240328253224 0.0109375 0.008206330597889801
0 0.278125 0.514947245017585 0.0125 0.008792497069167644
0 0.325 0.5126025791324736 0.0125 0.008792497069167644
0 0.25390625 0.5123094958968347 0.0125 0.008206330597889801
0 0.349609375 0.511430246189918 0.01171875 0.008792497069167644
0 0.219921875 0.5102579132473622 0.01328125 0.0076201641266119575
0 0.375390625 0.5049824150058617 0.01171875 0.004103165298944901
0 0.70703125 0.5067409144196952 0.0109375 0.008792497069167644
0 0.8328125 0.5049824150058617 0.0125 0.0076201641266119575
0 0.437109375 0.5041031652989449 0.01015625 0.005861664712778429
0 0.56484375 0.5035169988276671 0.0109375 0.007033997655334115
0 0.412890625 0.5020515826494725 0.01171875 0.008792497069167644
0 0.303125 0.5005861664712778 0.0125 0.009378663540445486
0 0.760546875 0.49941383352872215 0.01171875 0.008206330597889801
0 0.235546875 0.4970691676436108 0.01171875 0.009378663540445486
0 0.262109375 0.49531066822977726 0.01328125 0.008206330597889801
0 0.32734375 0.49296600234466587 0.009375 0.005861664712778429
0 0.35234375 0.4912075029308324 0.0078125 0.005861664712778429
0 0.79375 0.4903282532239156 0.0109375 0.0076201641266119575
0 0.374609375 0.48739742086752635 0.01171875 0.005275498241500586
0 0.512890625 0.48739742086752635 0.01171875 0.0076201641266119575
0 0.830859375 0.4862250879249707 0.01171875 0.0076201641266119575
0 0.4828125 0.48563892145369286 0.0109375 0.0076201641266119575
0 0.4234375 0.48417350527549824 0.0109375 0.005861664712778429
0 0.283984375 0.4859320046893318 0.01328125 0.009378663540445486
0 0.459765625 0.4827080890973036 0.01015625 0.006447831184056272
0 0.396875 0.4809495896834701 0.0125 0.004103165298944901
0 0.30859375 0.48300117233294254 0.0125 0.009378663540445486
0 0.22890625 0.4794841735052755 0.0125 0.009378663540445486
0 0.25390625 0.4783118405627198 0.0125 0.008206330597889801
0 0.337890625 0.47743259085580303 0.01328125 0.0076201641266119575
0 0.812109375 0.47596717467760846 0.01015625 0.008206330597889801
0 0.852734375 0.4753810082063306 0.01171875 0.008206330597889801
0 0.2046875 0.473915592028136 0.0140625 0.0076201641266119575
0 0.724609375 0.47215709261430244 0.01015625 0.008792497069167644
0 0.36015625 0.4709847596717468 0.0125 0.0076201641266119575
0 0.83359375 0.46893317702227433 0.0078125 0.008206330597889801
0 0.49375 0.4695193434935522 0.0109375 0.009378663540445486
0 0.377734375 0.46512309495896836 0.00078125 0.0005861664712778429
0 0.384765625 0.4657092614302462 0.00859375 0.004103165298944901
0 0.29140625 0.46688159437280186 0.0109375 0.006447831184056272
0 0.417578125 0.4674677608440797 0.01171875 0.008792497069167644
0 0.31875 0.4657092614302462 0.0125 0.0076201641266119575
0 0.78671875 0.4657092614302462 0.0125 0.008792497069167644
0 0.453125 0.46131301289566234 0.0109375 0.007033997655334115
0 0.7078125 0.46072684642438455 0.0109375 0.008206330597889801
0 0.34140625 0.4604337631887456 0.0125 0.008792497069167644
0 0.18671875 0.46072684642438455 0.0125 0.009378663540445486
0 0.7375 0.45838218053927315 0.0109375 0.008206330597889801
0 0.507421875 0.4563305978898007 0.00859375 0.005275498241500586
0 0.24140625 0.45838218053927315 0.0125 0.009378663540445486
0 0.8171875 0.4566236811254396 0.0125 0.008206330597889801
0 0.844921875 0.4536928487690504 0.01015625 0.007033997655334115
0 0.2671875 0.45281359906213364 0.0125 0.005275498241500586
0 0.3640625 0.4533997655334115 0.0125 0.0076201641266119575
0 0.68671875 0.4522274325908558 0.0125 0.008792497069167644
0 0.75859375 0.45076201641266117 0.0109375 0.008206330597889801
0 0.656640625 0.44988276670574445 0.01171875 0.008792497069167644
0 0.208203125 0.44958968347010553 0.01328125 0.008206330597889801
0 0.43828125 0.44871043376318875 0.0109375 0.008792497069167644
0 0.31875 0.44841735052754983 0.0125 0.009378663540445486
0 0.386328125 0.44724501758499413 0.01171875 0.009378663540445486
0 0.41015625 0.4449003516998828 0.0109375 0.005861664712778429
0 0.29453125 0.4449003516998828 0.0125 0.005861664712778429
0 0.34453125 0.4425556858147714 0.0125 0.008206330597889801
0 0.740625 0.4413833528722157 0.0109375 0.008206330597889801
0 0.248046875 0.4396248534583822 0.01328125 0.009378663540445486
0 0.496484375 0.4384525205158265 0.01171875 0.008206330597889801
0 0.367578125 0.43522860492379833 0.01171875 0.006447831184056272
0 0.669140625 0.4349355216881594 0.01171875 0.008206330597889801
0 0.275390625 0.43376318874560377 0.01328125 0.005861664712778429
0 0.591796875 0.43464243845252054 0.01171875 0.008792497069167644
0 0.761328125 0.43376318874560377 0.01171875 0.008206330597889801
0 0.32578125 0.43229777256740914 0.0125 0.005275498241500586
0 0.792578125 0.42819460726846426 0.00078125 0.0005861664712778429
0 0.517578125 0.43024618991793667 0.01015625 0.007033997655334115
0 0.432421875 0.43024618991793667 0.01171875 0.007033997655334115
0 0.206640625 0.43141852286049237 0.01328125 0.009378663540445486
0 0.85546875 0.4284876905041032 0.0125 0.008206330597889801
0 0.407421875 0.4287807737397421 0.01171875 0.008792497069167644
0 0.798828125 0.4249706916764361 0.01171875 0.0035169988276670576
0 0.3484375 0.42467760844079716 0.0125 0.008792497069167644
0 0.3015625 0.42467760844079716 0.0125 0.008792497069167644
0 0.384765625 0.4232121922626026 0.01171875 0.008206330597889801
0 0.18671875 0.4199882766705744 0.0140625 0.00996483001172333
0 0.264453125 0.4152989449003517 0.01328125 0.00996483001172333
0 0.2140625 0.4144196951934349 0.0125 0.009378663540445486
0 0.8390625 0.4135404454865182 0.0125 0.008792497069167644
0 0.79609375 0.41178194607268465 0.0125 0.006447831184056272
0 0.752734375 0.41295427901524034 0.01015625 0.008792497069167644
0 0.431640625 0.4123681125439625 0.01171875 0.0076201641266119575
0 0.3203125 0.41295427901524034 0.0125 0.008792497069167644
0 0.775 0.41207502930832357 0.0109375 0.008206330597889801
0 0.73046875 0.4114888628370457 0.0109375 0.008206330597889801
0 0.240234375 0.4123681125439625 0.01328125 0.00996483001172333
0 0.455078125 0.4111957796014068 0.01171875 0.008792497069167644
0 0.287890625 0.4091441969519343 0.01328125 0.009378663540445486
0 0.36796875 0.4082649472450176 0.0125 0.008792497069167644
0 0.19609375 0.40386869871043374 0.0015625 0.0011723329425556857
0 0.34375 0.406799531066823 0.0125 0.009378663540445486
0 0.392578125 0.4059202813599062 0.01171875 0.008792497069167644
0 0.48359375 0.402989449003517 0.009375 0.006447831184056272
0 0.506640625 0.40357561547479487 0.01171875 0.008792497069167644
0 0.191796875 0.39771395076201643 0.01171875 0.005275498241500586
0 0.414453125 0.39859320046893315 0.01171875 0.008206330597889801
0 0.84921875 0.3983001172332943 0.0125 0.008792497069167644
0 0.82265625 0.3971277842907386 0.0125 0.008792497069167644
0 0.744140625 0.3971277842907386 0.01015625 0.008792497069167644
0 0.21796875 0.3959554513481829 0.0140625 0.00996483001172333
0 0.77421875 0.3947831184056272 0.0125 0.008792497069167644
0 0.444921875 0.3950762016412661 0.01171875 0.009378663540445486
0 0.32421875 0.3950762016412661 0.0125 0.009378663540445486
0 0.267578125 0.3950762016412661 0.01328125 0.009378663540445486
0 0.721875 0.39419695193434934 0.0109375 0.008792497069167644
0 0.7984375 0.39331770222743256 0.0125 0.008206330597889801
0 0.29921875 0.3921453692848769 0.0125 0.007033997655334115
0 0.52421875 0.39155920281359907 0.0109375 0.007033997655334115
0 0.24296875 0.39243845252051585 0.0140625 0.008792497069167644
0 0.378125 0.3909730363423212 0.0125 0.009378663540445486
0 0.35390625 0.3903868698710434 0.0125 0.009378663540445486
0 0.58828125 0.3886283704572098 0.0109375 0.008206330597889801
0 0.566015625 0.3854044548651817 0.01015625 0.006447831184056272
0 0.486328125 0.38569753810082064 0.01171875 0.008206330597889801
0 0.641796875 0.38364595545134816 0.01015625 0.0076201641266119575
0 0.4 0.384232121922626 0.0125 0.008792497069167644
0 0.8390625 0.38364595545134816 0.0125 0.008792497069167644
0 0.69296875 0.38042203985932005 0.0109375 0.008206330597889801
0 0.20234375 0.3813012895662368 0.0140625 0.00996483001172333
0 0.78515625 0.37719812426729193 0.0109375 0.0029308323563892145
0 0.74609375 0.3795427901524033 0.0109375 0.008792497069167644
0 0.281640625 0.3798358733880422 0.01328125 0.009378663540445486
0 0.43359375 0.3789566236811254 0.0109375 0.008792497069167644
0 0.80859375 0.37807737397420865 0.0109375 0.008206330597889801
0 0.334375 0.3783704572098476 0.0125 0.008792497069167644
0 0.256640625 0.37778429073856973 0.01328125 0.00996483001172333
0 0.526171875 0.3733880422039859 0.01015625 0.005861664712778429
0 0.459765625 0.3745603751465416 0.01171875 0.008206330597889801
0 0.378515625 0.37280187573270807 0.01171875 0.009378663540445486
0 0.23203125 0.373094958968347 0.0140625 0.00996483001172333
0 0.312109375 0.3701641266119578 0.01328125 0.008792497069167644
0 0.626953125 0.369284876905041 0.01171875 0.008206330597889801
0 0.567578125 0.3686987104337632 0.01171875 0.008206330597889801
0 0.3546875 0.3689917936694021 0.0125 0.008792497069167644
0 0.8265625 0.3678194607268464 0.0109375 0.008792497069167644
0 0.481640625 0.3678194607268464 0.01171875 0.008792497069167644
0 0.50546875 0.3660609613130129 0.0109375 0.008792497069167644
0 0.40078125 0.36547479484173506 0.0109375 0.0076201641266119575
0 0.853125 0.3634232121922626 0.0125 0.008206330597889801
0 0.752734375 0.36283704572098474 0.01171875 0.008206330597889801
0 0.689453125 0.36283704572098474 0.01171875 0.008206330597889801
0 0.271484375 0.3634232121922626 0.01328125 0.009378663540445486
0 0.782421875 0.3622508792497069 0.01171875 0.008206330597889801
0 0.5421875 0.3616647127784291 0.0109375 0.008206330597889801
0 0.423828125 0.3616647127784291 0.01171875 0.008206330597889801
0 0.19296875 0.36283704572098474 0.0125 0.010550996483001172
0 0.663671875 0.3601992966002345 0.01015625 0.0076201641266119575
0 0.80859375 0.35756154747948415 0.0078125 0.0035169988276670576
0 0.332421875 0.3593200468933177 0.01171875 0.007033997655334115
0 0.294140625 0.3569753810082063 0.01328125 0.009378663540445486
0 0.641015625 0.35580304806565066 0.01171875 0.008206330597889801
0 0.247265625 0.35668229777256744 0.01328125 0.00996483001172333
0 0.216796875 0.3552168815943728 0.01328125 0.009378663540445486
0 0.721484375 0.35345838218053927 0.00859375 0.007033997655334115
0 0.61171875 0.3537514654161782 0.0109375 0.008792497069167644
0 0.4453125 0.3528722157092614 0.0109375 0.007033997655334115
0 0.837109375 0.35228604923798357 0.01328125 0.008206330597889801
0 0.58828125 0.35199296600234464 0.0109375 0.008792497069167644
0 0.520703125 0.35140679953106685 0.01171875 0.008792497069167644
0 0.354296875 0.35023446658851115 0.01015625 0.0076201641266119575
0 0.47890625 0.34906213364595545 0.0109375 0.008792497069167644
0 0.766796875 0.3484759671746776 0.01171875 0.008792497069167644
0 0.403515625 0.34788980070339975 0.01171875 0.008792497069167644
0 0.792578125 0.347010550996483 0.01171875 0.008206330597889801
0 0.7 0.34671746776084406 0.0109375 0.0076201641266119575
0 0.379296875 0.3455451348182884 0.00859375 0.005275498241500586
0 0.56328125 0.34671746776084406 0.0109375 0.008792497069167644
0 0.85546875 0.34613130128956626 0.0140625 0.008792497069167644
0 0.3171875 0.3452520515826495 0.0125 0.008206330597889801
0 0.18984375 0.3452520515826495 0.0046875 0.008206330597889801
0 0.273046875 0.34466588511137164 0.01328125 0.009378663540445486
0 0.1828125 0.3408558030480657 0.00625 0.0029308323563892145
0 0.67265625 0.3408558030480657 0.0078125 0.005275498241500586
0 0.215234375 0.3376318874560375 0.00234375 0.0023446658851113715
0 0.630078125 0.3399765533411489 0.01171875 0.008206330597889801
0 0.5390625 0.3402696365767878 0.0109375 0.008792497069167644
0 0.500390625 0.33939038686987105 0.01171875 0.008206330597889801
0 0.425 0.33968347010551 0.0109375 0.008792497069167644
0 0.824609375 0.33704572098475966 0.01171875 0.008206330597889801
0 0.2953125 0.3373388042203986 0.0125 0.008792497069167644
0 0.738671875 0.3355803048065651 0.00859375 0.0076201641266119575
0 0.6046875 0.335873388042204 0.0109375 0.008206330597889801
0 0.209765625 0.33382180539273154 0.00859375 0.004103165298944901
0 0.448828125 0.33528722157092616 0.01015625 0.008206330597889801
0 0.715625 0.33382180539273154 0.0109375 0.0076201641266119575
0 0.5796875 0.33382180539273154 0.0109375 0.008792497069167644
0 0.345703125 0.33294255568581477 0.00859375 0.008206330597889801
0 0.849609375 0.32854630715123095 0.00078125 0.0005861664712778429
0 0.3703125 0.32971864009378665 0.0046875 0.0029308323563892145
0 0.841015625 0.32971864009378665 0.00390625 0.004103165298944901
0 0.80390625 0.33177022274325907 0.0109375 0.008206330597889801
0 0.78203125 0.332063305978898 0.009375 0.008792497069167644
0 0.759375 0.332063305978898 0.0109375 0.008792497069167644
0 0.473046875 0.3311840562719812 0.00859375 0.007033997655334115
0 0.393359375 0.3311840562719812 0.00859375 0.007033997655334115
0 0.690625 0.3308909730363423 0.009375 0.0076201641266119575
0 0.5578125 0.3291324736225088 0.009375 0.0076201641266119575
0 0.5234375 0.3288393903868699 0.0046875 0.007033997655334115
0 0.256640625 0.3305978898007034 0.01328125 0.010550996483001172
0 0.231640625 0.32854630715123095 0.01328125 0.00996483001172333
0 0.321484375 0.32708089097303633 0.01171875 0.008206330597889801
0 0.669140625 0.32415005861664714 0.01015625 0.007033997655334115
0 0.642578125 0.3238569753810082 0.01015625 0.008792497069167644
0 0.190625 0.3238569753810082 0.0140625 0.00996483001172333
0 0.6203125 0.3223915592028136 0.009375 0.008206330597889801
0 0.49296875 0.32209847596717467 0.0078125 0.0076201641266119575
0 0.416796875 0.32209847596717467 0.00859375 0.0076201641266119575
0 0.2984375 0.3194607268464244 0.0078125 0.004689331770222743
0 0.819140625 0.31975381008206333 0.01171875 0.0076201641266119575
0 0.595703125 0.31975381008206333 0.01015625 0.008792497069167644
0 0.729296875 0.3191676436107855 0.00703125 0.008792497069167644
0 0.43984375 0.31858147713950763 0.009375 0.008792497069167644
0 0.5390625 0.3179953106682298 0.0109375 0.008792497069167644
0 0.770703125 0.317116060961313 0.01015625 0.008206330597889801
0 0.7046875 0.31652989449003516 0.0078125 0.007033997655334115
0 0.27421875 0.3179953106682298 0.0125 0.00996483001172333
0 0.791796875 0.3168229777256741 0.01171875 0.008792497069167644
0 0.573046875 0.31652989449003516 0.01015625 0.008206330597889801
0 0.4640625 0.3150644783118406 0.00625 0.005275498241500586
0 0.84765625 0.3141852286049238 0.0125 0.008206330597889801
0 0.340234375 0.3141852286049238 0.00703125 0.008206330597889801
0 0.748828125 0.31359906213364597 0.01015625 0.008206330597889801
0 0.365625 0.31096131301289565 0.00625 0.005275498241500586
0 0.24453125 0.31330597889800704 0.0125 0.00996483001172333
0 0.510546875 0.3118405627198124 0.01015625 0.008206330597889801
0 0.65625 0.31008206330597887 0.009375 0.008206330597889801
0 0.391796875 0.30978898007034 0.00859375 0.008792497069167644
0 0.63359375 0.3074443141852286 0.009375 0.0076201641266119575
0 0.316796875 0.305978898007034 0.01171875 0.009378663540445486
0 0.83046875 0.3048065650644783 0.0109375 0.008206330597889801
0 0.807421875 0.3050996483001172 0.01171875 0.008792497069167644
0 0.555859375 0.3050996483001172 0.00859375 0.008792497069167644
0 0.4875 0.3048065650644783 0.00625 0.008206330597889801
0 0.611328125 0.3030480656506448 0.00859375 0.005861664712778429
0 0.414453125 0.30392731535756157 0.01015625 0.0076201641266119575
0 0.7203125 0.30275498241500587 0.0078125 0.0076201641266119575
0 0.5875 0.30246189917936694 0.0109375 0.008206330597889801
0 0.78125 0.3018757327080891 0.0109375 0.008206330597889801
0 0.53125 0.3007033997655334 0.0046875 0.005861664712778429
0 0.2875 0.30128956623681125 0.0125 0.008206330597889801
0 0.193359375 0.30246189917936694 0.01328125 0.010550996483001172
0 0.698046875 0.2998241500586166 0.00859375 0.0076201641266119575
0 0.437890625 0.30011723329425555 0.01015625 0.008206330597889801
0 0.7609375 0.2974794841735053 0.0078125 0.0076201641266119575
0 0.3484375 0.29689331770222743 0.0078125 0.0076201641266119575
0 0.5078125 0.29454865181711604 0.0046875 0.004103165298944901
0 0.462109375 0.2954279015240328 0.00546875 0.005861664712778429
0 0.7390625 0.2936694021101993 0.0078125 0.008206330597889801
0 0.673046875 0.29279015240328254 0.00859375 0.006447831184056272
0 0.648828125 0.2933763188745604 0.00703125 0.0076201641266119575
0 0.378125 0.2936694021101993 0.0078125 0.008206330597889801
0 0.57109375 0.291031652989449 0.0078125 0.0076201641266119575
0 0.27421875 0.28839390386869873 0.003125 0.0023446658851113715
0 0.84609375 0.291031652989449 0.0125 0.008792497069167644
0 0.81796875 0.2901524032825322 0.0125 0.008206330597889801
0 0.797265625 0.2898593200468933 0.01171875 0.008792497069167644
0 0.5484375 0.28751465416178196 0.0078125 0.006447831184056272
0 0.4 0.28868698710433766 0.0109375 0.008792497069167644
0 0.715625 0.28634232121922626 0.0046875 0.005275498241500586
0 0.48359375 0.28634232121922626 0.0046875 0.005275498241500586
0 0.305859375 0.28839390386869873 0.01171875 0.009378663540445486
0 0.6140625 0.2866354044548652 0.0078125 0.007033997655334115
0 0.774609375 0.28516998827667056 0.01015625 0.008792497069167644
0 0.423828125 0.28487690504103164 0.01171875 0.008206330597889801
0 0.26640625 0.2813599062133646 0.0015625 0.0011723329425556857
0 0.52578125 0.2825322391559203 0.0046875 0.004689331770222743
0 0.329296875 0.283704572098476 0.01171875 0.007033997655334115
0 0.273046875 0.28341148886283707 0.00859375 0.006447831184056272
0 0.69140625 0.2828253223915592 0.0078125 0.0076201641266119575
0 0.75390625 0.28077373974208675 0.009375 0.008206330597889801
0 0.593359375 0.27989449003517 0.00703125 0.0076201641266119575
0 0.6359375 0.2787221570926143 0.0046875 0.006447831184056272
0 0.3625 0.27960140679953105 0.00625 0.008206330597889801
0 0.45234375 0.2784290738569754 0.0078125 0.008206330597889801
0 0.664453125 0.2772567409144197 0.00546875 0.007033997655334115
0 0.86640625 0.2769636576787808 0.0125 0.008792497069167644
0 0.733203125 0.27637749120750293 0.00703125 0.0076201641266119575
0 0.83203125 0.27637749120750293 0.0109375 0.008792497069167644
0 0.499609375 0.2757913247362251 0.01015625 0.0076201641266119575
0 0.808984375 0.2746189917936694 0.01015625 0.008792497069167644
0 0.384375 0.27403282532239154 0.009375 0.0076201641266119575
0 0.409375 0.2719812426729191 0.0046875 0.004689331770222743
0 0.290234375 0.27403282532239154 0.01171875 0.008792497069167644
0 0.7875 0.2702227432590856 0.0109375 0.008206330597889801
0 0.614453125 0.26817116060961316 0.00390625 0.004103165298944901
0 0.705078125 0.2693434935521688 0.00859375 0.0076201641266119575
0 0.57109375 0.26875732708089095 0.0078125 0.0076201641266119575
0 0.47578125 0.26817116060961316 0.009375 0.0076201641266119575
0 0.313671875 0.26817116060961316 0.01171875 0.0076201641266119575
0 0.43203125 0.26670574443141853 0.0078125 0.007033997655334115
0 0.341796875 0.2672919109026964 0.01015625 0.008206330597889801
0 0.683203125 0.2661195779601407 0.00859375 0.007033997655334115
0 0.766796875 0.2661195779601407 0.00703125 0.008206330597889801
0 0.85 0.26582649472450176 0.0125 0.008792497069167644
0 0.519140625 0.26465416178194606 0.00859375 0.0076201641266119575
0 0.74453125 0.26143024618991795 0.0078125 0.008206330597889801
0 0.6390625 0.2608440797186401 0.0078125 0.007033997655334115
0 0.66328125 0.2593786635404455 0.00625 0.005275498241500586
0 0.592578125 0.2599648300117233 0.00703125 0.0076201641266119575
0 0.55078125 0.2587924970691676 0.00625 0.005275498241500586
0 0.82421875 0.2599648300117233 0.0109375 0.008792497069167644
0 0.368359375 0.2596717467760844 0.00859375 0.008206330597889801
0 0.45546875 0.25908558030480655 0.0078125 0.008206330597889801
0 0.7234375 0.2582063305978898 0.00625 0.008792497069167644
0 0.498046875 0.25791324736225085 0.00703125 0.008206330597889801
0 0.802734375 0.25732708089097306 0.01015625 0.008206330597889801
0 0.391796875 0.2564478311840563 0.00859375 0.0076201641266119575
0 0.1890625 0.25615474794841736 0.009375 0.010550996483001172
0 0.781640625 0.25351699882766704 0.01015625 0.008792497069167644
0 0.701171875 0.25175849941383355 0.00859375 0.0076201641266119575
0 0.339453125 0.24941383352872215 0.00703125 0.004103165298944901
0 0.432421875 0.24941383352872215 0.01015625 0.005275498241500586
0 0.57109375 0.24970691676436108 0.00625 0.007033997655334115
0 0.474609375 0.24941383352872215 0.01015625 0.0076201641266119575
0 0.8453125 0.24648300117233293 0.0078125 0.0029308323563892145
0 0.61171875 0.24824150058616648 0.009375 0.006447831184056272
0 0.762109375 0.24794841735052756 0.00546875 0.007033997655334115
0 0.680078125 0.2485345838218054 0.00703125 0.008206330597889801
0 0.5234375 0.24706916764361078 0.0078125 0.0076201641266119575
0 0.6359375 0.24355216881594371 0.0046875 0.005275498241500586
0 0.737109375 0.2444314185228605 0.00859375 0.008206330597889801
0 0.6578125 0.24150058616647127 0.00625 0.007033997655334115
0 0.86328125 0.2417936694021102 0.0109375 0.008792497069167644
0 0.36015625 0.24150058616647127 0.0109375 0.008206330597889801
0 0.41015625 0.24062133645955452 0.0078125 0.0076201641266119575
0 0.591015625 0.23974208675263775 0.00703125 0.007033997655334115
0 0.4953125 0.2391559202813599 0.009375 0.007033997655334115
0 0.454296875 0.23944900351699883 0.00703125 0.0076201641266119575
0 0.825 0.23944900351699883 0.0125 0.008792497069167644
0 0.8 0.2391559202813599 0.0125 0.008206330597889801
0 0.716015625 0.23856975381008205 0.00859375 0.008206330597889801
0 0.38515625 0.23798358733880423 0.009375 0.008206330597889801
0 0.548046875 0.23681125439624853 0.00546875 0.007033997655334115
0 0.7765625 0.23593200468933176 0.009375 0.008792497069167644
0 0.189453125 0.23593200468933176 0.01328125 0.00996483001172333
0 0.5171875 0.23036342321219228 0.003125 0.0023446658851113715
0 0.569921875 0.2321219226260258 0.00703125 0.007033997655334115
0 0.30078125 0.2321219226260258 0.009375 0.008206330597889801
0 0.844140625 0.23153575615474795 0.01171875 0.008206330597889801
0 0.75625 0.23036342321219228 0.00625 0.007033997655334115
0 0.67421875 0.23036342321219228 0.009375 0.007033997655334115
0 0.4734375 0.23036342321219228 0.0109375 0.007033997655334115
0 0.335546875 0.22919109026963658 0.00390625 0.004689331770222743
0 0.645703125 0.22655334114888628 0.00390625 0.005275498241500586
0 0.428515625 0.22743259085580306 0.00859375 0.008206330597889801
0 0.7359375 0.22538100820633059 0.0046875 0.006447831184056272
0 0.696484375 0.22596717467760843 0.01015625 0.0076201641266119575
0 0.365625 0.223915592028136 0.009375 0.005861664712778429
0 0.8703125 0.22479484173505276 0.0125 0.008792497069167644
0 0.81171875 0.2224501758499414 0.0109375 0.008792497069167644
0 0.594921875 0.22186400937866355 0.00703125 0.0076201641266119575
0 0.53671875 0.22039859320046892 0.00625 0.004689331770222743
0 0.788671875 0.22215709261430247 0.01015625 0.009378663540445486
0 0.4953125 0.22098475967174677 0.00625 0.007033997655334115
0 0.450390625 0.22157092614302462 0.01015625 0.008206330597889801
0 0.390234375 0.22010550996483 0.00859375 0.0076201641266119575
0 0.7671875 0.21658851113716296 0.0109375 0.008792497069167644
0 0.5578125 0.21512309495896834 0.0078125 0.007033997655334115
0 0.47265625 0.21336459554513482 0.0046875 0.0035169988276670576
0 0.85234375 0.21483001172332944 0.0125 0.008792497069167644
0 0.714453125 0.21395076201641267 0.00703125 0.007033997655334115
0 0.6140625 0.2142438452520516 0.009375 0.0076201641266119575
0 0.67734375 0.21277842907385697 0.009375 0.007033997655334115
0 0.51484375 0.2116060961313013 0.00625 0.005861664712778429
0 0.4265625 0.208968347010551 0.00625 0.006447831184056272
0 0.734765625 0.20720984759671746 0.00546875 0.006447831184056272
0 0.5796875 0.20720984759671746 0.0046875 0.006447831184056272
0 0.404296875 0.20369284876905042 0.00546875 0.006447831184056272
0 0.697265625 0.20281359906213364 0.00546875 0.005861664712778429
0 0.49296875 0.2022274325908558 0.0046875 0.004689331770222743
0 0.534375 0.20193434935521687 0.0078125 0.005275498241500586
0 0.75390625 0.2022274325908558 0.009375 0.007033997655334115
0 0.448828125 0.2022274325908558 0.00703125 0.007033997655334115
0 0.823046875 0.19841735052754983 0.00078125 0.0005861664712778429
0 0.600390625 0.20046893317702227 0.00703125 0.007033997655334115
0 0.55859375 0.19724501758499413 0.00625 0.005275498241500586
0 0.3796875 0.19607268464243846 0.0078125 0.005275498241500586
0 0.81953125 0.1954865181711606 0.0046875 0.005275498241500586
0 0.776171875 0.19753810082063306 0.01171875 0.009378663540445486
0 0.719140625 0.1951934349355217 0.00234375 0.004689331770222743
0 0.47109375 0.1943141852286049 0.0046875 0.004103165298944901
0 0.819921875 0.19079718640093787 0.00234375 0.0017584994138335288
0 0.51484375 0.19284876905041032 0.0046875 0.005861664712778429
0 0.740625 0.19021101992966002 0.0046875 0.005275498241500586
0 0.5796875 0.18933177022274325 0.00625 0.007033997655334115
0 0.61328125 0.1846424384525205 0.003125 0.0023446658851113715
0 0.63828125 0.18640093786635403 0.0078125 0.007033997655334115
0 0.759765625 0.1858147713950762 0.00859375 0.007033997655334115
0 0.688671875 0.1855216881594373 0.00859375 0.006447831184056272
0 0.54375 0.18376318874560374 0.003125 0.0029308323563892145
0 0.450390625 0.18112543962485345 0.00078125 0.0011723329425556857
0 0.33359375 0.18347010550996484 0.0078125 0.007033997655334115
0 0.789453125 0.18229777256740914 0.01171875 0.007033997655334115
0 0.70859375 0.17731535756154748 0.009375 0.006447831184056272
0 0.51953125 0.17526377491207504 0.009375 0.005861664712778429
0 0.496484375 0.1746776084407972 0.00859375 0.005861664712778429
0 0.819921875 0.17584994138335286 0.01171875 0.009378663540445486
0 0.59296875 0.17438452520515826 0.00625 0.0076201641266119575
0 0.738671875 0.1720398593200469 0.01015625 0.0076201641266119575
0 0.3953125 0.16998827667057445 0.0046875 0.0035169988276670576
0 0.5578125 0.16998827667057445 0.00625 0.005861664712778429
0 0.844921875 0.16617819460726846 0.00546875 0.006447831184056272
0 0.76015625 0.16705744431418523 0.009375 0.008206330597889801
0 0.42421875 0.16588511137162953 0.0078125 0.005861664712778429
0 0.844921875 0.16148886283704572 0.00234375 0.0017584994138335288
0 0.853125 0.16060961313012895 0.0015625 0.0011723329425556857
0 0.85 0.1597303634232122 0.003125 0.0005861664712778429
0 0.6109375 0.16090269636576787 0.003125 0.005275498241500586
0 0.7171875 0.16090269636576787 0.0078125 0.006447831184056272
0 0.64296875 0.16031652989449002 0.0046875 0.0076201641266119575
0 0.822265625 0.15826494724501758 0.01171875 0.008206330597889801
0 0.664453125 0.15738569753810083 0.00546875 0.006447831184056272
0 0.54453125 0.15533411488862836 0.00625 0.005861664712778429
0 0.78046875 0.15650644783118406 0.0078125 0.009378663540445486
0 0.329296875 0.15504103165298944 0.00859375 0.0076201641266119575
0 0.52109375 0.15357561547479484 0.00625 0.005861664712778429
0 0.8015625 0.15181711606096132 0.0109375 0.009378663540445486
0 0.57734375 0.1488862837045721 0.0078125 0.007033997655334115
0 0.30390625 0.14419695193434937 0.0125 0.008206330597889801
0 0.75390625 0.14155920281359907 0.009375 0.005275498241500586
0 0.68671875 0.1395076201641266 0.0078125 0.008206330597889801
0 0.362890625 0.1365767878077374 0.00703125 0.005861664712778429
0 0.62578125 0.13628370457209849 0.0078125 0.006447831184056272
0 0.32734375 0.1354044548651817 0.0078125 0.004689331770222743
0 0.2796875 0.13569753810082064 0.0046875 0.005275498241500586
0 0.275 0.13276670574443142 0.003125 0.0005861664712778429
0 0.528515625 0.13188745603751464 0.00546875 0.004689331770222743
0 0.66328125 0.1324736225087925 0.0078125 0.007033997655334115
0 0.583203125 0.13042203985932005 0.00546875 0.004103165298944901
0 0.502734375 0.1271981242672919 0.00703125 0.005861664712778429
0 0.222265625 0.11869871043376319 0.01171875 0.011137162954279016
