0 0.397265625 0.8426143024618992 0.01015625 0.008792497069167644
0 0.334375 0.8376318874560376 0.0109375 0.009378663540445486
0 0.460546875 0.8323563892145369 0.00546875 0.008206330597889801
0 0.441796875 0.8223915592028136 0.01015625 0.008206330597889801
0 0.406640625 0.8191676436107854 0.00546875 0.0076201641266119575
0 0.741796875 0.8138921453692849 0.00078125 0.0005861664712778429
0 0.17109375 0.817409144196952 0.0125 0.008792497069167644
0 0.71171875 0.8089097303634232 0.0125 0.009378663540445486
0 0.42734375 0.8071512309495897 0.0109375 0.007033997655334115
0 0.45625 0.8071512309495897 0.0109375 0.008206330597889801
0 0.537109375 0.7945486518171161 0.01015625 0.008792497069167644
0 0.185546875 0.7945486518171161 0.01484375 0.008792497069167644
0 0.13125 0.7916178194607268 0.0125 0.008792497069167644
0 0.439453125 0.7907385697538101 0.00703125 0.008206330597889801
0 0.165234375 0.791031652989449 0.01484375 0.008792497069167644
0 0.41640625 0.7875146541617819 0.009375 0.00996483001172333
0 0.36953125 0.7848769050410317 0.0109375 0.008206330597889801
0 0.453515625 0.7708089097303634 0.01015625 0.008206330597889801
0 0.478125 0.7693434935521688 0.0109375 0.008792497069167644
0 0.289453125 0.7608440797186401 0.01171875 0.009378663540445486
0 0.446875 0.7502930832356389 0.0109375 0.009378663540445486
0 0.17421875 0.75 0.0125 0.008792497069167644
0 0.35859375 0.7488276670574443 0.0109375 0.008792497069167644
0 0.510546875 0.7482415005861665 0.01015625 0.008792497069167644
0 0.59921875 0.7403282532239156 0.0109375 0.008206330597889801
0 0.2546875 0.7391559202813599 0.0125 0.009378663540445486
0 0.487890625 0.7368112543962485 0.01171875 0.009378663540445486
0 0.5703125 0.731242672919109 0.009375 0.0076201641266119575
0 0.4921875 0.7180539273153576 0.0109375 0.008206330597889801
0 0.3578125 0.7171746776084408 0.0109375 0.008792497069167644
0 0.20390625 0.7110199296600235 0.0125 0.008206330597889801
0 0.590625 0.7042790152403282 0.0109375 0.008792497069167644
0 0.4828125 0.69021101992966 0.0109375 0.008792497069167644
0 0.316015625 0.6896248534583822 0.01171875 0.008792497069167644
0 0.570703125 0.6887456037514654 0.01171875 0.009378663540445486
0 0.53671875 0.6852286049237983 0.0109375 0.009378663540445486
0 0.244140625 0.6849355216881594 0.01328125 0.00996483001172333
0 0.215234375 0.682590855803048 0.01328125 0.0076201641266119575
0 0.330078125 0.6749706916764361 0.01171875 0.008792497069167644
0 0.25 0.667936694021102 0.0125 0.008792497069167644
0 0.562109375 0.6673505275498242 0.01171875 0.008792497069167644
0 0.363671875 0.6670574443141852 0.01171875 0.008206330597889801
0 0.5375 0.6655920281359906 0.0109375 0.008792497069167644
0 0.733984375 0.660609613130129 0.01171875 0.009378663540445486
0 0.120703125 0.6579718640093787 0.01328125 0.0076201641266119575
0 0.38828125 0.6573856975381008 0.0125 0.008792497069167644
0 0.86015625 0.6562133645955451 0.0140625 0.00996483001172333
0 0.4703125 0.6521101992966002 0.0109375 0.008792497069167644
0 0.312109375 0.6512309495896834 0.01171875 0.008206330597889801
0 0.522265625 0.6503516998827668 0.01171875 0.008792497069167644
0 0.4125 0.6500586166471278 0.0109375 0.008206330597889801
0 0.190625 0.64947245017585 0.0125 0.008206330597889801
0 0.714453125 0.6465416178194607 0.01171875 0.008206330597889801
0 0.5015625 0.6400937866354045 0.0125 0.008206330597889801
0 0.2078125 0.6359906213364596 0.0125 0.008206330597889801
0 0.67890625 0.6348182883939039 0.0125 0.009378663540445486
0 0.37109375 0.6260257913247362 0.0109375 0.008206330597889801
0 0.317578125 0.6260257913247362 0.01171875 0.008206330597889801
0 0.5625 0.6257327080890973 0.0125 0.008792497069167644
0 0.45390625 0.6254396248534584 0.0109375 0.009378663540445486
0 0.657421875 0.6239742086752638 0.01171875 0.0076201641266119575
0 0.492578125 0.6219226260257913 0.01171875 0.009378663540445486
0 0.53828125 0.6192848769050411 0.0109375 0.008792497069167644
0 0.388671875 0.6090269636576788 0.01171875 0.008206330597889801
0 0.595703125 0.6087338804220399 0.01171875 0.008792497069167644
0 0.462109375 0.6081477139507621 0.01171875 0.008792497069167644
0 0.364453125 0.6081477139507621 0.01015625 0.008792497069167644
0 0.498046875 0.6037514654161782 0.01171875 0.008206330597889801
0 0.441015625 0.5990621336459554 0.01015625 0.008206330597889801
0 0.565625 0.5975967174677609 0.0109375 0.008792497069167644
0 0.331640625 0.5949589683470106 0.01171875 0.008206330597889801
0 0.663671875 0.5940797186400938 0.01171875 0.008792497069167644
0 0.6390625 0.5899765533411488 0.0109375 0.008792497069167644
0 0.688671875 0.5896834701055099 0.01328125 0.009378663540445486
0 0.384375 0.5873388042203986 0.0109375 0.008206330597889801
0 0.4765625 0.5855803048065651 0.0109375 0.008206330597889801
0 0.50078125 0.5849941383352872 0.0109375 0.008206330597889801
0 0.31171875 0.5849941383352872 0.0109375 0.008206330597889801
0 0.35078125 0.5832356389214537 0.0109375 0.008206330597889801
0 0.416015625 0.582063305978898 0.01171875 0.008206330597889801
0 0.4453125 0.5797186400937866 0.0109375 0.008206330597889801
0 0.59375 0.5694607268464243 0.0109375 0.008792497069167644
0 0.5625 0.5679953106682297 0.0109375 0.008206330597889801
0 0.23671875 0.5650644783118406 0.0125 0.008206330597889801
0 0.484375 0.5638921453692849 0.0109375 0.008206330597889801
0 0.18203125 0.5615474794841735 0.0125 0.008206330597889801
0 0.263671875 0.5580304806565064 0.01484375 0.008206330597889801
0 0.28515625 0.5568581477139508 0.0125 0.008206330597889801
0 0.62265625 0.5565650644783119 0.0125 0.008792497069167644
0 0.69921875 0.5550996483001173 0.0125 0.009378663540445486
0 0.351171875 0.5545134818288394 0.01171875 0.008206330597889801
0 0.58125 0.5524618991793669 0.0109375 0.008792497069167644
0 0.65546875 0.5509964830011723 0.0125 0.009378663540445486
0 0.55 0.5480656506447831 0.0109375 0.008206330597889801
0 0.42578125 0.5468933177022274 0.0109375 0.008206330597889801
0 0.499609375 0.5433763188745604 0.01171875 0.008206330597889801
0 0.45625 0.5357561547479485 0.0125 0.008206330597889801
0 0.6671875 0.5345838218053928 0.0125 0.008206330597889801
0 0.371484375 0.5339976553341149 0.01171875 0.008206330597889801
0 0.5796875 0.5307737397420867 0.0109375 0.008792497069167644
0 0.434375 0.5301875732708089 0.0125 0.0076201641266119575
0 0.5453125 0.5284290738569754 0.0109375 0.008792497069167644
0 0.641796875 0.5281359906213364 0.01171875 0.009378663540445486
0 0.24140625 0.5263774912075029 0.0140625 0.008206330597889801
0 0.7 0.5243259085580305 0.0125 0.008792497069167644
0 0.389453125 0.5216881594372802 0.01171875 0.008206330597889801
0 0.6078125 0.518464243845252 0.0125 0.008792497069167644
0 0.261328125 0.5181711606096131 0.01328125 0.008206330597889801
0 0.355078125 0.5178780773739742 0.01171875 0.008792497069167644
0 0.417578125 0.5169988276670574 0.01171875 0.008206330597889801
0 0.648046875 0.5105509964830012 0.01171875 0.008206330597889801
0 0.5453125 0.5099648300117233 0.0109375 0.008206330597889801
0 0.11328125 0.5055685814771395 0.0078125 0.0017584994138335288
0 0.2078125 0.5079132473622509 0.0125 0.0076201641266119575
0 0.107421875 0.5043962485345839 0.00234375 0.0017584994138335288
0 0.509375 0.5061547479484173 0.0109375 0.008792497069167644
0 0.2828125 0.5058616647127784 0.0109375 0.008206330597889801
0 0.5859375 0.5055685814771395 0.0109375 0.008792497069167644
0 0.369140625 0.5032239155920282 0.01171875 0.0076201641266119575
0 0.630859375 0.49648300117233296 0.01171875 0.008206330597889801
0 0.690625 0.4944314185228605 0.0125 0.008792497069167644
0 0.346484375 0.49384525205158264 0.01171875 0.008792497069167644
0 0.1578125 0.4917936694021102 0.0125 0.009378663540445486
0 0.543359375 0.48827667057444313 0.01171875 0.008206330597889801
0 0.607421875 0.48681125439624856 0.01171875 0.008792497069167644
0 0.5828125 0.48651817116060964 0.0109375 0.008206330597889801
0 0.76484375 0.48534583821805394 0.0125 0.009378663540445486
0 0.73046875 0.4803634232121923 0.0125 0.008792497069167644
0 0.673828125 0.4797772567409144 0.01171875 0.008792497069167644
0 0.323828125 0.4768464243845252 0.01328125 0.0076201641266119575
0 0.633984375 0.4768464243845252 0.01171875 0.008792497069167644
0 0.3453125 0.4765533411488863 0.0125 0.008206330597889801
0 0.480078125 0.47596717467760846 0.01171875 0.008206330597889801
0 0.527734375 0.47450175849941384 0.01171875 0.008792497069167644
0 0.154296875 0.47450175849941384 0.01171875 0.008792497069167644
0 0.564453125 0.473915592028136 0.01171875 0.008792497069167644
0 0.128125 0.47362250879249707 0.0140625 0.008206330597889801
0 0.503125 0.4730363423212192 0.0125 0.008206330597889801
0 0.19296875 0.46600234466588514 0.0125 0.008206330597889801
0 0.6140625 0.4654161781946073 0.0125 0.008206330597889801
0 0.38984375 0.4633645955451348 0.0109375 0.0076201641266119575
0 0.719140625 0.4633645955451348 0.01171875 0.008792497069167644
0 0.58984375 0.46248534583821804 0.0109375 0.009378663540445486
0 0.240234375 0.4618991793669402 0.01328125 0.008206330597889801
0 0.541015625 0.45838218053927315 0.01171875 0.009378663540445486
0 0.283984375 0.45808909730363423 0.01328125 0.008792497069167644
0 0.2625 0.4575029308323564 0.0140625 0.008792497069167644
0 0.641796875 0.45691676436107853 0.01171875 0.008792497069167644
0 0.34453125 0.45603751465416176 0.0109375 0.008206330597889801
0 0.514453125 0.4545720984759672 0.01171875 0.008792497069167644
0 0.316015625 0.447831184056272 0.01171875 0.008206330597889801
0 0.1359375 0.44724501758499413 0.0125 0.008206330597889801
0 0.70703125 0.44636576787807736 0.0125 0.008792497069167644
0 0.598046875 0.4454865181711606 0.01171875 0.008206330597889801
0 0.495703125 0.44314185228604924 0.01171875 0.008206330597889801
0 0.16640625 0.4425556858147714 0.0125 0.008206330597889801
0 0.472265625 0.4416764361078546 0.01171875 0.008792497069167644
0 0.28046875 0.44109026963657677 0.0109375 0.008792497069167644
0 0.543359375 0.43991793669402113 0.01171875 0.008792497069167644
0 0.682421875 0.4396248534583822 0.01328125 0.009378663540445486
0 0.33671875 0.4393317702227433 0.0109375 0.008792497069167644
0 0.621484375 0.4369871043376319 0.01171875 0.008792497069167644
0 0.519140625 0.4358147713950762 0.01171875 0.008792497069167644
0 0.65859375 0.43347010550996484 0.0125 0.008792497069167644
0 0.425390625 0.4320046893317702 0.01171875 0.008206330597889801
0 0.86328125 0.43229777256740914 0.0140625 0.00996483001172333
0 0.454296875 0.4296600234466589 0.01171875 0.008206330597889801
0 0.560546875 0.4261430246189918 0.01171875 0.009378663540445486
0 0.483984375 0.42555685814771393 0.01171875 0.008206330597889801
0 0.701171875 0.42555685814771393 0.01328125 0.009378663540445486
0 0.604296875 0.42379835873388044 0.01171875 0.009378663540445486
0 0.733984375 0.42291910902696367 0.01328125 0.008792497069167644
0 0.6375 0.4223329425556858 0.0125 0.008792497069167644
0 0.252734375 0.4208675263774912 0.01171875 0.008206330597889801
0 0.842578125 0.42057444314185227 0.01328125 0.00996483001172333
0 0.342578125 0.41090269636576787 0.01015625 0.008206330597889801
0 0.53515625 0.4100234466588511 0.0125 0.008792497069167644
0 0.86328125 0.40855803048065653 0.0140625 0.009378663540445486
0 0.671484375 0.4079718640093787 0.01328125 0.009378663540445486
0 0.620703125 0.4079718640093787 0.01171875 0.009378663540445486
0 0.558984375 0.4079718640093787 0.01171875 0.009378663540445486
0 0.50703125 0.40767878077373976 0.0109375 0.008792497069167644
0 0.696484375 0.406799531066823 0.01328125 0.009378663540445486
0 0.4421875 0.40240328253223917 0.0109375 0.008792497069167644
0 0.590234375 0.40093786635404455 0.01171875 0.008206330597889801
0 0.653125 0.3921453692848769 0.0125 0.009378663540445486
0 0.71484375 0.39155920281359907 0.0125 0.009378663540445486
0 0.569140625 0.3909730363423212 0.01171875 0.009378663540445486
0 0.38515625 0.388042203985932 0.0109375 0.008206330597889801
0 0.1515625 0.38686987104337633 0.0109375 0.009378663540445486
0 0.67734375 0.38569753810082064 0.0125 0.009378663540445486
0 0.63203125 0.3801289566236811 0.0109375 0.008792497069167644
0 0.805859375 0.37749120750293086 0.01328125 0.009378663540445486
0 0.530859375 0.3754396248534584 0.01171875 0.008792497069167644
0 0.781640625 0.3716295427901524 0.01328125 0.009378663540445486
0 0.229296875 0.3686987104337632 0.01171875 0.008206330597889801
0 0.57734375 0.36840562719812425 0.0125 0.008792497069167644
0 0.663671875 0.3669402110199297 0.01171875 0.009378663540445486
0 0.55390625 0.36518171160609614 0.0125 0.008206330597889801
0 0.6890625 0.36518171160609614 0.0125 0.009378663540445486
0 0.6390625 0.3622508792497069 0.0125 0.009378663540445486
0 0.615625 0.3596131301289566 0.0125 0.008792497069167644
0 0.31171875 0.3593200468933177 0.0109375 0.008206330597889801
0 0.725 0.35316529894490034 0.0125 0.008792497069167644
0 0.5359375 0.3528722157092614 0.0109375 0.009378663540445486
0 0.70078125 0.3484759671746776 0.0125 0.00996483001172333
0 0.660546875 0.34759671746776083 0.01171875 0.009378663540445486
0 0.63125 0.3388042203985932 0.0125 0.009378663540445486
0 0.68125 0.335873388042204 0.0125 0.009378663540445486
0 0.567578125 0.3355803048065651 0.01171875 0.008792497069167644
0 0.61015625 0.3264947245017585 0.0125 0.009378663540445486
0 0.2234375 0.32415005861664714 0.0125 0.010550996483001172
0 0.6484375 0.31975381008206333 0.0125 0.00996483001172333
0 0.73359375 0.31858147713950763 0.0125 0.00996483001172333
0 0.70234375 0.31740914419695193 0.0125 0.008792497069167644
0 0.3234375 0.3150644783118406 0.0109375 0.00996483001172333
0 0.672265625 0.31359906213364597 0.01328125 0.009378663540445486
0 0.42578125 0.3127198124267292 0.0109375 0.008792497069167644
0 0.103125 0.31125439624853457 0.0109375 0.009378663540445486
0 0.556640625 0.30920281359906215 0.01171875 0.00996483001172333
0 0.22265625 0.30773739742086753 0.0125 0.010550996483001172
0 0.653125 0.30158264947245017 0.0125 0.00996483001172333
0 0.694921875 0.29689331770222743 0.01328125 0.00996483001172333
0 0.68046875 0.2828253223915592 0.0125 0.008792497069167644
0 0.709375 0.27960140679953105 0.0125 0.009378663540445486
0 0.86640625 0.2781359906213365 0.0140625 0.00996483001172333
0 0.233203125 0.2854630715123095 0.02265625 0.0246189917936694
0 0.36015625 0.2737397420867526 0.0125 0.010550996483001172
0 0.803515625 0.2693434935521688 0.01328125 0.00996483001172333
0 0.5921875 0.2696365767878077 0.0125 0.010550996483001172
0 0.894921875 0.26348182883939036 0.01328125 0.00996483001172333
0 0.620703125 0.26348182883939036 0.01171875 0.00996483001172333
0 0.156640625 0.25351699882766704 0.01171875 0.00996483001172333
0 0.112890625 0.2508792497069168 0.01171875 0.009378663540445486
0 0.23203125 0.25175849941383355 0.034375 0.013481828839390387
0 0.6390625 0.246189917936694 0.0125 0.010550996483001172
0 0.624609375 0.23241500586166472 0.01171875 0.00996483001172333
0 0.183984375 0.22655334114888628 0.01328125 0.00996483001172333
0 0.56171875 0.22596717467760843 0.0109375 0.011137162954279016
0 0.644140625 0.22157092614302462 0.01328125 0.010550996483001172
0 0.887890625 0.21365767878077374 0.01328125 0.00996483001172333
0 0.66875 0.2130715123094959 0.0125 0.011137162954279016
0 0.520703125 0.20867526377491208 0.01171875 0.011723329425556858
0 0.441015625 0.20310668229777257 0.01171875 0.004103165298944901
0 0.548046875 0.20545134818288394 0.01171875 0.011137162954279016
0 0.653515625 0.19988276670574442 0.01328125 0.010550996483001172
0 0.3984375 0.19636576787807739 0.0125 0.011723329425556858
0 0.506640625 0.19460726846424384 0.01171875 0.011723329425556858
0 0.68515625 0.1899179366940211 0.0125 0.010550996483001172
0 0.58828125 0.18259085580304807 0.0125 0.005275498241500586
0 0.27890625 0.18229777256740914 0.0125 0.010550996483001172
0 0.54765625 0.18141852286049237 0.0125 0.011137162954279016
0 0.76640625 0.17995310668229778 0.0125 0.010550996483001172
0 0.659765625 0.17672919109026963 0.01171875 0.008792497069167644
0 0.29765625 0.17291910902696367 0.0125 0.010550996483001172
0 0.515625 0.16647127784290738 0.0140625 0.008206330597889801
0 0.2546875 0.16441969519343494 0.0125 0.0123094958968347
0 0.49921875 0.16090269636576787 0.0125 0.0076201641266119575
0 0.6 0.15650644783118406 0.0109375 0.011723329425556858
0 0.228515625 0.15357561547479484 0.01328125 0.008206330597889801
0 0.283203125 0.15005861664712777 0.01171875 0.008206330597889801
0 0.248046875 0.14830011723329425 0.00546875 0.007033997655334115
0 0.8296875 0.1447831184056272 0.0140625 0.010550996483001172
0 0.536328125 0.14126611957796015 0.01171875 0.008206330597889801
0 0.75859375 0.13862837045720985 0.0125 0.011137162954279016
0 0.60859375 0.1336459554513482 0.0125 0.007033997655334115
0 0.6546875 0.13305978898007034 0.0125 0.010550996483001172
0 0.311328125 0.13188745603751464 0.01171875 0.010550996483001172
0 0.861328125 0.13159437280187572 0.01328125 0.011137162954279016
0 0.549609375 0.1254396248534584 0.01171875 0.008206330597889801
0 0.352734375 0.12514654161781946 0.01171875 0.011137162954279016
0 0.28671875 0.10638921453692848 0.009375 0.006447831184056272
0 0.231640625 0.111957796014068 0.04609375 0.02813599062133646
0 0.254296875 0.09759671746776084 0.00546875 0.0029308323563892145
