0 0.158984375 0.9173505275498242 0.01171875 0.007033997655334115
0 0.70859375 0.8490621336459554 0.0015625 0.0017584994138335288
0 0.709765625 0.847303634232122 0.00078125 0.0005861664712778429
0 0.59765625 0.828253223915592 0.0109375 0.004689331770222743
0 0.54765625 0.7517584994138335 0.0109375 0.006447831184056272
0 0.794140625 0.7324150058616647 0.00078125 0.0005861664712778429
0 0.167578125 0.6650058616647128 0.01484375 0.00996483001172333
0 0.687109375 0.652696365767878 0.01171875 0.008792497069167644
0 0.199609375 0.6392145369284877 0.00390625 0.005275498241500586
0 0.510546875 0.6239742086752638 0.01171875 0.008792497069167644
0 0.646875 0.6172332942555686 0.0109375 0.008206330597889801
0 0.67734375 0.6163540445486518 0.0125 0.008792497069167644
0 0.526953125 0.6028722157092614 0.01171875 0.008792497069167644
0 0.666796875 0.6008206330597889 0.01171875 0.008206330597889801
0 0.641796875 0.5981828839390387 0.01171875 0.008792497069167644
0 0.883203125 0.5316529894490035 0.00703125 0.0035169988276670576
0 0.6390625 0.5316529894490035 0.0109375 0.0035169988276670576
0 0.875 0.5269636576787807 0.0015625 0.0011723329425556857
0 0.4 0.5304806565064478 0.0125 0.009378663540445486
0 0.628125 0.5158264947245017 0.0109375 0.008206330597889801
0 0.87578125 0.511430246189918 0.0125 0.0076201641266119575
0 0.770703125 0.47479484173505276 0.01171875 0.005861664712778429
0 0.541796875 0.4633645955451348 0.01171875 0.005275498241500586
0 0.652734375 0.4264361078546307 0.01171875 0.008792497069167644
0 0.269921875 0.4079718640093787 0.01484375 0.010550996483001172
0 0.78671875 0.40211019929660025 0.0078125 0.007033997655334115
0 0.775 0.3824736225087925 0.0046875 0.0076201641266119575
0 0.546484375 0.37807737397420865 0.01171875 0.009378663540445486
0 0.637109375 0.3601992966002345 0.01171875 0.008792497069167644
0 0.396484375 0.3537514654161782 0.01171875 0.00996483001172333
0 0.638671875 0.3420281359906213 0.01171875 0.008792497069167644
0 0.59609375 0.27754982415005863 0.00625 0.0076201641266119575
0 0.855859375 0.2693434935521688 0.01328125 0.008792497069167644
0 0.62890625 0.26670574443141853 0.0109375 0.009378663540445486
0 0.719921875 0.2543962485345838 0.01171875 0.009378663540445486
0 0.641796875 0.2511723329425557 0.01015625 0.008792497069167644
0 0.483984375 0.24062133645955452 0.01328125 0.00996483001172333
0 0.72890625 0.12690504103165298 0.0125 0.008792497069167644
0 0.4203125 0.10990621336459555 0.0125 0.011137162954279016
0 0.49453125 0.08968347010550996 0.0125 0.010550996483001172
