0 0.22109375 0.9314185228604924 0.0015625 0.0011723329425556857
0 0.496875 0.9161781946072685 0.0078125 0.004689331770222743
0 0.421484375 0.910609613130129 0.00546875 0.004103165298944901
0 0.580078125 0.9000586166471278 0.00703125 0.0029308323563892145
0 0.509765625 0.8988862837045721 0.00703125 0.005275498241500586
0 0.627734375 0.8947831184056272 0.00859375 0.0076201641266119575
0 0.29765625 0.8927315357561547 0.009375 0.005861664712778429
0 0.730078125 0.8886283704572099 0.00859375 0.009378663540445486
0 0.276171875 0.8810082063305978 0.00546875 0.0035169988276670576
0 0.666796875 0.8815943728018757 0.00546875 0.005861664712778429
0 0.582421875 0.8813012895662368 0.00703125 0.006447831184056272
0 0.694921875 0.8745603751465416 0.00703125 0.008206330597889801
0 0.480078125 0.8725087924970691 0.00390625 0.006447831184056272
0 0.384375 0.8666471277842908 0.003125 0.0029308323563892145
0 0.306640625 0.8634232121922626 0.00546875 0.005861664712778429
0 0.426953125 0.8581477139507621 0.00859375 0.004689331770222743
0 0.62109375 0.858440797186401 0.009375 0.008792497069167644
0 0.502734375 0.854630715123095 0.01171875 0.010550996483001172
0 0.64921875 0.8484759671746777 0.003125 0.004103165298944901
0 0.647265625 0.8455451348182884 0.00078125 0.0005861664712778429
0 0.69296875 0.8475967174677609 0.00625 0.009378663540445486
0 0.6453125 0.843200468933177 0.003125 0.0029308323563892145
0 0.367578125 0.8414419695193435 0.00390625 0.004103165298944901
0 0.4671875 0.8420281359906213 0.0078125 0.0076201641266119575
0 0.562109375 0.8423212192262602 0.01171875 0.010550996483001172
0 0.306640625 0.8355803048065651 0.00078125 0.0005861664712778429
0 0.301953125 0.8332356389214537 0.00078125 0.0005861664712778429
0 0.326953125 0.8308909730363423 0.00078125 0.0005861664712778429
0 0.732421875 0.8291324736225087 0.00859375 0.0076201641266119575
0 0.36171875 0.8212192262602579 0.0046875 0.005861664712778429
0 0.515234375 0.8182883939038686 0.01171875 0.010550996483001172
0 0.706640625 0.8171160609613131 0.00859375 0.009378663540445486
0 0.330078125 0.813599062133646 0.00234375 0.0023446658851113715
0 0.202734375 0.8168229777256741 0.01328125 0.008792497069167644
0 0.748046875 0.8141852286049238 0.00859375 0.007033997655334115
0 0.72890625 0.8106682297772567 0.0015625 0.0011723329425556857
0 0.268359375 0.8124267291910903 0.00703125 0.007033997655334115
0 0.4140625 0.8089097303634232 0.009375 0.005861664712778429
0 0.29296875 0.8071512309495897 0.00625 0.004689331770222743
0 0.240234375 0.8086166471277842 0.00859375 0.0076201641266119575
0 0.38203125 0.8080304806565064 0.0078125 0.0076201641266119575
0 0.672265625 0.8080304806565064 0.00859375 0.008792497069167644
0 0.586328125 0.8077373974208675 0.00859375 0.010550996483001172
0 0.460546875 0.8001172332942555 0.00234375 0.0023446658851113715
0 0.745703125 0.7960140679953107 0.00546875 0.0035169988276670576
0 0.35234375 0.7977725674091442 0.009375 0.007033997655334115
0 0.5171875 0.7960140679953107 0.009375 0.007033997655334115
0 0.56875 0.7963071512309496 0.0109375 0.00996483001172333
0 0.68828125 0.7945486518171161 0.0078125 0.0076201641266119575
0 0.311328125 0.7916178194607268 0.00546875 0.005275498241500586
0 0.422265625 0.7901524032825322 0.00703125 0.007033997655334115
0 0.28828125 0.7898593200468933 0.0078125 0.006447831184056272
0 0.235546875 0.7857561547479485 0.00078125 0.0005861664712778429
0 0.541015625 0.7851699882766706 0.00078125 0.0005861664712778429
0 0.619921875 0.7892731535756154 0.00859375 0.00996483001172333
0 0.333984375 0.783704572098476 0.00546875 0.005861664712778429
0 0.67109375 0.7842907385697538 0.0078125 0.009378663540445486
0 0.151953125 0.77989449003517 0.00546875 0.004103165298944901
0 0.7671875 0.7816529894490035 0.0109375 0.008792497069167644
0 0.441796875 0.7778429073856975 0.01015625 0.007033997655334115
0 0.397265625 0.7778429073856975 0.00703125 0.007033997655334115
0 0.255859375 0.7740328253223916 0.00078125 0.0005861664712778429
0 0.743359375 0.7769636576787807 0.00703125 0.008792497069167644
0 0.362890625 0.7743259085580305 0.00703125 0.0035169988276670576
0 0.21640625 0.7749120750293084 0.0046875 0.007033997655334115
0 0.866796875 0.7754982415005862 0.00859375 0.009378663540445486
0 0.8109375 0.7740328253223916 0.0125 0.00996483001172333
0 0.28125 0.7713950762016413 0.00625 0.004689331770222743
0 0.69140625 0.7711019929660023 0.0078125 0.008792497069167644
0 0.3375 0.7664126611957796 0.0015625 0.0005861664712778429
0 0.3140625 0.7634818288393904 0.00625 0.005275498241500586
0 0.784765625 0.7643610785463072 0.01328125 0.008206330597889801
0 0.566796875 0.761430246189918 0.01171875 0.010550996483001172
0 0.26796875 0.7564478311840562 0.0078125 0.004103165298944901
0 0.7515625 0.7579132473622509 0.0125 0.009378663540445486
0 0.679296875 0.7555685814771395 0.00703125 0.004689331770222743
0 0.3671875 0.7555685814771395 0.009375 0.007033997655334115
0 0.722265625 0.7517584994138335 0.01015625 0.006447831184056272
0 0.348046875 0.7464830011723329 0.00078125 0.0005861664712778429
0 0.663671875 0.7441383352872216 0.00078125 0.0005861664712778429
0 0.7 0.7470691676436108 0.009375 0.00996483001172333
0 0.319921875 0.7444314185228605 0.01015625 0.004689331770222743
0 0.786328125 0.7458968347010551 0.01171875 0.008792497069167644
0 0.6578125 0.7420867526377491 0.0109375 0.004689331770222743
0 0.24921875 0.7406213364595545 0.009375 0.006447831184056272
0 0.275390625 0.7379835873388042 0.00703125 0.005861664712778429
0 0.86875 0.7368112543962485 0.0125 0.009378663540445486
0 0.7234375 0.7330011723329426 0.0078125 0.008792497069167644
0 0.300390625 0.7309495896834701 0.00859375 0.005861664712778429
0 0.35234375 0.7271395076201641 0.003125 0.0029308323563892145
0 0.819921875 0.727432590855803 0.01328125 0.009378663540445486
0 0.451171875 0.7265533411488863 0.01171875 0.0076201641266119575
0 0.32578125 0.7256740914419695 0.009375 0.005861664712778429
0 0.26171875 0.7242086752637749 0.0078125 0.006447831184056272
0 0.8015625 0.7160023446658851 0.0125 0.0076201641266119575
0 0.285546875 0.7157092614302462 0.01015625 0.007033997655334115
0 0.853515625 0.712778429073857 0.00703125 0.005861664712778429
0 0.2328125 0.713071512309496 0.0109375 0.006447831184056272
0 0.342578125 0.7107268464243846 0.01171875 0.006447831184056272
0 0.30859375 0.708968347010551 0.0046875 0.004103165298944901
0 0.164453125 0.7069167643610785 0.01328125 0.007033997655334115
0 0.8296875 0.7036928487690504 0.00625 0.004103165298944901
0 0.740234375 0.7063305978898007 0.01171875 0.009378663540445486
0 0.256640625 0.7031066822977726 0.01015625 0.005275498241500586
0 0.205859375 0.7039859320046893 0.01171875 0.007033997655334115
0 0.578125 0.7013481828839391 0.00625 0.005275498241500586
0 0.76875 0.6987104337631888 0.0125 0.007033997655334115
0 0.804296875 0.6981242672919109 0.00859375 0.008206330597889801
0 0.659375 0.6981242672919109 0.0109375 0.009378663540445486
0 0.402734375 0.6966588511137163 0.01015625 0.0076201641266119575
0 0.330859375 0.6951934349355217 0.00859375 0.005861664712778429
0 0.378515625 0.6925556858147714 0.00390625 0.004103165298944901
0 0.284765625 0.6934349355216881 0.01171875 0.005861664712778429
0 0.84765625 0.6916764361078547 0.0078125 0.007033997655334115
0 0.187109375 0.6907971864009379 0.01171875 0.006447831184056272
0 0.558984375 0.690504103165299 0.01015625 0.007033997655334115
0 0.35390625 0.69021101992966 0.0109375 0.006447831184056272
0 0.5359375 0.6890386869871044 0.0046875 0.005275498241500586
0 0.237890625 0.6899179366940211 0.01015625 0.007033997655334115
0 0.3125 0.6852286049237983 0.00625 0.0035169988276670576
0 0.59453125 0.6852286049237983 0.0109375 0.007033997655334115
0 0.26328125 0.6846424384525205 0.0109375 0.007033997655334115
0 0.789453125 0.6846424384525205 0.01015625 0.008206330597889801
0 0.762109375 0.6820046893317703 0.00390625 0.004103165298944901
0 0.82734375 0.6822977725674091 0.0125 0.008206330597889801
0 0.414453125 0.679073856975381 0.01015625 0.006447831184056272
0 0.573828125 0.6770222743259086 0.01171875 0.007033997655334115
0 0.637890625 0.6761430246189918 0.00703125 0.006447831184056272
0 0.21953125 0.6764361078546307 0.0109375 0.007033997655334115
0 0.333984375 0.6755568581477139 0.01171875 0.006447831184056272
0 0.287890625 0.675263774912075 0.01171875 0.007033997655334115
0 0.372265625 0.6740914419695193 0.01171875 0.007033997655334115
0 0.867578125 0.6720398593200468 0.00859375 0.008792497069167644
0 0.80390625 0.6714536928487691 0.009375 0.0076201641266119575
0 0.776953125 0.6708675263774913 0.00859375 0.0076201641266119575
0 0.189453125 0.6676436107854631 0.01328125 0.007033997655334115
0 0.310546875 0.6658851113716295 0.01171875 0.007033997655334115
0 0.265234375 0.6644196951934349 0.01171875 0.005275498241500586
0 0.23984375 0.6638335287221571 0.0109375 0.006447831184056272
0 0.6515625 0.6635404454865181 0.0109375 0.007033997655334115
0 0.823046875 0.6632473622508792 0.01171875 0.008792497069167644
0 0.354296875 0.6609026963657679 0.01015625 0.006447831184056272
0 0.39921875 0.6585580304806565 0.009375 0.005275498241500586
0 0.74453125 0.6588511137162955 0.0078125 0.007033997655334115
0 0.5609375 0.6588511137162955 0.0109375 0.008206330597889801
0 0.166796875 0.6576787807737398 0.01171875 0.008206330597889801
0 0.291015625 0.6553341148886284 0.01171875 0.007033997655334115
0 0.331640625 0.6547479484173505 0.01328125 0.007033997655334115
0 0.766796875 0.6550410316529894 0.01015625 0.008792497069167644
0 0.797265625 0.6541617819460727 0.01015625 0.008206330597889801
0 0.467578125 0.6518171160609613 0.01171875 0.005861664712778429
0 0.8875 0.6515240328253223 0.00625 0.006447831184056272
0 0.378125 0.6480070339976554 0.0125 0.006447831184056272
0 0.228125 0.6471277842907386 0.0109375 0.005861664712778429
0 0.689453125 0.6465416178194607 0.01171875 0.007033997655334115
0 0.269140625 0.645662368112544 0.01171875 0.006447831184056272
0 0.3109375 0.6444900351699883 0.0109375 0.0076201641266119575
0 0.866015625 0.6424384525205158 0.01015625 0.009378663540445486
0 0.736328125 0.6398007033997656 0.00703125 0.005275498241500586
0 0.401953125 0.6403868698710434 0.01171875 0.006447831184056272
0 0.35546875 0.6409730363423212 0.0125 0.0076201641266119575
0 0.651953125 0.6398007033997656 0.01171875 0.008792497069167644
0 0.821875 0.6368698710433763 0.0109375 0.008792497069167644
0 0.2484375 0.6354044548651817 0.0109375 0.005861664712778429
0 0.58515625 0.6356975381008206 0.0125 0.0076201641266119575
0 0.3328125 0.6345252051582649 0.0125 0.006447831184056272
0 0.2890625 0.6345252051582649 0.0125 0.006447831184056272
0 0.198046875 0.6333528722157092 0.00546875 0.004103165298944901
0 0.448828125 0.6330597889800703 0.01171875 0.005861664712778429
0 0.846484375 0.6330597889800703 0.00859375 0.008206330597889801
0 0.223046875 0.6286635404454866 0.00859375 0.006447831184056272
0 0.3703125 0.6263188745603752 0.0125 0.005275498241500586
0 0.774609375 0.623094958968347 0.01171875 0.008206330597889801
0 0.886328125 0.6228018757327081 0.00859375 0.008792497069167644
0 0.602734375 0.6225087924970691 0.01171875 0.008206330597889801
0 0.26796875 0.6219226260257913 0.0125 0.007033997655334115
0 0.346875 0.6184056271981243 0.0109375 0.005861664712778429
0 0.322265625 0.6178194607268465 0.01171875 0.007033997655334115
0 0.243359375 0.6163540445486518 0.00703125 0.004103165298944901
0 0.145703125 0.6178194607268465 0.01328125 0.007033997655334115
0 0.440625 0.6166471277842908 0.0125 0.005861664712778429
0 0.297265625 0.6163540445486518 0.01171875 0.006447831184056272
0 0.853515625 0.6099062133645955 0.01171875 0.008792497069167644
0 0.41875 0.6093200468933178 0.0125 0.0076201641266119575
0 0.3671875 0.6087338804220399 0.0125 0.006447831184056272
0 0.780078125 0.604337631887456 0.00859375 0.005861664712778429
0 0.277734375 0.6034583821805393 0.01328125 0.006447831184056272
0 0.225390625 0.6028722157092614 0.00703125 0.005275498241500586
0 0.6359375 0.6014067995310668 0.0109375 0.008206330597889801
0 0.83671875 0.5996483001172332 0.0078125 0.007033997655334115
0 0.250390625 0.5987690504103166 0.01171875 0.006447831184056272
0 0.4453125 0.5990621336459554 0.0125 0.008206330597889801
0 0.201171875 0.597010550996483 0.01171875 0.005275498241500586
0 0.176171875 0.5981828839390387 0.01328125 0.0076201641266119575
0 0.3109375 0.5955451348182884 0.0125 0.007033997655334115
0 0.365625 0.5899765533411488 0.0125 0.006447831184056272
0 0.854296875 0.5870457209847597 0.00546875 0.005275498241500586
0 0.270703125 0.5861664712778429 0.01171875 0.005861664712778429
0 0.2234375 0.5829425556858148 0.00625 0.005275498241500586
0 0.698046875 0.5779601406799532 0.01171875 0.007033997655334115
0 0.1984375 0.5773739742086753 0.0109375 0.005861664712778429
0 0.24765625 0.5770808909730364 0.0125 0.006447831184056272
0 0.869921875 0.5764947245017585 0.00859375 0.008792497069167644
0 0.16328125 0.5753223915592028 0.0125 0.006447831184056272
0 0.836328125 0.5756154747948418 0.01015625 0.008206330597889801
0 0.41328125 0.5741500586166471 0.0125 0.006447831184056272
0 0.266796875 0.5688745603751465 0.00234375 0.0017584994138335288
0 0.276953125 0.5688745603751465 0.00390625 0.0029308323563892145
0 0.89140625 0.5679953106682297 0.00625 0.005861664712778429
0 0.523828125 0.5682883939038686 0.01171875 0.0076201641266119575
0 0.759765625 0.5641852286049238 0.01015625 0.006447831184056272
0 0.31015625 0.5650644783118406 0.0125 0.009378663540445486
0 0.797265625 0.5624267291910903 0.00703125 0.006447831184056272
0 0.184375 0.5618405627198124 0.0109375 0.006447831184056272
0 0.81953125 0.5600820633059789 0.0078125 0.0076201641266119575
0 0.23828125 0.5568581477139508 0.0109375 0.005861664712778429
0 0.363671875 0.5550996483001173 0.01171875 0.007033997655334115
0 0.33515625 0.5527549824150059 0.0046875 0.004689331770222743
0 0.155859375 0.5509964830011723 0.01328125 0.005861664712778429
0 0.408203125 0.5509964830011723 0.01171875 0.007033997655334115
0 0.28359375 0.5507033997655334 0.0125 0.006447831184056272
0 0.837890625 0.5454279015240329 0.00546875 0.004103165298944901
0 0.260546875 0.544841735052755 0.00703125 0.005275498241500586
0 0.194140625 0.5439624853458382 0.01171875 0.005861664712778429
0 0.3828125 0.5430832356389215 0.0125 0.006447831184056272
0 0.79609375 0.5424970691676436 0.009375 0.0076201641266119575
0 0.223046875 0.5416178194607268 0.01015625 0.005861664712778429
0 0.337109375 0.5345838218053928 0.01171875 0.005861664712778429
0 0.462109375 0.5345838218053928 0.01171875 0.007033997655334115
0 0.730859375 0.5319460726846424 0.00546875 0.005275498241500586
0 0.29921875 0.5313599062133646 0.0125 0.006447831184056272
0 0.846875 0.5310668229777257 0.009375 0.007033997655334115
0 0.4234375 0.5278429073856975 0.0046875 0.0029308323563892145
0 0.2734375 0.529601406799531 0.0125 0.006447831184056272
0 0.157421875 0.5293083235638921 0.01015625 0.005861664712778429
0 0.241015625 0.5281359906213364 0.01171875 0.005861664712778429
0 0.208984375 0.5263774912075029 0.00859375 0.005861664712778429
0 0.18125 0.5190504103165299 0.0078125 0.005275498241500586
0 0.471875 0.5172919109026963 0.009375 0.005275498241500586
0 0.1375 0.515240328253224 0.0078125 0.004689331770222743
0 0.858984375 0.5158264947245017 0.01015625 0.008206330597889801
0 0.753515625 0.514947245017585 0.01015625 0.006447831184056272
0 0.626953125 0.515240328253224 0.01171875 0.007033997655334115
0 0.8375 0.514947245017585 0.0078125 0.0076201641266119575
0 0.291015625 0.5140679953106683 0.01171875 0.005861664712778429
0 0.53671875 0.5143610785463072 0.0109375 0.0076201641266119575
0 0.718359375 0.5128956623681126 0.01171875 0.007033997655334115
0 0.229296875 0.5084994138335287 0.01328125 0.006447831184056272
0 0.57421875 0.5079132473622509 0.0109375 0.006447831184056272
0 0.81484375 0.5064478311840562 0.009375 0.008206330597889801
0 0.4 0.5035169988276671 0.0109375 0.005861664712778429
0 0.423828125 0.5041031652989449 0.01171875 0.008206330597889801
0 0.1875 0.5002930832356389 0.0109375 0.005275498241500586
0 0.375390625 0.5002930832356389 0.01171875 0.0076201641266119575
0 0.151953125 0.49824150058616645 0.01171875 0.005861664712778429
0 0.862109375 0.4985345838218054 0.01171875 0.008792497069167644
0 0.29453125 0.4935521688159437 0.0015625 0.0011723329425556857
0 0.7828125 0.4947245017584994 0.0109375 0.008206330597889801
0 0.884375 0.49384525205158264 0.0109375 0.008792497069167644
0 0.53984375 0.49091441969519345 0.009375 0.005275498241500586
0 0.33984375 0.4903282532239156 0.0125 0.006447831184056272
0 0.17421875 0.48739742086752635 0.0015625 0.0005861664712778429
0 0.839453125 0.48710433763188743 0.01171875 0.008206330597889801
0 0.39140625 0.4859320046893318 0.0109375 0.005861664712778429
0 0.266015625 0.48563892145369286 0.01328125 0.005275498241500586
0 0.2359375 0.4862250879249707 0.0109375 0.006447831184056272
0 0.416796875 0.48534583821805394 0.01171875 0.005861664712778429
0 0.196875 0.48300117233294254 0.0125 0.005861664712778429
0 0.803125 0.4827080890973036 0.0078125 0.008792497069167644
0 0.359375 0.47889800703399765 0.0109375 0.007033997655334115
0 0.32421875 0.47567409144196954 0.0125 0.006447831184056272
0 0.4671875 0.47596717467760846 0.0109375 0.008206330597889801
0 0.2171875 0.4727432590855803 0.0140625 0.005275498241500586
0 0.820703125 0.4718640093786635 0.01015625 0.009378663540445486
0 0.4 0.46893317702227433 0.0109375 0.007033997655334115
0 0.44609375 0.46688159437280186 0.009375 0.005275498241500586
0 0.269921875 0.4674677608440797 0.01171875 0.006447831184056272
0 0.243359375 0.4671746776084408 0.01328125 0.005861664712778429
0 0.657421875 0.46600234466588514 0.01171875 0.007033997655334115
0 0.423828125 0.46277842907385697 0.00078125 0.0005861664712778429
0 0.425390625 0.4621922626025791 0.00078125 0.0005861664712778429
0 0.419140625 0.4621922626025791 0.00078125 0.0005861664712778429
0 0.379296875 0.46395076201641267 0.00546875 0.004103165298944901
0 0.714453125 0.4657092614302462 0.01015625 0.008792497069167644
0 0.841015625 0.46512309495896836 0.01171875 0.008792497069167644
0 0.68125 0.46483001172332944 0.0109375 0.008206330597889801
0 0.34453125 0.4630715123094959 0.0078125 0.004689331770222743
0 0.427734375 0.4604337631887456 0.00078125 0.0005861664712778429
0 0.504296875 0.4633645955451348 0.01171875 0.0076201641266119575
0 0.8015625 0.4630715123094959 0.009375 0.008206330597889801
0 0.86953125 0.4618991793669402 0.0078125 0.007033997655334115
0 0.3078125 0.4610199296600234 0.0125 0.006447831184056272
0 0.778515625 0.4586752637749121 0.01171875 0.008792497069167644
0 0.466015625 0.4548651817116061 0.00859375 0.004689331770222743
0 0.62265625 0.4563305978898007 0.0109375 0.008792497069167644
0 0.57734375 0.45545134818288396 0.0109375 0.007033997655334115
0 0.88984375 0.4548651817116061 0.009375 0.008206330597889801
0 0.24453125 0.45076201641266117 0.0015625 0.0023446658851113715
0 0.1859375 0.45193434935521687 0.0109375 0.007033997655334115
0 0.39921875 0.44958968347010553 0.0109375 0.005861664712778429
0 0.353515625 0.447831184056272 0.00546875 0.0023446658851113715
0 0.488671875 0.4492966002344666 0.01171875 0.006447831184056272
0 0.726171875 0.44958968347010553 0.01015625 0.008206330597889801
0 0.356640625 0.4457796014067995 0.00078125 0.0005861664712778429
0 0.345703125 0.4457796014067995 0.00078125 0.0005861664712778429
0 0.442578125 0.447831184056272 0.00859375 0.005861664712778429
0 0.84921875 0.44841735052754983 0.009375 0.008206330597889801
0 0.299609375 0.4457796014067995 0.00390625 0.004103165298944901
0 0.597265625 0.44636576787807736 0.01171875 0.0076201641266119575
0 0.521484375 0.4451934349355217 0.00859375 0.005275498241500586
0 0.797265625 0.4454865181711606 0.01171875 0.008206330597889801
0 0.871875 0.444021101992966 0.009375 0.006447831184056272
0 0.74921875 0.444021101992966 0.0109375 0.008792497069167644
0 0.548828125 0.44226260257913247 0.01171875 0.006447831184056272
0 0.8265625 0.4428487690504103 0.0125 0.008792497069167644
0 0.420703125 0.4413833528722157 0.01171875 0.005861664712778429
0 0.32734375 0.4396248534583822 0.0125 0.005861664712778429
0 0.3796875 0.4381594372801876 0.0125 0.006447831184056272
0 0.4703125 0.43757327080890973 0.0109375 0.006447831184056272
0 0.896875 0.43757327080890973 0.009375 0.008792497069167644
0 0.70625 0.4369871043376319 0.0109375 0.0076201641266119575
0 0.5703125 0.43464243845252054 0.0109375 0.006447831184056272
0 0.1765625 0.43552168815943726 0.0140625 0.010550996483001172
0 0.4015625 0.4305392731535756 0.0125 0.0076201641266119575
0 0.842578125 0.4305392731535756 0.01328125 0.008792497069167644
0 0.787109375 0.42995310668229775 0.00859375 0.0076201641266119575
0 0.684765625 0.42995310668229775 0.01171875 0.0076201641266119575
0 0.448828125 0.42995310668229775 0.01171875 0.0076201641266119575
0 0.242578125 0.43112543962485345 0.01328125 0.00996483001172333
0 0.519140625 0.4264361078546307 0.00703125 0.005275498241500586
0 0.877734375 0.42672919109026963 0.00703125 0.007033997655334115
0 0.285546875 0.42584994138335286 0.00859375 0.005275498241500586
0 0.810546875 0.42702227432590856 0.01015625 0.008792497069167644
0 0.358203125 0.42555685814771393 0.01328125 0.005861664712778429
0 0.48984375 0.42409144196951937 0.0078125 0.005275498241500586
0 0.5921875 0.4211606096131301 0.0015625 0.0005861664712778429
0 0.425 0.4235052754982415 0.0125 0.006447831184056272
0 0.384375 0.4208675263774912 0.0078125 0.004689331770222743
0 0.376953125 0.4196951934349355 0.00390625 0.0023446658851113715
0 0.7515625 0.42057444314185227 0.00625 0.006447831184056272
0 0.901953125 0.41705744431418523 0.00078125 0.0005861664712778429
0 0.891015625 0.41705744431418523 0.00078125 0.0005861664712778429
0 0.308984375 0.4199882766705744 0.01171875 0.006447831184056272
0 0.896875 0.41500586166471276 0.009375 0.0023446658851113715
0 0.565625 0.4176436107854631 0.0109375 0.0076201641266119575
0 0.334375 0.41705744431418523 0.0125 0.006447831184056272
0 0.26328125 0.4176436107854631 0.0140625 0.0076201641266119575
0 0.858203125 0.4167643610785463 0.01015625 0.008206330597889801
0 0.772265625 0.41705744431418523 0.01015625 0.008792497069167644
0 0.467578125 0.41617819460726846 0.01171875 0.007033997655334115
0 0.712890625 0.4144196951934349 0.00859375 0.005861664712778429
0 0.839453125 0.41060961313012895 0.00078125 0.0005861664712778429
0 0.66796875 0.41295427901524034 0.0078125 0.005275498241500586
0 0.794140625 0.414126611957796 0.01171875 0.008792497069167644
0 0.834375 0.41031652989449 0.0078125 0.0023446658851113715
0 0.4046875 0.4114888628370457 0.009375 0.005861664712778429
0 0.63359375 0.41178194607268465 0.0125 0.0076201641266119575
0 0.44453125 0.41031652989449 0.00625 0.004689331770222743
0 0.135546875 0.4111957796014068 0.01171875 0.00996483001172333
0 0.36171875 0.40738569753810083 0.0125 0.007033997655334115
0 0.8765625 0.40738569753810083 0.0109375 0.009378663540445486
0 0.734765625 0.4056271981242673 0.01015625 0.008206330597889801
0 0.759765625 0.4000586166471278 0.00078125 0.0005861664712778429
0 0.484765625 0.40211019929660025 0.01015625 0.004689331770222743
0 0.2328125 0.40504103165298944 0.0140625 0.010550996483001172
0 0.754296875 0.40093786635404455 0.00859375 0.0035169988276670576
0 0.1609375 0.4044548651817116 0.0140625 0.010550996483001172
0 0.278515625 0.4015240328253224 0.01328125 0.005861664712778429
0 0.3140625 0.4015240328253224 0.0125 0.007033997655334115
0 0.696484375 0.4003516998827667 0.01015625 0.007033997655334115
0 0.42421875 0.39976553341148885 0.009375 0.005861664712778429
0 0.384765625 0.4006447831184056 0.01171875 0.0076201641266119575
0 0.851953125 0.3994724501758499 0.01171875 0.008792497069167644
0 0.3390625 0.39859320046893315 0.0125 0.007033997655334115
0 0.5390625 0.3974208675263775 0.0125 0.005861664712778429
0 0.80546875 0.39800703399765536 0.0125 0.008206330597889801
0 0.894921875 0.3974208675263775 0.01328125 0.008206330597889801
0 0.657421875 0.39449003516998826 0.01171875 0.008206330597889801
0 0.45625 0.39273153575615477 0.0109375 0.005861664712778429
0 0.212109375 0.3930246189917937 0.01484375 0.011137162954279016
0 0.59140625 0.3895076201641266 0.0125 0.0076201641266119575
0 0.72421875 0.38892145369284875 0.009375 0.0076201641266119575
0 0.36015625 0.3886283704572098 0.0125 0.007033997655334115
0 0.295703125 0.3877491207502931 0.01328125 0.006447831184056272
0 0.6796875 0.3877491207502931 0.0109375 0.0076201641266119575
0 0.244921875 0.38716295427901526 0.01015625 0.0076201641266119575
0 0.387109375 0.38335287221570924 0.00234375 0.0011723329425556857
0 0.766796875 0.3865767878077374 0.01015625 0.008792497069167644
0 0.408203125 0.3851113716295428 0.01171875 0.007033997655334115
0 0.388671875 0.38188745603751467 0.00078125 0.0005861664712778429
0 0.791015625 0.3821805392731536 0.00703125 0.0035169988276670576
0 0.4765625 0.38335287221570924 0.0109375 0.005861664712778429
0 0.27109375 0.384232121922626 0.0125 0.008792497069167644
0 0.433203125 0.3824736225087925 0.01015625 0.006447831184056272
0 0.325 0.38276670574443145 0.0109375 0.007033997655334115
0 0.830859375 0.3830597889800703 0.01015625 0.008792497069167644
0 0.701953125 0.3821805392731536 0.01015625 0.008206330597889801
0 0.85390625 0.38159437280187575 0.0109375 0.008206330597889801
0 0.74609375 0.38042203985932005 0.00625 0.007033997655334115
0 0.901953125 0.38042203985932005 0.01171875 0.008206330597889801
0 0.880078125 0.376905041031653 0.01171875 0.008206330597889801
0 0.809375 0.37719812426729193 0.0125 0.008792497069167644
0 0.62109375 0.3757327080890973 0.0109375 0.007033997655334115
0 0.513671875 0.3757327080890973 0.01171875 0.007033997655334115
0 0.455078125 0.3742672919109027 0.01171875 0.006447831184056272
0 0.225390625 0.3710433763188746 0.00859375 0.0023446658851113715
0 0.5984375 0.37192262602579135 0.009375 0.0076201641266119575
0 0.57421875 0.37221570926143027 0.0125 0.008206330597889801
0 0.66015625 0.3716295427901524 0.009375 0.008206330597889801
0 0.721484375 0.37075029308323565 0.00859375 0.0076201641266119575
0 0.68359375 0.3689917936694021 0.009375 0.006447831184056272
0 0.36484375 0.3689917936694021 0.0109375 0.006447831184056272
0 0.305078125 0.3689917936694021 0.01171875 0.006447831184056272
0 0.77734375 0.36957796014067995 0.0109375 0.008792497069167644
0 0.253515625 0.3698710433763189 0.01328125 0.009378663540445486
0 0.33984375 0.3669402110199297 0.0078125 0.004689331770222743
0 0.418359375 0.36664712778429076 0.01015625 0.006447831184056272
0 0.484765625 0.3660609613130129 0.00859375 0.006447831184056272
0 0.279296875 0.36635404454865184 0.01171875 0.008206330597889801
0 0.855859375 0.3613716295427902 0.00078125 0.0005861664712778429
0 0.857421875 0.3607854630715123 0.00078125 0.0005861664712778429
0 0.754296875 0.3645955451348183 0.01015625 0.008206330597889801
0 0.393359375 0.36430246189917936 0.01015625 0.0076201641266119575
0 0.86015625 0.3601992966002345 0.003125 0.0005861664712778429
0 0.8375 0.36400937866354044 0.0125 0.008206330597889801
0 0.89765625 0.36283704572098474 0.009375 0.007033997655334115
0 0.70625 0.3590269636576788 0.003125 0.005275498241500586
0 0.643359375 0.3593200468933177 0.00703125 0.005861664712778429
0 0.5078125 0.35756154747948415 0.00625 0.0035169988276670576
0 0.440625 0.3593200468933177 0.0109375 0.007033997655334115
0 0.800390625 0.3593200468933177 0.01015625 0.009378663540445486
0 0.533984375 0.35726846424384523 0.01015625 0.006447831184056272
0 0.465234375 0.35668229777256744 0.01015625 0.0076201641266119575
0 0.733984375 0.35580304806565066 0.01015625 0.008206330597889801
0 0.55703125 0.35433763188745604 0.0109375 0.006447831184056272
0 0.669140625 0.35433763188745604 0.01015625 0.0076201641266119575
0 0.2375 0.3549237983587339 0.0140625 0.00996483001172333
0 0.878515625 0.3537514654161782 0.01015625 0.008792497069167644
0 0.32265625 0.3528722157092614 0.0109375 0.007033997655334115
0 0.374609375 0.35228604923798357 0.01171875 0.007033997655334115
0 0.777734375 0.3516998827667057 0.01015625 0.008206330597889801
0 0.295703125 0.3511137162954279 0.01015625 0.007033997655334115
0 0.602734375 0.3481828839390387 0.01015625 0.008206330597889801
0 0.48515625 0.347010550996483 0.0109375 0.005861664712778429
0 0.8375 0.34613130128956626 0.009375 0.006447831184056272
0 0.423046875 0.3452520515826495 0.00703125 0.004689331770222743
0 0.901953125 0.34583821805392734 0.01171875 0.008206330597889801
0 0.690234375 0.3443728018757327 0.00859375 0.006447831184056272
0 0.396875 0.34466588511137164 0.0109375 0.007033997655334115
0 0.26953125 0.34613130128956626 0.0140625 0.00996483001172333
0 0.627734375 0.34466588511137164 0.01015625 0.008206330597889801
0 0.86015625 0.3440797186400938 0.009375 0.008206330597889801
0 0.35390625 0.343200468933177 0.0078125 0.006447831184056272
0 0.651171875 0.343200468933177 0.01015625 0.0076201641266119575
0 0.519921875 0.34261430246189917 0.01015625 0.0076201641266119575
0 0.575390625 0.3408558030480657 0.00703125 0.005275498241500586
0 0.447265625 0.3417350527549824 0.00859375 0.008206330597889801
0 0.798828125 0.3408558030480657 0.01015625 0.008792497069167644
0 0.7140625 0.33792497069167643 0.0046875 0.006447831184056272
0 0.237109375 0.335873388042204 0.00234375 0.0023446658851113715
0 0.7359375 0.33792497069167643 0.0078125 0.0076201641266119575
0 0.54921875 0.3376318874560375 0.009375 0.008206330597889801
0 0.883203125 0.3361664712778429 0.01015625 0.0076201641266119575
0 0.3109375 0.3364595545134818 0.0109375 0.008206330597889801
0 0.230859375 0.3323563892145369 0.00546875 0.0011723329425556857
0 0.46875 0.33528722157092616 0.009375 0.008206330597889801
0 0.378125 0.3332356389214537 0.0046875 0.005275498241500586
0 0.778515625 0.3332356389214537 0.00859375 0.0076201641266119575
0 0.59296875 0.3308909730363423 0.0109375 0.0076201641266119575
0 0.28515625 0.33147713950762014 0.0125 0.008792497069167644
0 0.847265625 0.32971864009378665 0.01015625 0.0076201641266119575
0 0.6671875 0.3300117233294256 0.0109375 0.008206330597889801
0 0.82265625 0.32971864009378665 0.0125 0.008792497069167644
0 0.75546875 0.32971864009378665 0.009375 0.008792497069167644
0 0.40078125 0.3267878077373974 0.0046875 0.0029308323563892145
0 0.334765625 0.32825322391559203 0.00703125 0.005861664712778429
0 0.49296875 0.32737397420867526 0.00625 0.006447831184056272
0 0.255859375 0.3288393903868699 0.01328125 0.009378663540445486
0 0.636328125 0.3267878077373974 0.00859375 0.006447831184056272
0 0.44921875 0.324736225087925 0.0046875 0.0023446658851113715
0 0.902734375 0.32708089097303633 0.01015625 0.008206330597889801
0 0.6921875 0.32620164126611956 0.0078125 0.006447831184056272
0 0.564453125 0.32415005861664714 0.01171875 0.007033997655334115
0 0.51640625 0.3235638921453693 0.0078125 0.007033997655334115
0 0.426171875 0.32180539273153574 0.00390625 0.0035169988276670576
0 0.728515625 0.32063305978898005 0.00390625 0.0035169988276670576
0 0.6140625 0.32209847596717467 0.009375 0.008792497069167644
0 0.36015625 0.31975381008206333 0.0078125 0.006447831184056272
0 0.218359375 0.31623681125439623 0.00078125 0.0005861664712778429
0 0.791796875 0.31975381008206333 0.01015625 0.008792497069167644
0 0.88046875 0.31887456037514655 0.0109375 0.008206330597889801
0 0.47421875 0.31623681125439623 0.0046875 0.005275498241500586
0 0.313671875 0.31740914419695193 0.00859375 0.0076201641266119575
0 0.2203125 0.31447831184056274 0.003125 0.0017584994138335288
0 0.540625 0.3159437280187573 0.0078125 0.007033997655334115
0 0.85859375 0.31477139507620167 0.0109375 0.008206330597889801
0 0.653515625 0.3150644783118406 0.01015625 0.008792497069167644
0 0.337890625 0.31096131301289565 0.00078125 0.0005861664712778429
0 0.76953125 0.31447831184056274 0.009375 0.008792497069167644
0 0.834765625 0.3138921453692849 0.01015625 0.008792497069167644
0 0.584375 0.3138921453692849 0.0109375 0.008792497069167644
0 0.747265625 0.31242672919109027 0.00859375 0.008206330597889801
0 0.38828125 0.31096131301289565 0.0078125 0.005275498241500586
0 0.810546875 0.3115474794841735 0.01171875 0.008792497069167644
0 0.90078125 0.30920281359906215 0.0078125 0.006447831184056272
0 0.49609375 0.30978898007034 0.00625 0.0076201641266119575
0 0.694921875 0.3086166471277843 0.00703125 0.006447831184056272
0 0.24921875 0.3083235638921454 0.00625 0.005861664712778429
0 0.63046875 0.3083235638921454 0.009375 0.008206330597889801
0 0.458203125 0.3071512309495897 0.00546875 0.005861664712778429
0 0.4125 0.3050996483001172 0.0015625 0.0017584994138335288
0 0.564453125 0.3062719812426729 0.00546875 0.005275498241500586
0 0.5203125 0.30568581477139506 0.00625 0.005275498241500586
0 0.71796875 0.30392731535756157 0.00625 0.006447831184056272
0 0.29921875 0.30363423212192264 0.00625 0.005861664712778429
0 0.366796875 0.30158264947245017 0.00546875 0.005275498241500586
0 0.874609375 0.3018757327080891 0.00859375 0.007033997655334115
0 0.607421875 0.3009964830011723 0.00703125 0.0076201641266119575
0 0.270703125 0.3018757327080891 0.01328125 0.009378663540445486
0 0.6765625 0.2989449003516999 0.0046875 0.005861664712778429
0 0.78203125 0.2995310668229777 0.009375 0.008206330597889801
0 0.222265625 0.29572098475967173 0.00078125 0.0005861664712778429
0 0.848046875 0.2989449003516999 0.01015625 0.008206330597889801
0 0.75859375 0.2977725674091442 0.0109375 0.008206330597889801
0 0.541796875 0.2974794841735053 0.00703125 0.0076201641266119575
0 0.234375 0.29484173505275496 0.0015625 0.0023446658851113715
0 0.223046875 0.29396248534583824 0.00078125 0.0005861664712778429
0 0.825390625 0.29689331770222743 0.01015625 0.008792497069167644
0 0.4609375 0.2933763188745604 0.0046875 0.0029308323563892145
0 0.90859375 0.2936694021101993 0.0078125 0.004689331770222743
0 0.6484375 0.29484173505275496 0.0078125 0.007033997655334115
0 0.5828125 0.29454865181711604 0.009375 0.0076201641266119575
0 0.343359375 0.2913247362250879 0.00234375 0.0011723329425556857
0 0.228515625 0.29191090269636577 0.01015625 0.0023446658851113715
0 0.803125 0.29454865181711604 0.0109375 0.008792497069167644
0 0.4828125 0.29308323563892147 0.0078125 0.005861664712778429
0 0.736328125 0.29279015240328254 0.00546875 0.006447831184056272
0 0.50859375 0.28927315357561545 0.0046875 0.004103165298944901
0 0.385546875 0.29044548651817115 0.00703125 0.0076201641266119575
0 0.316796875 0.2898593200468933 0.00859375 0.006447831184056272
0 0.6234375 0.2889800703399766 0.009375 0.008206330597889801
0 0.561328125 0.2869284876905041 0.00703125 0.0076201641266119575
0 0.41015625 0.28516998827667056 0.003125 0.004103165298944901
0 0.88671875 0.28634232121922626 0.009375 0.0076201641266119575
0 0.713671875 0.28604923798358733 0.00703125 0.007033997655334115
0 0.284375 0.28487690504103164 0.0078125 0.005861664712778429
0 0.862890625 0.2854630715123095 0.01015625 0.008206330597889801
0 0.43671875 0.2842907385697538 0.009375 0.007033997655334115
0 0.68984375 0.28399765533411486 0.00625 0.0076201641266119575
0 0.601953125 0.28311840562719814 0.00703125 0.007033997655334115
0 0.77265625 0.2828253223915592 0.0109375 0.0076201641266119575
0 0.838671875 0.2825322391559203 0.01015625 0.008206330597889801
0 0.668359375 0.27960140679953105 0.00390625 0.0023446658851113715
0 0.362890625 0.2804806565064478 0.00703125 0.005275498241500586
0 0.53515625 0.2801875732708089 0.0046875 0.005861664712778429
0 0.75078125 0.2790152403282532 0.0078125 0.008206330597889801
0 0.81640625 0.2781359906213365 0.0078125 0.0076201641266119575
0 0.58125 0.276084407971864 0.0046875 0.004689331770222743
0 0.4625 0.276084407971864 0.0078125 0.008206330597889801
0 0.487109375 0.2746189917936694 0.00703125 0.006447831184056272
0 0.9015625 0.27403282532239154 0.0125 0.008792497069167644
0 0.791796875 0.27403282532239154 0.01171875 0.008792497069167644
0 0.23515625 0.2728604923798359 0.009375 0.006447831184056272
0 0.72890625 0.27139507620164127 0.0046875 0.004689331770222743
0 0.5125 0.2705158264947245 0.0046875 0.0029308323563892145
0 0.644140625 0.2719812426729191 0.00859375 0.007033997655334115
0 0.55546875 0.2702227432590856 0.0046875 0.0035169988276670576
0 0.391796875 0.27110199296600235 0.00859375 0.0076201641266119575
0 0.87578125 0.2708089097303634 0.009375 0.008206330597889801
0 0.705859375 0.26875732708089095 0.00390625 0.005275498241500586
0 0.853125 0.268464243845252 0.009375 0.008206330597889801
0 0.621484375 0.268464243845252 0.00703125 0.008206330597889801
0 0.423046875 0.26817116060961316 0.00703125 0.008792497069167644
0 0.830078125 0.2652403282532239 0.01015625 0.008792497069167644
0 0.596484375 0.2637749120750293 0.01015625 0.007033997655334115
0 0.533984375 0.261137162954279 0.00390625 0.004103165298944901
0 0.6671875 0.261137162954279 0.0078125 0.006447831184056272
0 0.446484375 0.2620164126611958 0.00859375 0.008206330597889801
0 0.351171875 0.261137162954279 0.00703125 0.0076201641266119575
0 0.808203125 0.261137162954279 0.01171875 0.008792497069167644
0 0.744140625 0.26025791324736225 0.01015625 0.007033997655334115
0 0.470703125 0.2587924970691676 0.00859375 0.0076201641266119575
0 0.31484375 0.25732708089097306 0.00625 0.005861664712778429
0 0.57578125 0.2567409144196952 0.0046875 0.005861664712778429
0 0.375 0.2567409144196952 0.0078125 0.007033997655334115
0 0.91171875 0.2529308323563892 0.0015625 0.0005861664712778429
0 0.88984375 0.25703399765533413 0.009375 0.008792497069167644
0 0.68984375 0.2541031652989449 0.0046875 0.004103165298944901
0 0.40625 0.25381008206330596 0.003125 0.0035169988276670576
0 0.786328125 0.25586166471277844 0.01015625 0.008792497069167644
0 0.71953125 0.25468933177022274 0.0046875 0.006447831184056272
0 0.867578125 0.25205158264947247 0.00859375 0.0035169988276670576
0 0.63359375 0.2529308323563892 0.00625 0.005275498241500586
0 0.50078125 0.2529308323563892 0.00625 0.0076201641266119575
0 0.8453125 0.2508792497069168 0.009375 0.008206330597889801
0 0.551953125 0.25 0.00703125 0.0076201641266119575
0 0.8234375 0.2473622508792497 0.0078125 0.007033997655334115
0 0.762109375 0.24794841735052756 0.00703125 0.008206330597889801
0 0.6109375 0.24706916764361078 0.00625 0.006447831184056272
0 0.43046875 0.2473622508792497 0.00625 0.007033997655334115
0 0.33515625 0.246189917936694 0.0078125 0.004689331770222743
0 0.455078125 0.2447245017584994 0.00390625 0.0029308323563892145
0 0.656640625 0.24531066822977726 0.00859375 0.006447831184056272
0 0.738671875 0.24384525205158264 0.00703125 0.005861664712778429
0 0.359765625 0.24091441969519342 0.00703125 0.004689331770222743
0 0.801953125 0.2417936694021102 0.00859375 0.0076201641266119575
0 0.525390625 0.24120750293083235 0.00703125 0.006447831184056272
0 0.9015625 0.24120750293083235 0.009375 0.0076201641266119575
0 0.479296875 0.24120750293083235 0.00703125 0.0076201641266119575
0 0.388671875 0.24003516998827668 0.00546875 0.005275498241500586
0 0.7171875 0.23681125439624853 0.003125 0.0023446658851113715
0 0.56953125 0.23856975381008205 0.0078125 0.005861664712778429
0 0.878515625 0.2391559202813599 0.01015625 0.008206330597889801
0 0.779296875 0.2376905041031653 0.01015625 0.008792497069167644
0 0.693359375 0.2365181711606096 0.00546875 0.006447831184056272
0 0.85703125 0.235052754982415 0.009375 0.008206330597889801
0 0.5015625 0.2335873388042204 0.0078125 0.005275498241500586
0 0.413671875 0.23388042203985931 0.00546875 0.005861664712778429
0 0.229296875 0.23124267291910902 0.00078125 0.0005861664712778429
0 0.6390625 0.23329425556858147 0.00625 0.005861664712778429
0 0.59609375 0.23329425556858147 0.00625 0.005861664712778429
0 0.54609375 0.2321219226260258 0.00625 0.005861664712778429
0 0.834765625 0.23124267291910902 0.01015625 0.008792497069167644
0 0.43828125 0.22919109026963658 0.0046875 0.005861664712778429
0 0.75625 0.22977725674091443 0.0078125 0.008206330597889801
0 0.674609375 0.22596717467760843 0.00234375 0.0029308323563892145
0 0.8140625 0.2268464243845252 0.00625 0.005861664712778429
0 0.911328125 0.2250879249706917 0.01015625 0.008206330597889801
0 0.734375 0.22450175849941384 0.00625 0.007033997655334115
0 0.229296875 0.22596717467760843 0.01015625 0.00996483001172333
0 0.6171875 0.22420867526377491 0.0078125 0.0076201641266119575
0 0.525 0.2227432590855803 0.00625 0.005861664712778429
0 0.480859375 0.22215709261430247 0.00546875 0.004689331770222743
0 0.578125 0.22098475967174677 0.0046875 0.005861664712778429
0 0.791015625 0.2212778429073857 0.00859375 0.008792497069167644
0 0.7078125 0.21805392731535755 0.0046875 0.005861664712778429
0 0.84609375 0.2160023446658851 0.009375 0.0076201641266119575
0 0.64375 0.21483001172332944 0.00625 0.006447831184056272
0 0.502734375 0.21365767878077374 0.00703125 0.005275498241500586
0 0.45859375 0.21365767878077374 0.00625 0.005275498241500586
0 0.40859375 0.21365767878077374 0.00625 0.005275498241500586
0 0.599609375 0.21277842907385697 0.00390625 0.004689331770222743
0 0.767578125 0.21365767878077374 0.00859375 0.0076201641266119575
0 0.54453125 0.2130715123094959 0.00625 0.006447831184056272
0 0.433984375 0.21101992966002345 0.00546875 0.004689331770222743
0 0.825390625 0.21072684642438452 0.00859375 0.0076201641266119575
0 0.666015625 0.20808909730363423 0.00390625 0.005861664712778429
0 0.62265625 0.20691676436107856 0.0046875 0.005861664712778429
0 0.566796875 0.20281359906213364 0.00078125 0.0011723329425556857
0 0.72890625 0.20457209847596716 0.00625 0.005861664712778429
0 0.52421875 0.20369284876905042 0.00625 0.004103165298944901
0 0.348046875 0.20281359906213364 0.00390625 0.0023446658851113715
0 0.88984375 0.205158264947245 0.0078125 0.008206330597889801
0 0.22890625 0.205158264947245 0.009375 0.008206330597889801
0 0.687890625 0.20134818288393905 0.00234375 0.0017584994138335288
0 0.805859375 0.20164126611957797 0.00546875 0.0035169988276670576
0 0.751953125 0.20193434935521687 0.00703125 0.005275498241500586
0 0.784375 0.1995896834701055 0.003125 0.0017584994138335288
0 0.477734375 0.20046893317702227 0.00546875 0.004689331770222743
0 0.646875 0.19724501758499413 0.00625 0.006447831184056272
0 0.846484375 0.19665885111371628 0.01015625 0.0076201641266119575
0 0.545703125 0.19490035169988276 0.00546875 0.004103165298944901
0 0.86875 0.19636576787807739 0.009375 0.008206330597889801
0 0.5875 0.1951934349355217 0.00625 0.005861664712778429
0 0.5015625 0.19490035169988276 0.0046875 0.005275498241500586
0 0.41328125 0.19490035169988276 0.00625 0.005275498241500586
0 0.438671875 0.19196951934349354 0.00546875 0.004103165298944901
0 0.826953125 0.18903868698710433 0.00078125 0.0005861664712778429
0 0.824609375 0.1884525205158265 0.00234375 0.0005861664712778429
0 0.66953125 0.19050410316529895 0.0046875 0.005861664712778429
0 0.61015625 0.19050410316529895 0.0046875 0.005861664712778429
0 0.766015625 0.18786635404454866 0.00703125 0.005275498241500586
0 0.521484375 0.18493552168815944 0.00234375 0.0017584994138335288
0 0.88984375 0.1858147713950762 0.0078125 0.005861664712778429
0 0.56640625 0.18493552168815944 0.0046875 0.004103165298944901
0 0.7453125 0.182883939038687 0.003125 0.0035169988276670576
0 0.789453125 0.182883939038687 0.00390625 0.004689331770222743
0 0.632421875 0.18141852286049237 0.00390625 0.005275498241500586
0 0.4765625 0.18083235638921455 0.0046875 0.004103165298944901
0 0.809375 0.17878077373974208 0.009375 0.007033997655334115
0 0.54375 0.17584994138335286 0.0015625 0.0011723329425556857
0 0.722265625 0.17731535756154748 0.00390625 0.005275498241500586
0 0.907421875 0.17731535756154748 0.01171875 0.0076201641266119575
0 0.587109375 0.17584994138335286 0.00390625 0.004689331770222743
0 0.45234375 0.17555685814771396 0.0046875 0.004103165298944901
0 0.653515625 0.17526377491207504 0.00703125 0.005861664712778429
0 0.499609375 0.1746776084407972 0.00546875 0.005861664712778429
0 0.834375 0.17028135990621338 0.003125 0.0005861664712778429
0 0.772265625 0.16998827667057445 0.00078125 0.0011723329425556857
0 0.6125 0.1708675263774912 0.0046875 0.004103165298944901
0 0.42890625 0.16764361078546308 0.003125 0.0023446658851113715
0 0.88515625 0.16764361078546308 0.0125 0.007033997655334115
0 0.794921875 0.1655920281359906 0.00390625 0.004103165298944901
0 0.566796875 0.1655920281359906 0.00546875 0.005275498241500586
0 0.633984375 0.16324736225087924 0.00390625 0.0029308323563892145
0 0.69296875 0.16324736225087924 0.0046875 0.004103165298944901
0 0.84921875 0.1611957796014068 0.003125 0.0023446658851113715
0 0.851171875 0.15914419695193435 0.00078125 0.0005861664712778429
0 0.667578125 0.15914419695193435 0.00078125 0.0005861664712778429
0 0.669140625 0.1585580304806565 0.00078125 0.0005861664712778429
0 0.815625 0.16060961313012895 0.009375 0.005861664712778429
0 0.38203125 0.15386869871043377 0.0015625 0.0029308323563892145
0 0.7125 0.15181711606096132 0.0046875 0.004689331770222743
0 0.878515625 0.15181711606096132 0.00859375 0.008206330597889801
0 0.761328125 0.1515240328253224 0.01171875 0.0076201641266119575
0 0.64765625 0.1488862837045721 0.0046875 0.0035169988276670576
0 0.573828125 0.14742086752637748 0.00546875 0.004103165298944901
0 0.54921875 0.14566236811254396 0.00625 0.004103165298944901
0 0.7984375 0.14566236811254396 0.00625 0.008792497069167644
0 0.61328125 0.14302461899179367 0.003125 0.004689331770222743
0 0.81875 0.13862837045720985 0.0015625 0.0005861664712778429
0 0.902734375 0.14155920281359907 0.01171875 0.00996483001172333
0 0.473828125 0.13745603751465416 0.00390625 0.0029308323563892145
0 0.77578125 0.13599062133645956 0.00625 0.008206330597889801
0 0.69921875 0.13305978898007034 0.0015625 0.0035169988276670576
0 0.882421875 0.13276670574443142 0.01171875 0.0076201641266119575
0 0.721875 0.13012895662368112 0.0046875 0.0035169988276670576
0 0.83828125 0.13159437280187572 0.0109375 0.008792497069167644
0 0.598828125 0.12690504103165298 0.00390625 0.004103165298944901
0 0.862109375 0.1228018757327081 0.00078125 0.0005861664712778429
0 0.378125 0.12397420867526378 0.003125 0.0029308323563892145
0 0.632421875 0.12162954279015241 0.00546875 0.004103165298944901
0 0.8125 0.11635404454865182 0.0109375 0.006447831184056272
0 0.353125 0.111957796014068 0.003125 0.0023446658851113715
0 0.7453125 0.11283704572098475 0.00625 0.008792497069167644
0 0.683203125 0.1093200468933177 0.00546875 0.0029308323563892145
0 0.412890625 0.1052168815943728 0.00234375 0.0017584994138335288
0 0.37578125 0.10433763188745604 0.0015625 0.0011723329425556857
0 0.721875 0.10580304806565065 0.0046875 0.006447831184056272
0 0.582421875 0.10287221570926143 0.00078125 0.0017584994138335288
0 0.556640625 0.09759671746776084 0.00390625 0.0029308323563892145
0 0.266015625 0.08411488862837045 0.00703125 0.005275498241500586
