0 0.282421875 0.8713541666666667 0.00078125 0.0010416666666666667
0 0.3984375 0.8734375 0.0046875 0.009375
0 0.382421875 0.8682291666666667 0.00078125 0.0010416666666666667
0 0.29921875 0.8635416666666667 0.0015625 0.0020833333333333333
0 0.3671875 0.8546875 0.0015625 0.0010416666666666667
0 0.493359375 0.8494791666666667 0.00234375 0.0010416666666666667
0 0.34453125 0.8479166666666667 0.0078125 0.008333333333333333
0 0.526171875 0.8354166666666667 0.00234375 0.0020833333333333333
0 0.51015625 0.8307291666666666 0.0015625 0.0010416666666666667
0 0.394921875 0.8255208333333334 0.00078125 0.0010416666666666667
0 0.37265625 0.8244791666666667 0.003125 0.005208333333333333
0 0.50234375 0.8083333333333333 0.0015625 0.0020833333333333333
0 0.604296875 0.8036458333333333 0.00078125 0.0010416666666666667
0 0.352734375 0.7979166666666667 0.00390625 0.0020833333333333333
0 0.671484375 0.7953125 0.00078125 0.0010416666666666667
0 0.5203125 0.7953125 0.0015625 0.0010416666666666667
0 0.572265625 0.7916666666666666 0.00234375 0.0020833333333333333
0 0.502734375 0.7848958333333333 0.00234375 0.0010416666666666667
0 0.37109375 0.7848958333333333 0.0015625 0.0010416666666666667
0 0.394140625 0.784375 0.00390625 0.0020833333333333333
0 0.65859375 0.7807291666666667 0.0015625 0.0010416666666666667
0 0.431640625 0.7755208333333333 0.00390625 0.003125
0 0.677734375 0.7708333333333334 0.00234375 0.0020833333333333333
0 0.3296875 0.775 0.009375 0.010416666666666666
0 0.519921875 0.7692708333333333 0.00234375 0.0010416666666666667
0 0.575390625 0.76875 0.00390625 0.0020833333333333333
0 0.544140625 0.7682291666666666 0.00234375 0.0010416666666666667
0 0.384375 0.7671875 0.0015625 0.0010416666666666667
0 0.35859375 0.7682291666666666 0.003125 0.003125
0 0.625 0.7619791666666667 0.0015625 0.0010416666666666667
0 0.30390625 0.7635416666666667 0.0046875 0.004166666666666667
0 0.659375 0.7578125 0.0015625 0.0010416666666666667
0 0.48203125 0.7505208333333333 0.0015625 0.0010416666666666667
0 0.321484375 0.7520833333333333 0.00234375 0.004166666666666667
0 0.464453125 0.7536458333333333 0.00546875 0.009375
0 0.604296875 0.7484375 0.00078125 0.0010416666666666667
0 0.553125 0.7489583333333333 0.003125 0.0020833333333333333
0 0.576171875 0.7442708333333333 0.00078125 0.0010416666666666667
0 0.5125 0.74375 0.003125 0.004166666666666667
0 0.198046875 0.7421875 0.00234375 0.0010416666666666667
0 0.669921875 0.740625 0.00234375 0.0020833333333333333
0 0.442578125 0.7385416666666667 0.00234375 0.0020833333333333333
0 0.621484375 0.7369791666666666 0.00078125 0.0010416666666666667
0 0.305078125 0.7338541666666667 0.00078125 0.0010416666666666667
0 0.541796875 0.7328125 0.00078125 0.0010416666666666667
0 0.332421875 0.7317708333333334 0.00390625 0.003125
0 0.40859375 0.7296875 0.0015625 0.003125
0 0.309765625 0.7296875 0.00546875 0.007291666666666667
0 0.52109375 0.7244791666666667 0.00625 0.005208333333333333
0 0.608203125 0.721875 0.00234375 0.0020833333333333333
0 0.4296875 0.7213541666666666 0.0015625 0.0010416666666666667
0 0.675 0.7197916666666667 0.003125 0.0020833333333333333
0 0.20625 0.721875 0.0015625 0.00625
0 0.3921875 0.7177083333333333 0.0015625 0.0020833333333333333
0 0.505859375 0.7171875 0.00390625 0.003125
0 0.483203125 0.7161458333333334 0.00390625 0.003125
0 0.58203125 0.7140625 0.00625 0.003125
0 0.36953125 0.7145833333333333 0.003125 0.004166666666666667
0 0.25859375 0.7171875 0.00625 0.009375
0 0.622265625 0.7119791666666667 0.00546875 0.005208333333333333
0 0.466015625 0.7109375 0.00546875 0.005208333333333333
0 0.414453125 0.7078125 0.00078125 0.0010416666666666667
0 0.35078125 0.709375 0.003125 0.004166666666666667
0 0.33359375 0.7088541666666667 0.003125 0.003125
0 0.565234375 0.7067708333333333 0.00390625 0.0010416666666666667
0 0.530859375 0.7057291666666666 0.00390625 0.003125
0 0.311328125 0.7052083333333333 0.00390625 0.004166666666666667
0 0.598828125 0.7005208333333334 0.00078125 0.0010416666666666667
0 0.600390625 0.6994791666666667 0.00078125 0.0010416666666666667
0 0.649609375 0.6984375 0.00234375 0.0010416666666666667
0 0.38671875 0.696875 0.003125 0.0020833333333333333
0 0.485546875 0.6927083333333334 0.00390625 0.004166666666666667
0 0.542578125 0.6911458333333333 0.00703125 0.003125
0 0.5828125 0.6901041666666666 0.00625 0.003125
0 0.2875 0.6869791666666667 0.003125 0.003125
0 0.469140625 0.6864583333333333 0.00546875 0.004166666666666667
0 0.340234375 0.6859375 0.00234375 0.003125
0 0.559765625 0.6828125 0.00078125 0.0010416666666666667
0 0.500390625 0.684375 0.00546875 0.004166666666666667
0 0.37265625 0.6838541666666667 0.003125 0.003125
0 0.356640625 0.6796875 0.00234375 0.0010416666666666667
0 0.30390625 0.6786458333333333 0.0015625 0.0010416666666666667
0 0.453515625 0.6786458333333333 0.00390625 0.005208333333333333
0 0.761328125 0.6692708333333334 0.00078125 0.0010416666666666667
0 0.485546875 0.6703125 0.00703125 0.005208333333333333
0 0.53515625 0.6697916666666667 0.00625 0.00625
0 0.269140625 0.6630208333333333 0.00078125 0.0010416666666666667
0 0.551953125 0.6619791666666667 0.00390625 0.003125
0 0.293359375 0.6604166666666667 0.00078125 0.0020833333333333333
0 0.6109375 0.6614583333333334 0.0078125 0.00625
0 0.576953125 0.6604166666666667 0.00703125 0.004166666666666667
0 0.43125 0.6588541666666666 0.0015625 0.003125
0 0.472265625 0.6546875 0.00703125 0.007291666666666667
0 0.2171875 0.65 0.0015625 0.0020833333333333333
0 0.526953125 0.6432291666666666 0.00703125 0.007291666666666667
0 0.41171875 0.6411458333333333 0.003125 0.003125
0 0.34140625 0.6395833333333333 0.0015625 0.0020833333333333333
0 0.305859375 0.6401041666666667 0.00234375 0.003125
0 0.42890625 0.6369791666666667 0.003125 0.003125
0 0.5765625 0.6375 0.0078125 0.00625
0 0.35859375 0.6354166666666666 0.003125 0.0020833333333333333
0 0.721484375 0.6296875 0.00234375 0.0010416666666666667
0 0.601171875 0.6291666666666667 0.00390625 0.004166666666666667
0 0.4609375 0.6270833333333333 0.003125 0.00625
0 0.538671875 0.6270833333333333 0.00703125 0.010416666666666666
0 0.485546875 0.6260416666666667 0.00703125 0.008333333333333333
0 0.316015625 0.6223958333333334 0.00078125 0.0010416666666666667
0 0.3875 0.6229166666666667 0.00625 0.00625
0 0.2984375 0.6203125 0.0015625 0.0010416666666666667
0 0.33515625 0.6203125 0.003125 0.003125
0 0.43984375 0.6182291666666667 0.00625 0.007291666666666667
0 0.609765625 0.6114583333333333 0.00703125 0.010416666666666666
0 0.405078125 0.609375 0.00546875 0.00625
0 0.251953125 0.6046875 0.00234375 0.0010416666666666667
0 0.5765625 0.6067708333333334 0.00625 0.007291666666666667
0 0.358203125 0.6046875 0.00390625 0.003125
0 0.269921875 0.6036458333333333 0.00078125 0.0010416666666666667
0 0.289453125 0.603125 0.00078125 0.0020833333333333333
0 0.324609375 0.6026041666666667 0.00234375 0.003125
0 0.305859375 0.6005208333333333 0.00078125 0.0010416666666666667
0 0.4734375 0.5973958333333333 0.0046875 0.011458333333333333
0 0.389453125 0.5916666666666667 0.00234375 0.0020833333333333333
0 0.456640625 0.5890625 0.00703125 0.009375
0 0.27890625 0.5796875 0.0015625 0.0010416666666666667
0 0.321875 0.5802083333333333 0.003125 0.004166666666666667
0 0.548828125 0.5796875 0.00703125 0.011458333333333333
0 0.474609375 0.571875 0.00703125 0.008333333333333333
0 0.394140625 0.5697916666666667 0.00703125 0.010416666666666666
0 0.311328125 0.5630208333333333 0.00234375 0.003125
0 0.36875 0.5625 0.003125 0.004166666666666667
0 0.290234375 0.5609375 0.00234375 0.003125
0 0.328515625 0.5598958333333334 0.00234375 0.003125
0 0.271875 0.5583333333333333 0.0015625 0.0020833333333333333
0 0.3015625 0.54375 0.003125 0.0020833333333333333
0 0.31640625 0.5338541666666666 0.003125 0.0010416666666666667
0 0.237109375 0.5328125 0.00078125 0.0010416666666666667
0 0.219140625 0.5291666666666667 0.00078125 0.0020833333333333333
0 0.26875 0.5276041666666667 0.0015625 0.0010416666666666667
0 0.364453125 0.5265625 0.00703125 0.005208333333333333
0 0.300390625 0.5213541666666667 0.00078125 0.0010416666666666667
0 0.25078125 0.5203125 0.0015625 0.0010416666666666667
0 0.380859375 0.5208333333333334 0.00703125 0.008333333333333333
0 0.680859375 0.5067708333333333 0.00703125 0.005208333333333333
0 0.26328125 0.5052083333333334 0.0015625 0.0020833333333333333
0 0.278515625 0.49635416666666665 0.00078125 0.003125
0 0.29765625 0.4953125 0.003125 0.003125
0 0.411328125 0.48385416666666664 0.00078125 0.0010416666666666667
0 0.26015625 0.48333333333333334 0.0015625 0.0020833333333333333
0 0.18203125 0.4817708333333333 0.0015625 0.003125
0 0.615625 0.4822916666666667 0.0078125 0.008333333333333333
0 0.390625 0.4744791666666667 0.003125 0.0010416666666666667
0 0.28671875 0.47552083333333334 0.003125 0.003125
0 0.275 0.4609375 0.0015625 0.003125
0 0.40234375 0.4583333333333333 0.0078125 0.010416666666666666
0 0.636328125 0.45625 0.00703125 0.008333333333333333
0 0.221484375 0.4510416666666667 0.00078125 0.0020833333333333333
0 0.288671875 0.4473958333333333 0.00234375 0.003125
0 0.30546875 0.4421875 0.003125 0.007291666666666667
0 0.494140625 0.4401041666666667 0.00703125 0.013541666666666667
0 0.2296875 0.43125 0.0015625 0.0020833333333333333
0 0.369140625 0.42916666666666664 0.00703125 0.00625
0 0.33984375 0.42916666666666664 0.0046875 0.00625
0 0.475 0.43072916666666666 0.0078125 0.013541666666666667
0 0.244140625 0.4203125 0.00078125 0.0010416666666666667
0 0.64453125 0.40677083333333336 0.0015625 0.0010416666666666667
0 0.358203125 0.4083333333333333 0.00703125 0.00625
0 0.305078125 0.40572916666666664 0.00234375 0.0010416666666666667
0 0.266796875 0.40625 0.00234375 0.0020833333333333333
0 0.73828125 0.4036458333333333 0.0015625 0.0010416666666666667
0 0.284375 0.39114583333333336 0.003125 0.005208333333333333
0 0.301953125 0.3796875 0.00234375 0.0010416666666666667
0 0.747265625 0.37447916666666664 0.00078125 0.0010416666666666667
0 0.238671875 0.3723958333333333 0.00234375 0.0010416666666666667
0 0.286328125 0.371875 0.00234375 0.0020833333333333333
0 0.27109375 0.3645833333333333 0.0015625 0.0020833333333333333
0 0.33125 0.3619791666666667 0.003125 0.005208333333333333
0 0.591015625 0.3609375 0.00703125 0.007291666666666667
0 0.227734375 0.35520833333333335 0.00078125 0.0020833333333333333
0 0.376171875 0.3536458333333333 0.00546875 0.007291666666666667
0 0.3 0.34479166666666666 0.0015625 0.0020833333333333333
0 0.347265625 0.3453125 0.00546875 0.007291666666666667
0 0.716796875 0.3390625 0.00078125 0.0010416666666666667
0 0.319921875 0.34010416666666665 0.00390625 0.005208333333333333
0 0.68046875 0.3385416666666667 0.0046875 0.004166666666666667
0 0.695703125 0.33541666666666664 0.00390625 0.0020833333333333333
0 0.587109375 0.33541666666666664 0.00703125 0.004166666666666667
0 0.450390625 0.34010416666666665 0.00859375 0.013541666666666667
0 0.36171875 0.3333333333333333 0.0046875 0.00625
0 0.306640625 0.3255208333333333 0.00078125 0.0010416666666666667
0 0.25 0.32135416666666666 0.0015625 0.0010416666666666667
0 0.3453125 0.32083333333333336 0.0015625 0.0020833333333333333
0 0.6734375 0.3203125 0.0046875 0.003125
0 0.730859375 0.3151041666666667 0.00234375 0.0010416666666666667
0 0.713671875 0.31354166666666666 0.00234375 0.0020833333333333333
0 0.365625 0.3145833333333333 0.00625 0.00625
0 0.32890625 0.31354166666666666 0.003125 0.004166666666666667
0 0.5234375 0.3125 0.00625 0.00625
0 0.6171875 0.3078125 0.003125 0.0010416666666666667
0 0.3140625 0.30625 0.0015625 0.0020833333333333333
0 0.384375 0.30625 0.0078125 0.008333333333333333
0 0.43828125 0.30520833333333336 0.00625 0.010416666666666666
0 0.345703125 0.2989583333333333 0.00234375 0.0020833333333333333
0 0.298046875 0.29739583333333336 0.00234375 0.0010416666666666667
0 0.742578125 0.29635416666666664 0.00234375 0.0010416666666666667
0 0.228125 0.2947916666666667 0.0015625 0.0020833333333333333
0 0.555859375 0.296875 0.00703125 0.008333333333333333
0 0.26640625 0.2921875 0.0015625 0.0010416666666666667
0 0.36953125 0.2942708333333333 0.00625 0.007291666666666667
0 0.56953125 0.290625 0.00625 0.004166666666666667
0 0.523828125 0.2911458333333333 0.00703125 0.005208333333333333
0 0.317578125 0.28541666666666665 0.00234375 0.0020833333333333333
0 0.3328125 0.28489583333333335 0.003125 0.003125
0 0.7046875 0.2796875 0.0015625 0.0010416666666666667
0 0.356640625 0.2828125 0.00390625 0.007291666666666667
0 0.19609375 0.28072916666666664 0.0046875 0.005208333333333333
0 0.21796875 0.278125 0.0015625 0.0020833333333333333
0 0.291015625 0.27708333333333335 0.00234375 0.004166666666666667
0 0.535546875 0.27447916666666666 0.00390625 0.003125
0 0.6296875 0.2713541666666667 0.003125 0.0010416666666666667
0 0.4390625 0.2734375 0.009375 0.007291666666666667
0 0.30625 0.2708333333333333 0.0015625 0.0020833333333333333
0 0.66875 0.26927083333333335 0.0015625 0.003125
0 0.38203125 0.2713541666666667 0.0046875 0.007291666666666667
0 0.558984375 0.2682291666666667 0.00390625 0.003125
0 0.40390625 0.26979166666666665 0.003125 0.00625
0 0.323046875 0.2671875 0.00078125 0.0010416666666666667
0 0.33984375 0.26666666666666666 0.003125 0.0020833333333333333
0 0.672265625 0.26510416666666664 0.00234375 0.003125
0 0.366015625 0.26614583333333336 0.00390625 0.005208333333333333
0 0.724609375 0.25833333333333336 0.00234375 0.0020833333333333333
0 0.53203125 0.25625 0.00625 0.004166666666666667
0 0.35390625 0.2552083333333333 0.0015625 0.0020833333333333333
0 0.20625 0.2552083333333333 0.003125 0.0020833333333333333
0 0.393359375 0.25364583333333335 0.00546875 0.007291666666666667
0 0.61796875 0.24635416666666668 0.003125 0.0010416666666666667
0 0.44765625 0.24947916666666667 0.0078125 0.007291666666666667
0 0.316796875 0.24635416666666668 0.00234375 0.007291666666666667
0 0.3359375 0.24375 0.0046875 0.00625
0 0.60390625 0.23958333333333334 0.003125 0.0020833333333333333
0 0.30234375 0.23697916666666666 0.003125 0.007291666666666667
0 0.728125 0.23645833333333333 0.00625 0.008333333333333333
0 0.534375 0.23333333333333334 0.00625 0.004166666666666667
0 0.212109375 0.23177083333333334 0.00078125 0.0010416666666666667
0 0.363671875 0.23125 0.00234375 0.0020833333333333333
0 0.275390625 0.2296875 0.00078125 0.0010416666666666667
0 0.257421875 0.2296875 0.00078125 0.0010416666666666667
0 0.457421875 0.22916666666666666 0.00390625 0.004166666666666667
0 0.380859375 0.22760416666666666 0.00234375 0.003125
0 0.342578125 0.225 0.00234375 0.00625
0 0.325 0.22083333333333333 0.003125 0.00625
0 0.39609375 0.21822916666666667 0.009375 0.007291666666666667
0 0.466796875 0.21302083333333333 0.00390625 0.005208333333333333
0 0.36875 0.2109375 0.0046875 0.005208333333333333
0 0.28515625 0.2109375 0.003125 0.007291666666666667
0 0.45078125 0.20729166666666668 0.00625 0.00625
0 0.31015625 0.20677083333333332 0.00625 0.007291666666666667
