0 0.62109375 0.8479166666666667 0.003125 0.004166666666666667
0 0.603125 0.8395833333333333 0.0046875 0.004166666666666667
0 0.375390625 0.840625 0.00859375 0.008333333333333333
0 0.340234375 0.8364583333333333 0.00078125 0.0020833333333333333
0 0.305078125 0.8369791666666667 0.00234375 0.003125
0 0.22578125 0.8359375 0.0015625 0.0010416666666666667
0 0.531640625 0.8364583333333333 0.00390625 0.004166666666666667
0 0.245703125 0.8390625 0.00546875 0.009375
0 0.477734375 0.8390625 0.00546875 0.011458333333333333
0 0.435546875 0.8385416666666666 0.00234375 0.010416666666666666
0 0.340234375 0.8338541666666667 0.00078125 0.0010416666666666667
0 0.63984375 0.8338541666666667 0.0015625 0.003125
0 0.5796875 0.8364583333333333 0.0046875 0.008333333333333333
0 0.561328125 0.8354166666666667 0.00546875 0.00625
0 0.66171875 0.8322916666666667 0.0046875 0.00625
0 0.514453125 0.8348958333333333 0.00703125 0.011458333333333333
0 0.287109375 0.834375 0.00859375 0.010416666666666666
0 0.388671875 0.8286458333333333 0.00234375 0.0010416666666666667
0 0.6796875 0.8286458333333333 0.003125 0.003125
0 0.45234375 0.8286458333333333 0.00625 0.009375
0 0.358984375 0.8276041666666667 0.00546875 0.007291666666666667
0 0.696875 0.8239583333333333 0.003125 0.0020833333333333333
0 0.545703125 0.821875 0.00546875 0.004166666666666667
0 0.626171875 0.8171875 0.00078125 0.0010416666666666667
0 0.648828125 0.8140625 0.00078125 0.0010416666666666667
0 0.468359375 0.8171875 0.00390625 0.007291666666666667
0 0.426953125 0.8161458333333333 0.00390625 0.005208333333333333
0 0.608203125 0.8109375 0.00234375 0.003125
0 0.525 0.8114583333333333 0.0046875 0.004166666666666667
0 0.666796875 0.8088541666666667 0.00234375 0.0010416666666666667
0 0.334375 0.8130208333333333 0.00625 0.009375
0 0.375390625 0.8119791666666667 0.00546875 0.009375
0 0.404296875 0.8083333333333333 0.00546875 0.008333333333333333
0 0.684765625 0.8026041666666667 0.00078125 0.0010416666666666667
0 0.484765625 0.8046875 0.00390625 0.005208333333333333
0 0.443359375 0.8036458333333333 0.00546875 0.007291666666666667
0 0.354296875 0.8010416666666667 0.00546875 0.00625
0 0.501171875 0.7963541666666667 0.00234375 0.0010416666666666667
0 0.310546875 0.7994791666666666 0.00703125 0.007291666666666667
0 0.637890625 0.7932291666666667 0.00234375 0.0010416666666666667
0 0.65625 0.7911458333333333 0.0015625 0.0010416666666666667
0 0.618359375 0.7916666666666666 0.00234375 0.0020833333333333333
0 0.46484375 0.7932291666666667 0.0046875 0.005208333333333333
0 0.39140625 0.7932291666666667 0.0046875 0.009375
0 0.57109375 0.7895833333333333 0.0046875 0.004166666666666667
0 0.5171875 0.7890625 0.0046875 0.007291666666666667
0 0.368359375 0.7890625 0.00390625 0.007291666666666667
0 0.3390625 0.784375 0.0046875 0.00625
0 0.693359375 0.7807291666666667 0.00078125 0.0010416666666666667
0 0.69140625 0.7807291666666667 0.0015625 0.0010416666666666667
0 0.601953125 0.78125 0.00390625 0.0020833333333333333
0 0.48046875 0.7817708333333333 0.003125 0.003125
0 0.432421875 0.7848958333333333 0.00390625 0.009375
0 0.297265625 0.7828125 0.00546875 0.009375
0 0.67109375 0.7786458333333334 0.0046875 0.005208333333333333
0 0.354296875 0.7729166666666667 0.00234375 0.0020833333333333333
0 0.31484375 0.7729166666666667 0.0015625 0.0020833333333333333
0 0.63125 0.771875 0.003125 0.0020833333333333333
0 0.530859375 0.7739583333333333 0.00390625 0.00625
0 0.583203125 0.7703125 0.00234375 0.005208333333333333
0 0.466015625 0.7703125 0.00390625 0.005208333333333333
0 0.648828125 0.76875 0.00234375 0.004166666666666667
0 0.49921875 0.7697916666666667 0.0046875 0.00625
0 0.564453125 0.7661458333333333 0.00078125 0.0010416666666666667
0 0.388671875 0.7682291666666666 0.00390625 0.005208333333333333
0 0.370703125 0.7635416666666667 0.00390625 0.0020833333333333333
0 0.515625 0.7614583333333333 0.003125 0.0020833333333333333
0 0.27265625 0.759375 0.003125 0.0020833333333333333
0 0.342578125 0.7572916666666667 0.00390625 0.0020833333333333333
0 0.604296875 0.75625 0.00390625 0.0020833333333333333
0 0.40546875 0.7567708333333333 0.0046875 0.005208333333333333
0 0.483984375 0.7541666666666667 0.00390625 0.0020833333333333333
0 0.621875 0.7489583333333333 0.003125 0.00625
0 0.553515625 0.746875 0.00234375 0.004166666666666667
0 0.64609375 0.7442708333333333 0.003125 0.003125
0 0.45703125 0.7458333333333333 0.003125 0.00625
0 0.384765625 0.7458333333333333 0.00390625 0.00625
0 0.356640625 0.7442708333333333 0.00234375 0.003125
0 0.501171875 0.7458333333333333 0.00390625 0.008333333333333333
0 0.592578125 0.7401041666666667 0.00234375 0.0010416666666666667
0 0.263671875 0.7380208333333333 0.00078125 0.0010416666666666667
0 0.335546875 0.7369791666666666 0.00234375 0.0010416666666666667
0 0.414453125 0.7385416666666667 0.00390625 0.00625
0 0.7359375 0.73125 0.0046875 0.0020833333333333333
0 0.4875 0.7328125 0.003125 0.005208333333333333
0 0.6296875 0.7307291666666667 0.0046875 0.003125
0 0.512109375 0.7286458333333333 0.00234375 0.003125
0 0.469140625 0.7296875 0.00390625 0.005208333333333333
0 0.397265625 0.7296875 0.00390625 0.007291666666666667
0 0.562109375 0.7260416666666667 0.00234375 0.008333333333333333
0 0.77578125 0.7213541666666666 0.0015625 0.0010416666666666667
0 0.453515625 0.7203125 0.00390625 0.007291666666666667
0 0.600390625 0.7182291666666667 0.00390625 0.007291666666666667
0 0.34609375 0.715625 0.0015625 0.0020833333333333333
0 0.255078125 0.7145833333333333 0.00234375 0.0020833333333333333
0 0.329296875 0.7140625 0.00234375 0.003125
0 0.6765625 0.7145833333333333 0.0046875 0.00625
0 0.61953125 0.7119791666666667 0.0046875 0.009375
0 0.437109375 0.7109375 0.00390625 0.007291666666666667
0 0.387890625 0.7098958333333333 0.00390625 0.005208333333333333
0 0.481640625 0.7104166666666667 0.00390625 0.008333333333333333
0 0.370703125 0.7088541666666667 0.00234375 0.005208333333333333
0 0.3125 0.7072916666666667 0.0015625 0.0020833333333333333
0 0.537890625 0.7072916666666667 0.00390625 0.004166666666666667
0 0.419140625 0.7098958333333333 0.00390625 0.009375
0 0.5 0.70625 0.003125 0.004166666666666667
0 0.637109375 0.7067708333333333 0.00390625 0.007291666666666667
0 0.52109375 0.7036458333333333 0.0015625 0.0010416666666666667
0 0.56171875 0.6979166666666666 0.0015625 0.0020833333333333333
0 0.35703125 0.6973958333333333 0.0015625 0.003125
0 0.27421875 0.6963541666666667 0.0015625 0.0010416666666666667
0 0.205078125 0.696875 0.00234375 0.0020833333333333333
0 0.707421875 0.6963541666666667 0.00390625 0.003125
0 0.65703125 0.6979166666666666 0.0046875 0.00625
0 0.57890625 0.6989583333333333 0.0046875 0.010416666666666666
0 0.449609375 0.696875 0.00390625 0.008333333333333333
0 0.301171875 0.6932291666666667 0.00078125 0.0010416666666666667
0 0.258203125 0.6911458333333333 0.00078125 0.0010416666666666667
0 0.60234375 0.69375 0.0046875 0.008333333333333333
0 0.401953125 0.6927083333333334 0.00390625 0.00625
0 0.7421875 0.6890625 0.003125 0.0010416666666666667
0 0.431640625 0.6880208333333333 0.00390625 0.005208333333333333
0 0.380859375 0.6880208333333333 0.00390625 0.007291666666666667
0 0.316796875 0.6848958333333334 0.00234375 0.003125
0 0.54765625 0.6859375 0.0046875 0.007291666666666667
0 0.478125 0.6854166666666667 0.0046875 0.00625
0 0.50390625 0.6854166666666667 0.0046875 0.008333333333333333
0 0.630859375 0.6828125 0.00390625 0.007291666666666667
0 0.521484375 0.6817708333333333 0.00390625 0.007291666666666667
0 0.28515625 0.6786458333333333 0.003125 0.003125
0 0.415234375 0.6791666666666667 0.00390625 0.010416666666666666
0 0.353515625 0.675 0.00390625 0.004166666666666667
0 0.444921875 0.6729166666666667 0.00390625 0.004166666666666667
0 0.251171875 0.6682291666666667 0.00234375 0.0010416666666666667
0 0.390625 0.6697916666666667 0.0046875 0.008333333333333333
0 0.3390625 0.6666666666666666 0.0015625 0.0020833333333333333
0 0.429296875 0.6645833333333333 0.00390625 0.00625
0 0.4921875 0.6651041666666667 0.0046875 0.009375
0 0.475 0.6630208333333333 0.0046875 0.007291666666666667
0 0.36953125 0.6619791666666667 0.0046875 0.005208333333333333
0 0.288671875 0.6557291666666667 0.00078125 0.003125
0 0.72421875 0.6567708333333333 0.0046875 0.007291666666666667
0 0.352734375 0.6515625 0.00078125 0.0010416666666666667
0 0.23359375 0.6505208333333333 0.0015625 0.003125
0 0.384765625 0.6494791666666667 0.00546875 0.005208333333333333
0 0.442578125 0.6494791666666667 0.00546875 0.007291666666666667
0 0.3078125 0.646875 0.0015625 0.0020833333333333333
0 0.682421875 0.6479166666666667 0.00546875 0.00625
0 0.249609375 0.6432291666666666 0.00078125 0.0010416666666666667
0 0.48671875 0.640625 0.0046875 0.00625
0 0.27890625 0.6385416666666667 0.0015625 0.0020833333333333333
0 0.369140625 0.6395833333333333 0.00390625 0.008333333333333333
0 0.322265625 0.6348958333333333 0.00390625 0.003125
0 0.442578125 0.6333333333333333 0.00234375 0.0020833333333333333
0 0.29453125 0.6317708333333333 0.0015625 0.003125
0 0.444140625 0.6302083333333334 0.00078125 0.0020833333333333333
0 0.233984375 0.6265625 0.00234375 0.003125
0 0.443359375 0.6255208333333333 0.00234375 0.005208333333333333
0 0.310546875 0.6197916666666666 0.00234375 0.004166666666666667
0 0.688671875 0.6197916666666666 0.00546875 0.008333333333333333
0 0.352734375 0.6166666666666667 0.00390625 0.004166666666666667
0 0.330078125 0.6145833333333334 0.00234375 0.004166666666666667
0 0.369921875 0.6135416666666667 0.00390625 0.00625
0 0.258984375 0.6109375 0.00078125 0.0010416666666666667
0 0.22265625 0.6114583333333333 0.0015625 0.0020833333333333333
0 0.561328125 0.6114583333333333 0.00390625 0.00625
0 0.278125 0.6078125 0.0015625 0.0010416666666666667
0 0.24296875 0.6072916666666667 0.0015625 0.0020833333333333333
0 0.39453125 0.6088541666666667 0.0046875 0.009375
0 0.29453125 0.6010416666666667 0.0015625 0.0020833333333333333
0 0.43203125 0.6020833333333333 0.0046875 0.010416666666666666
0 0.313671875 0.5979166666666667 0.00390625 0.004166666666666667
0 0.37109375 0.5927083333333333 0.0046875 0.008333333333333333
0 0.254296875 0.5869791666666667 0.00078125 0.0010416666666666667
0 0.23671875 0.5869791666666667 0.0015625 0.0010416666666666667
0 0.39453125 0.5848958333333333 0.003125 0.005208333333333333
0 0.325390625 0.5822916666666667 0.00546875 0.004166666666666667
0 0.61875 0.58125 0.003125 0.004166666666666667
0 0.516796875 0.5802083333333333 0.00546875 0.010416666666666666
0 0.758203125 0.5755208333333334 0.00390625 0.007291666666666667
0 0.534765625 0.5692708333333333 0.00234375 0.003125
0 0.263671875 0.5671875 0.00078125 0.0010416666666666667
0 0.315625 0.5619791666666667 0.0046875 0.003125
0 0.298828125 0.5598958333333334 0.00078125 0.0010416666666666667
0 0.73828125 0.5609375 0.0046875 0.005208333333333333
0 0.336328125 0.5598958333333334 0.00546875 0.003125
0 0.23671875 0.5489583333333333 0.003125 0.0020833333333333333
0 0.255078125 0.5484375 0.00234375 0.003125
0 0.50546875 0.5494791666666666 0.0046875 0.007291666666666667
0 0.188671875 0.5447916666666667 0.00234375 0.0020833333333333333
0 0.13359375 0.54375 0.003125 0.004166666666666667
0 0.274609375 0.5395833333333333 0.00234375 0.0020833333333333333
0 0.41875 0.5427083333333333 0.0078125 0.010416666666666666
0 0.341015625 0.5328125 0.00078125 0.0010416666666666667
0 0.211328125 0.5317708333333333 0.00078125 0.003125
0 0.244140625 0.5291666666666667 0.00078125 0.0020833333333333333
0 0.2609375 0.528125 0.0015625 0.0020833333333333333
0 0.302734375 0.5244791666666667 0.00390625 0.003125
0 0.504296875 0.5270833333333333 0.00546875 0.010416666666666666
0 0.31953125 0.5192708333333333 0.0046875 0.003125
0 0.414453125 0.5213541666666667 0.00546875 0.009375
0 0.335546875 0.5125 0.00390625 0.004166666666666667
0 0.25234375 0.5104166666666666 0.0015625 0.0020833333333333333
0 0.37109375 0.5072916666666667 0.0046875 0.004166666666666667
0 0.762890625 0.5005208333333333 0.00390625 0.003125
0 0.38671875 0.49947916666666664 0.0046875 0.009375
0 0.271484375 0.49635416666666665 0.00234375 0.003125
0 0.671875 0.4973958333333333 0.00625 0.009375
0 0.403125 0.4947916666666667 0.0046875 0.008333333333333333
0 0.287109375 0.49114583333333334 0.00390625 0.003125
0 0.216796875 0.4895833333333333 0.00078125 0.0020833333333333333
0 0.25546875 0.48541666666666666 0.0015625 0.0020833333333333333
0 0.302734375 0.48489583333333336 0.00390625 0.003125
0 0.230859375 0.478125 0.00234375 0.0020833333333333333
0 0.7734375 0.47604166666666664 0.0015625 0.0020833333333333333
0 0.164453125 0.47604166666666664 0.00078125 0.0020833333333333333
0 0.2765625 0.475 0.0015625 0.0020833333333333333
0 0.3703125 0.4765625 0.0046875 0.007291666666666667
0 0.326171875 0.4734375 0.00390625 0.009375
0 0.198046875 0.465625 0.00078125 0.0020833333333333333
0 0.4953125 0.4635416666666667 0.0078125 0.010416666666666666
0 0.181640625 0.4588541666666667 0.00078125 0.0010416666666666667
0 0.237890625 0.459375 0.00234375 0.004166666666666667
0 0.36796875 0.4557291666666667 0.0046875 0.007291666666666667
0 0.33359375 0.4505208333333333 0.0046875 0.003125
0 0.51171875 0.45208333333333334 0.0078125 0.008333333333333333
0 0.737109375 0.44375 0.00390625 0.0020833333333333333
0 0.247265625 0.440625 0.00234375 0.0020833333333333333
0 0.635546875 0.4427083333333333 0.00546875 0.010416666666666666
0 0.233984375 0.43072916666666666 0.00078125 0.0010416666666666667
0 0.7015625 0.42916666666666664 0.0046875 0.00625
0 0.746484375 0.4244791666666667 0.00078125 0.0010416666666666667
0 0.72890625 0.425 0.0015625 0.0020833333333333333
0 0.308984375 0.4265625 0.00546875 0.005208333333333333
0 0.187109375 0.4197916666666667 0.00078125 0.0020833333333333333
0 0.687109375 0.4192708333333333 0.00546875 0.007291666666666667
0 0.26484375 0.4166666666666667 0.0015625 0.0020833333333333333
0 0.1703125 0.41354166666666664 0.0015625 0.0020833333333333333
0 0.202734375 0.40989583333333335 0.00234375 0.0010416666666666667
0 0.278515625 0.40520833333333334 0.00546875 0.0020833333333333333
0 0.741015625 0.4036458333333333 0.00078125 0.0010416666666666667
0 0.241796875 0.403125 0.00078125 0.0020833333333333333
0 0.740234375 0.4015625 0.00078125 0.0010416666666666667
0 0.21640625 0.39739583333333334 0.0015625 0.003125
0 0.756640625 0.39427083333333335 0.00078125 0.0010416666666666667
0 0.29453125 0.3953125 0.0046875 0.003125
0 0.55703125 0.39375 0.0046875 0.00625
0 0.5328125 0.3927083333333333 0.00625 0.00625
0 0.438671875 0.39114583333333336 0.00546875 0.009375
0 0.232421875 0.3859375 0.00078125 0.0010416666666666667
0 0.337109375 0.3875 0.00546875 0.00625
0 0.176171875 0.3859375 0.00390625 0.003125
0 0.248046875 0.37916666666666665 0.00078125 0.0020833333333333333
0 0.705859375 0.38125 0.00546875 0.008333333333333333
0 0.283984375 0.378125 0.00390625 0.0020833333333333333
0 0.265625 0.3776041666666667 0.003125 0.003125
0 0.740625 0.37604166666666666 0.003125 0.0020833333333333333
0 0.51875 0.37916666666666665 0.00625 0.008333333333333333
0 0.300390625 0.37604166666666666 0.00546875 0.004166666666666667
0 0.547265625 0.378125 0.00703125 0.010416666666666666
0 0.576171875 0.3770833333333333 0.00546875 0.010416666666666666
0 0.40078125 0.37135416666666665 0.0046875 0.009375
0 0.226953125 0.36770833333333336 0.00234375 0.0020833333333333333
0 0.322265625 0.3645833333333333 0.00546875 0.004166666666666667
0 0.25390625 0.3609375 0.0046875 0.003125
0 0.2703125 0.3578125 0.0046875 0.003125
0 0.52578125 0.359375 0.00625 0.008333333333333333
0 0.182421875 0.35572916666666665 0.00078125 0.0010416666666666667
0 0.857421875 0.3536458333333333 0.00546875 0.003125
0 0.739453125 0.353125 0.00234375 0.0020833333333333333
0 0.2171875 0.35260416666666666 0.0015625 0.0010416666666666667
0 0.2375 0.35208333333333336 0.003125 0.0020833333333333333
0 0.391796875 0.3546875 0.00546875 0.009375
0 0.287109375 0.3458333333333333 0.00234375 0.0020833333333333333
0 0.779296875 0.34270833333333334 0.00390625 0.004166666666666667
0 0.303515625 0.340625 0.00703125 0.004166666666666667
0 0.257421875 0.340625 0.00234375 0.004166666666666667
0 0.63515625 0.3390625 0.0078125 0.007291666666666667
0 0.273046875 0.3380208333333333 0.00390625 0.005208333333333333
0 0.226953125 0.3338541666666667 0.00078125 0.0010416666666666667
0 0.51015625 0.33697916666666666 0.0078125 0.009375
0 0.2421875 0.3338541666666667 0.003125 0.003125
0 0.17890625 0.32864583333333336 0.0046875 0.003125
0 0.2921875 0.3265625 0.00625 0.005208333333333333
0 0.750390625 0.325 0.00390625 0.004166666666666667
0 0.478125 0.32760416666666664 0.0078125 0.009375
0 0.496875 0.3260416666666667 0.0078125 0.010416666666666666
0 0.672265625 0.321875 0.00234375 0.004166666666666667
0 0.6453125 0.3234375 0.00625 0.007291666666666667
0 0.37421875 0.32447916666666665 0.0078125 0.009375
0 0.26328125 0.321875 0.003125 0.004166666666666667
0 0.621875 0.321875 0.00625 0.00625
0 0.235546875 0.31614583333333335 0.00078125 0.0010416666666666667
0 0.152734375 0.3182291666666667 0.00390625 0.007291666666666667
0 0.403125 0.31875 0.0078125 0.010416666666666666
0 0.279296875 0.3171875 0.00703125 0.007291666666666667
0 0.20703125 0.3151041666666667 0.003125 0.003125
0 0.57109375 0.31354166666666666 0.0046875 0.004166666666666667
0 0.191015625 0.31354166666666666 0.00234375 0.004166666666666667
0 0.31953125 0.31302083333333336 0.0078125 0.007291666666666667
0 0.658203125 0.3098958333333333 0.00390625 0.005208333333333333
0 0.387109375 0.3109375 0.00703125 0.007291666666666667
0 0.25078125 0.30833333333333335 0.0015625 0.0020833333333333333
0 0.7171875 0.30885416666666665 0.00625 0.005208333333333333
0 0.60859375 0.30833333333333335 0.0046875 0.00625
0 0.3015625 0.3067708333333333 0.0046875 0.003125
0 0.223046875 0.30625 0.00390625 0.0020833333333333333
0 0.3671875 0.30364583333333334 0.0078125 0.009375
0 0.266796875 0.30052083333333335 0.00390625 0.003125
0 0.643359375 0.2994791666666667 0.00390625 0.005208333333333333
0 0.670703125 0.29739583333333336 0.00390625 0.005208333333333333
0 0.238671875 0.29635416666666664 0.00234375 0.003125
0 0.687109375 0.29739583333333336 0.00390625 0.007291666666666667
0 0.56328125 0.29791666666666666 0.00625 0.008333333333333333
0 0.49765625 0.2989583333333333 0.0078125 0.010416666666666666
0 0.33125 0.2989583333333333 0.0078125 0.010416666666666666
0 0.2828125 0.29635416666666664 0.0078125 0.005208333333333333
0 0.209375 0.29635416666666664 0.00625 0.005208333333333333
0 0.478125 0.29635416666666664 0.0078125 0.009375
0 0.166015625 0.2942708333333333 0.00703125 0.005208333333333333
0 0.31328125 0.29375 0.00625 0.008333333333333333
0 0.628515625 0.2911458333333333 0.00546875 0.007291666666666667
0 0.253125 0.28958333333333336 0.0046875 0.00625
0 0.39609375 0.290625 0.0078125 0.010416666666666666
0 0.34609375 0.2890625 0.0078125 0.007291666666666667
0 0.297265625 0.2859375 0.00546875 0.005208333333333333
0 0.190625 0.28489583333333335 0.0046875 0.003125
0 0.224609375 0.2859375 0.00703125 0.007291666666666667
0 0.744921875 0.2838541666666667 0.00859375 0.005208333333333333
0 0.40625 0.2786458333333333 0.0015625 0.0010416666666666667
0 0.266796875 0.28125 0.00390625 0.00625
0 0.7 0.278125 0.0046875 0.004166666666666667
0 0.653125 0.27708333333333335 0.00625 0.004166666666666667
0 0.32421875 0.2786458333333333 0.0078125 0.007291666666666667
0 0.507421875 0.2796875 0.00546875 0.011458333333333333
0 0.401171875 0.275 0.00078125 0.0020833333333333333
0 0.23984375 0.2760416666666667 0.0046875 0.004166666666666667
0 0.205859375 0.27708333333333335 0.00546875 0.00625
0 0.28359375 0.2765625 0.00625 0.007291666666666667
0 0.401171875 0.27239583333333334 0.00078125 0.0010416666666666667
0 0.382421875 0.27447916666666666 0.00703125 0.007291666666666667
0 0.35 0.2734375 0.003125 0.005208333333333333
0 0.162109375 0.27447916666666666 0.00703125 0.007291666666666667
0 0.590625 0.271875 0.0046875 0.004166666666666667
0 0.3671875 0.275 0.00625 0.010416666666666666
0 0.53515625 0.27395833333333336 0.0078125 0.010416666666666666
0 0.348828125 0.26875 0.00078125 0.0020833333333333333
0 0.628125 0.26927083333333335 0.00625 0.005208333333333333
0 0.308203125 0.2708333333333333 0.00859375 0.008333333333333333
0 0.25703125 0.26979166666666665 0.00625 0.008333333333333333
0 0.244140625 0.259375 0.00078125 0.004166666666666667
0 0.39296875 0.2604166666666667 0.0078125 0.008333333333333333
0 0.3375 0.259375 0.00625 0.00625
0 0.47265625 0.2609375 0.0078125 0.011458333333333333
0 0.321484375 0.259375 0.00703125 0.008333333333333333
0 0.273046875 0.2598958333333333 0.00703125 0.009375
0 0.664453125 0.2557291666666667 0.00390625 0.003125
0 0.28828125 0.25729166666666664 0.0046875 0.008333333333333333
0 0.228515625 0.25364583333333335 0.00390625 0.003125
0 0.168359375 0.25625 0.00546875 0.008333333333333333
0 0.683203125 0.25052083333333336 0.00390625 0.003125
0 0.36171875 0.253125 0.0078125 0.008333333333333333
0 0.620703125 0.24895833333333334 0.00703125 0.004166666666666667
0 0.603125 0.24635416666666668 0.0046875 0.003125
0 0.2140625 0.24895833333333334 0.00625 0.008333333333333333
0 0.444140625 0.24635416666666668 0.00546875 0.005208333333333333
0 0.383984375 0.24427083333333333 0.00859375 0.007291666666666667
0 0.331640625 0.24114583333333334 0.00390625 0.003125
0 0.558984375 0.24114583333333334 0.00859375 0.011458333333333333
0 0.43125 0.23854166666666668 0.0078125 0.008333333333333333
0 0.41484375 0.23541666666666666 0.00625 0.004166666666666667
0 0.744921875 0.23385416666666667 0.00703125 0.005208333333333333
0 0.53515625 0.23697916666666666 0.0078125 0.011458333333333333
0 0.398046875 0.2359375 0.00546875 0.009375
0 0.2890625 0.234375 0.00625 0.00625
0 0.355078125 0.23072916666666668 0.00234375 0.0010416666666666667
0 0.709375 0.23177083333333334 0.0078125 0.005208333333333333
0 0.174609375 0.23333333333333334 0.00859375 0.010416666666666666
0 0.233984375 0.2296875 0.00234375 0.005208333333333333
0 0.249609375 0.23020833333333332 0.00390625 0.010416666666666666
0 0.21796875 0.22552083333333334 0.0046875 0.005208333333333333
0 0.266015625 0.225 0.00546875 0.00625
0 0.38671875 0.22447916666666667 0.0078125 0.009375
0 0.59921875 0.2203125 0.0046875 0.003125
0 0.33671875 0.21979166666666666 0.0015625 0.0020833333333333333
0 0.282421875 0.21875 0.00703125 0.010416666666666666
0 0.56875 0.2171875 0.0078125 0.011458333333333333
0 0.410546875 0.21197916666666666 0.00546875 0.005208333333333333
0 0.240625 0.21145833333333333 0.0046875 0.004166666666666667
0 0.309375 0.2109375 0.003125 0.005208333333333333
0 0.368359375 0.2078125 0.00078125 0.0010416666666666667
0 0.365234375 0.20989583333333334 0.00390625 0.005208333333333333
0 0.35 0.20885416666666667 0.00625 0.005208333333333333
0 0.326171875 0.20625 0.00234375 0.004166666666666667
0 0.269921875 0.20416666666666666 0.00703125 0.004166666666666667
0 0.3984375 0.20104166666666667 0.00625 0.008333333333333333
0 0.203125 0.18541666666666667 0.0078125 0.008333333333333333
0 0.4109375 0.17916666666666667 0.0078125 0.010416666666666666
