0 0.810546875 0.8666471277842908 0.01328125 0.011137162954279016
0 0.5109375 0.8637162954279015 0.0109375 0.0076201641266119575
0 0.457421875 0.8519929660023446 0.01171875 0.008792497069167644
0 0.493359375 0.8449589683470106 0.01015625 0.008792497069167644
0 0.519140625 0.8443728018757327 0.01171875 0.008792497069167644
0 0.63046875 0.8329425556858148 0.0125 0.009378663540445486
0 0.46640625 0.832063305978898 0.0109375 0.008792497069167644
0 0.38046875 0.8291324736225087 0.0109375 0.008792497069167644
0 0.49375 0.7845838218053928 0.0109375 0.008792497069167644
0 0.661328125 0.7675849941383353 0.01171875 0.008792497069167644
0 0.61640625 0.7570339976553341 0.0125 0.008792497069167644
0 0.640234375 0.7564478311840562 0.01328125 0.008792497069167644
0 0.6859375 0.7341735052754983 0.0125 0.008792497069167644
0 0.595703125 0.727725674091442 0.01171875 0.008792497069167644
0 0.687109375 0.7151230949589683 0.01171875 0.009378663540445486
0 0.71640625 0.6981242672919109 0.0125 0.009378663540445486
0 0.790625 0.69021101992966 0.0125 0.008792497069167644
0 0.608203125 0.6843493552168816 0.01171875 0.008792497069167644
0 0.709765625 0.6749706916764361 0.01328125 0.008792497069167644
0 0.5421875 0.6664712778429074 0.0109375 0.008206330597889801
0 0.7375 0.6620750293083235 0.0125 0.008792497069167644
0 0.696484375 0.6591441969519344 0.01171875 0.008792497069167644
0 0.56328125 0.6576787807737398 0.0109375 0.008206330597889801
0 0.63359375 0.6488862837045721 0.0109375 0.008206330597889801
0 0.425390625 0.6441969519343493 0.01015625 0.007033997655334115
0 0.41640625 0.6260257913247362 0.009375 0.007033997655334115
0 0.535546875 0.6251465416178195 0.01015625 0.0076201641266119575
0 0.666796875 0.6233880422039859 0.01171875 0.0076201641266119575
0 0.6140625 0.6233880422039859 0.0109375 0.0076201641266119575
0 0.404296875 0.6113716295427901 0.01015625 0.007033997655334115
0 0.371484375 0.6014067995310668 0.00859375 0.007033997655334115
0 0.51953125 0.593200468933177 0.009375 0.007033997655334115
0 0.284765625 0.5908558030480656 0.00859375 0.007033997655334115
0 0.36171875 0.5844079718640094 0.009375 0.007033997655334115
0 0.63671875 0.57063305978898 0.0109375 0.0076201641266119575
0 0.3546875 0.5662368112543963 0.0109375 0.007033997655334115
0 0.807421875 0.563305978898007 0.01328125 0.009378663540445486
0 0.71015625 0.5609613130128956 0.0109375 0.008206330597889801
0 0.25703125 0.552168815943728 0.0109375 0.007033997655334115
0 0.715625 0.5436694021101993 0.0109375 0.0076201641266119575
0 0.805859375 0.5293083235638921 0.01171875 0.008206330597889801
0 0.532421875 0.5254982415005862 0.01015625 0.0076201641266119575
0 0.69765625 0.5167057444314185 0.0109375 0.008792497069167644
0 0.3453125 0.5087924970691676 0.009375 0.007033997655334115
0 0.630078125 0.5011723329425557 0.01015625 0.007033997655334115
0 0.48828125 0.5008792497069168 0.009375 0.0076201641266119575
0 0.697265625 0.5 0.01171875 0.008206330597889801
0 0.76875 0.4970691676436108 0.0109375 0.008206330597889801
0 0.495703125 0.48212192262602577 0.01015625 0.0076201641266119575
0 0.77890625 0.48007033997655335 0.0109375 0.007033997655334115
0 0.64921875 0.4791910902696366 0.0109375 0.0076201641266119575
0 0.531640625 0.47772567409144195 0.01015625 0.007033997655334115
0 0.626171875 0.47332942555685814 0.01015625 0.006447831184056272
0 0.5125 0.4642438452520516 0.0109375 0.007033997655334115
0 0.326171875 0.4604337631887456 0.01015625 0.006447831184056272
0 0.533984375 0.4604337631887456 0.01015625 0.0076201641266119575
0 0.469140625 0.45926143024618993 0.01015625 0.006447831184056272
0 0.702734375 0.45193434935521687 0.01015625 0.007033997655334115
0 0.45546875 0.4451934349355217 0.009375 0.006447831184056272
0 0.525390625 0.4451934349355217 0.01015625 0.0076201641266119575
0 0.4046875 0.43786635404454866 0.009375 0.007033997655334115
0 0.375 0.4276084407971864 0.009375 0.0076201641266119575
0 0.3484375 0.42467760844079716 0.009375 0.0076201641266119575
0 0.4078125 0.414126611957796 0.009375 0.0076201641266119575
0 0.5421875 0.4135404454865182 0.009375 0.0076201641266119575
0 0.34296875 0.4100234466588511 0.009375 0.0076201641266119575
0 0.376953125 0.40885111371629546 0.01015625 0.006447831184056272
0 0.27578125 0.4091441969519343 0.009375 0.007033997655334115
0 0.43046875 0.4018171160609613 0.009375 0.0076201641266119575
0 0.528515625 0.40093786635404455 0.01015625 0.007033997655334115
0 0.39609375 0.4006447831184056 0.009375 0.0076201641266119575
0 0.65546875 0.39654161781946073 0.0109375 0.0076201641266119575
0 0.2484375 0.39566236811254396 0.009375 0.007033997655334115
0 0.7140625 0.38276670574443145 0.0109375 0.008206330597889801
0 0.491796875 0.37631887456037516 0.00859375 0.007033997655334115
0 0.569921875 0.37192262602579135 0.01015625 0.0076201641266119575
0 0.2703125 0.3716295427901524 0.009375 0.007033997655334115
0 0.4484375 0.3710433763188746 0.009375 0.007033997655334115
0 0.7296875 0.3689917936694021 0.0109375 0.008792497069167644
0 0.38046875 0.36811254396248533 0.009375 0.007033997655334115
0 0.705859375 0.3648886283704572 0.01171875 0.0076201641266119575
0 0.7703125 0.3648886283704572 0.0125 0.008792497069167644
0 0.789453125 0.3516998827667057 0.01171875 0.008206330597889801
0 0.73125 0.3364595545134818 0.0125 0.008206330597889801
0 0.23359375 0.33264947245017584 0.0109375 0.0076201641266119575
0 0.749609375 0.32415005861664714 0.01328125 0.008206330597889801
0 0.64765625 0.29425556858147717 0.0109375 0.008206330597889801
0 0.359765625 0.2936694021101993 0.01015625 0.008206330597889801
0 0.41640625 0.2881008206330598 0.009375 0.008792497069167644
0 0.59765625 0.2845838218053927 0.0109375 0.008792497069167644
0 0.28359375 0.2737397420867526 0.0109375 0.008206330597889801
0 0.31796875 0.2690504103165299 0.009375 0.007033997655334115
0 0.265625 0.2664126611957796 0.0125 0.008792497069167644
0 0.373828125 0.26465416178194606 0.01015625 0.0076201641266119575
0 0.391796875 0.25263774912075027 0.01015625 0.008206330597889801
0 0.40859375 0.21365767878077374 0.009375 0.008792497069167644
0 0.55625 0.2130715123094959 0.009375 0.00996483001172333
0 0.74765625 0.17702227432590856 0.0140625 0.009378663540445486
0 0.72734375 0.17145369284876905 0.0140625 0.00996483001172333
0 0.3421875 0.17028135990621338 0.009375 0.008792497069167644
0 0.226953125 0.14830011723329425 0.01015625 0.007033997655334115
0 0.559765625 0.10638921453692848 0.00234375 0.0005861664712778429
0 0.568359375 0.08763188745603752 0.01015625 0.008792497069167644
