0 0.81640625 0.8689917936694022 0.0140625 0.011137162954279016
0 0.515625 0.8654747948417351 0.0109375 0.008792497069167644
0 0.46171875 0.8537514654161782 0.0109375 0.008792497069167644
0 0.498828125 0.847010550996483 0.01171875 0.009378663540445486
0 0.523828125 0.8464243845252052 0.01171875 0.009378663540445486
0 0.63515625 0.8349941383352872 0.0125 0.00996483001172333
0 0.47109375 0.8338218053927315 0.0109375 0.008792497069167644
0 0.384375 0.8308909730363423 0.0109375 0.008792497069167644
0 0.4984375 0.7866354044548651 0.0109375 0.008206330597889801
0 0.666015625 0.7696365767878077 0.01171875 0.009378663540445486
0 0.62109375 0.7590855803048066 0.0125 0.009378663540445486
0 0.6453125 0.7584994138335287 0.0125 0.009378663540445486
0 0.690625 0.7356389214536928 0.0125 0.008206330597889801
0 0.600390625 0.7294841735052755 0.01171875 0.008792497069167644
0 0.6921875 0.7165885111371629 0.0125 0.00996483001172333
0 0.72109375 0.6998827667057445 0.0125 0.009378663540445486
0 0.795703125 0.6913833528722158 0.01328125 0.008792497069167644
0 0.612890625 0.6858147713950762 0.01171875 0.008206330597889801
0 0.7140625 0.6764361078546307 0.0109375 0.009378663540445486
0 0.546875 0.667936694021102 0.0109375 0.0076201641266119575
0 0.7421875 0.6632473622508792 0.0125 0.008792497069167644
0 0.7015625 0.6603165298944901 0.0125 0.008792497069167644
0 0.56796875 0.6588511137162955 0.0109375 0.008206330597889801
0 0.638671875 0.6500586166471278 0.01171875 0.008206330597889801
0 0.430078125 0.6450762016412661 0.01015625 0.0076201641266119575
0 0.420703125 0.626905041031653 0.01015625 0.0076201641266119575
0 0.540625 0.6260257913247362 0.0109375 0.008206330597889801
0 0.671484375 0.6248534583821805 0.01171875 0.008206330597889801
0 0.61875 0.6245603751465416 0.0109375 0.0076201641266119575
0 0.408203125 0.6122508792497069 0.01015625 0.0076201641266119575
0 0.376171875 0.6022860492379836 0.01015625 0.006447831184056272
0 0.52421875 0.5940797186400938 0.009375 0.0076201641266119575
0 0.28828125 0.5917350527549824 0.009375 0.006447831184056272
0 0.365234375 0.5849941383352872 0.01015625 0.007033997655334115
0 0.641796875 0.5712192262602579 0.01015625 0.0076201641266119575
0 0.358203125 0.5671160609613131 0.01015625 0.0076201641266119575
0 0.812890625 0.5644783118405627 0.01171875 0.009378663540445486
0 0.71484375 0.5618405627198124 0.0109375 0.008792497069167644
0 0.26015625 0.5524618991793669 0.009375 0.006447831184056272
0 0.72109375 0.544841735052755 0.0109375 0.0076201641266119575
0 0.811328125 0.52989449003517 0.01171875 0.009378663540445486
0 0.5375 0.5263774912075029 0.009375 0.007033997655334115
0 0.70234375 0.5178780773739742 0.0109375 0.008792497069167644
0 0.3484375 0.5093786635404455 0.009375 0.007033997655334115
0 0.634375 0.5020515826494725 0.009375 0.006447831184056272
0 0.492578125 0.5014654161781946 0.01015625 0.0076201641266119575
0 0.701953125 0.5005861664712778 0.01171875 0.008206330597889801
0 0.7734375 0.49794841735052753 0.0109375 0.0076201641266119575
0 0.5 0.4827080890973036 0.0109375 0.006447831184056272
0 0.783203125 0.4803634232121923 0.01171875 0.0076201641266119575
0 0.65390625 0.4797772567409144 0.0109375 0.0076201641266119575
0 0.535546875 0.47772567409144195 0.00859375 0.008206330597889801
0 0.630859375 0.47362250879249707 0.01015625 0.007033997655334115
0 0.51640625 0.4645369284876905 0.0109375 0.006447831184056272
0 0.53828125 0.4610199296600234 0.0109375 0.0076201641266119575
0 0.3296875 0.4604337631887456 0.009375 0.006447831184056272
0 0.4734375 0.45955451348182885 0.009375 0.007033997655334115
0 0.70703125 0.4525205158264947 0.0109375 0.007033997655334115
0 0.46015625 0.4457796014067995 0.009375 0.006447831184056272
0 0.530078125 0.4457796014067995 0.01015625 0.0076201641266119575
0 0.408984375 0.43757327080890973 0.01015625 0.0076201641266119575
0 0.379296875 0.4276084407971864 0.01015625 0.0076201641266119575
0 0.35234375 0.42467760844079716 0.009375 0.0076201641266119575
0 0.546484375 0.4138335287221571 0.01015625 0.007033997655334115
0 0.412109375 0.414126611957796 0.01015625 0.0076201641266119575
0 0.346484375 0.4100234466588511 0.01015625 0.006447831184056272
0 0.380859375 0.40885111371629546 0.01015625 0.006447831184056272
0 0.27890625 0.40885111371629546 0.009375 0.006447831184056272
0 0.434375 0.40211019929660025 0.009375 0.007033997655334115
0 0.532421875 0.40093786635404455 0.01015625 0.007033997655334115
0 0.400390625 0.4006447831184056 0.01015625 0.0076201641266119575
0 0.659765625 0.39683470105509966 0.01015625 0.008206330597889801
0 0.2515625 0.3959554513481829 0.009375 0.006447831184056272
0 0.71796875 0.38335287221570924 0.0109375 0.008206330597889801
0 0.495703125 0.3766119577960141 0.00859375 0.0076201641266119575
0 0.573828125 0.37192262602579135 0.01015625 0.0076201641266119575
0 0.45234375 0.3713364595545135 0.009375 0.006447831184056272
0 0.2734375 0.3710433763188746 0.009375 0.007033997655334115
0 0.733984375 0.36957796014067995 0.01171875 0.008792497069167644
0 0.384765625 0.36811254396248533 0.01015625 0.007033997655334115
0 0.775 0.36518171160609614 0.0109375 0.008206330597889801
0 0.71015625 0.36518171160609614 0.0109375 0.008206330597889801
0 0.793359375 0.35199296600234464 0.01171875 0.0076201641266119575
0 0.7359375 0.33675263774912073 0.0109375 0.008792497069167644
0 0.23671875 0.332063305978898 0.0109375 0.0076201641266119575
0 0.753515625 0.324736225087925 0.01171875 0.008206330597889801
0 0.651953125 0.29425556858147717 0.01015625 0.008206330597889801
0 0.362890625 0.2933763188745604 0.01015625 0.0076201641266119575
0 0.4203125 0.2881008206330598 0.009375 0.008792497069167644
0 0.601953125 0.28487690504103164 0.01015625 0.008206330597889801
0 0.28671875 0.2734466588511137 0.0109375 0.008792497069167644
0 0.321484375 0.2675849941383353 0.01015625 0.008792497069167644
0 0.268359375 0.2661195779601407 0.01171875 0.008206330597889801
0 0.3765625 0.26436107854630714 0.0078125 0.008206330597889801
0 0.395703125 0.25263774912075027 0.01015625 0.009378663540445486
0 0.56015625 0.21365767878077374 0.009375 0.008792497069167644
0 0.412109375 0.21365767878077374 0.01015625 0.008792497069167644
0 0.7515625 0.17672919109026963 0.0125 0.00996483001172333
0 0.731640625 0.17116060961313012 0.01484375 0.010550996483001172
0 0.34609375 0.16969519343493553 0.009375 0.008792497069167644
0 0.230078125 0.1462485345838218 0.01015625 0.008792497069167644
0 0.571875 0.0873388042203986 0.0109375 0.008206330597889801
