0 0.45234375 0.9126611957796014 0.00625 0.008206330597889801
0 0.43046875 0.9050410316529894 0.0109375 0.010550996483001172
0 0.405078125 0.9006447831184057 0.01171875 0.0076201641266119575
0 0.473828125 0.89947245017585 0.01171875 0.00996483001172333
0 0.446875 0.8889214536928488 0.0078125 0.005275498241500586
0 0.416796875 0.8836459554513482 0.00546875 0.006447831184056272
0 0.325390625 0.8757327080890973 0.01171875 0.009378663540445486
0 0.46171875 0.8713364595545134 0.0078125 0.005275498241500586
0 0.43671875 0.8640093786635404 0.00625 0.005861664712778429
0 0.412109375 0.8648886283704572 0.01171875 0.00996483001172333
0 0.56953125 0.8604923798358733 0.0125 0.010550996483001172
0 0.5765625 0.8376318874560376 0.0125 0.010550996483001172
0 0.444140625 0.8311840562719812 0.01171875 0.009378663540445486
0 0.584375 0.8089097303634232 0.0125 0.010550996483001172
0 0.456640625 0.7977725674091442 0.01171875 0.009378663540445486
0 0.3703125 0.7927901524032825 0.0109375 0.008792497069167644
0 0.572265625 0.7766705744431418 0.01171875 0.010550996483001172
0 0.671484375 0.7599648300117233 0.01328125 0.00996483001172333
0 0.55859375 0.7558616647127784 0.0125 0.00996483001172333
0 0.685546875 0.7420867526377491 0.00859375 0.009378663540445486
0 0.624609375 0.7321219226260258 0.01328125 0.009378663540445486
0 0.5515625 0.7294841735052755 0.0125 0.008792497069167644
0 0.651953125 0.727725674091442 0.01328125 0.00996483001172333
0 0.394140625 0.7227432590855803 0.01171875 0.009378663540445486
0 0.5265625 0.720398593200469 0.0125 0.009378663540445486
0 0.671484375 0.7151230949589683 0.01328125 0.010550996483001172
0 0.577734375 0.7142438452520515 0.01328125 0.00996483001172333
0 0.496484375 0.7083821805392732 0.01171875 0.008792497069167644
0 0.698828125 0.7069167643610785 0.01328125 0.010550996483001172
0 0.312109375 0.7057444314185228 0.01171875 0.008206330597889801
0 0.519140625 0.6998827667057445 0.01171875 0.009378663540445486
0 0.59296875 0.6910902696365768 0.0125 0.009378663540445486
0 0.66640625 0.6896248534583822 0.0140625 0.00996483001172333
0 0.490234375 0.6644196951934349 0.01171875 0.008792497069167644
0 0.628125 0.664126611957796 0.0125 0.009378663540445486
0 0.57265625 0.6635404454865181 0.0125 0.009378663540445486
0 0.437109375 0.6535756154747948 0.01171875 0.008206330597889801
0 0.4015625 0.6532825322391559 0.0109375 0.008792497069167644
0 0.31640625 0.6368698710433763 0.0109375 0.008792497069167644
0 0.473828125 0.6307151230949589 0.01171875 0.008206330597889801
0 0.44375 0.6289566236811255 0.0109375 0.008206330597889801
0 0.22421875 0.6248534583821805 0.0125 0.008206330597889801
0 0.377734375 0.6125439624853458 0.01171875 0.008206330597889801
0 0.59765625 0.6075615474794842 0.0125 0.008792497069167644
0 0.7875 0.6052168815943728 0.0140625 0.00996483001172333
0 0.755078125 0.6052168815943728 0.01328125 0.00996483001172333
0 0.67421875 0.5987690504103166 0.0125 0.00996483001172333
0 0.319140625 0.5847010550996483 0.01171875 0.0076201641266119575
0 0.194140625 0.5826494724501758 0.01171875 0.008206330597889801
0 0.68125 0.5803048065650644 0.0125 0.009378663540445486
0 0.8078125 0.5694607268464243 0.0140625 0.00996483001172333
0 0.77578125 0.5662368112543963 0.0140625 0.010550996483001172
0 0.48828125 0.5580304806565064 0.0109375 0.008206330597889801
0 0.4328125 0.5533411488862837 0.0109375 0.008206330597889801
0 0.6625 0.552168815943728 0.0125 0.009378663540445486
0 0.2875 0.5381008206330598 0.0109375 0.008206330597889801
0 0.66171875 0.5348769050410317 0.0125 0.005275498241500586
0 0.591015625 0.5334114888628371 0.01171875 0.008206330597889801
0 0.737109375 0.5313599062133646 0.01328125 0.00996483001172333
0 0.45234375 0.5290152403282532 0.0109375 0.008792497069167644
0 0.74765625 0.5134818288393904 0.0125 0.008206330597889801
0 0.44921875 0.511137162954279 0.0109375 0.008206330597889801
0 0.61171875 0.5105509964830012 0.0125 0.009378663540445486
0 0.5875 0.5079132473622509 0.0125 0.008792497069167644
0 0.4875 0.5070339976553341 0.0109375 0.008206330597889801
0 0.4671875 0.492379835873388 0.0125 0.008206330597889801
0 0.490234375 0.48856975381008205 0.01171875 0.008792497069167644
0 0.583984375 0.48710433763188743 0.01171875 0.008206330597889801
0 0.4203125 0.48651817116060964 0.0109375 0.008206330597889801
0 0.26796875 0.485052754982415 0.0109375 0.008792497069167644
0 0.668359375 0.4824150058616647 0.01171875 0.008206330597889801
0 0.35546875 0.4803634232121923 0.0109375 0.008792497069167644
0 0.481640625 0.4718640093786635 0.01171875 0.009378663540445486
0 0.35234375 0.4618991793669402 0.0109375 0.008206330597889801
0 0.432421875 0.45926143024618993 0.01015625 0.008792497069167644
0 0.320703125 0.4575029308323564 0.01015625 0.008792497069167644
0 0.496484375 0.45574443141852283 0.01171875 0.008792497069167644
0 0.47265625 0.4510550996483001 0.0109375 0.008792497069167644
0 0.29375 0.4504689331770223 0.0109375 0.008792497069167644
0 0.423828125 0.4428487690504103 0.01171875 0.008792497069167644
0 0.583203125 0.44196951934349354 0.01171875 0.009378663540445486
0 0.248046875 0.43874560375146543 0.01171875 0.0076201641266119575
0 0.3515625 0.43786635404454866 0.0125 0.008206330597889801
0 0.312890625 0.4358147713950762 0.01171875 0.008792497069167644
0 0.373046875 0.43259085580304807 0.01171875 0.008206330597889801
0 0.405859375 0.43141852286049237 0.01171875 0.008206330597889801
0 0.285546875 0.4308323563892145 0.01171875 0.008206330597889801
0 0.211328125 0.42907385697538103 0.01171875 0.008206330597889801
0 0.475 0.42555685814771393 0.0109375 0.008206330597889801
0 0.587109375 0.42379835873388044 0.01171875 0.008206330597889801
0 0.431640625 0.42409144196951937 0.01171875 0.008792497069167644
0 0.61953125 0.4223329425556858 0.0125 0.0076201641266119575
0 0.33125 0.4220398593200469 0.0125 0.008206330597889801
0 0.309765625 0.4155920281359906 0.01328125 0.008206330597889801
0 0.183984375 0.414126611957796 0.01171875 0.0076201641266119575
0 0.44921875 0.4126611957796014 0.0109375 0.008206330597889801
0 0.681640625 0.40855803048065653 0.01171875 0.009378663540445486
0 0.29609375 0.4006447831184056 0.0125 0.0076201641266119575
0 0.5296875 0.39419695193434934 0.0109375 0.0076201641266119575
0 0.698046875 0.3939038686987104 0.01328125 0.009378663540445486
0 0.74140625 0.3898007033997655 0.0125 0.009378663540445486
0 0.6734375 0.38892145369284875 0.0125 0.008792497069167644
0 0.2078125 0.388042203985932 0.0125 0.008206330597889801
0 0.762109375 0.37631887456037516 0.01328125 0.009378663540445486
0 0.38515625 0.3698710433763189 0.0109375 0.008206330597889801
0 0.44921875 0.36400937866354044 0.0109375 0.008206330597889801
0 0.7015625 0.3590269636576788 0.0125 0.00996483001172333
0 0.362109375 0.35199296600234464 0.01171875 0.008792497069167644
0 0.7203125 0.34583821805392734 0.0125 0.009378663540445486
0 0.16875 0.3455451348182884 0.0125 0.008792497069167644
0 0.612890625 0.3115474794841735 0.01171875 0.008792497069167644
0 0.304296875 0.3050996483001172 0.01171875 0.008792497069167644
0 0.56015625 0.30011723329425555 0.0109375 0.009378663540445486
0 0.221875 0.28223915592028137 0.0125 0.008792497069167644
0 0.3359375 0.2790152403282532 0.0109375 0.009378663540445486
0 0.2578125 0.2757913247362251 0.009375 0.008792497069167644
0 0.20234375 0.2731535756154748 0.0140625 0.009378663540445486
0 0.50234375 0.26436107854630714 0.0109375 0.009378663540445486
0 0.3453125 0.2596717467760844 0.0109375 0.009378663540445486
0 0.1796875 0.25732708089097306 0.009375 0.008206330597889801
0 0.515625 0.22069167643610785 0.009375 0.00996483001172333
0 0.356640625 0.21834701055099648 0.01171875 0.00996483001172333
0 0.72265625 0.18405627198124266 0.0140625 0.011723329425556858
0 0.699609375 0.17848769050410315 0.01484375 0.011137162954279016
0 0.285546875 0.16881594372801875 0.01171875 0.010550996483001172
0 0.160546875 0.14097303634232122 0.01328125 0.00996483001172333
0 0.531640625 0.08089097303634232 0.01015625 0.011723329425556858
