0 0.337890625 0.9203125 0.01015625 0.015625
0 0.438671875 0.8229166666666666 0.01015625 0.0125
0 0.687109375 0.8197916666666667 0.01015625 0.0125
0 0.51015625 0.8104166666666667 0.009375 0.0125
0 0.575 0.80625 0.009375 0.0125
0 0.5953125 0.8026041666666667 0.009375 0.013541666666666667
0 0.526953125 0.8010416666666667 0.00859375 0.0125
0 0.33828125 0.8015625 0.009375 0.013541666666666667
0 0.632421875 0.8005208333333333 0.01015625 0.013541666666666667
0 0.70703125 0.7994791666666666 0.009375 0.013541666666666667
0 0.1953125 0.7953125 0.009375 0.013541666666666667
0 0.736328125 0.7942708333333334 0.01015625 0.013541666666666667
0 0.688671875 0.7921875 0.00859375 0.013541666666666667
0 0.54375 0.7911458333333333 0.009375 0.013541666666666667
0 0.86328125 0.7838541666666666 0.0109375 0.013541666666666667
0 0.67109375 0.7838541666666666 0.009375 0.013541666666666667
0 0.56875 0.7807291666666667 0.009375 0.013541666666666667
0 0.637890625 0.7776041666666667 0.01015625 0.011458333333333333
0 0.619921875 0.7765625 0.01015625 0.013541666666666667
0 0.4984375 0.771875 0.009375 0.0125
0 0.764453125 0.7677083333333333 0.01015625 0.0125
0 0.68515625 0.7671875 0.009375 0.013541666666666667
0 0.549609375 0.7661458333333333 0.00859375 0.013541666666666667
0 0.65859375 0.7651041666666667 0.009375 0.013541666666666667
0 0.588671875 0.7640625 0.01015625 0.013541666666666667
0 0.605859375 0.7614583333333333 0.00859375 0.0125
0 0.513671875 0.75625 0.00859375 0.0125
0 0.714453125 0.7557291666666667 0.01015625 0.013541666666666667
0 0.43984375 0.7557291666666667 0.009375 0.013541666666666667
0 0.40390625 0.7541666666666667 0.009375 0.0125
0 0.746484375 0.7526041666666666 0.01015625 0.013541666666666667
0 0.824609375 0.7515625 0.01015625 0.013541666666666667
0 0.88671875 0.7505208333333333 0.0109375 0.013541666666666667
0 0.638671875 0.7505208333333333 0.01015625 0.013541666666666667
0 0.621484375 0.7494791666666667 0.01015625 0.013541666666666667
0 0.4609375 0.7484375 0.009375 0.013541666666666667
0 0.673046875 0.7473958333333334 0.01015625 0.013541666666666667
0 0.369140625 0.7447916666666666 0.01015625 0.0125
0 0.69921875 0.74375 0.009375 0.0125
0 0.729296875 0.7432291666666667 0.01015625 0.013541666666666667
0 0.65546875 0.7421875 0.009375 0.013541666666666667
0 0.558203125 0.740625 0.00859375 0.0125
0 0.84609375 0.7390625 0.0109375 0.013541666666666667
0 0.446875 0.7328125 0.009375 0.013541666666666667
0 0.712890625 0.7322916666666667 0.01015625 0.014583333333333334
0 0.63046875 0.7286458333333333 0.009375 0.011458333333333333
0 0.59375 0.7291666666666666 0.009375 0.0125
0 0.484765625 0.7291666666666666 0.00859375 0.0125
0 0.5734375 0.7286458333333333 0.009375 0.013541666666666667
0 0.685546875 0.7270833333333333 0.01015625 0.0125
0 0.536328125 0.7270833333333333 0.00859375 0.0125
0 0.504296875 0.7255208333333333 0.00859375 0.013541666666666667
0 0.380859375 0.7244791666666667 0.01015625 0.013541666666666667
0 0.666015625 0.7229166666666667 0.01015625 0.0125
0 0.647265625 0.715625 0.01015625 0.0125
0 0.84453125 0.7145833333333333 0.0109375 0.0125
0 0.36484375 0.7145833333333333 0.009375 0.0125
0 0.806640625 0.7130208333333333 0.01015625 0.013541666666666667
0 0.711328125 0.709375 0.01015625 0.0125
0 0.60234375 0.709375 0.009375 0.0125
0 0.34609375 0.709375 0.009375 0.0125
0 0.58125 0.7072916666666667 0.009375 0.0125
0 0.49296875 0.7072916666666667 0.009375 0.0125
0 0.5640625 0.7036458333333333 0.009375 0.011458333333333333
0 0.53046875 0.7005208333333334 0.009375 0.013541666666666667
0 0.462109375 0.6942708333333333 0.00859375 0.011458333333333333
0 0.51015625 0.6916666666666667 0.009375 0.0125
0 0.36171875 0.6890625 0.009375 0.011458333333333333
0 0.6640625 0.6885416666666667 0.009375 0.0125
0 0.339453125 0.6869791666666667 0.00859375 0.011458333333333333
0 0.550390625 0.6854166666666667 0.00859375 0.0125
0 0.3078125 0.6828125 0.009375 0.013541666666666667
0 0.533984375 0.6776041666666667 0.00859375 0.011458333333333333
0 0.83515625 0.675 0.0109375 0.0125
0 0.566015625 0.6729166666666667 0.00859375 0.0125
0 0.432421875 0.671875 0.00859375 0.0125
0 0.7921875 0.6708333333333333 0.0109375 0.0125
0 0.492578125 0.6697916666666667 0.00859375 0.0125
0 0.511328125 0.6677083333333333 0.00859375 0.0125
0 0.2734375 0.6651041666666667 0.009375 0.011458333333333333
0 0.389453125 0.6625 0.00859375 0.0125
0 0.658203125 0.6604166666666667 0.01015625 0.0125
0 0.449609375 0.6604166666666667 0.00859375 0.0125
0 0.30859375 0.6588541666666666 0.009375 0.011458333333333333
0 0.807421875 0.6588541666666666 0.01171875 0.013541666666666667
0 0.4078125 0.6526041666666667 0.009375 0.011458333333333333
0 0.523828125 0.6515625 0.00859375 0.011458333333333333
0 0.572265625 0.65 0.00859375 0.0125
0 0.37734375 0.6458333333333334 0.009375 0.0125
0 0.26484375 0.64375 0.009375 0.0125
0 0.321875 0.6416666666666667 0.009375 0.0125
0 0.2828125 0.6390625 0.009375 0.011458333333333333
0 0.33984375 0.6364583333333333 0.009375 0.0125
0 0.556640625 0.634375 0.00859375 0.0125
0 0.512109375 0.63125 0.00859375 0.0125
0 0.813671875 0.6291666666666667 0.01015625 0.010416666666666666
0 0.579296875 0.6302083333333334 0.00859375 0.0125
0 0.539453125 0.6302083333333334 0.00859375 0.0125
0 0.838671875 0.625 0.00703125 0.0125
0 0.64140625 0.6161458333333333 0.009375 0.011458333333333333
0 0.525390625 0.6151041666666667 0.00859375 0.011458333333333333
0 0.347265625 0.6140625 0.00859375 0.011458333333333333
0 0.561328125 0.6119791666666666 0.00859375 0.011458333333333333
0 0.326953125 0.6104166666666667 0.00859375 0.0125
0 0.823046875 0.6098958333333333 0.01171875 0.013541666666666667
0 0.544921875 0.6046875 0.00859375 0.011458333333333333
0 0.225 0.6026041666666667 0.009375 0.011458333333333333
0 0.360546875 0.5979166666666667 0.00859375 0.0125
0 0.42890625 0.5848958333333333 0.0078125 0.011458333333333333
0 0.531640625 0.5822916666666667 0.00859375 0.010416666666666666
0 0.509375 0.5807291666666666 0.0078125 0.011458333333333333
0 0.40703125 0.5807291666666666 0.009375 0.011458333333333333
0 0.371484375 0.5796875 0.00859375 0.011458333333333333
0 0.451953125 0.5786458333333333 0.00859375 0.011458333333333333
0 0.57109375 0.5776041666666667 0.0078125 0.011458333333333333
0 0.8 0.5760416666666667 0.0109375 0.0125
0 0.556640625 0.565625 0.00859375 0.010416666666666666
0 0.298828125 0.565625 0.00859375 0.0125
0 0.812890625 0.5630208333333333 0.00859375 0.009375
0 0.486328125 0.5640625 0.00859375 0.011458333333333333
0 0.394921875 0.5635416666666667 0.00859375 0.0125
0 0.27265625 0.5635416666666667 0.009375 0.0125
0 0.325390625 0.559375 0.00859375 0.0125
0 0.456640625 0.5546875 0.00859375 0.011458333333333333
0 0.429296875 0.5520833333333334 0.00859375 0.010416666666666666
0 0.411328125 0.5520833333333334 0.00859375 0.0125
0 0.361328125 0.5505208333333333 0.00859375 0.011458333333333333
0 0.49921875 0.5494791666666666 0.0078125 0.011458333333333333
0 0.25234375 0.5494791666666666 0.009375 0.011458333333333333
0 0.85703125 0.5432291666666667 0.0109375 0.011458333333333333
0 0.39609375 0.5421875 0.009375 0.011458333333333333
0 0.380078125 0.5333333333333333 0.00859375 0.010416666666666666
0 0.19453125 0.5302083333333333 0.0078125 0.010416666666666666
0 0.413671875 0.5291666666666667 0.00859375 0.010416666666666666
0 0.6171875 0.5255208333333333 0.0078125 0.009375
0 0.253125 0.5260416666666666 0.009375 0.010416666666666666
0 0.21875 0.5260416666666666 0.009375 0.0125
0 0.44765625 0.5244791666666667 0.0078125 0.011458333333333333
0 0.271484375 0.5213541666666667 0.00859375 0.011458333333333333
0 0.4625 0.5140625 0.0078125 0.011458333333333333
0 0.426171875 0.5130208333333334 0.00859375 0.011458333333333333
0 0.233984375 0.5130208333333334 0.00859375 0.011458333333333333
0 0.20546875 0.5119791666666667 0.009375 0.011458333333333333
0 0.5578125 0.5020833333333333 0.0078125 0.010416666666666666
0 0.220703125 0.49895833333333334 0.00859375 0.0125
0 0.523046875 0.4953125 0.00859375 0.011458333333333333
0 0.446484375 0.4953125 0.00859375 0.011458333333333333
0 0.47421875 0.49322916666666666 0.0078125 0.011458333333333333
0 0.23828125 0.490625 0.009375 0.010416666666666666
0 0.41640625 0.48854166666666665 0.0078125 0.010416666666666666
0 0.21015625 0.4817708333333333 0.009375 0.011458333333333333
0 0.714453125 0.48072916666666665 0.01015625 0.011458333333333333
0 0.362109375 0.4765625 0.00859375 0.011458333333333333
0 0.673828125 0.47552083333333334 0.01015625 0.011458333333333333
0 0.44375 0.4734375 0.0078125 0.011458333333333333
0 0.404296875 0.4734375 0.00859375 0.011458333333333333
0 0.688671875 0.4703125 0.01015625 0.011458333333333333
0 0.188671875 0.46875 0.00859375 0.010416666666666666
0 0.568359375 0.4661458333333333 0.00703125 0.011458333333333333
0 0.409765625 0.4515625 0.00859375 0.011458333333333333
0 0.353125 0.4505208333333333 0.0078125 0.011458333333333333
0 0.538671875 0.44635416666666666 0.00859375 0.011458333333333333
0 0.43125 0.44375 0.0078125 0.010416666666666666
0 0.235546875 0.44427083333333334 0.00859375 0.011458333333333333
0 0.45234375 0.4421875 0.0078125 0.011458333333333333
0 0.84765625 0.44166666666666665 0.0265625 0.0125
0 0.306640625 0.44114583333333335 0.00859375 0.011458333333333333
0 0.277734375 0.4401041666666667 0.00859375 0.011458333333333333
0 0.39453125 0.43854166666666666 0.0078125 0.010416666666666666
0 0.46875 0.4328125 0.0078125 0.011458333333333333
0 0.4171875 0.4317708333333333 0.0078125 0.011458333333333333
0 0.778125 0.43020833333333336 0.009375 0.0125
0 0.527734375 0.42864583333333334 0.00859375 0.011458333333333333
0 0.672265625 0.421875 0.00859375 0.010416666666666666
0 0.544140625 0.4203125 0.00703125 0.011458333333333333
0 0.62265625 0.4192708333333333 0.0078125 0.011458333333333333
0 0.43046875 0.41875 0.0078125 0.010416666666666666
0 0.337109375 0.4171875 0.00859375 0.011458333333333333
0 0.37734375 0.41510416666666666 0.0078125 0.011458333333333333
0 0.803515625 0.4119791666666667 0.01015625 0.011458333333333333
0 0.589453125 0.41041666666666665 0.00859375 0.010416666666666666
0 0.46875 0.4109375 0.0078125 0.011458333333333333
0 0.191015625 0.39895833333333336 0.00859375 0.010416666666666666
0 0.61796875 0.39739583333333334 0.0078125 0.011458333333333333
0 0.888671875 0.39166666666666666 0.01015625 0.010416666666666666
0 0.46953125 0.39010416666666664 0.0078125 0.011458333333333333
0 0.216796875 0.39010416666666664 0.00859375 0.011458333333333333
0 0.51953125 0.3890625 0.0078125 0.011458333333333333
0 0.81484375 0.3875 0.0265625 0.014583333333333334
0 0.604296875 0.3859375 0.00859375 0.011458333333333333
0 0.269921875 0.37447916666666664 0.00859375 0.011458333333333333
0 0.872265625 0.37395833333333334 0.02578125 0.014583333333333334
0 0.48984375 0.3723958333333333 0.0078125 0.011458333333333333
0 0.5265625 0.36875 0.0078125 0.010416666666666666
0 0.5515625 0.36770833333333336 0.0078125 0.010416666666666666
0 0.76953125 0.3703125 0.0203125 0.026041666666666668
0 0.55859375 0.3489583333333333 0.0078125 0.010416666666666666
0 0.4890625 0.34739583333333335 0.0078125 0.011458333333333333
0 0.69375 0.3463541666666667 0.0109375 0.011458333333333333
0 0.35859375 0.3458333333333333 0.0078125 0.0125
0 0.280859375 0.3453125 0.00859375 0.011458333333333333
0 0.70859375 0.34322916666666664 0.0109375 0.011458333333333333
0 0.829296875 0.3411458333333333 0.01015625 0.011458333333333333
0 0.453125 0.3411458333333333 0.0078125 0.011458333333333333
0 0.797265625 0.33697916666666666 0.01015625 0.011458333333333333
0 0.57109375 0.31979166666666664 0.0078125 0.010416666666666666
0 0.344140625 0.3125 0.00859375 0.0125
0 0.38984375 0.3078125 0.0078125 0.011458333333333333
0 0.514453125 0.30416666666666664 0.00703125 0.010416666666666666
0 0.794921875 0.2942708333333333 0.01015625 0.011458333333333333
0 0.500390625 0.2942708333333333 0.00859375 0.011458333333333333
0 0.7515625 0.2890625 0.009375 0.011458333333333333
0 0.7125 0.284375 0.009375 0.010416666666666666
0 0.69140625 0.28177083333333336 0.009375 0.011458333333333333
0 0.24453125 0.27760416666666665 0.009375 0.013541666666666667
0 0.286328125 0.2703125 0.00859375 0.011458333333333333
0 0.76796875 0.2682291666666667 0.009375 0.011458333333333333
0 0.248828125 0.25833333333333336 0.00859375 0.0125
0 0.3609375 0.2526041666666667 0.0078125 0.011458333333333333
0 0.51953125 0.25104166666666666 0.0078125 0.010416666666666666
0 0.505859375 0.2390625 0.00859375 0.011458333333333333
0 0.250390625 0.22760416666666666 0.00859375 0.011458333333333333
