0 0.34375 0.9140625 0.0109375 0.015625
0 0.444140625 0.8166666666666667 0.00859375 0.0125
0 0.693359375 0.8145833333333333 0.01015625 0.0125
0 0.51640625 0.8046875 0.009375 0.013541666666666667
0 0.580859375 0.8005208333333333 0.01015625 0.013541666666666667
0 0.6015625 0.796875 0.009375 0.0125
0 0.532421875 0.7958333333333333 0.00859375 0.0125
0 0.34375 0.7953125 0.009375 0.013541666666666667
0 0.71328125 0.7942708333333334 0.009375 0.013541666666666667
0 0.63828125 0.7942708333333334 0.009375 0.013541666666666667
0 0.742578125 0.7895833333333333 0.01015625 0.0125
0 0.2015625 0.7895833333333333 0.009375 0.0125
0 0.694921875 0.7869791666666667 0.01015625 0.013541666666666667
0 0.54921875 0.7854166666666667 0.009375 0.0125
0 0.86953125 0.7786458333333334 0.0109375 0.013541666666666667
0 0.676953125 0.778125 0.01015625 0.014583333333333334
0 0.574609375 0.775 0.00859375 0.0125
0 0.64375 0.771875 0.009375 0.0125
0 0.626171875 0.7713541666666667 0.01015625 0.013541666666666667
0 0.504296875 0.765625 0.00859375 0.0125
0 0.77109375 0.7630208333333334 0.009375 0.013541666666666667
0 0.69140625 0.7619791666666667 0.009375 0.013541666666666667
0 0.55546875 0.7604166666666666 0.009375 0.0125
0 0.664453125 0.7598958333333333 0.01015625 0.013541666666666667
0 0.594921875 0.7588541666666667 0.01015625 0.013541666666666667
0 0.61171875 0.75625 0.009375 0.0125
0 0.519140625 0.7510416666666667 0.00859375 0.0125
0 0.720703125 0.7505208333333333 0.01015625 0.013541666666666667
0 0.44609375 0.7494791666666667 0.009375 0.013541666666666667
0 0.753125 0.746875 0.0109375 0.0125
0 0.41015625 0.7473958333333334 0.009375 0.013541666666666667
0 0.83125 0.7458333333333333 0.0109375 0.014583333333333334
0 0.644921875 0.7447916666666666 0.01015625 0.0125
0 0.893359375 0.7447916666666666 0.01171875 0.014583333333333334
0 0.627734375 0.7442708333333333 0.01015625 0.013541666666666667
0 0.6796875 0.7416666666666667 0.009375 0.0125
0 0.4671875 0.7421875 0.009375 0.013541666666666667
0 0.705078125 0.7390625 0.01015625 0.011458333333333333
0 0.375 0.7390625 0.009375 0.013541666666666667
0 0.735546875 0.7380208333333333 0.01015625 0.013541666666666667
0 0.66171875 0.7359375 0.009375 0.013541666666666667
0 0.563671875 0.734375 0.00859375 0.0125
0 0.853125 0.7338541666666667 0.0109375 0.013541666666666667
0 0.453125 0.7270833333333333 0.009375 0.0125
0 0.71953125 0.7265625 0.009375 0.013541666666666667
0 0.63671875 0.7229166666666667 0.009375 0.0125
0 0.59921875 0.7234375 0.009375 0.013541666666666667
0 0.579296875 0.7229166666666667 0.00859375 0.0125
0 0.5421875 0.721875 0.009375 0.0125
0 0.491015625 0.7223958333333333 0.00859375 0.013541666666666667
0 0.6921875 0.7208333333333333 0.009375 0.0125
0 0.51015625 0.7197916666666667 0.009375 0.0125
0 0.38671875 0.71875 0.009375 0.0125
0 0.672265625 0.7177083333333333 0.01015625 0.0125
0 0.653515625 0.7104166666666667 0.01015625 0.0125
0 0.8515625 0.709375 0.0109375 0.0125
0 0.81328125 0.7083333333333334 0.0109375 0.0125
0 0.3703125 0.7083333333333334 0.009375 0.0125
0 0.60859375 0.7041666666666667 0.009375 0.0125
0 0.71796875 0.703125 0.009375 0.0125
0 0.351953125 0.703125 0.00859375 0.0125
0 0.5875 0.7020833333333333 0.009375 0.0125
0 0.498828125 0.7010416666666667 0.00859375 0.0125
0 0.56953125 0.6979166666666666 0.009375 0.0125
0 0.536328125 0.6947916666666667 0.00859375 0.0125
0 0.467578125 0.6890625 0.00859375 0.011458333333333333
0 0.515625 0.6864583333333333 0.009375 0.0125
0 0.6703125 0.6833333333333333 0.009375 0.0125
0 0.3671875 0.6833333333333333 0.009375 0.0125
0 0.3453125 0.68125 0.009375 0.0125
0 0.55625 0.6796875 0.009375 0.011458333333333333
0 0.31328125 0.6760416666666667 0.009375 0.0125
0 0.53984375 0.671875 0.009375 0.0125
0 0.842578125 0.6692708333333334 0.01015625 0.013541666666666667
0 0.57265625 0.6666666666666666 0.009375 0.0125
0 0.7984375 0.6651041666666667 0.0109375 0.011458333333333333
0 0.437890625 0.665625 0.00859375 0.0125
0 0.498828125 0.6635416666666667 0.00859375 0.0125
0 0.5171875 0.6625 0.009375 0.0125
0 0.27890625 0.6588541666666666 0.009375 0.011458333333333333
0 0.394921875 0.6557291666666667 0.00859375 0.011458333333333333
0 0.6640625 0.6552083333333333 0.009375 0.0125
0 0.455078125 0.6546875 0.00859375 0.011458333333333333
0 0.8140625 0.6541666666666667 0.0109375 0.0125
0 0.314453125 0.6526041666666667 0.00859375 0.013541666666666667
0 0.413671875 0.6463541666666667 0.00859375 0.011458333333333333
0 0.5296875 0.6458333333333334 0.009375 0.0125
0 0.578515625 0.6447916666666667 0.00859375 0.0125
0 0.3828125 0.6395833333333333 0.009375 0.0125
0 0.2703125 0.6375 0.009375 0.0125
0 0.328125 0.6354166666666666 0.009375 0.0125
0 0.288671875 0.6322916666666667 0.01015625 0.010416666666666666
0 0.3453125 0.6302083333333334 0.009375 0.0125
0 0.5625 0.6291666666666667 0.009375 0.0125
0 0.517578125 0.6255208333333333 0.00859375 0.011458333333333333
0 0.586328125 0.6244791666666667 0.00859375 0.011458333333333333
0 0.5453125 0.6244791666666667 0.009375 0.011458333333333333
0 0.82109375 0.6223958333333334 0.0109375 0.013541666666666667
0 0.844140625 0.6203125 0.01015625 0.011458333333333333
0 0.647265625 0.6109375 0.00859375 0.011458333333333333
0 0.531640625 0.609375 0.00859375 0.0125
0 0.352734375 0.6078125 0.00859375 0.011458333333333333
0 0.567578125 0.60625 0.00859375 0.0125
0 0.8296875 0.6046875 0.0109375 0.013541666666666667
0 0.332421875 0.6041666666666666 0.00859375 0.0125
0 0.55078125 0.5989583333333334 0.009375 0.0125
0 0.230859375 0.5963541666666666 0.00859375 0.011458333333333333
0 0.366015625 0.5916666666666667 0.00859375 0.0125
0 0.434765625 0.5786458333333333 0.00859375 0.011458333333333333
0 0.5375 0.5765625 0.0078125 0.011458333333333333
0 0.412890625 0.575 0.00859375 0.010416666666666666
0 0.51484375 0.5744791666666667 0.0078125 0.011458333333333333
0 0.376953125 0.5734375 0.00859375 0.011458333333333333
0 0.457421875 0.5723958333333333 0.00859375 0.011458333333333333
0 0.576953125 0.5713541666666667 0.00859375 0.011458333333333333
0 0.80625 0.5703125 0.0109375 0.011458333333333333
0 0.562109375 0.5598958333333334 0.00859375 0.011458333333333333
0 0.304296875 0.5588541666666667 0.00859375 0.011458333333333333
0 0.81953125 0.5583333333333333 0.0109375 0.0125
0 0.4921875 0.5578125 0.0078125 0.011458333333333333
0 0.40078125 0.5572916666666666 0.009375 0.0125
0 0.278125 0.5567708333333333 0.009375 0.011458333333333333
0 0.330859375 0.553125 0.00859375 0.0125
0 0.462109375 0.5484375 0.00859375 0.011458333333333333
0 0.434765625 0.5458333333333333 0.00859375 0.010416666666666666
0 0.4171875 0.5458333333333333 0.009375 0.0125
0 0.366796875 0.5442708333333334 0.00859375 0.011458333333333333
0 0.5046875 0.5432291666666667 0.0078125 0.011458333333333333
0 0.2578125 0.5427083333333333 0.009375 0.0125
0 0.8640625 0.5369791666666667 0.0109375 0.011458333333333333
0 0.4015625 0.5354166666666667 0.009375 0.0125
0 0.385546875 0.5265625 0.00859375 0.011458333333333333
0 0.2 0.5239583333333333 0.0078125 0.010416666666666666
0 0.419921875 0.5223958333333333 0.00859375 0.011458333333333333
0 0.6234375 0.5192708333333333 0.0078125 0.011458333333333333
0 0.2578125 0.5192708333333333 0.009375 0.011458333333333333
0 0.223828125 0.5192708333333333 0.00859375 0.011458333333333333
0 0.453125 0.5182291666666666 0.0078125 0.011458333333333333
0 0.27734375 0.5151041666666667 0.009375 0.011458333333333333
0 0.468359375 0.5078125 0.00859375 0.011458333333333333
0 0.431640625 0.5067708333333333 0.00859375 0.011458333333333333
0 0.23984375 0.50625 0.0078125 0.010416666666666666
0 0.210546875 0.5046875 0.00859375 0.011458333333333333
0 0.563671875 0.49583333333333335 0.00859375 0.010416666666666666
0 0.226171875 0.4921875 0.00859375 0.011458333333333333
0 0.52890625 0.4895833333333333 0.0078125 0.010416666666666666
0 0.45234375 0.4890625 0.0078125 0.011458333333333333
0 0.4796875 0.4864583333333333 0.0078125 0.010416666666666666
0 0.24375 0.484375 0.009375 0.010416666666666666
0 0.421875 0.4822916666666667 0.0078125 0.010416666666666666
0 0.720703125 0.4744791666666667 0.00859375 0.011458333333333333
0 0.215234375 0.4744791666666667 0.00859375 0.011458333333333333
0 0.680078125 0.4703125 0.01015625 0.011458333333333333
0 0.367578125 0.46979166666666666 0.00859375 0.010416666666666666
0 0.44921875 0.4671875 0.0078125 0.011458333333333333
0 0.409765625 0.4661458333333333 0.00859375 0.011458333333333333
0 0.6953125 0.4640625 0.009375 0.011458333333333333
0 0.19375 0.46197916666666666 0.009375 0.011458333333333333
0 0.57421875 0.459375 0.0078125 0.010416666666666666
0 0.415234375 0.44479166666666664 0.00859375 0.010416666666666666
0 0.358984375 0.4432291666666667 0.00859375 0.011458333333333333
0 0.54375 0.4401041666666667 0.0078125 0.011458333333333333
0 0.84609375 0.43697916666666664 0.0109375 0.011458333333333333
0 0.43671875 0.43697916666666664 0.0078125 0.011458333333333333
0 0.241015625 0.4375 0.00859375 0.0125
0 0.458203125 0.4359375 0.00859375 0.011458333333333333
0 0.8625 0.4354166666666667 0.0109375 0.0125
0 0.312109375 0.4348958333333333 0.00859375 0.011458333333333333
0 0.4 0.4317708333333333 0.0078125 0.009375
0 0.282421875 0.43333333333333335 0.00859375 0.0125
0 0.47421875 0.42604166666666665 0.0078125 0.0125
0 0.42265625 0.425 0.0078125 0.010416666666666666
0 0.784765625 0.4239583333333333 0.01015625 0.0125
0 0.5328125 0.42239583333333336 0.0078125 0.011458333333333333
0 0.67890625 0.41510416666666666 0.009375 0.011458333333333333
0 0.55 0.41354166666666664 0.0078125 0.010416666666666666
0 0.629296875 0.4125 0.00859375 0.010416666666666666
0 0.4359375 0.4119791666666667 0.0078125 0.011458333333333333
0 0.342578125 0.40989583333333335 0.00859375 0.011458333333333333
0 0.3828125 0.4083333333333333 0.0078125 0.010416666666666666
0 0.810546875 0.40625 0.01015625 0.0125
0 0.47421875 0.4046875 0.0078125 0.011458333333333333
0 0.5953125 0.4036458333333333 0.0078125 0.011458333333333333
0 0.19609375 0.39166666666666666 0.009375 0.010416666666666666
0 0.625 0.390625 0.0078125 0.0125
0 0.89609375 0.3848958333333333 0.0109375 0.011458333333333333
0 0.475 0.38333333333333336 0.0078125 0.010416666666666666
0 0.830078125 0.3828125 0.01015625 0.011458333333333333
0 0.525 0.3828125 0.0078125 0.011458333333333333
0 0.221484375 0.38333333333333336 0.00859375 0.0125
0 0.81328125 0.3796875 0.0109375 0.011458333333333333
0 0.610546875 0.37864583333333335 0.00859375 0.011458333333333333
0 0.275390625 0.36822916666666666 0.00859375 0.011458333333333333
0 0.876953125 0.36770833333333336 0.02109375 0.014583333333333334
0 0.495703125 0.365625 0.00859375 0.010416666666666666
0 0.5328125 0.3625 0.0078125 0.010416666666666666
0 0.55703125 0.36041666666666666 0.0078125 0.0125
0 0.7765625 0.36354166666666665 0.0203125 0.027083333333333334
0 0.5640625 0.34270833333333334 0.0078125 0.0125
0 0.49453125 0.340625 0.0078125 0.010416666666666666
0 0.700390625 0.33958333333333335 0.01015625 0.0125
0 0.363671875 0.3380208333333333 0.00859375 0.011458333333333333
0 0.286328125 0.3380208333333333 0.00859375 0.011458333333333333
0 0.715234375 0.3359375 0.01015625 0.011458333333333333
0 0.83671875 0.33541666666666664 0.0109375 0.0125
0 0.45859375 0.3338541666666667 0.0078125 0.011458333333333333
0 0.80390625 0.3307291666666667 0.0109375 0.011458333333333333
0 0.57734375 0.3125 0.0078125 0.010416666666666666
0 0.34921875 0.30520833333333336 0.0078125 0.0125
0 0.3953125 0.30052083333333335 0.0078125 0.011458333333333333
0 0.5203125 0.29739583333333336 0.0078125 0.011458333333333333
0 0.802734375 0.2875 0.01015625 0.0125
0 0.50625 0.2864583333333333 0.0078125 0.010416666666666666
0 0.758203125 0.28177083333333336 0.01015625 0.011458333333333333
0 0.71953125 0.27708333333333335 0.009375 0.010416666666666666
0 0.69765625 0.27447916666666666 0.009375 0.011458333333333333
0 0.24921875 0.2703125 0.009375 0.013541666666666667
0 0.291015625 0.2625 0.00859375 0.0125
0 0.774609375 0.2609375 0.01015625 0.011458333333333333
0 0.253515625 0.25 0.00859375 0.0125
0 0.366015625 0.2453125 0.00859375 0.011458333333333333
0 0.525 0.24375 0.0078125 0.0125
0 0.51171875 0.23177083333333334 0.0078125 0.011458333333333333
0 0.255078125 0.2203125 0.00859375 0.011458333333333333
