0 0.2203125 0.9273153575615475 0.009375 0.0023446658851113715
0 0.248046875 0.9240914419695193 0.00390625 0.004103165298944901
0 0.1859375 0.9170574443141852 0.0015625 0.0005861664712778429
0 0.215234375 0.9129542790152403 0.00703125 0.005275498241500586
0 0.33359375 0.9073856975381008 0.0046875 0.0023446658851113715
0 0.512890625 0.8985932004689332 0.00859375 0.010550996483001172
0 0.178125 0.8851113716295428 0.0046875 0.0023446658851113715
0 0.66015625 0.888042203985932 0.0109375 0.010550996483001172
0 0.3390625 0.88042203985932 0.003125 0.0035169988276670576
0 0.336328125 0.8783704572098476 0.00078125 0.0005861664712778429
0 0.33046875 0.8780773739742087 0.003125 0.0011723329425556857
0 0.560546875 0.88042203985932 0.01171875 0.009378663540445486
0 0.284765625 0.8771981242672919 0.00546875 0.005275498241500586
0 0.594140625 0.8766119577960141 0.01171875 0.008792497069167644
0 0.523828125 0.8760257913247362 0.01171875 0.00996483001172333
0 0.625 0.8736811254396248 0.0109375 0.008792497069167644
0 0.36484375 0.8736811254396248 0.0125 0.008792497069167644
0 0.411328125 0.8643024618991794 0.00390625 0.0029308323563892145
0 0.610546875 0.8634232121922626 0.00390625 0.0035169988276670576
0 0.26640625 0.8640093786635404 0.0015625 0.004689331770222743
0 0.573046875 0.8640093786635404 0.00703125 0.009378663540445486
0 0.18359375 0.8601992966002344 0.0046875 0.0029308323563892145
0 0.303125 0.861957796014068 0.0125 0.00996483001172333
0 0.33359375 0.8613716295427901 0.0125 0.00996483001172333
0 0.232421875 0.8599062133645955 0.01328125 0.010550996483001172
0 0.213671875 0.8531652989449003 0.00234375 0.0017584994138335288
0 0.371875 0.8537514654161782 0.0125 0.00996483001172333
0 0.622265625 0.8475967174677609 0.01171875 0.010550996483001172
0 0.577734375 0.8440797186400938 0.01015625 0.005861664712778429
0 0.47265625 0.8464243845252052 0.0125 0.010550996483001172
0 0.44296875 0.8461313012895663 0.0109375 0.00996483001172333
0 0.29453125 0.8373388042203986 0.0125 0.008792497069167644
0 0.251171875 0.8344079718640094 0.01171875 0.0076201641266119575
0 0.425390625 0.8352872215709262 0.01171875 0.010550996483001172
0 0.344140625 0.832063305978898 0.01015625 0.005275498241500586
0 0.45859375 0.8317702227432591 0.0125 0.010550996483001172
0 0.590625 0.8291324736225087 0.00625 0.0076201641266119575
0 0.66171875 0.828253223915592 0.0125 0.009378663540445486
0 0.269140625 0.8203399765533411 0.00546875 0.006447831184056272
0 0.63671875 0.8168229777256741 0.0109375 0.00996483001172333
0 0.297265625 0.8168229777256741 0.01328125 0.00996483001172333
0 0.207421875 0.8147713950762017 0.01171875 0.008206330597889801
0 0.678125 0.813599062133646 0.0109375 0.008206330597889801
0 0.178515625 0.8068581477139508 0.00703125 0.0029308323563892145
0 0.525 0.8103751465416178 0.0125 0.011137162954279016
0 0.658203125 0.8080304806565064 0.00546875 0.008792497069167644
0 0.6078125 0.8089097303634232 0.0109375 0.010550996483001172
0 0.321875 0.8048065650644783 0.0109375 0.008206330597889801
0 0.583203125 0.802168815943728 0.00703125 0.00996483001172333
0 0.2828125 0.8018757327080891 0.0125 0.010550996483001172
0 0.199609375 0.7960140679953107 0.00078125 0.0023446658851113715
0 0.67578125 0.7960140679953107 0.0078125 0.005861664712778429
0 0.453125 0.7942555685814772 0.0125 0.010550996483001172
0 0.495703125 0.7936694021101993 0.01171875 0.010550996483001172
0 0.227734375 0.7901524032825322 0.01015625 0.009378663540445486
0 0.623046875 0.7892731535756154 0.01015625 0.00996483001172333
0 0.53984375 0.7889800703399765 0.00625 0.009378663540445486
0 0.253125 0.7863423212192263 0.0078125 0.0076201641266119575
0 0.318359375 0.7854630715123095 0.01015625 0.009378663540445486
0 0.60234375 0.7834114888628371 0.0109375 0.00996483001172333
0 0.697265625 0.7816529894490035 0.01171875 0.00996483001172333
0 0.343359375 0.7787221570926143 0.00390625 0.004103165298944901
0 0.195703125 0.7769636576787807 0.00234375 0.004103165298944901
0 0.48046875 0.7784290738569754 0.00625 0.008206330597889801
0 0.394921875 0.7787221570926143 0.01171875 0.00996483001172333
0 0.36796875 0.7763774912075029 0.00625 0.005275498241500586
0 0.67265625 0.7775498241500586 0.0125 0.008792497069167644
0 0.15234375 0.7754982415005862 0.009375 0.007033997655334115
0 0.794140625 0.776084407971864 0.01171875 0.009378663540445486
0 0.21953125 0.7737397420867527 0.009375 0.007033997655334115
0 0.741015625 0.7746189917936694 0.01171875 0.00996483001172333
0 0.619921875 0.7690504103165299 0.01171875 0.007033997655334115
0 0.25 0.7675849941383353 0.0078125 0.006447831184056272
0 0.715625 0.764947245017585 0.0125 0.008206330597889801
0 0.469140625 0.7626025791324736 0.01015625 0.009378663540445486
0 0.297265625 0.761430246189918 0.00859375 0.008206330597889801
0 0.27265625 0.7620164126611958 0.009375 0.009378663540445486
0 0.33828125 0.761430246189918 0.0125 0.009378663540445486
0 0.205859375 0.7584994138335287 0.00859375 0.005861664712778429
0 0.683203125 0.7587924970691676 0.01171875 0.008792497069167644
0 0.232421875 0.7558616647127784 0.00234375 0.0029308323563892145
0 0.591796875 0.7587924970691676 0.01171875 0.00996483001172333
0 0.3625 0.7558616647127784 0.0078125 0.008792497069167644
0 0.651953125 0.7520515826494725 0.01171875 0.009378663540445486
0 0.618359375 0.7517584994138335 0.00703125 0.008792497069167644
0 0.38671875 0.75 0.0109375 0.005275498241500586
0 0.31796875 0.7508792497069168 0.0125 0.009378663540445486
0 0.2546875 0.7485345838218054 0.0125 0.008206330597889801
0 0.716796875 0.7470691676436108 0.01171875 0.008792497069167644
0 0.284765625 0.7447245017584995 0.00859375 0.006447831184056272
0 0.214453125 0.7406213364595545 0.01171875 0.0076201641266119575
0 0.18359375 0.7403282532239156 0.009375 0.007033997655334115
0 0.600390625 0.7403282532239156 0.01171875 0.009378663540445486
0 0.7984375 0.7379835873388042 0.0125 0.009378663540445486
0 0.641796875 0.7368112543962485 0.01171875 0.009378663540445486
0 0.391015625 0.7318288393903869 0.00859375 0.0076201641266119575
0 0.304296875 0.7288980070339977 0.00859375 0.006447831184056272
0 0.621875 0.7294841735052755 0.0109375 0.00996483001172333
0 0.750390625 0.7286049237983587 0.01171875 0.009378663540445486
0 0.246875 0.7271395076201641 0.0109375 0.0076201641266119575
0 0.20078125 0.7262602579132473 0.0125 0.007033997655334115
0 0.512109375 0.7256740914419695 0.01171875 0.009378663540445486
0 0.172265625 0.723915592028136 0.01171875 0.009378663540445486
0 0.278125 0.7224501758499414 0.0125 0.00996483001172333
0 0.73203125 0.7177608440797186 0.0109375 0.0076201641266119575
0 0.356640625 0.716295427901524 0.01171875 0.009378663540445486
0 0.7796875 0.7133645955451349 0.0125 0.009378663540445486
0 0.215234375 0.7113130128956624 0.01171875 0.006447831184056272
0 0.190625 0.7092614302461899 0.0125 0.008206330597889801
0 0.240234375 0.7054513481828839 0.01015625 0.006447831184056272
0 0.610546875 0.7054513481828839 0.01171875 0.008792497069167644
0 0.756640625 0.7045720984759671 0.01171875 0.009378663540445486
0 0.153515625 0.7010550996483002 0.01171875 0.008206330597889801
0 0.733203125 0.7001758499413834 0.01171875 0.008792497069167644
0 0.699609375 0.6998827667057445 0.01171875 0.008206330597889801
0 0.30234375 0.7004689331770223 0.0125 0.009378663540445486
0 0.3265625 0.6975381008206331 0.0125 0.009378663540445486
0 0.480859375 0.6951934349355217 0.01171875 0.009378663540445486
0 0.1765625 0.6943141852286049 0.0109375 0.0076201641266119575
0 0.221875 0.694021101992966 0.0125 0.009378663540445486
0 0.775 0.6934349355216881 0.0125 0.009378663540445486
0 0.719140625 0.686400937866354 0.01171875 0.008206330597889801
0 0.353515625 0.6858147713950762 0.01171875 0.009378663540445486
0 0.2 0.6849355216881594 0.0140625 0.0076201641266119575
0 0.68984375 0.6840562719812426 0.0109375 0.008206330597889801
0 0.309375 0.6814185228604924 0.0125 0.00996483001172333
0 0.75390625 0.6805392731535757 0.0125 0.009378663540445486
0 0.64375 0.6799531066822978 0.0109375 0.008206330597889801
0 0.269140625 0.6787807737397421 0.01328125 0.008206330597889801
0 0.178125 0.675263774912075 0.0125 0.009378663540445486
0 0.223046875 0.6726260257913247 0.01328125 0.008792497069167644
0 0.7328125 0.6720398593200468 0.009375 0.008792497069167644
0 0.70859375 0.6711606096131302 0.0109375 0.008206330597889801
0 0.291015625 0.6705744431418523 0.01328125 0.009378663540445486
0 0.248046875 0.6685228604923799 0.01328125 0.008792497069167644
0 0.77734375 0.6632473622508792 0.0125 0.008792497069167644
0 0.692578125 0.6591441969519344 0.01171875 0.0076201641266119575
0 0.58515625 0.6588511137162955 0.0109375 0.008206330597889801
0 0.2015625 0.6588511137162955 0.0125 0.008206330597889801
0 0.164453125 0.6585580304806565 0.01328125 0.008792497069167644
0 0.300390625 0.6547479484173505 0.01171875 0.0035169988276670576
0 0.27578125 0.6562133645955451 0.0125 0.008792497069167644
0 0.75625 0.6547479484173505 0.0109375 0.008206330597889801
0 0.330859375 0.6547479484173505 0.01171875 0.008206330597889801
0 0.22578125 0.652696365767878 0.0125 0.008792497069167644
0 0.716796875 0.6500586166471278 0.01171875 0.008206330597889801
0 0.251953125 0.6500586166471278 0.01328125 0.009378663540445486
0 0.803125 0.64947245017585 0.0296875 0.016412661195779603
0 0.184765625 0.6459554513481829 0.01171875 0.009378663540445486
0 0.68515625 0.6427315357561547 0.0109375 0.008792497069167644
0 0.154296875 0.641559202813599 0.01328125 0.0076201641266119575
0 0.31875 0.638335287221571 0.0109375 0.009378663540445486
0 0.2359375 0.6365767878077374 0.0125 0.005861664712778429
0 0.209375 0.6386283704572099 0.0125 0.00996483001172333
0 0.27109375 0.638042203985932 0.0125 0.00996483001172333
0 0.739453125 0.6324736225087925 0.01015625 0.008206330597889801
0 0.7140625 0.6315943728018757 0.0109375 0.0076201641266119575
0 0.295703125 0.6301289566236812 0.01328125 0.009378663540445486
0 0.790234375 0.6283704572098476 0.01015625 0.007033997655334115
0 0.190234375 0.6266119577960141 0.01171875 0.007033997655334115
0 0.1609375 0.6222157092614302 0.0125 0.006447831184056272
0 0.2203125 0.6216295427901524 0.0125 0.008792497069167644
0 0.586328125 0.6189917936694022 0.01015625 0.007033997655334115
0 0.2453125 0.6186987104337632 0.0125 0.00996483001172333
0 0.71640625 0.6145955451348183 0.009375 0.0076201641266119575
0 0.781640625 0.6128370457209847 0.01171875 0.0076201641266119575
0 0.2921875 0.6113716295427901 0.0125 0.009378663540445486
0 0.7484375 0.6096131301289566 0.0078125 0.007033997655334115
0 0.179296875 0.6093200468933178 0.01171875 0.006447831184056272
0 0.267578125 0.6096131301289566 0.01328125 0.009378663540445486
0 0.55859375 0.6072684642438453 0.0109375 0.007033997655334115
0 0.2046875 0.6063892145369285 0.0109375 0.005275498241500586
0 0.23046875 0.6031652989449003 0.0125 0.007033997655334115
0 0.32421875 0.6016998827667057 0.0125 0.008792497069167644
0 0.72890625 0.6008206330597889 0.0109375 0.008206330597889801
0 0.14765625 0.5999413833528722 0.0140625 0.006447831184056272
0 0.2609375 0.5920281359906213 0.0125 0.009378663540445486
0 0.687890625 0.5908558030480656 0.01015625 0.008206330597889801
0 0.303125 0.5896834701055099 0.0125 0.005861664712778429
0 0.212890625 0.589390386869871 0.01171875 0.0076201641266119575
0 0.187890625 0.5888042203985931 0.01015625 0.006447831184056272
0 0.551171875 0.5890973036342321 0.01171875 0.008206330597889801
0 0.237890625 0.5852872215709262 0.01328125 0.00996483001172333
0 0.796875 0.5826494724501758 0.0109375 0.008206330597889801
0 0.166015625 0.5817702227432591 0.01015625 0.006447831184056272
0 0.704296875 0.5794255568581477 0.01171875 0.008792497069167644
0 0.284375 0.5762016412661196 0.0125 0.009378663540445486
0 0.683984375 0.5738569753810082 0.01171875 0.008206330597889801
0 0.255078125 0.5715123094958968 0.01328125 0.009378663540445486
0 0.21953125 0.57063305978898 0.009375 0.0076201641266119575
0 0.149609375 0.5665298944900352 0.01328125 0.006447831184056272
0 0.175390625 0.5650644783118406 0.01328125 0.007033997655334115
0 0.74375 0.563305978898007 0.0078125 0.008206330597889801
0 0.280078125 0.5589097303634232 0.00078125 0.0005861664712778429
0 0.269140625 0.5592028135990621 0.00078125 0.0011723329425556857
0 0.3203125 0.5577373974208675 0.0125 0.008792497069167644
0 0.23203125 0.5545134818288394 0.0125 0.007033997655334115
0 0.6359375 0.5539273153575616 0.0109375 0.007033997655334115
0 0.669140625 0.5527549824150059 0.01015625 0.008206330597889801
0 0.58046875 0.5480656506447831 0.0109375 0.008206330597889801
0 0.5578125 0.5466002344665886 0.0109375 0.005275498241500586
0 0.294921875 0.5477725674091442 0.01328125 0.0076201641266119575
0 0.255859375 0.5468933177022274 0.01328125 0.007033997655334115
0 0.791796875 0.5422039859320047 0.01015625 0.008206330597889801
0 0.40703125 0.5416178194607268 0.0109375 0.007033997655334115
0 0.21484375 0.541031652989449 0.0125 0.007033997655334115
0 0.18984375 0.5366354044548651 0.0125 0.006447831184056272
0 0.77265625 0.533704572098476 0.0109375 0.0076201641266119575
0 0.30390625 0.5325322391559203 0.0125 0.005275498241500586
0 0.241015625 0.52989449003517 0.01328125 0.007033997655334115
0 0.279296875 0.5281359906213364 0.01328125 0.007033997655334115
0 0.562890625 0.5275498241500586 0.01171875 0.008206330597889801
0 0.398828125 0.5252051582649473 0.01171875 0.008206330597889801
0 0.360546875 0.518464243845252 0.01171875 0.006447831184056272
0 0.260546875 0.518464243845252 0.01328125 0.0076201641266119575
0 0.7859375 0.5169988276670574 0.0109375 0.008206330597889801
0 0.29453125 0.5161195779601406 0.0125 0.006447831184056272
0 0.168359375 0.5155334114888629 0.01171875 0.006447831184056272
0 0.319921875 0.514947245017585 0.01328125 0.006447831184056272
0 0.19453125 0.5140679953106683 0.0125 0.007033997655334115
0 0.235546875 0.511430246189918 0.01328125 0.006447831184056272
0 0.34296875 0.5093786635404455 0.0125 0.005861664712778429
0 0.73046875 0.507327080890973 0.0109375 0.0076201641266119575
0 0.27578125 0.5035169988276671 0.0125 0.005861664712778429
0 0.36875 0.5020515826494725 0.0125 0.008792497069167644
0 0.81171875 0.4991207502930832 0.0109375 0.0076201641266119575
0 0.159375 0.49794841735052753 0.0125 0.006447831184056272
0 0.68515625 0.49824150058616645 0.0109375 0.008206330597889801
0 0.2515625 0.49736225087924973 0.0125 0.0076201641266119575
0 0.299609375 0.49618991793669404 0.01328125 0.0076201641266119575
0 0.414453125 0.4932590855803048 0.00703125 0.0029308323563892145
0 0.32421875 0.4958968347010551 0.0125 0.009378663540445486
0 0.226171875 0.4947245017584994 0.01328125 0.007033997655334115
0 0.418359375 0.49091441969519345 0.00078125 0.0005861664712778429
0 0.407421875 0.49091441969519345 0.00078125 0.0005861664712778429
0 0.542578125 0.49296600234466587 0.01171875 0.008206330597889801
0 0.1921875 0.4917936694021102 0.0140625 0.007033997655334115
0 0.739453125 0.4917936694021102 0.01015625 0.008206330597889801
0 0.35078125 0.488862837045721 0.0125 0.008206330597889801
0 0.3890625 0.48710433763188743 0.0125 0.007033997655334115
0 0.772265625 0.4838804220398593 0.01171875 0.008792497069167644
0 0.277734375 0.48417350527549824 0.01328125 0.009378663540445486
0 0.809765625 0.4797772567409144 0.01171875 0.0076201641266119575
0 0.208984375 0.47860492379835873 0.01328125 0.0076201641266119575
0 0.302734375 0.4765533411488863 0.01015625 0.005861664712778429
0 0.2359375 0.4783118405627198 0.0140625 0.009378663540445486
0 0.32734375 0.47567409144196954 0.009375 0.005275498241500586
0 0.490625 0.47479484173505276 0.0109375 0.008206330597889801
0 0.46015625 0.4730363423212192 0.0109375 0.008206330597889801
0 0.785546875 0.46805392731535755 0.00078125 0.0005861664712778429
0 0.4 0.4698124267291911 0.0109375 0.006447831184056272
0 0.351171875 0.47039859320046895 0.01171875 0.0076201641266119575
0 0.794140625 0.466295427901524 0.00078125 0.0005861664712778429
0 0.83125 0.4695193434935522 0.0125 0.008206330597889801
0 0.437109375 0.4683470105509965 0.01015625 0.005861664712778429
0 0.789453125 0.46600234466588514 0.00703125 0.0023446658851113715
0 0.376953125 0.46512309495896836 0.00546875 0.0029308323563892145
0 0.36796875 0.4645369284876905 0.0015625 0.0017584994138335288
0 0.258203125 0.4674677608440797 0.01328125 0.0076201641266119575
0 0.283203125 0.4657092614302462 0.01328125 0.0076201641266119575
0 0.2015625 0.4630715123094959 0.0125 0.005861664712778429
0 0.703125 0.46365767878077374 0.0109375 0.008206330597889801
0 0.8125 0.46277842907385697 0.009375 0.0076201641266119575
0 0.227734375 0.4618991793669402 0.01328125 0.007033997655334115
0 0.31328125 0.46160609613130127 0.0125 0.0076201641266119575
0 0.338671875 0.45720984759671746 0.00859375 0.004689331770222743
0 0.330859375 0.45515826494724504 0.00078125 0.0005861664712778429
0 0.766015625 0.45838218053927315 0.01171875 0.008206330597889801
0 0.471875 0.45574443141852283 0.0109375 0.0076201641266119575
0 0.17734375 0.45603751465416176 0.0140625 0.010550996483001172
0 0.791796875 0.44871043376318875 0.00078125 0.0005861664712778429
0 0.296875 0.4510550996483001 0.00625 0.005275498241500586
0 0.6875 0.451348182883939 0.0109375 0.007033997655334115
0 0.394140625 0.45193434935521687 0.01171875 0.008206330597889801
0 0.26640625 0.4490035169988277 0.0109375 0.004689331770222743
0 0.79765625 0.44724501758499413 0.0109375 0.0035169988276670576
0 0.7171875 0.44988276670574445 0.0109375 0.008792497069167644
0 0.359375 0.44988276670574445 0.0125 0.008792497069167644
0 0.823828125 0.44753810082063306 0.01171875 0.0076201641266119575
0 0.430859375 0.44753810082063306 0.01171875 0.0076201641266119575
0 0.317578125 0.44431418522860494 0.01328125 0.009378663540445486
0 0.165625 0.4428487690504103 0.0046875 0.006447831184056272
0 0.7390625 0.4428487690504103 0.0109375 0.0076201641266119575
0 0.666796875 0.4425556858147714 0.01171875 0.008206330597889801
0 0.484765625 0.44109026963657677 0.01171875 0.008792497069167644
0 0.63671875 0.43991793669402113 0.0109375 0.008792497069167644
0 0.216015625 0.43991793669402113 0.01328125 0.00996483001172333
0 0.340625 0.43757327080890973 0.0125 0.0076201641266119575
0 0.2421875 0.43552168815943726 0.0125 0.007033997655334115
0 0.416015625 0.43347010550996484 0.01171875 0.0076201641266119575
0 0.720703125 0.432883939038687 0.01171875 0.008792497069167644
0 0.387890625 0.4296600234466589 0.01015625 0.005861664712778429
0 0.362890625 0.4308323563892145 0.01171875 0.008206330597889801
0 0.29453125 0.43024618991793667 0.0125 0.007033997655334115
0 0.181640625 0.43112543962485345 0.01484375 0.00996483001172333
0 0.7421875 0.42555685814771393 0.0109375 0.008206330597889801
0 0.571875 0.4243845252051583 0.0109375 0.005861664712778429
0 0.321484375 0.42584994138335286 0.01328125 0.008792497069167644
0 0.649609375 0.4249706916764361 0.01171875 0.008206330597889801
0 0.2703125 0.42555685814771393 0.0140625 0.009378663540445486
0 0.475390625 0.42467760844079716 0.01171875 0.008792497069167644
0 0.773828125 0.4194021101992966 0.00078125 0.0005861664712778429
0 0.836328125 0.4223329425556858 0.01171875 0.008792497069167644
0 0.7796875 0.417936694021102 0.0109375 0.0035169988276670576
0 0.2234375 0.4211606096131301 0.0140625 0.00996483001172333
0 0.34453125 0.41852286049237986 0.0125 0.005861664712778429
0 0.497265625 0.41617819460726846 0.01015625 0.005861664712778429
0 0.410546875 0.4152989449003517 0.01171875 0.006447831184056272
0 0.301953125 0.4144196951934349 0.01328125 0.004689331770222743
0 0.250390625 0.4138335287221571 0.01328125 0.009378663540445486
0 0.3859375 0.4123681125439625 0.0125 0.0076201641266119575
0 0.18125 0.41207502930832357 0.0140625 0.010550996483001172
0 0.814453125 0.4070926143024619 0.00078125 0.0017584994138335288
0 0.826171875 0.40533411488862836 0.00078125 0.0005861664712778429
0 0.815234375 0.40533411488862836 0.00078125 0.0005861664712778429
0 0.362109375 0.406799531066823 0.01171875 0.007033997655334115
0 0.325390625 0.40767878077373976 0.01171875 0.008792497069167644
0 0.819140625 0.40328253223915594 0.00390625 0.0011723329425556857
0 0.277734375 0.406799531066823 0.01328125 0.009378663540445486
0 0.733984375 0.4044548651817116 0.01171875 0.008206330597889801
0 0.755859375 0.40386869871043374 0.01171875 0.008206330597889801
0 0.777734375 0.402989449003517 0.01328125 0.008792497069167644
0 0.71171875 0.402989449003517 0.0109375 0.008792497069167644
0 0.160546875 0.39976553341148885 0.01484375 0.010550996483001172
0 0.410546875 0.3971277842907386 0.01171875 0.0076201641266119575
0 0.434765625 0.3959554513481829 0.01171875 0.0076201641266119575
0 0.240625 0.39654161781946073 0.0140625 0.00996483001172333
0 0.297265625 0.39536928487690504 0.01328125 0.008792497069167644
0 0.18984375 0.39419695193434934 0.0140625 0.008792497069167644
0 0.215625 0.3930246189917937 0.0140625 0.00996483001172333
0 0.83125 0.39155920281359907 0.0125 0.008206330597889801
0 0.34609375 0.39126611957796015 0.0125 0.008792497069167644
0 0.264453125 0.3903868698710434 0.01328125 0.009378663540445486
0 0.804296875 0.3895076201641266 0.01171875 0.008792497069167644
0 0.48671875 0.3895076201641266 0.0109375 0.008792497069167644
0 0.463671875 0.3883352872215709 0.01015625 0.006447831184056272
0 0.371484375 0.38892145369284875 0.01171875 0.0076201641266119575
0 0.32109375 0.3892145369284877 0.0125 0.008206330597889801
0 0.775 0.38569753810082064 0.0015625 0.0035169988276670576
0 0.72578125 0.3883352872215709 0.0109375 0.008792497069167644
0 0.75625 0.3862837045720985 0.0109375 0.008206330597889801
0 0.78125 0.38188745603751467 0.003125 0.0005861664712778429
0 0.70390625 0.38481828839390386 0.0109375 0.008792497069167644
0 0.393359375 0.3821805392731536 0.01171875 0.008206330597889801
0 0.160546875 0.3783704572098476 0.00078125 0.0005861664712778429
0 0.424609375 0.3789566236811254 0.01171875 0.0076201641266119575
0 0.505078125 0.3783704572098476 0.01171875 0.0076201641266119575
0 0.1671875 0.37807737397420865 0.0125 0.007033997655334115
0 0.301953125 0.376905041031653 0.01328125 0.008206330597889801
0 0.82109375 0.3766119577960141 0.0125 0.008792497069167644
0 0.569921875 0.3766119577960141 0.01171875 0.008792497069167644
0 0.24453125 0.37602579132473624 0.0140625 0.00996483001172333
0 0.19296875 0.37602579132473624 0.0140625 0.00996483001172333
0 0.276171875 0.37280187573270807 0.01171875 0.005861664712778429
0 0.54765625 0.37280187573270807 0.0109375 0.007033997655334115
0 0.35703125 0.3733880422039859 0.0125 0.008206330597889801
0 0.6234375 0.37280187573270807 0.0109375 0.008206330597889801
0 0.33203125 0.3733880422039859 0.0125 0.009378663540445486
0 0.21875 0.3733880422039859 0.0140625 0.010550996483001172
0 0.767578125 0.3713364595545135 0.01171875 0.008792497069167644
0 0.4671875 0.3713364595545135 0.0109375 0.008792497069167644
0 0.728515625 0.37075029308323565 0.01171875 0.008792497069167644
0 0.790625 0.3701641266119578 0.0109375 0.008792497069167644
0 0.675 0.3701641266119578 0.0109375 0.008792497069167644
0 0.179296875 0.36547479484173506 0.00078125 0.0005861664712778429
0 0.379296875 0.3675263774912075 0.01171875 0.009378663540445486
0 0.413671875 0.36313012895662367 0.01171875 0.008792497069167644
0 0.830078125 0.35726846424384523 0.00078125 0.0005861664712778429
0 0.507421875 0.3596131301289566 0.01015625 0.006447831184056272
0 0.3125 0.3604923798358734 0.0125 0.008206330597889801
0 0.258984375 0.36107854630715125 0.01328125 0.009378663540445486
0 0.80859375 0.3601992966002345 0.0125 0.008792497069167644
0 0.440234375 0.3596131301289566 0.01171875 0.008792497069167644
0 0.178515625 0.3601992966002345 0.01328125 0.00996483001172333
0 0.841796875 0.3549237983587339 0.00078125 0.0005861664712778429
0 0.609375 0.35756154747948415 0.0109375 0.008206330597889801
0 0.233203125 0.35844079718640093 0.01328125 0.00996483001172333
0 0.839453125 0.35316529894490034 0.00078125 0.0005861664712778429
0 0.8359375 0.3525791324736225 0.003125 0.0005861664712778429
0 0.549609375 0.35550996483001174 0.01171875 0.0076201641266119575
0 0.794921875 0.35140679953106685 0.00078125 0.0005861664712778429
0 0.783984375 0.35140679953106685 0.00078125 0.0005861664712778429
0 0.3578125 0.3549237983587339 0.0109375 0.008792497069167644
0 0.766015625 0.3540445486518171 0.01171875 0.008206330597889801
0 0.7359375 0.3537514654161782 0.0109375 0.008792497069167644
0 0.4625 0.35345838218053927 0.0125 0.009378663540445486
0 0.791015625 0.3493552168815944 0.00703125 0.0023446658851113715
0 0.67265625 0.3525791324736225 0.0109375 0.008792497069167644
0 0.20859375 0.3525791324736225 0.0140625 0.00996483001172333
0 0.48671875 0.35140679953106685 0.0109375 0.008792497069167644
0 0.33359375 0.35140679953106685 0.0125 0.008792497069167644
0 0.28984375 0.35140679953106685 0.0125 0.008792497069167644
0 0.64609375 0.34906213364595545 0.0109375 0.0076201641266119575
0 0.380859375 0.34906213364595545 0.01171875 0.008792497069167644
0 0.523828125 0.34788980070339975 0.01171875 0.008792497069167644
0 0.824609375 0.343200468933177 0.00234375 0.0017584994138335288
0 0.816015625 0.3420281359906213 0.00078125 0.0005861664712778429
0 0.404296875 0.3455451348182884 0.01171875 0.008792497069167644
0 0.819921875 0.34144196951934347 0.00546875 0.0017584994138335288
0 0.704296875 0.3440797186400938 0.00859375 0.008206330597889801
0 0.623828125 0.34378663540445487 0.01171875 0.0076201641266119575
0 0.248828125 0.34378663540445487 0.01328125 0.00996483001172333
0 0.845703125 0.33792497069167643 0.00078125 0.0005861664712778429
0 0.833984375 0.33939038686987105 0.00234375 0.004689331770222743
0 0.59453125 0.34114888628370454 0.0109375 0.008206330597889801
0 0.310546875 0.34114888628370454 0.01171875 0.008206330597889801
0 0.169140625 0.3417350527549824 0.01328125 0.010550996483001172
0 0.749609375 0.33968347010551 0.01171875 0.008792497069167644
0 0.84140625 0.3355803048065651 0.0046875 0.0017584994138335288
0 0.57109375 0.33909730363423213 0.0109375 0.008792497069167644
0 0.77578125 0.3385111371629543 0.0125 0.008792497069167644
0 0.42578125 0.3376318874560375 0.0109375 0.008206330597889801
0 0.502734375 0.33704572098475966 0.01171875 0.008206330597889801
0 0.27265625 0.3376318874560375 0.0140625 0.009378663540445486
0 0.683984375 0.33675263774912073 0.01015625 0.008792497069167644
0 0.224609375 0.3364595545134818 0.01328125 0.009378663540445486
0 0.460546875 0.3335287221570926 0.01171875 0.007033997655334115
0 0.54609375 0.3332356389214537 0.0109375 0.008792497069167644
0 0.333984375 0.3323563892145369 0.00859375 0.007033997655334115
0 0.193359375 0.33411488862837047 0.01328125 0.010550996483001172
0 0.65625 0.32971864009378665 0.0078125 0.005275498241500586
0 0.164453125 0.32737397420867526 0.00078125 0.0005861664712778429
0 0.384375 0.3303048065650645 0.0109375 0.0076201641266119575
0 0.359375 0.3288393903868699 0.0078125 0.005861664712778429
0 0.808203125 0.3291324736225088 0.01171875 0.008792497069167644
0 0.61328125 0.3276670574443142 0.0109375 0.008206330597889801
0 0.721875 0.32620164126611956 0.009375 0.008792497069167644
0 0.52109375 0.32590855803048063 0.0109375 0.008206330597889801
0 0.29609375 0.3264947245017585 0.0125 0.009378663540445486
0 0.167578125 0.32209847596717467 0.00078125 0.0005861664712778429
0 0.828515625 0.32444314185228607 0.01171875 0.0076201641266119575
0 0.166796875 0.32092614302461897 0.00078125 0.0005861664712778429
0 0.699609375 0.32444314185228607 0.01015625 0.008792497069167644
0 0.4828125 0.32444314185228607 0.0109375 0.008792497069167644
0 0.251171875 0.324736225087925 0.01328125 0.009378663540445486
0 0.7875 0.3238569753810082 0.0109375 0.008792497069167644
0 0.587890625 0.3235638921453693 0.01171875 0.008206330597889801
0 0.166015625 0.31975381008206333 0.00078125 0.0005861664712778429
0 0.765625 0.3235638921453693 0.009375 0.009378663540445486
0 0.742578125 0.32297772567409144 0.01171875 0.008206330597889801
0 0.40703125 0.32327080890973037 0.009375 0.008792497069167644
0 0.160546875 0.31858147713950763 0.00859375 0.0029308323563892145
0 0.67421875 0.32063305978898005 0.009375 0.008206330597889801
0 0.56328125 0.3203399765533411 0.0109375 0.008792497069167644
0 0.430859375 0.31975381008206333 0.00859375 0.0076201641266119575
0 0.273046875 0.317116060961313 0.01015625 0.005861664712778429
0 0.191015625 0.31447831184056274 0.00078125 0.0005861664712778429
0 0.455078125 0.3156506447831184 0.00859375 0.0076201641266119575
0 0.541015625 0.31535756154747946 0.01015625 0.008206330597889801
0 0.50625 0.3141852286049238 0.0046875 0.005861664712778429
0 0.32421875 0.3138921453692849 0.0109375 0.0076201641266119575
0 0.18515625 0.31242672919109027 0.0109375 0.004689331770222743
0 0.374609375 0.31359906213364597 0.01015625 0.008206330597889801
0 0.65390625 0.3130128956623681 0.0078125 0.008206330597889801
0 0.228515625 0.3086166471277843 0.00078125 0.0005861664712778429
0 0.803515625 0.31213364595545134 0.01171875 0.008792497069167644
0 0.6265625 0.3118405627198124 0.009375 0.008206330597889801
0 0.351953125 0.3106682297772567 0.00546875 0.005861664712778429
0 0.781640625 0.30568581477139506 0.00078125 0.0005861664712778429
0 0.603125 0.30920281359906215 0.0109375 0.0076201641266119575
0 0.712109375 0.30920281359906215 0.01015625 0.008792497069167644
0 0.23515625 0.30890973036342323 0.0125 0.008206330597889801
0 0.776953125 0.3045134818288394 0.00234375 0.0005861664712778429
0 0.754296875 0.30803048065650646 0.01171875 0.008792497069167644
0 0.303125 0.30773739742086753 0.0078125 0.008206330597889801
0 0.832421875 0.30685814771395076 0.01171875 0.0076201641266119575
0 0.47578125 0.30685814771395076 0.0078125 0.0076201641266119575
0 0.68984375 0.3062719812426729 0.00625 0.0076201641266119575
0 0.5796875 0.3062719812426729 0.009375 0.0076201641266119575
0 0.208984375 0.3074443141852286 0.01328125 0.00996483001172333
0 0.397265625 0.30539273153575613 0.01171875 0.008206330597889801
0 0.7328125 0.30392731535756157 0.0109375 0.008792497069167644
0 0.523046875 0.30363423212192264 0.00859375 0.008206330597889801
0 0.55703125 0.30275498241500587 0.009375 0.008792497069167644
0 0.280078125 0.2998241500586166 0.00390625 0.0029308323563892145
0 0.422265625 0.3018757327080891 0.00859375 0.008206330597889801
0 0.16796875 0.3018757327080891 0.0140625 0.010550996483001172
0 0.819921875 0.29572098475967173 0.00078125 0.0005861664712778429
0 0.446875 0.2977725674091442 0.00625 0.004689331770222743
0 0.641015625 0.2977725674091442 0.00859375 0.008206330597889801
0 0.815625 0.2936694021101993 0.0046875 0.0011723329425556857
0 0.792578125 0.29689331770222743 0.01171875 0.008792497069167644
0 0.49375 0.2963071512309496 0.0109375 0.0076201641266119575
0 0.253125 0.29718640093786636 0.0125 0.009378663540445486
0 0.61796875 0.2951348182883939 0.009375 0.0076201641266119575
0 0.320703125 0.2954279015240328 0.00859375 0.008206330597889801
0 0.347265625 0.29308323563892147 0.00546875 0.004689331770222743
0 0.765625 0.29308323563892147 0.0109375 0.008206330597889801
0 0.705078125 0.2924970691676436 0.00859375 0.008206330597889801
0 0.596484375 0.29044548651817115 0.00703125 0.005275498241500586
0 0.3734375 0.2922039859320047 0.009375 0.008792497069167644
0 0.223046875 0.2922039859320047 0.01328125 0.00996483001172333
0 0.53984375 0.29044548651817115 0.0078125 0.0076201641266119575
0 0.470703125 0.2889800703399766 0.00546875 0.007033997655334115
0 0.683203125 0.28868698710433766 0.00859375 0.0076201641266119575
0 0.571875 0.2889800703399766 0.0109375 0.008206330597889801
0 0.74453125 0.28839390386869873 0.0109375 0.008206330597889801
0 0.396484375 0.28722157092614303 0.01015625 0.005861664712778429
0 0.515234375 0.2857561547479484 0.00390625 0.004103165298944901
0 0.825390625 0.28399765533411486 0.00078125 0.0029308323563892145
0 0.2984375 0.28634232121922626 0.009375 0.008792497069167644
0 0.826171875 0.2816529894490035 0.00078125 0.0005861664712778429
0 0.834765625 0.27989449003517 0.00078125 0.0005861664712778429
0 0.828515625 0.27989449003517 0.00078125 0.0005861664712778429
0 0.722265625 0.28399765533411486 0.01171875 0.008792497069167644
0 0.831640625 0.2793083235638921 0.00390625 0.0005861664712778429
0 0.419921875 0.2828253223915592 0.01015625 0.0076201641266119575
0 0.659375 0.28194607268464245 0.00625 0.007033997655334115
0 0.80390625 0.28223915592028137 0.0109375 0.008792497069167644
0 0.266796875 0.28106682297772567 0.00859375 0.006447831184056272
0 0.63203125 0.28106682297772567 0.009375 0.0076201641266119575
0 0.7828125 0.2813599062133646 0.0109375 0.009378663540445486
0 0.49140625 0.2787221570926143 0.0046875 0.004103165298944901
0 0.4453125 0.2784290738569754 0.0046875 0.005861664712778429
0 0.17109375 0.2801875732708089 0.0140625 0.010550996483001172
0 0.7015625 0.276084407971864 0.0046875 0.004689331770222743
0 0.328125 0.27754982415005863 0.0109375 0.0076201641266119575
0 0.5546875 0.27667057444314186 0.009375 0.008206330597889801
0 0.812890625 0.27227432590855805 0.00078125 0.0005861664712778429
0 0.760546875 0.2757913247362251 0.01015625 0.008792497069167644
0 0.812109375 0.27110199296600235 0.00078125 0.0005861664712778429
0 0.35859375 0.27520515826494724 0.0109375 0.008792497069167644
0 0.598828125 0.2734466588511137 0.00703125 0.006447831184056272
0 0.5328125 0.2731535756154748 0.00625 0.007033997655334115
0 0.466796875 0.2708089097303634 0.00546875 0.0035169988276670576
0 0.252734375 0.26817116060961316 0.00078125 0.0005861664712778429
0 0.676171875 0.27110199296600235 0.00859375 0.0076201641266119575
0 0.7390625 0.27110199296600235 0.0109375 0.008792497069167644
0 0.38203125 0.2708089097303634 0.0109375 0.008206330597889801
0 0.812109375 0.2664126611957796 0.00078125 0.0005861664712778429
0 0.8515625 0.26992966002344665 0.0125 0.008792497069167644
0 0.509375 0.2672919109026964 0.0046875 0.004689331770222743
0 0.621875 0.2664126611957796 0.003125 0.004103165298944901
0 0.81796875 0.2640679953106682 0.0015625 0.0005861664712778429
0 0.28671875 0.26787807737397423 0.0125 0.008206330597889801
0 0.406640625 0.26699882766705746 0.01171875 0.0076201641266119575
0 0.578125 0.2661195779601407 0.00625 0.007033997655334115
0 0.79453125 0.2661195779601407 0.0109375 0.008206330597889801
0 0.7171875 0.2661195779601407 0.0109375 0.008206330597889801
0 0.64921875 0.26553341148886284 0.00625 0.007033997655334115
0 0.310546875 0.26318874560375144 0.01171875 0.008206330597889801
0 0.252734375 0.26348182883939036 0.00703125 0.008792497069167644
0 0.3453125 0.2605509964830012 0.0046875 0.005275498241500586
0 0.434375 0.26143024618991795 0.0109375 0.008206330597889801
0 0.7734375 0.261137162954279 0.0109375 0.008792497069167644
0 0.48515625 0.2599648300117233 0.0078125 0.0076201641266119575
0 0.69140625 0.2582063305978898 0.0078125 0.0076201641266119575
0 0.836328125 0.2582063305978898 0.01171875 0.008792497069167644
0 0.6 0.25498241500586166 0.003125 0.0023446658851113715
0 0.751171875 0.2564478311840563 0.01015625 0.008792497069167644
0 0.669140625 0.25468933177022274 0.00703125 0.0076201641266119575
0 0.365625 0.2552754982415006 0.0109375 0.008792497069167644
0 0.55703125 0.2543962485345838 0.00625 0.008206330597889801
0 0.391796875 0.2529308323563892 0.00703125 0.005275498241500586
0 0.27109375 0.2532239155920281 0.0125 0.008206330597889801
0 0.459375 0.2511723329425557 0.009375 0.006447831184056272
0 0.81015625 0.25175849941383355 0.0109375 0.008792497069167644
0 0.7296875 0.25175849941383355 0.009375 0.008792497069167644
0 0.50390625 0.24912075029308323 0.0078125 0.007033997655334115
0 0.415234375 0.24912075029308323 0.00859375 0.007033997655334115
0 0.625390625 0.24794841735052756 0.00703125 0.005861664712778429
0 0.78828125 0.2485345838218054 0.0109375 0.008206330597889801
0 0.2953125 0.24765533411488863 0.0109375 0.006447831184056272
0 0.649609375 0.24677608440797186 0.00546875 0.005861664712778429
0 0.709375 0.24765533411488863 0.0078125 0.008792497069167644
0 0.578125 0.246189917936694 0.00625 0.005861664712778429
0 0.325 0.24765533411488863 0.0078125 0.008792497069167644
0 0.823828125 0.2417936694021102 0.00078125 0.0005861664712778429
0 0.5359375 0.24384525205158264 0.00625 0.007033997655334115
0 0.767578125 0.24413833528722156 0.01015625 0.008792497069167644
0 0.48125 0.24150058616647127 0.009375 0.008206330597889801
0 0.43828125 0.2417936694021102 0.009375 0.008792497069167644
0 0.8296875 0.23710433763188746 0.0015625 0.0005861664712778429
0 0.352734375 0.24062133645955452 0.00546875 0.0076201641266119575
0 0.68828125 0.2403282532239156 0.0078125 0.008206330597889801
0 0.74765625 0.2391559202813599 0.0078125 0.007033997655334115
0 0.3765625 0.23710433763188746 0.00625 0.0076201641266119575
0 0.666796875 0.23622508792497068 0.00703125 0.007033997655334115
0 0.55546875 0.23563892145369286 0.0078125 0.007033997655334115
0 0.598046875 0.23446658851113716 0.00859375 0.007033997655334115
0 0.850390625 0.23417350527549824 0.01015625 0.008792497069167644
0 0.723828125 0.23388042203985931 0.00859375 0.008206330597889801
0 0.46015625 0.23329425556858147 0.0078125 0.007033997655334115
0 0.622265625 0.23007033997655335 0.00390625 0.004103165298944901
0 0.50859375 0.23065650644783117 0.0078125 0.006447831184056272
0 0.81171875 0.23124267291910902 0.0125 0.008792497069167644
0 0.41640625 0.2309495896834701 0.0109375 0.008206330597889801
0 0.32265625 0.22889800703399765 0.0046875 0.004103165298944901
0 0.168359375 0.23241500586166472 0.01015625 0.011137162954279016
0 0.78671875 0.23065650644783117 0.0125 0.008792497069167644
0 0.64375 0.22919109026963658 0.0078125 0.007033997655334115
0 0.70234375 0.22772567409144198 0.009375 0.008792497069167644
0 0.76328125 0.22655334114888628 0.009375 0.008792497069167644
0 0.57578125 0.22538100820633059 0.009375 0.0076201641266119575
0 0.534375 0.2224501758499414 0.0046875 0.005275498241500586
0 0.83125 0.22362250879249707 0.0125 0.008792497069167644
0 0.48046875 0.2224501758499414 0.009375 0.006447831184056272
0 0.437890625 0.22186400937866355 0.00859375 0.0076201641266119575
0 0.393359375 0.22186400937866355 0.01015625 0.0076201641266119575
0 0.344921875 0.22157092614302462 0.00859375 0.008206330597889801
0 0.743359375 0.22010550996483 0.00703125 0.0076201641266119575
0 0.369140625 0.2198124267291911 0.01015625 0.007033997655334115
0 0.661328125 0.2186400937866354 0.00859375 0.007033997655334115
0 0.501953125 0.21453692848769051 0.00078125 0.0011723329425556857
0 0.8578125 0.2174677608440797 0.0125 0.008206330597889801
0 0.632421875 0.21395076201641267 0.00390625 0.0023446658851113715
0 0.557421875 0.21658851113716296 0.00546875 0.0076201641266119575
0 0.502734375 0.2130715123094959 0.00078125 0.0005861664712778429
0 0.46015625 0.21453692848769051 0.0078125 0.007033997655334115
0 0.721875 0.2142438452520516 0.0078125 0.0076201641266119575
0 0.68515625 0.21365767878077374 0.00625 0.006447831184056272
0 0.79921875 0.21365767878077374 0.0109375 0.008792497069167644
0 0.77578125 0.21248534583821804 0.0109375 0.008792497069167644
0 0.31875 0.208968347010551 0.0015625 0.0017584994138335288
0 0.28359375 0.21072684642438452 0.009375 0.0076201641266119575
0 0.16953125 0.21219226260257915 0.0140625 0.010550996483001172
0 0.413671875 0.20838218053927315 0.00546875 0.006447831184056272
0 0.580859375 0.20750293083235638 0.00703125 0.007033997655334115
0 0.83984375 0.20691676436107856 0.0125 0.009378663540445486
0 0.7546875 0.20662368112543963 0.0109375 0.008792497069167644
0 0.52265625 0.2048651817116061 0.00625 0.0076201641266119575
0 0.48046875 0.20398593200468934 0.0078125 0.007033997655334115
0 0.35 0.20398593200468934 0.009375 0.007033997655334115
0 0.4359375 0.20369284876905042 0.009375 0.0076201641266119575
0 0.702734375 0.20281359906213364 0.00546875 0.008206330597889801
0 0.66484375 0.19988276670574442 0.0078125 0.005861664712778429
0 0.602734375 0.20017584994138335 0.00546875 0.006447831184056272
0 0.5453125 0.20046893317702227 0.00625 0.007033997655334115
0 0.374609375 0.20046893317702227 0.00703125 0.008206330597889801
0 0.45703125 0.1951934349355217 0.0015625 0.0011723329425556857
0 0.72109375 0.19636576787807739 0.0078125 0.007033997655334115
0 0.501171875 0.1951934349355217 0.00546875 0.005861664712778429
0 0.566796875 0.19284876905041032 0.00390625 0.005861664712778429
0 0.685546875 0.1910902696365768 0.00390625 0.0035169988276670576
0 0.741796875 0.1925556858147714 0.01015625 0.008792497069167644
0 0.410546875 0.19021101992966002 0.01015625 0.006447831184056272
0 0.80859375 0.18669402110199296 0.00625 0.006447831184056272
0 0.522265625 0.18640093786635403 0.00546875 0.005861664712778429
0 0.587109375 0.18610785463071514 0.00703125 0.006447831184056272
0 0.47890625 0.1846424384525205 0.003125 0.0035169988276670576
0 0.807421875 0.18259085580304807 0.00078125 0.0005861664712778429
0 0.76484375 0.1872801875732708 0.0109375 0.00996483001172333
0 0.707421875 0.1843493552168816 0.00390625 0.004103165298944901
0 0.3875 0.1843493552168816 0.0078125 0.004103165298944901
0 0.433984375 0.1843493552168816 0.01015625 0.006447831184056272
0 0.54609375 0.18112543962485345 0.00625 0.004689331770222743
0 0.728515625 0.17878077373974208 0.00546875 0.007033997655334115
0 0.501953125 0.17702227432590856 0.00546875 0.004689331770222743
0 0.456640625 0.1749706916764361 0.00390625 0.004103165298944901
0 0.366015625 0.1764361078546307 0.00546875 0.007033997655334115
0 0.56640625 0.17438452520515826 0.0078125 0.005275498241500586
0 0.6765625 0.17291910902696367 0.009375 0.005861664712778429
0 0.626953125 0.17262602579132474 0.00703125 0.006447831184056272
0 0.601171875 0.17028135990621338 0.00234375 0.0017584994138335288
0 0.77890625 0.17262602579132474 0.0109375 0.0076201641266119575
0 0.53125 0.16705744431418523 0.003125 0.0011723329425556857
0 0.696875 0.1655920281359906 0.009375 0.006447831184056272
0 0.80859375 0.16647127784290738 0.0125 0.009378663540445486
0 0.437109375 0.16266119577960142 0.00390625 0.004103165298944901
0 0.31875 0.16207502930832357 0.0078125 0.006447831184056272
0 0.72890625 0.16060961313012895 0.0078125 0.008206330597889801
0 0.50859375 0.15885111371629543 0.00625 0.004689331770222743
0 0.580859375 0.15885111371629543 0.00546875 0.007033997655334115
0 0.48359375 0.15621336459554513 0.0078125 0.006447831184056272
0 0.74921875 0.15650644783118406 0.009375 0.008206330597889801
0 0.8375 0.1559202813599062 0.0125 0.009378663540445486
0 0.546484375 0.1541617819460727 0.00703125 0.005861664712778429
0 0.80625 0.1515240328253224 0.0015625 0.0017584994138335288
0 0.380859375 0.14976553341148885 0.00390625 0.0029308323563892145
0 0.70546875 0.14859320046893318 0.009375 0.006447831184056272
0 0.5984375 0.14683470105509966 0.0046875 0.0029308323563892145
0 0.412109375 0.1462485345838218 0.00546875 0.005275498241500586
0 0.631640625 0.14536928487690504 0.00390625 0.005861664712778429
0 0.76796875 0.14595545134818289 0.0125 0.009378663540445486
0 0.65390625 0.14273153575615474 0.0046875 0.006447831184056272
0 0.791015625 0.141852286049238 0.01171875 0.009378663540445486
0 0.53359375 0.13892145369284878 0.00625 0.005861664712778429
0 0.509765625 0.1368698710433763 0.00546875 0.006447831184056272
0 0.315625 0.1336459554513482 0.0078125 0.005861664712778429
0 0.566015625 0.13335287221570927 0.00859375 0.006447831184056272
0 0.74296875 0.1310082063305979 0.0109375 0.006447831184056272
0 0.677734375 0.12602579132473624 0.00546875 0.005861664712778429
0 0.615234375 0.12104337631887456 0.00859375 0.005275498241500586
0 0.291015625 0.12133645955451348 0.00703125 0.007033997655334115
0 0.653515625 0.11840562719812427 0.00703125 0.005861664712778429
0 0.57265625 0.11518171160609614 0.0046875 0.0029308323563892145
0 0.5171875 0.11430246189917936 0.0046875 0.0035169988276670576
0 0.34921875 0.11488862837045721 0.0078125 0.005861664712778429
0 0.31328125 0.11313012895662368 0.0078125 0.004689331770222743
0 0.25859375 0.11166471277842907 0.00625 0.004103165298944901
0 0.49140625 0.10961313012895663 0.0078125 0.007033997655334115
0 0.206640625 0.09876905041031653 0.00546875 0.0017584994138335288
0 0.2109375 0.0914419695193435 0.0015625 0.0011723329425556857
0 0.199609375 0.09114888628370457 0.00078125 0.0005861664712778429
0 0.204296875 0.08909730363423213 0.00859375 0.0023446658851113715
