0 0.256640625 0.9449003516998827 0.01171875 0.004689331770222743
0 0.280859375 0.9375732708089097 0.01171875 0.005275498241500586
0 0.22421875 0.9314185228604924 0.003125 0.0035169988276670576
0 0.25234375 0.9273153575615475 0.003125 0.0035169988276670576
0 0.36953125 0.9237983587338804 0.0078125 0.008206330597889801
0 0.546875 0.9147127784290738 0.0125 0.011137162954279016
0 0.697265625 0.9044548651817116 0.01171875 0.010550996483001172
0 0.21328125 0.9018171160609613 0.0125 0.006447831184056272
0 0.372265625 0.895369284876905 0.00703125 0.004103165298944901
0 0.596484375 0.8959554513481829 0.01171875 0.00996483001172333
0 0.630078125 0.8921453692848769 0.01171875 0.010550996483001172
0 0.558984375 0.8921453692848769 0.01171875 0.010550996483001172
0 0.405078125 0.8871629542790153 0.00234375 0.0017584994138335288
0 0.396484375 0.8859906213364596 0.00546875 0.0029308323563892145
0 0.661328125 0.8889214536928488 0.01171875 0.00996483001172333
0 0.645703125 0.8789566236811255 0.00546875 0.005275498241500586
0 0.446484375 0.8810082063305978 0.00859375 0.009378663540445486
0 0.60703125 0.8798358733880423 0.0109375 0.009378663540445486
0 0.218359375 0.8760257913247362 0.00234375 0.0017584994138335288
0 0.370703125 0.8754396248534584 0.00859375 0.006447831184056272
0 0.3375 0.8774912075029309 0.0125 0.010550996483001172
0 0.267578125 0.8739742086752638 0.01171875 0.007033997655334115
0 0.248046875 0.8681125439624854 0.00546875 0.0035169988276670576
0 0.40625 0.86957796014068 0.0125 0.00996483001172333
0 0.658203125 0.8634232121922626 0.01171875 0.010550996483001172
0 0.476953125 0.861957796014068 0.01171875 0.008792497069167644
0 0.507421875 0.8622508792497069 0.01171875 0.010550996483001172
0 0.612890625 0.8601992966002344 0.01015625 0.0076201641266119575
0 0.32890625 0.8508206330597889 0.0125 0.005275498241500586
0 0.459765625 0.8508206330597889 0.01171875 0.011137162954279016
0 0.2859375 0.8490621336459554 0.0125 0.00996483001172333
0 0.49296875 0.847303634232122 0.0125 0.00996483001172333
0 0.3765625 0.8478898007033998 0.0109375 0.011137162954279016
0 0.69765625 0.8440797186400938 0.0125 0.008206330597889801
0 0.6234375 0.8429073856975381 0.0109375 0.008206330597889801
0 0.308203125 0.8352872215709262 0.00546875 0.004689331770222743
0 0.331640625 0.8326494724501758 0.01328125 0.00996483001172333
0 0.67265625 0.8317702227432591 0.0109375 0.010550996483001172
0 0.24453125 0.8288393903868698 0.00625 0.005861664712778429
0 0.71484375 0.8288393903868698 0.009375 0.009378663540445486
0 0.559375 0.8259085580304807 0.0125 0.010550996483001172
0 0.2140625 0.8220984759671747 0.0078125 0.004103165298944901
0 0.69453125 0.8235638921453693 0.0078125 0.009378663540445486
0 0.64296875 0.8241500586166471 0.0125 0.010550996483001172
0 0.35546875 0.8203399765533411 0.0125 0.008792497069167644
0 0.616015625 0.8177022274325909 0.01171875 0.010550996483001172
0 0.3171875 0.817409144196952 0.0125 0.00996483001172333
0 0.71171875 0.8115474794841735 0.0078125 0.005275498241500586
0 0.234765625 0.8121336459554513 0.01171875 0.008792497069167644
0 0.487109375 0.809495896834701 0.01171875 0.010550996483001172
0 0.5296875 0.8068581477139508 0.0125 0.006447831184056272
0 0.260546875 0.805978898007034 0.01171875 0.009378663540445486
0 0.65703125 0.8050996483001173 0.0125 0.00996483001172333
0 0.573828125 0.8045134818288394 0.00859375 0.00996483001172333
0 0.285546875 0.8015826494724502 0.01171875 0.008792497069167644
0 0.352734375 0.8012895662368112 0.01328125 0.009378663540445486
0 0.6375 0.7989449003516998 0.0125 0.010550996483001172
0 0.377734375 0.7960140679953107 0.01015625 0.007033997655334115
0 0.227734375 0.7951348182883939 0.00390625 0.006447831184056272
0 0.73359375 0.7966002344665886 0.0125 0.010550996483001172
0 0.513671875 0.7919109026963658 0.00703125 0.004689331770222743
0 0.428515625 0.7942555685814772 0.01171875 0.010550996483001172
0 0.708203125 0.7924970691676436 0.01328125 0.009378663540445486
0 0.187890625 0.7919109026963658 0.00859375 0.008206330597889801
0 0.4015625 0.7924970691676436 0.0109375 0.010550996483001172
0 0.83125 0.791031652989449 0.0125 0.00996483001172333
0 0.254296875 0.7895662368112544 0.00859375 0.008206330597889801
0 0.777734375 0.7895662368112544 0.01171875 0.009378663540445486
0 0.6546875 0.7845838218053928 0.0125 0.008792497069167644
0 0.28359375 0.7839976553341149 0.009375 0.0076201641266119575
0 0.7515625 0.77989449003517 0.0125 0.008792497069167644
0 0.3296875 0.7784290738569754 0.0109375 0.008206330597889801
0 0.501953125 0.7778429073856975 0.01171875 0.009378663540445486
0 0.305859375 0.7766705744431418 0.01015625 0.008206330597889801
0 0.371484375 0.7769636576787807 0.01171875 0.00996483001172333
0 0.2390625 0.7752051582649473 0.0125 0.008792497069167644
0 0.71875 0.7737397420867527 0.0125 0.009378663540445486
0 0.6265625 0.7737397420867527 0.0125 0.010550996483001172
0 0.396484375 0.7708089097303634 0.01015625 0.007033997655334115
0 0.266796875 0.7702227432590856 0.00546875 0.005861664712778429
0 0.419140625 0.7669988276670574 0.01171875 0.008792497069167644
0 0.6515625 0.7664126611957796 0.009375 0.008792497069167644
0 0.68671875 0.7664126611957796 0.0125 0.00996483001172333
0 0.3515625 0.7664126611957796 0.0125 0.00996483001172333
0 0.2875 0.764947245017585 0.0109375 0.009378663540445486
0 0.75234375 0.7617233294255569 0.0125 0.008792497069167644
0 0.319140625 0.7605509964830012 0.01015625 0.0076201641266119575
0 0.2484375 0.757327080890973 0.0125 0.009378663540445486
0 0.219140625 0.7564478311840562 0.01171875 0.0076201641266119575
0 0.634765625 0.7549824150058617 0.01171875 0.009378663540445486
0 0.83515625 0.7526377491207503 0.0125 0.009378663540445486
0 0.6765625 0.7514654161781946 0.0125 0.009378663540445486
0 0.4234375 0.7482415005861665 0.0125 0.00996483001172333
0 0.33671875 0.7450175849941383 0.009375 0.007033997655334115
0 0.655859375 0.7441383352872216 0.01171875 0.00996483001172333
0 0.786328125 0.7432590855803048 0.01328125 0.009378663540445486
0 0.28046875 0.7435521688159438 0.0125 0.00996483001172333
0 0.23515625 0.7429660023446659 0.0109375 0.008792497069167644
0 0.545703125 0.7409144196951934 0.01171875 0.009378663540445486
0 0.206640625 0.7403282532239156 0.01171875 0.009378663540445486
0 0.31171875 0.7368112543962485 0.0125 0.008206330597889801
0 0.76796875 0.7321219226260258 0.0125 0.008206330597889801
0 0.38984375 0.7321219226260258 0.0125 0.009378663540445486
0 0.249609375 0.7280187573270809 0.01328125 0.008206330597889801
0 0.816796875 0.727725674091442 0.01171875 0.008792497069167644
0 0.224609375 0.7259671746776084 0.01171875 0.00996483001172333
0 0.2734375 0.7206916764361079 0.0109375 0.006447831184056272
0 0.644921875 0.720398593200469 0.01171875 0.009378663540445486
0 0.79453125 0.7189331770222743 0.0078125 0.008792497069167644
0 0.187890625 0.7180539273153576 0.01171875 0.009378663540445486
0 0.33515625 0.7151230949589683 0.0125 0.008206330597889801
0 0.734375 0.7145369284876905 0.0125 0.008206330597889801
0 0.768359375 0.7142438452520515 0.01171875 0.008792497069167644
0 0.359375 0.713071512309496 0.0125 0.00996483001172333
0 0.2109375 0.7110199296600235 0.0125 0.009378663540445486
0 0.513671875 0.7104337631887456 0.01171875 0.009378663540445486
0 0.255078125 0.7095545134818289 0.01328125 0.008792497069167644
0 0.811328125 0.7072098475967175 0.01328125 0.008792497069167644
0 0.233203125 0.7019343493552169 0.01328125 0.00996483001172333
0 0.754296875 0.7004689331770223 0.01171875 0.008206330597889801
0 0.3859375 0.7010550996483002 0.0125 0.009378663540445486
0 0.725390625 0.6990035169988277 0.01015625 0.008792497069167644
0 0.3421875 0.6960726846424384 0.0125 0.008792497069167644
0 0.301171875 0.694021101992966 0.01171875 0.007033997655334115
0 0.789453125 0.6946072684642438 0.01328125 0.009378663540445486
0 0.676953125 0.6946072684642438 0.01171875 0.009378663540445486
0 0.212109375 0.6913833528722158 0.01328125 0.00996483001172333
0 0.255078125 0.6881594372801876 0.01171875 0.008206330597889801
0 0.768359375 0.686400937866354 0.01015625 0.009378663540445486
0 0.743359375 0.6855216881594373 0.01171875 0.008792497069167644
0 0.323828125 0.6858147713950762 0.01328125 0.009378663540445486
0 0.280859375 0.6843493552168816 0.01328125 0.008792497069167644
0 0.81328125 0.6770222743259086 0.0125 0.009378663540445486
0 0.235546875 0.6743845252051582 0.01328125 0.0076201641266119575
0 0.1984375 0.6746776084407972 0.0125 0.009378663540445486
0 0.72734375 0.6735052754982415 0.0125 0.008206330597889801
0 0.61796875 0.6735052754982415 0.0109375 0.009378663540445486
0 0.30859375 0.671746776084408 0.0125 0.009378663540445486
0 0.36328125 0.6705744431418523 0.0125 0.009378663540445486
0 0.791796875 0.6685228604923799 0.01171875 0.008792497069167644
0 0.3328125 0.6688159437280188 0.0125 0.009378663540445486
0 0.258984375 0.6682297772567409 0.01328125 0.008206330597889801
0 0.284765625 0.6658851113716295 0.01328125 0.009378663540445486
0 0.7515625 0.6638335287221571 0.0109375 0.008792497069167644
0 0.219140625 0.6614888628370457 0.01328125 0.0076201641266119575
0 0.839453125 0.6629542790152403 0.03046875 0.016412661195779603
0 0.187890625 0.6579718640093787 0.01328125 0.008792497069167644
0 0.719140625 0.656799531066823 0.01171875 0.008792497069167644
0 0.241796875 0.6547479484173505 0.01171875 0.009378663540445486
0 0.351171875 0.6538686987104337 0.01171875 0.008792497069167644
0 0.269140625 0.652989449003517 0.01328125 0.007033997655334115
0 0.303515625 0.6535756154747948 0.01328125 0.009378663540445486
0 0.328125 0.6471277842907386 0.0125 0.005861664712778429
0 0.774609375 0.6459554513481829 0.01015625 0.008206330597889801
0 0.748046875 0.645662368112544 0.01171875 0.0076201641266119575
0 0.22265625 0.6427315357561547 0.0125 0.0076201641266119575
0 0.826953125 0.6421453692848769 0.00703125 0.0076201641266119575
0 0.19375 0.6398007033997656 0.0109375 0.00996483001172333
0 0.252734375 0.6377491207502931 0.01171875 0.009378663540445486
0 0.61875 0.6339390386869871 0.0109375 0.008792497069167644
0 0.27734375 0.634232121922626 0.0125 0.009378663540445486
0 0.32421875 0.6283704572098476 0.0125 0.007033997655334115
0 0.750390625 0.6280773739742087 0.01171875 0.008792497069167644
0 0.212109375 0.6260257913247362 0.01171875 0.007033997655334115
0 0.81640625 0.6260257913247362 0.0125 0.008206330597889801
0 0.3 0.6254396248534584 0.0125 0.009378663540445486
0 0.237109375 0.6225087924970691 0.01171875 0.005861664712778429
0 0.783203125 0.6228018757327081 0.00703125 0.0076201641266119575
0 0.591015625 0.6216295427901524 0.01171875 0.0076201641266119575
0 0.2625 0.61957796014068 0.0125 0.008206330597889801
0 0.180859375 0.6172332942555686 0.01328125 0.008206330597889801
0 0.35625 0.6172332942555686 0.0125 0.009378663540445486
0 0.762890625 0.6140093786635404 0.01171875 0.008792497069167644
0 0.723046875 0.6069753810082064 0.00703125 0.004103165298944901
0 0.29375 0.6078546307151231 0.0125 0.009378663540445486
0 0.246484375 0.6049237983587339 0.01328125 0.007033997655334115
0 0.2203125 0.6049237983587339 0.0109375 0.007033997655334115
0 0.583203125 0.6034583821805393 0.01171875 0.008792497069167644
0 0.334765625 0.6034583821805393 0.01171875 0.00996483001172333
0 0.2703125 0.6008206330597889 0.0140625 0.009378663540445486
0 0.19765625 0.5993552168815943 0.0125 0.00996483001172333
0 0.83203125 0.5955451348182884 0.0125 0.008206330597889801
0 0.738671875 0.5929073856975381 0.01015625 0.008792497069167644
0 0.31640625 0.5917350527549824 0.0125 0.008792497069167644
0 0.7171875 0.5870457209847597 0.0109375 0.008792497069167644
0 0.287109375 0.5870457209847597 0.01328125 0.008792497069167644
0 0.25078125 0.5864595545134819 0.0125 0.0076201641266119575
0 0.183203125 0.5844079718640094 0.01328125 0.009378663540445486
0 0.2078125 0.5814771395076201 0.0125 0.007033997655334115
0 0.777734375 0.5762016412661196 0.00859375 0.008206330597889801
0 0.30625 0.5753223915592028 0.0125 0.008792497069167644
0 0.3515625 0.5718053927315357 0.0125 0.006447831184056272
0 0.263671875 0.5715123094958968 0.01328125 0.009378663540445486
0 0.668359375 0.5679953106682297 0.01171875 0.008206330597889801
0 0.701953125 0.5659437280187574 0.01171875 0.008792497069167644
0 0.612109375 0.563599062133646 0.01171875 0.005275498241500586
0 0.3265625 0.563305978898007 0.0125 0.007033997655334115
0 0.2 0.5638921453692849 0.0109375 0.008206330597889801
0 0.2875 0.563599062133646 0.0125 0.008792497069167644
0 0.5890625 0.5586166471277842 0.0125 0.008206330597889801
0 0.246875 0.5568581477139508 0.0125 0.007033997655334115
0 0.437109375 0.5565650644783119 0.01171875 0.0076201641266119575
0 0.826171875 0.5545134818288394 0.01015625 0.008206330597889801
0 0.221875 0.5530480656506448 0.0125 0.0076201641266119575
0 0.33515625 0.548358733880422 0.0125 0.005275498241500586
0 0.805859375 0.5463071512309496 0.01171875 0.008206330597889801
0 0.27265625 0.5468933177022274 0.0125 0.009378663540445486
0 0.310546875 0.5442555685814772 0.01328125 0.0076201641266119575
0 0.594140625 0.5413247362250879 0.01171875 0.008792497069167644
0 0.429296875 0.5398593200468933 0.01171875 0.008206330597889801
0 0.39140625 0.5342907385697538 0.0125 0.0076201641266119575
0 0.201171875 0.5331184056271981 0.01328125 0.008792497069167644
0 0.291796875 0.5331184056271981 0.01328125 0.00996483001172333
0 0.226953125 0.5316529894490035 0.01328125 0.009378663540445486
0 0.32578125 0.5304806565064478 0.0125 0.009378663540445486
0 0.81953125 0.5293083235638921 0.0125 0.008206330597889801
0 0.35078125 0.5293083235638921 0.0125 0.008206330597889801
0 0.267578125 0.5287221570926143 0.01328125 0.009378663540445486
0 0.3734375 0.5228604923798359 0.0125 0.009378663540445486
0 0.30703125 0.5193434935521688 0.0125 0.005861664712778429
0 0.76328125 0.5193434935521688 0.0109375 0.007033997655334115
0 0.39921875 0.5172919109026963 0.0125 0.008792497069167644
0 0.1921875 0.5155334114888629 0.0125 0.008792497069167644
0 0.33046875 0.5137749120750293 0.0125 0.006447831184056272
0 0.2828125 0.5143610785463072 0.0125 0.008792497069167644
0 0.218359375 0.5090855803048066 0.00234375 0.0017584994138335288
0 0.22578125 0.5105509964830012 0.0109375 0.005861664712778429
0 0.8453125 0.511137162954279 0.0125 0.008206330597889801
0 0.717578125 0.511137162954279 0.01171875 0.008206330597889801
0 0.3546875 0.511430246189918 0.0125 0.008792497069167644
0 0.258203125 0.5108440797186401 0.01328125 0.0076201641266119575
0 0.573046875 0.5064478311840562 0.01171875 0.008206330597889801
0 0.44296875 0.5052754982415005 0.0109375 0.007033997655334115
0 0.772265625 0.5041031652989449 0.01171875 0.008206330597889801
0 0.38125 0.5041031652989449 0.0125 0.008206330597889801
0 0.419921875 0.5026377491207503 0.01171875 0.008792497069167644
0 0.3328125 0.4958968347010551 0.0046875 0.0011723329425556857
0 0.308203125 0.4997069167643611 0.01328125 0.008792497069167644
0 0.8046875 0.4956037514654162 0.0125 0.008792497069167644
0 0.241015625 0.4958968347010551 0.01328125 0.009378663540445486
0 0.266796875 0.4944314185228605 0.01328125 0.008792497069167644
0 0.359375 0.4912075029308324 0.0078125 0.005861664712778429
0 0.843359375 0.4915005861664713 0.01171875 0.0076201641266119575
0 0.38046875 0.4879835873388042 0.0125 0.005275498241500586
0 0.520703125 0.488862837045721 0.01171875 0.008206330597889801
0 0.284375 0.4847596717467761 0.003125 0.0023446658851113715
0 0.48984375 0.48739742086752635 0.0109375 0.008792497069167644
0 0.29140625 0.48563892145369286 0.009375 0.006447831184056272
0 0.43046875 0.48446658851113716 0.009375 0.005275498241500586
0 0.466796875 0.48329425556858147 0.01015625 0.006447831184056272
0 0.3140625 0.4824150058616647 0.0125 0.009378663540445486
0 0.866015625 0.48124267291910905 0.01171875 0.008206330597889801
0 0.823828125 0.4809495896834701 0.01171875 0.008792497069167644
0 0.403515625 0.4797772567409144 0.01171875 0.0076201641266119575
0 0.258984375 0.47860492379835873 0.01328125 0.006447831184056272
0 0.34375 0.4765533411488863 0.0125 0.007033997655334115
0 0.23359375 0.47772567409144195 0.0140625 0.009378663540445486
0 0.73515625 0.4762602579132474 0.0109375 0.008792497069167644
0 0.84609375 0.4742086752637749 0.009375 0.008206330597889801
0 0.208984375 0.4727432590855803 0.01328125 0.00996483001172333
0 0.366796875 0.4706916764361079 0.01171875 0.007033997655334115
0 0.798828125 0.47039859320046895 0.01328125 0.008792497069167644
0 0.501171875 0.47039859320046895 0.01171875 0.008792497069167644
0 0.38984375 0.46658851113716293 0.0125 0.005861664712778429
0 0.42421875 0.4671746776084408 0.0125 0.008206330597889801
0 0.29765625 0.4657092614302462 0.0125 0.006447831184056272
0 0.324609375 0.4657092614302462 0.01328125 0.008792497069167644
0 0.71953125 0.4642438452520516 0.009375 0.008206330597889801
0 0.460546875 0.46277842907385697 0.01171875 0.008792497069167644
0 0.748828125 0.4621922626025791 0.01171875 0.008792497069167644
0 0.830078125 0.46160609613130127 0.01328125 0.008792497069167644
0 0.34765625 0.45926143024618993 0.0125 0.0076201641266119575
0 0.85859375 0.4586752637749121 0.0109375 0.0076201641266119575
0 0.514453125 0.45720984759671746 0.01171875 0.005861664712778429
0 0.1921875 0.4586752637749121 0.0140625 0.00996483001172333
0 0.267578125 0.4533997655334115 0.00390625 0.0029308323563892145
0 0.247265625 0.4566236811254396 0.01328125 0.009378663540445486
0 0.698046875 0.45545134818288396 0.01171875 0.008206330597889801
0 0.278125 0.4522274325908558 0.0015625 0.0017584994138335288
0 0.771484375 0.45515826494724504 0.01015625 0.008792497069167644
0 0.3703125 0.4533997655334115 0.0125 0.008792497069167644
0 0.667578125 0.45281359906213364 0.01171875 0.008792497069167644
0 0.44609375 0.44841735052754983 0.0109375 0.008206330597889801
0 0.21328125 0.447831184056272 0.0140625 0.009378663540445486
0 0.39296875 0.4466588511137163 0.0125 0.008206330597889801
0 0.325 0.4469519343493552 0.0125 0.008792497069167644
0 0.4171875 0.4449003516998828 0.0109375 0.005861664712778429
0 0.752734375 0.4449003516998828 0.01171875 0.008206330597889801
0 0.3515625 0.44109026963657677 0.0125 0.0076201641266119575
0 0.30078125 0.44196951934349354 0.0125 0.009378663540445486
0 0.254296875 0.43903868698710435 0.01328125 0.007033997655334115
0 0.505078125 0.4393317702227433 0.01171875 0.008792497069167644
0 0.773828125 0.43757327080890973 0.01171875 0.008792497069167644
0 0.68046875 0.43757327080890973 0.0109375 0.008792497069167644
0 0.6015625 0.43640093786635403 0.0109375 0.008792497069167644
0 0.375 0.43522860492379833 0.0109375 0.008792497069167644
0 0.817578125 0.4305392731535756 0.00078125 0.0005861664712778429
0 0.869140625 0.43347010550996484 0.01328125 0.008792497069167644
0 0.5265625 0.43112543962485345 0.0109375 0.006447831184056272
0 0.811328125 0.43024618991793667 0.01171875 0.005861664712778429
0 0.440234375 0.43024618991793667 0.01171875 0.007033997655334115
0 0.33203125 0.4296600234466589 0.0125 0.008206330597889801
0 0.28125 0.43024618991793667 0.0140625 0.009378663540445486
0 0.212109375 0.42907385697538103 0.01328125 0.009378663540445486
0 0.415234375 0.4276084407971864 0.01171875 0.0076201641266119575
0 0.35546875 0.42379835873388044 0.0125 0.009378663540445486
0 0.391796875 0.4232121922626026 0.01171875 0.009378663540445486
0 0.308203125 0.4232121922626026 0.01328125 0.009378663540445486
0 0.853125 0.417936694021102 0.0125 0.008206330597889801
0 0.809375 0.4152989449003517 0.0140625 0.006447831184056272
0 0.765625 0.41617819460726846 0.0109375 0.008206330597889801
0 0.1921875 0.41735052754982416 0.0140625 0.010550996483001172
0 0.7875 0.4155920281359906 0.0125 0.008206330597889801
0 0.74296875 0.41500586166471276 0.0109375 0.008206330597889801
0 0.27109375 0.41324736225087927 0.0140625 0.009378663540445486
0 0.440234375 0.4123681125439625 0.01171875 0.008792497069167644
0 0.326953125 0.41178194607268465 0.01328125 0.008792497069167644
0 0.463671875 0.4111957796014068 0.01171875 0.008792497069167644
0 0.22109375 0.41178194607268465 0.0140625 0.00996483001172333
0 0.246484375 0.4100234466588511 0.01328125 0.00996483001172333
0 0.375390625 0.40738569753810083 0.01171875 0.009378663540445486
0 0.294921875 0.40738569753810083 0.01328125 0.009378663540445486
0 0.351171875 0.40533411488862836 0.01328125 0.008792497069167644
0 0.40078125 0.40533411488862836 0.0125 0.00996483001172333
0 0.492578125 0.40328253223915594 0.01171875 0.007033997655334115
0 0.516015625 0.40386869871043374 0.01171875 0.009378663540445486
0 0.8640625 0.4026963657678781 0.0125 0.008206330597889801
0 0.83671875 0.4006447831184056 0.0125 0.008792497069167644
0 0.757421875 0.4000586166471278 0.01015625 0.008792497069167644
0 0.191796875 0.3959554513481829 0.00078125 0.0005861664712778429
0 0.42265625 0.3983001172332943 0.0125 0.008792497069167644
0 0.787890625 0.39771395076201643 0.01171875 0.008792497069167644
0 0.812109375 0.39683470105509966 0.01171875 0.008206330597889801
0 0.73515625 0.39683470105509966 0.0109375 0.008206330597889801
0 0.1984375 0.39654161781946073 0.0125 0.008792497069167644
0 0.453515625 0.39419695193434934 0.01171875 0.0076201641266119575
0 0.533984375 0.3921453692848769 0.01171875 0.007033997655334115
0 0.33125 0.39331770222743256 0.0125 0.009378663540445486
0 0.274609375 0.3930246189917937 0.01328125 0.00996483001172333
0 0.22421875 0.3930246189917937 0.0140625 0.00996483001172333
0 0.30625 0.3906799531066823 0.0125 0.008792497069167644
0 0.59921875 0.3898007033997655 0.0109375 0.008206330597889801
0 0.3859375 0.3895076201641266 0.0125 0.008792497069167644
0 0.24921875 0.39009378663540445 0.0140625 0.00996483001172333
0 0.36171875 0.3892145369284877 0.0125 0.009378663540445486
0 0.853515625 0.3877491207502931 0.01328125 0.008792497069167644
0 0.5765625 0.3874560375146542 0.0109375 0.008206330597889801
0 0.653515625 0.38569753810082064 0.01015625 0.008206330597889801
0 0.495703125 0.38569753810082064 0.01171875 0.009378663540445486
0 0.798828125 0.3830597889800703 0.01171875 0.008792497069167644
0 0.40859375 0.3830597889800703 0.0125 0.008792497069167644
0 0.759765625 0.3821805392731536 0.01171875 0.008206330597889801
0 0.70546875 0.3824736225087925 0.0109375 0.008792497069167644
0 0.822265625 0.3813012895662368 0.01171875 0.008792497069167644
0 0.442578125 0.3783704572098476 0.01171875 0.008792497069167644
0 0.2890625 0.37749120750293086 0.0125 0.009378663540445486
0 0.20859375 0.37807737397420865 0.0140625 0.010550996483001172
0 0.341796875 0.3766119577960141 0.01328125 0.008792497069167644
0 0.5359375 0.37368112543962484 0.0109375 0.006447831184056272
0 0.263671875 0.3754396248534584 0.01328125 0.00996483001172333
0 0.469140625 0.3745603751465416 0.01171875 0.009378663540445486
0 0.840625 0.3713364595545135 0.0125 0.008792497069167644
0 0.387109375 0.3713364595545135 0.01171875 0.008792497069167644
0 0.638671875 0.37075029308323565 0.01171875 0.008792497069167644
0 0.578515625 0.3689917936694021 0.01171875 0.0076201641266119575
0 0.2390625 0.3701641266119578 0.0140625 0.00996483001172333
0 0.515234375 0.3675263774912075 0.01171875 0.005861664712778429
0 0.49140625 0.3678194607268464 0.0125 0.008792497069167644
0 0.319921875 0.3678194607268464 0.01328125 0.008792497069167644
0 0.868359375 0.36723329425556855 0.01328125 0.008792497069167644
0 0.3625 0.36723329425556855 0.0125 0.008792497069167644
0 0.815625 0.3622508792497069 0.0015625 0.0011723329425556857
0 0.797265625 0.3648886283704572 0.01171875 0.0076201641266119575
0 0.7671875 0.36547479484173506 0.0109375 0.008792497069167644
0 0.70234375 0.3645955451348183 0.0109375 0.008206330597889801
0 0.409375 0.3645955451348183 0.0125 0.008206330597889801
0 0.824609375 0.3601992966002345 0.00078125 0.0005861664712778429
0 0.821484375 0.3596131301289566 0.00390625 0.0005861664712778429
0 0.675390625 0.3622508792497069 0.01171875 0.008206330597889801
0 0.551953125 0.3613716295427902 0.01171875 0.0076201641266119575
0 0.433203125 0.36107854630715125 0.01171875 0.009378663540445486
0 0.278515625 0.3607854630715123 0.01328125 0.00996483001172333
0 0.2015625 0.3593200468933177 0.0125 0.010550996483001172
0 0.341015625 0.35726846424384523 0.01328125 0.0076201641266119575
0 0.653125 0.3569753810082063 0.0109375 0.008206330597889801
0 0.734765625 0.3560961313012896 0.00859375 0.0076201641266119575
0 0.851171875 0.35550996483001174 0.01171875 0.0076201641266119575
0 0.6234375 0.35433763188745604 0.0109375 0.008792497069167644
0 0.301953125 0.35463071512309496 0.01328125 0.009378663540445486
0 0.45546875 0.35316529894490034 0.009375 0.008792497069167644
0 0.255078125 0.35316529894490034 0.01328125 0.008792497069167644
0 0.599609375 0.3525791324736225 0.01171875 0.008792497069167644
0 0.531640625 0.3516998827667057 0.01171875 0.009378663540445486
0 0.22578125 0.35140679953106685 0.009375 0.008792497069167644
0 0.780859375 0.3511137162954279 0.01171875 0.009378663540445486
0 0.872265625 0.3493552168815944 0.01171875 0.008206330597889801
0 0.80703125 0.3496483001172333 0.0125 0.008792497069167644
0 0.713671875 0.34906213364595545 0.01015625 0.008792497069167644
0 0.489453125 0.3481828839390387 0.01171875 0.008206330597889801
0 0.36328125 0.34788980070339975 0.009375 0.0076201641266119575
0 0.575 0.3473036342321219 0.0109375 0.008792497069167644
0 0.412890625 0.34642438452520513 0.01171875 0.008206330597889801
0 0.388671875 0.3443728018757327 0.00703125 0.005275498241500586
0 0.685546875 0.3417350527549824 0.00859375 0.004689331770222743
0 0.32578125 0.3429073856975381 0.0125 0.009378663540445486
0 0.280859375 0.3417350527549824 0.01328125 0.009378663540445486
0 0.642578125 0.3408558030480657 0.01171875 0.008792497069167644
0 0.83984375 0.3402696365767878 0.0125 0.008792497069167644
0 0.549609375 0.3402696365767878 0.01171875 0.008792497069167644
0 0.19375 0.3402696365767878 0.0125 0.00996483001172333
0 0.511328125 0.3388042203985932 0.01171875 0.008206330597889801
0 0.854296875 0.3347010550996483 0.00078125 0.0011723329425556857
0 0.434765625 0.3385111371629543 0.01171875 0.008792497069167644
0 0.751953125 0.33792497069167643 0.01015625 0.008792497069167644
0 0.855078125 0.3332356389214537 0.00078125 0.0005861664712778429
0 0.6171875 0.33675263774912073 0.0109375 0.008792497069167644
0 0.865625 0.33264947245017584 0.0015625 0.0017584994138335288
0 0.729296875 0.335873388042204 0.01015625 0.008206330597889801
0 0.459765625 0.33528722157092616 0.00859375 0.007033997655334115
0 0.863671875 0.33147713950762014 0.00078125 0.0005861664712778429
0 0.857421875 0.33147713950762014 0.00078125 0.0005861664712778429
0 0.302734375 0.33411488862837047 0.01171875 0.005861664712778429
0 0.860546875 0.3308909730363423 0.00390625 0.0005861664712778429
0 0.81875 0.3344079718640094 0.0109375 0.008792497069167644
0 0.795703125 0.3347010550996483 0.01015625 0.009378663540445486
0 0.773046875 0.3344079718640094 0.01171875 0.008792497069167644
0 0.59140625 0.33411488862837047 0.0109375 0.009378663540445486
0 0.70390625 0.33294255568581477 0.009375 0.008206330597889801
0 0.355078125 0.33147713950762014 0.00859375 0.006447831184056272
0 0.21640625 0.3332356389214537 0.0140625 0.00996483001172333
0 0.483203125 0.3305978898007034 0.00703125 0.008206330597889801
0 0.38046875 0.3276670574443142 0.0046875 0.0035169988276670576
0 0.56875 0.3291324736225088 0.0109375 0.0076201641266119575
0 0.404296875 0.3291324736225088 0.00703125 0.0076201641266119575
0 0.5328125 0.3279601406799531 0.0078125 0.006447831184056272
0 0.264453125 0.32737397420867526 0.01328125 0.00996483001172333
0 0.68203125 0.32532239155920284 0.0109375 0.007033997655334115
0 0.655078125 0.324736225087925 0.01015625 0.008206330597889801
0 0.332421875 0.32444314185228607 0.00703125 0.0076201641266119575
0 0.239453125 0.3250293083235639 0.01328125 0.00996483001172333
0 0.834375 0.3226846424384525 0.0125 0.008792497069167644
0 0.632421875 0.3226846424384525 0.01015625 0.008792497069167644
0 0.504296875 0.32180539273153574 0.00703125 0.008206330597889801
0 0.74375 0.32092614302461897 0.0078125 0.008792497069167644
0 0.426171875 0.32063305978898005 0.01015625 0.008206330597889801
0 0.193359375 0.31623681125439623 0.00078125 0.0005861664712778429
0 0.8078125 0.3194607268464244 0.0109375 0.008206330597889801
0 0.608203125 0.31975381008206333 0.01015625 0.008792497069167644
0 0.785546875 0.31887456037514655 0.01015625 0.008206330597889801
0 0.7203125 0.3182883939038687 0.0046875 0.007033997655334115
0 0.199609375 0.31975381008206333 0.01015625 0.00996483001172333
0 0.5515625 0.31770222743259086 0.009375 0.008206330597889801
0 0.308203125 0.31623681125439623 0.01015625 0.005275498241500586
0 0.863671875 0.317116060961313 0.01328125 0.008206330597889801
0 0.449609375 0.317116060961313 0.01015625 0.008206330597889801
0 0.5859375 0.31652989449003516 0.009375 0.008206330597889801
0 0.76328125 0.31477139507620167 0.0109375 0.008206330597889801
0 0.475 0.3130128956623681 0.00625 0.004689331770222743
0 0.282421875 0.31477139507620167 0.01328125 0.009378663540445486
0 0.349609375 0.3118405627198124 0.00859375 0.008206330597889801
0 0.521875 0.31125439624853457 0.0109375 0.008206330597889801
0 0.669140625 0.3103751465416178 0.01015625 0.0076201641266119575
0 0.375 0.30803048065650646 0.00625 0.005275498241500586
0 0.252734375 0.30978898007034 0.01328125 0.00996483001172333
0 0.646875 0.30803048065650646 0.009375 0.0076201641266119575
0 0.401953125 0.30803048065650646 0.01015625 0.008792497069167644
0 0.846484375 0.3071512309495897 0.01015625 0.008206330597889801
0 0.823046875 0.30773739742086753 0.01171875 0.009378663540445486
0 0.623828125 0.30392731535756157 0.00859375 0.006447831184056272
0 0.567578125 0.3050996483001172 0.01015625 0.008792497069167644
0 0.497265625 0.3042203985932005 0.01015625 0.007033997655334115
0 0.793359375 0.30041031652989447 0.00078125 0.0005861664712778429
0 0.733984375 0.3042203985932005 0.01015625 0.008206330597889801
0 0.79609375 0.2998241500586166 0.0015625 0.0005861664712778429
0 0.600390625 0.30246189917936694 0.01015625 0.008206330597889801
0 0.326171875 0.3030480656506448 0.01171875 0.009378663540445486
0 0.42421875 0.302168815943728 0.0109375 0.008792497069167644
0 0.711328125 0.3009964830011723 0.01015625 0.0076201641266119575
0 0.5421875 0.2998241500586166 0.00625 0.006447831184056272
0 0.448828125 0.29923798358733883 0.01015625 0.006447831184056272
0 0.775390625 0.29923798358733883 0.00859375 0.0076201641266119575
0 0.296484375 0.29835873388042206 0.01171875 0.007033997655334115
0 0.471484375 0.2951348182883939 0.00859375 0.0029308323563892145
0 0.203125 0.29806565064478313 0.009375 0.00996483001172333
0 0.856640625 0.29396248534583824 0.00078125 0.0029308323563892145
0 0.857421875 0.29161781946072685 0.00078125 0.0005861664712778429
0 0.753515625 0.2954279015240328 0.00859375 0.008206330597889801
0 0.51875 0.2936694021101993 0.0046875 0.004689331770222743
0 0.68671875 0.2936694021101993 0.009375 0.007033997655334115
0 0.356640625 0.29425556858147717 0.01015625 0.008206330597889801
0 0.859765625 0.2898593200468933 0.00078125 0.0005861664712778429
0 0.830078125 0.2898593200468933 0.00078125 0.0005861664712778429
0 0.6625 0.2936694021101993 0.00625 0.008206330597889801
0 0.862109375 0.28927315357561545 0.00234375 0.0005861664712778429
0 0.831640625 0.28927315357561545 0.00078125 0.0005861664712778429
0 0.835546875 0.28868698710433766 0.00546875 0.0017584994138335288
0 0.812109375 0.2922039859320047 0.01171875 0.008792497069167644
0 0.3890625 0.29161781946072685 0.0078125 0.0076201641266119575
0 0.5828125 0.2901524032825322 0.009375 0.008206330597889801
0 0.73046875 0.28751465416178196 0.0046875 0.004103165298944901
0 0.559375 0.2869284876905041 0.009375 0.0076201641266119575
0 0.78984375 0.2866354044548652 0.0109375 0.008206330597889801
0 0.626171875 0.28634232121922626 0.01015625 0.0076201641266119575
0 0.4109375 0.2866354044548652 0.009375 0.009378663540445486
0 0.49375 0.2842907385697538 0.0078125 0.005861664712778429
0 0.315234375 0.28516998827667056 0.01171875 0.008792497069167644
0 0.705078125 0.283704572098476 0.01015625 0.008206330597889801
0 0.4359375 0.2825322391559203 0.0078125 0.007033997655334115
0 0.76875 0.28223915592028137 0.0109375 0.0076201641266119575
0 0.536328125 0.2813599062133646 0.00703125 0.007033997655334115
0 0.2796875 0.2813599062133646 0.0125 0.009378663540445486
0 0.3390625 0.2801875732708089 0.0109375 0.008206330597889801
0 0.883203125 0.27989449003517 0.01328125 0.008792497069167644
0 0.64921875 0.2781359906213365 0.00625 0.005275498241500586
0 0.844921875 0.27520515826494724 0.00078125 0.0005861664712778429
0 0.60546875 0.2793083235638921 0.0078125 0.008792497069167644
0 0.84921875 0.2749120750293083 0.0046875 0.0011723329425556857
0 0.37265625 0.27667057444314186 0.0046875 0.004689331770222743
0 0.677734375 0.27784290738569756 0.00703125 0.008206330597889801
0 0.747265625 0.2772567409144197 0.00859375 0.008206330597889801
0 0.463671875 0.2769636576787808 0.00703125 0.0076201641266119575
0 0.825 0.27667057444314186 0.0109375 0.009378663540445486
0 0.5125 0.2749120750293083 0.0078125 0.007033997655334115
0 0.3953125 0.27139507620164127 0.0078125 0.007033997655334115
0 0.80390625 0.2716881594372802 0.0109375 0.008792497069167644
0 0.4203125 0.2693434935521688 0.0046875 0.005275498241500586
0 0.719140625 0.2702227432590856 0.01015625 0.008206330597889801
0 0.62734375 0.268464243845252 0.0046875 0.004689331770222743
0 0.3 0.2705158264947245 0.0125 0.008792497069167644
0 0.8671875 0.26817116060961316 0.0125 0.008792497069167644
0 0.781640625 0.26787807737397423 0.00859375 0.008206330597889801
0 0.583203125 0.2675849941383353 0.01015625 0.008792497069167644
0 0.697265625 0.26670574443141853 0.00859375 0.008206330597889801
0 0.4890625 0.2664126611957796 0.00625 0.0076201641266119575
0 0.323828125 0.2652403282532239 0.01171875 0.0076201641266119575
0 0.44296875 0.264947245017585 0.009375 0.008206330597889801
0 0.353125 0.2640679953106682 0.0078125 0.0076201641266119575
0 0.530859375 0.26348182883939036 0.01015625 0.0076201641266119575
0 0.759375 0.26289566236811257 0.009375 0.008792497069167644
0 0.841015625 0.2620164126611958 0.01015625 0.009378663540445486
0 0.678125 0.2599648300117233 0.0046875 0.006447831184056272
0 0.65234375 0.2608440797186401 0.009375 0.008206330597889801
0 0.737890625 0.25908558030480655 0.00859375 0.007033997655334115
0 0.605859375 0.2593786635404455 0.00703125 0.0076201641266119575
0 0.19609375 0.2555685814771395 0.0046875 0.0011723329425556857
0 0.81875 0.25908558030480655 0.0109375 0.009378663540445486
0 0.561328125 0.2567409144196952 0.01015625 0.008206330597889801
0 0.509375 0.2564478311840563 0.0078125 0.0076201641266119575
0 0.466796875 0.2567409144196952 0.00859375 0.008206330597889801
0 0.380078125 0.2567409144196952 0.00703125 0.008206330597889801
0 0.796875 0.25468933177022274 0.0109375 0.008792497069167644
0 0.403125 0.2541031652989449 0.0078125 0.0076201641266119575
0 0.71640625 0.25175849941383355 0.009375 0.0076201641266119575
0 0.860546875 0.2511723329425557 0.01328125 0.008792497069167644
0 0.20078125 0.2508792497069168 0.0046875 0.008206330597889801
0 0.197265625 0.24648300117233293 0.00078125 0.0005861664712778429
0 0.776953125 0.24941383352872215 0.00703125 0.0076201641266119575
0 0.195703125 0.2458968347010551 0.00078125 0.0005861664712778429
0 0.69453125 0.2488276670574443 0.0078125 0.0076201641266119575
0 0.5828125 0.24912075029308323 0.009375 0.008206330597889801
0 0.837109375 0.24413833528722156 0.00078125 0.0005861664712778429
0 0.62734375 0.2473622508792497 0.00625 0.007033997655334115
0 0.4875 0.24824150058616648 0.009375 0.008792497069167644
0 0.349609375 0.24531066822977726 0.00390625 0.004103165298944901
0 0.44375 0.24677608440797186 0.0109375 0.008206330597889801
0 0.53515625 0.24531066822977726 0.009375 0.0076201641266119575
0 0.753515625 0.2447245017584994 0.00859375 0.0076201641266119575
0 0.649609375 0.24355216881594371 0.00703125 0.005275498241500586
0 0.879296875 0.24355216881594371 0.01328125 0.008792497069167644
0 0.848046875 0.23944900351699883 0.00078125 0.0005861664712778429
0 0.83671875 0.24120750293083235 0.0015625 0.004103165298944901
0 0.671484375 0.24150058616647127 0.00859375 0.007033997655334115
0 0.845703125 0.2376905041031653 0.00078125 0.0005861664712778429
0 0.839453125 0.2376905041031653 0.00078125 0.0005861664712778429
0 0.842578125 0.23710433763188746 0.00390625 0.0005861664712778429
0 0.816796875 0.24120750293083235 0.01171875 0.008792497069167644
0 0.603515625 0.23886283704572098 0.01015625 0.0076201641266119575
0 0.73125 0.23856975381008205 0.009375 0.008206330597889801
0 0.420703125 0.23827667057444316 0.01015625 0.0076201641266119575
0 0.372265625 0.23827667057444316 0.00859375 0.0076201641266119575
0 0.560546875 0.23681125439624853 0.00703125 0.005861664712778429
0 0.5078125 0.23710433763188746 0.009375 0.0076201641266119575
0 0.465234375 0.2376905041031653 0.00859375 0.008792497069167644
0 0.79296875 0.23681125439624853 0.009375 0.008206330597889801
0 0.39609375 0.2347596717467761 0.0109375 0.0076201641266119575
0 0.857421875 0.23124267291910902 0.00234375 0.0017584994138335288
0 0.86171875 0.22977725674091443 0.0046875 0.0011723329425556857
0 0.771484375 0.23124267291910902 0.00859375 0.0076201641266119575
0 0.690234375 0.23124267291910902 0.00859375 0.0076201641266119575
0 0.583203125 0.23007033997655335 0.00859375 0.0076201641266119575
0 0.5296875 0.22801875732708088 0.0046875 0.0035169988276670576
0 0.200390625 0.2309495896834701 0.01015625 0.010550996483001172
0 0.48671875 0.22919109026963658 0.009375 0.008206330597889801
0 0.31171875 0.22801875732708088 0.009375 0.007033997655334115
0 0.659765625 0.2268464243845252 0.00390625 0.005861664712778429
0 0.346875 0.22596717467760843 0.0046875 0.004103165298944901
0 0.7515625 0.22596717467760843 0.0046875 0.006447831184056272
0 0.888671875 0.2268464243845252 0.01328125 0.009378663540445486
0 0.7125 0.22626025791324736 0.009375 0.008206330597889801
0 0.44140625 0.22450175849941384 0.00625 0.008206330597889801
0 0.82890625 0.223915592028136 0.0109375 0.009378663540445486
0 0.80546875 0.22303634232121922 0.0109375 0.008792497069167644
0 0.607421875 0.22157092614302462 0.01015625 0.005861664712778429
0 0.377734375 0.22010550996483 0.00859375 0.006447831184056272
0 0.54921875 0.21951934349355218 0.0078125 0.0076201641266119575
0 0.5078125 0.21893317702227433 0.00625 0.0076201641266119575
0 0.462890625 0.2186400937866354 0.00859375 0.008206330597889801
0 0.784375 0.21776084407971863 0.009375 0.008792497069167644
0 0.40234375 0.21688159437280188 0.00625 0.008206330597889801
0 0.8703125 0.21658851113716296 0.0125 0.008792497069167644
0 0.730078125 0.21512309495896834 0.00703125 0.009378663540445486
0 0.572265625 0.21395076201641267 0.00703125 0.007033997655334115
0 0.6296875 0.21336459554513482 0.0078125 0.007033997655334115
0 0.69375 0.21277842907385697 0.00625 0.007033997655334115
0 0.485546875 0.21072684642438452 0.00390625 0.004103165298944901
0 0.526953125 0.20955451348182885 0.00859375 0.006447831184056272
0 0.750390625 0.20808909730363423 0.00703125 0.005861664712778429
0 0.439453125 0.2063305978898007 0.00703125 0.007033997655334115
0 0.59296875 0.20603751465416179 0.00625 0.0076201641266119575
0 0.713671875 0.20310668229777257 0.00390625 0.006447831184056272
0 0.77109375 0.20310668229777257 0.009375 0.0076201641266119575
0 0.505078125 0.2007620164126612 0.00390625 0.004103165298944901
0 0.548828125 0.20105509964830012 0.00703125 0.005861664712778429
0 0.4140625 0.2007620164126612 0.009375 0.006447831184056272
0 0.461328125 0.1995896834701055 0.01015625 0.0076201641266119575
0 0.61328125 0.19929660023446658 0.009375 0.008206330597889801
0 0.735546875 0.19577960140679954 0.00390625 0.004689331770222743
0 0.794140625 0.19314185228604924 0.00078125 0.0005861664712778429
0 0.573046875 0.19490035169988276 0.00703125 0.0076201641266119575
0 0.84140625 0.19460726846424384 0.0125 0.009378663540445486
0 0.39296875 0.19284876905041032 0.00625 0.005861664712778429
0 0.48359375 0.1910902696365768 0.0046875 0.0035169988276670576
0 0.75546875 0.19050410316529895 0.00625 0.007033997655334115
0 0.52734375 0.19050410316529895 0.0078125 0.007033997655334115
0 0.59375 0.18698710433763188 0.00625 0.005861664712778429
0 0.654296875 0.18610785463071514 0.00703125 0.0076201641266119575
0 0.812890625 0.18200468933177022 0.00078125 0.0005861664712778429
0 0.773046875 0.18200468933177022 0.00078125 0.0005861664712778429
0 0.7046875 0.1855216881594373 0.009375 0.0076201641266119575
0 0.628515625 0.182883939038687 0.00390625 0.0023446658851113715
0 0.5578125 0.1817116060961313 0.0046875 0.0035169988276670576
0 0.808203125 0.17995310668229778 0.00546875 0.0011723329425556857
0 0.4640625 0.179073856975381 0.003125 0.0029308323563892145
0 0.34609375 0.17878077373974208 0.00625 0.005861664712778429
0 0.725390625 0.17731535756154748 0.00859375 0.006447831184056272
0 0.8375 0.17702227432590856 0.0125 0.009378663540445486
0 0.534765625 0.17321219226260257 0.00703125 0.005275498241500586
0 0.607421875 0.17233294255568582 0.00703125 0.007033997655334115
0 0.75625 0.17145369284876905 0.009375 0.006447831184056272
0 0.510546875 0.17174677608440797 0.00703125 0.007033997655334115
0 0.5734375 0.16852286049237983 0.00625 0.005275498241500586
0 0.40859375 0.1667643610785463 0.0046875 0.004103165298944901
0 0.77734375 0.16705744431418523 0.0109375 0.008206330597889801
0 0.8671875 0.1650058616647128 0.0125 0.00996483001172333
0 0.4375 0.16266119577960142 0.0078125 0.005275498241500586
0 0.73359375 0.16031652989449002 0.0078125 0.006447831184056272
0 0.625 0.1597303634232122 0.00625 0.006447831184056272
0 0.658203125 0.15914419695193435 0.00546875 0.0076201641266119575
0 0.840625 0.1585580304806565 0.0125 0.008792497069167644
0 0.796484375 0.15650644783118406 0.01171875 0.009378663540445486
0 0.6796875 0.15562719812426729 0.0078125 0.008792497069167644
0 0.56015625 0.152989449003517 0.00625 0.005861664712778429
0 0.537109375 0.1515240328253224 0.00390625 0.0029308323563892145
0 0.819921875 0.15211019929660025 0.01171875 0.00996483001172333
0 0.3421875 0.15005861664712777 0.0078125 0.007033997655334115
0 0.5921875 0.14712778429073858 0.0078125 0.007033997655334115
0 0.77421875 0.141852286049238 0.0046875 0.007033997655334115
0 0.31640625 0.1395076201641266 0.0109375 0.007033997655334115
0 0.703515625 0.13774912075029308 0.00859375 0.007033997655334115
0 0.6421875 0.134232121922626 0.0078125 0.005861664712778429
0 0.376953125 0.13218053927315357 0.00546875 0.005275498241500586
0 0.3390625 0.13159437280187572 0.009375 0.005275498241500586
0 0.68046875 0.13042203985932005 0.0078125 0.005275498241500586
0 0.287890625 0.13188745603751464 0.01171875 0.008206330597889801
0 0.598046875 0.12924970691676435 0.00546875 0.005275498241500586
0 0.544140625 0.1298358733880422 0.00390625 0.006447831184056272
0 0.51796875 0.12397420867526378 0.00625 0.005275498241500586
0 0.234765625 0.11283704572098475 0.01015625 0.011137162954279016
