0 0.6671875 0.7869791666666667 0.0078125 0.011458333333333333
0 0.538671875 0.7869791666666667 0.00703125 0.011458333333333333
0 0.52421875 0.784375 0.0078125 0.010416666666666666
0 0.692578125 0.7833333333333333 0.00703125 0.010416666666666666
0 0.613671875 0.7833333333333333 0.00703125 0.010416666666666666
0 0.591015625 0.778125 0.00703125 0.010416666666666666
0 0.6546875 0.7739583333333333 0.0078125 0.010416666666666666
0 0.41328125 0.7734375 0.0078125 0.011458333333333333
0 0.639453125 0.7697916666666667 0.00703125 0.010416666666666666
0 0.60390625 0.7697916666666667 0.0078125 0.010416666666666666
0 0.534375 0.7697916666666667 0.0078125 0.010416666666666666
0 0.715625 0.7677083333333333 0.0078125 0.010416666666666666
0 0.46171875 0.7682291666666666 0.0078125 0.011458333333333333
0 0.7 0.7666666666666667 0.0078125 0.010416666666666666
0 0.551953125 0.7661458333333333 0.00703125 0.009375
0 0.75703125 0.765625 0.0078125 0.010416666666666666
0 0.61796875 0.765625 0.0078125 0.010416666666666666
0 0.28515625 0.7645833333333333 0.0078125 0.0125
0 0.4 0.7630208333333334 0.0078125 0.011458333333333333
0 0.675390625 0.759375 0.00703125 0.010416666666666666
0 0.347265625 0.7588541666666667 0.00859375 0.011458333333333333
0 0.38671875 0.7557291666666667 0.0078125 0.011458333333333333
0 0.644921875 0.753125 0.00703125 0.010416666666666666
0 0.445703125 0.7536458333333333 0.00703125 0.011458333333333333
0 0.6625 0.7510416666666667 0.0078125 0.010416666666666666
0 0.5421875 0.75 0.0078125 0.010416666666666666
0 0.609765625 0.7479166666666667 0.00703125 0.010416666666666666
0 0.288671875 0.7463541666666667 0.00859375 0.011458333333333333
0 0.591796875 0.7447916666666666 0.00703125 0.010416666666666666
0 0.4640625 0.7458333333333333 0.0078125 0.0125
0 0.728125 0.7432291666666667 0.0078125 0.009375
0 0.629296875 0.74375 0.00703125 0.010416666666666666
0 0.305859375 0.7447916666666666 0.00859375 0.0125
0 0.761328125 0.7427083333333333 0.00703125 0.010416666666666666
0 0.694140625 0.7385416666666667 0.00703125 0.010416666666666666
0 0.441015625 0.7354166666666667 0.00703125 0.010416666666666666
0 0.339453125 0.7359375 0.00859375 0.011458333333333333
0 0.655859375 0.7338541666666667 0.00859375 0.009375
0 0.641015625 0.7338541666666667 0.00703125 0.009375
0 0.3765625 0.7338541666666667 0.0078125 0.011458333333333333
0 0.6171875 0.7322916666666667 0.0078125 0.010416666666666666
0 0.671484375 0.7296875 0.00703125 0.009375
0 0.583203125 0.7302083333333333 0.00703125 0.010416666666666666
0 0.55 0.7286458333333333 0.0078125 0.009375
0 0.4625 0.7296875 0.0078125 0.011458333333333333
0 0.602734375 0.728125 0.00703125 0.010416666666666666
0 0.71328125 0.7260416666666667 0.0078125 0.010416666666666666
0 0.3078125 0.7260416666666667 0.009375 0.0125
0 0.7515625 0.7223958333333333 0.0078125 0.009375
0 0.68515625 0.7229166666666667 0.0078125 0.010416666666666666
0 0.76953125 0.7182291666666667 0.0078125 0.009375
0 0.626171875 0.7182291666666667 0.00703125 0.009375
0 0.66171875 0.7161458333333334 0.0078125 0.009375
0 0.295703125 0.7166666666666667 0.00859375 0.010416666666666666
0 0.647265625 0.715625 0.00703125 0.010416666666666666
0 0.430078125 0.715625 0.00703125 0.010416666666666666
0 0.471875 0.7130208333333333 0.0078125 0.009375
0 0.273046875 0.7119791666666667 0.00859375 0.011458333333333333
0 0.70703125 0.709375 0.0078125 0.010416666666666666
0 0.612890625 0.7078125 0.00703125 0.009375
0 0.7421875 0.7072916666666667 0.0078125 0.010416666666666666
0 0.44296875 0.7072916666666667 0.0078125 0.010416666666666666
0 0.679296875 0.7057291666666666 0.00703125 0.009375
0 0.23515625 0.7057291666666666 0.009375 0.011458333333333333
0 0.75703125 0.7036458333333333 0.0078125 0.009375
0 0.636328125 0.7036458333333333 0.00703125 0.009375
0 0.72109375 0.7026041666666667 0.0078125 0.009375
0 0.484375 0.703125 0.0078125 0.010416666666666666
0 0.69375 0.7005208333333334 0.0078125 0.009375
0 0.549609375 0.7 0.00703125 0.010416666666666666
0 0.3875 0.7 0.0078125 0.010416666666666666
0 0.66484375 0.6973958333333333 0.00625 0.009375
0 0.59921875 0.6973958333333333 0.0078125 0.009375
0 0.3 0.6953125 0.0078125 0.011458333333333333
0 0.284375 0.6953125 0.009375 0.011458333333333333
0 0.471875 0.69375 0.0078125 0.010416666666666666
0 0.65 0.6916666666666667 0.0078125 0.010416666666666666
0 0.61640625 0.6885416666666667 0.0078125 0.010416666666666666
0 0.336328125 0.6890625 0.00859375 0.011458333333333333
0 0.707421875 0.6854166666666667 0.00703125 0.010416666666666666
0 0.636328125 0.684375 0.00703125 0.010416666666666666
0 0.721875 0.6828125 0.0078125 0.009375
0 0.76796875 0.6817708333333333 0.0078125 0.009375
0 0.737109375 0.6817708333333333 0.00703125 0.009375
0 0.670703125 0.6796875 0.00703125 0.009375
0 0.6953125 0.6744791666666666 0.0078125 0.009375
0 0.41328125 0.6739583333333333 0.0078125 0.010416666666666666
0 0.315625 0.6744791666666666 0.0078125 0.011458333333333333
0 0.1828125 0.6755208333333333 0.009375 0.013541666666666667
0 0.621875 0.6713541666666667 0.0078125 0.009375
0 0.298046875 0.6723958333333333 0.00859375 0.011458333333333333
0 0.33046875 0.6713541666666667 0.0078125 0.011458333333333333
0 0.76015625 0.6671875 0.0078125 0.005208333333333333
0 0.53984375 0.66875 0.0078125 0.010416666666666666
0 0.658203125 0.6645833333333333 0.00703125 0.010416666666666666
0 0.25 0.6635416666666667 0.009375 0.010416666666666666
0 0.22890625 0.6625 0.009375 0.010416666666666666
0 0.676953125 0.6614583333333334 0.00703125 0.010416666666666666
0 0.633984375 0.6604166666666667 0.00703125 0.010416666666666666
0 0.1890625 0.6614583333333334 0.009375 0.0125
0 0.308203125 0.6583333333333333 0.00859375 0.010416666666666666
0 0.691015625 0.65625 0.00703125 0.010416666666666666
0 0.772265625 0.6536458333333334 0.00703125 0.007291666666666667
0 0.608203125 0.653125 0.00703125 0.010416666666666666
0 0.741796875 0.6520833333333333 0.00703125 0.010416666666666666
0 0.41015625 0.6510416666666666 0.0078125 0.010416666666666666
0 0.648828125 0.6463541666666667 0.00703125 0.009375
0 0.219140625 0.6473958333333333 0.00859375 0.011458333333333333
0 0.702734375 0.6432291666666666 0.00703125 0.009375
0 0.240625 0.6447916666666667 0.009375 0.0125
0 0.7171875 0.6390625 0.0078125 0.009375
0 0.26796875 0.6395833333333333 0.009375 0.010416666666666666
0 0.73203125 0.6369791666666667 0.0078125 0.009375
0 0.68828125 0.6375 0.0078125 0.010416666666666666
0 0.20859375 0.634375 0.009375 0.010416666666666666
0 0.674609375 0.6296875 0.00703125 0.009375
0 0.246484375 0.6286458333333333 0.00859375 0.011458333333333333
0 0.23125 0.628125 0.0078125 0.010416666666666666
0 0.70703125 0.6255208333333333 0.0078125 0.009375
0 0.65 0.6229166666666667 0.0078125 0.010416666666666666
0 0.1875 0.6203125 0.009375 0.011458333333333333
0 0.721484375 0.6161458333333333 0.00703125 0.005208333333333333
0 0.690234375 0.6182291666666667 0.00703125 0.009375
0 0.279296875 0.6125 0.00703125 0.010416666666666666
0 0.3640625 0.609375 0.0078125 0.010416666666666666
0 0.24375 0.609375 0.009375 0.010416666666666666
0 0.671875 0.6067708333333334 0.0078125 0.009375
0 0.70625 0.6057291666666667 0.0078125 0.009375
0 0.65703125 0.6057291666666667 0.0078125 0.009375
0 0.224609375 0.6067708333333334 0.00859375 0.011458333333333333
0 0.2078125 0.6046875 0.009375 0.011458333333333333
0 0.7375 0.603125 0.0078125 0.010416666666666666
0 0.622265625 0.603125 0.00703125 0.010416666666666666
0 0.159375 0.596875 0.009375 0.010416666666666666
0 0.725390625 0.5916666666666667 0.00859375 0.010416666666666666
0 0.246875 0.5901041666666667 0.009375 0.009375
0 0.754296875 0.5880208333333333 0.00703125 0.009375
0 0.663671875 0.5885416666666666 0.00703125 0.010416666666666666
0 0.691796875 0.5869791666666667 0.00703125 0.009375
0 0.516015625 0.5869791666666667 0.00703125 0.009375
0 0.640234375 0.5854166666666667 0.00703125 0.010416666666666666
0 0.6125 0.5854166666666667 0.0078125 0.010416666666666666
0 0.7390625 0.5828125 0.0078125 0.009375
0 0.498828125 0.578125 0.00703125 0.010416666666666666
0 0.151953125 0.578125 0.01015625 0.010416666666666666
0 0.1890625 0.5770833333333333 0.009375 0.010416666666666666
0 0.7078125 0.5760416666666667 0.0078125 0.010416666666666666
0 0.7234375 0.5729166666666666 0.00625 0.008333333333333333
0 0.2203125 0.5729166666666666 0.009375 0.010416666666666666
0 0.671484375 0.571875 0.00703125 0.010416666666666666
0 0.686328125 0.56875 0.00859375 0.010416666666666666
0 0.76171875 0.5671875 0.00625 0.009375
0 0.175390625 0.5677083333333334 0.01015625 0.010416666666666666
0 0.746484375 0.5645833333333333 0.00703125 0.010416666666666666
0 0.36875 0.5635416666666667 0.0078125 0.010416666666666666
0 0.159375 0.5598958333333334 0.009375 0.009375
0 0.582421875 0.5588541666666667 0.00703125 0.009375
0 0.698046875 0.55625 0.00859375 0.010416666666666666
0 0.715625 0.5552083333333333 0.0078125 0.010416666666666666
0 0.251171875 0.5515625 0.00859375 0.011458333333333333
0 0.755859375 0.5484375 0.00703125 0.007291666666666667
0 0.26640625 0.5479166666666667 0.0078125 0.010416666666666666
0 0.59375 0.5463541666666667 0.00625 0.009375
0 0.6875 0.5427083333333333 0.0078125 0.010416666666666666
0 0.7265625 0.540625 0.0078125 0.010416666666666666
0 0.38828125 0.540625 0.0078125 0.010416666666666666
0 0.74140625 0.5395833333333333 0.0078125 0.010416666666666666
0 0.576171875 0.5369791666666667 0.00703125 0.009375
0 0.24140625 0.5375 0.009375 0.010416666666666666
0 0.781640625 0.5359375 0.00703125 0.009375
0 0.712109375 0.5354166666666667 0.00703125 0.010416666666666666
0 0.265625 0.5276041666666667 0.00625 0.011458333333333333
0 0.18671875 0.5265625 0.009375 0.011458333333333333
0 0.69453125 0.5244791666666667 0.0078125 0.009375
0 0.67734375 0.5244791666666667 0.0078125 0.009375
0 0.75078125 0.5234375 0.0078125 0.009375
0 0.803515625 0.521875 0.00703125 0.008333333333333333
0 0.772265625 0.5213541666666667 0.00703125 0.009375
0 0.723828125 0.521875 0.00703125 0.010416666666666666
0 0.141796875 0.521875 0.01015625 0.010416666666666666
0 0.327734375 0.5197916666666667 0.00859375 0.010416666666666666
0 0.788671875 0.5182291666666666 0.00703125 0.009375
0 0.70859375 0.515625 0.0078125 0.010416666666666666
0 0.1984375 0.515625 0.009375 0.010416666666666666
0 0.73671875 0.5114583333333333 0.00625 0.008333333333333333
0 0.220703125 0.5125 0.01015625 0.010416666666666666
0 0.761328125 0.5083333333333333 0.00703125 0.010416666666666666
0 0.68984375 0.5057291666666667 0.0078125 0.009375
0 0.159375 0.503125 0.009375 0.010416666666666666
0 0.14296875 0.5026041666666666 0.0078125 0.009375
0 0.776953125 0.5010416666666667 0.00546875 0.008333333333333333
0 0.71953125 0.5020833333333333 0.0078125 0.010416666666666666
0 0.67421875 0.5020833333333333 0.0078125 0.010416666666666666
0 0.601171875 0.5020833333333333 0.00703125 0.010416666666666666
0 0.703125 0.49635416666666665 0.0078125 0.009375
0 0.61640625 0.496875 0.0078125 0.010416666666666666
0 0.74765625 0.4947916666666667 0.00625 0.010416666666666666
0 0.7328125 0.49166666666666664 0.0078125 0.010416666666666666
0 0.66015625 0.490625 0.0078125 0.010416666666666666
0 0.690234375 0.484375 0.00703125 0.010416666666666666
0 0.758984375 0.4822916666666667 0.00703125 0.008333333333333333
0 0.71484375 0.48333333333333334 0.0078125 0.010416666666666666
0 0.67421875 0.4822916666666667 0.0078125 0.010416666666666666
0 0.7453125 0.4734375 0.0046875 0.007291666666666667
0 0.7296875 0.4713541666666667 0.0078125 0.009375
0 0.699609375 0.46770833333333334 0.00859375 0.010416666666666666
0 0.649609375 0.46770833333333334 0.00703125 0.010416666666666666
0 0.78515625 0.465625 0.0078125 0.008333333333333333
0 0.684375 0.465625 0.0078125 0.010416666666666666
0 0.612890625 0.46458333333333335 0.00703125 0.010416666666666666
0 0.71484375 0.4635416666666667 0.00625 0.010416666666666666
0 0.664453125 0.4635416666666667 0.00859375 0.010416666666666666
0 0.759375 0.46197916666666666 0.00625 0.009375
0 0.63203125 0.4609375 0.0078125 0.009375
0 0.588671875 0.4578125 0.00703125 0.009375
0 0.516015625 0.45625 0.00703125 0.010416666666666666
0 0.7296875 0.45260416666666664 0.00625 0.007291666666666667
0 0.448828125 0.45208333333333334 0.00859375 0.010416666666666666
0 0.1640625 0.4510416666666667 0.009375 0.010416666666666666
0 0.69375 0.45 0.0078125 0.010416666666666666
0 0.655078125 0.44895833333333335 0.00859375 0.010416666666666666
0 0.678125 0.4479166666666667 0.0078125 0.010416666666666666
0 0.620703125 0.4479166666666667 0.00703125 0.010416666666666666
0 0.748828125 0.44427083333333334 0.00703125 0.009375
0 0.708984375 0.44479166666666664 0.00703125 0.010416666666666666
0 0.53203125 0.4427083333333333 0.0078125 0.010416666666666666
0 0.594140625 0.4395833333333333 0.00703125 0.010416666666666666
0 0.7875 0.43697916666666664 0.0078125 0.009375
0 0.51796875 0.43645833333333334 0.0078125 0.010416666666666666
0 0.63828125 0.4348958333333333 0.0078125 0.009375
0 0.66875 0.4322916666666667 0.0078125 0.010416666666666666
0 0.684375 0.42916666666666664 0.0078125 0.010416666666666666
0 0.65234375 0.42916666666666664 0.0078125 0.010416666666666666
0 0.1703125 0.4296875 0.009375 0.011458333333333333
0 0.716796875 0.428125 0.00859375 0.010416666666666666
0 0.7015625 0.428125 0.0078125 0.010416666666666666
0 0.623046875 0.428125 0.00703125 0.010416666666666666
0 0.393359375 0.42604166666666665 0.00859375 0.010416666666666666
0 0.42265625 0.425 0.0078125 0.010416666666666666
0 0.57890625 0.42291666666666666 0.0078125 0.010416666666666666
0 0.30546875 0.4203125 0.009375 0.011458333333333333
0 0.266796875 0.41875 0.00703125 0.010416666666666666
0 0.546875 0.41458333333333336 0.0078125 0.010416666666666666
0 0.18046875 0.41458333333333336 0.0078125 0.010416666666666666
0 0.675 0.41354166666666664 0.0078125 0.010416666666666666
0 0.643359375 0.4140625 0.00703125 0.011458333333333333
0 0.2796875 0.41354166666666664 0.0078125 0.010416666666666666
0 0.66015625 0.4125 0.0078125 0.010416666666666666
0 0.21640625 0.4119791666666667 0.009375 0.011458333333333333
0 0.59375 0.40989583333333335 0.0078125 0.009375
0 0.50546875 0.41041666666666665 0.0078125 0.010416666666666666
0 0.69765625 0.4083333333333333 0.0078125 0.010416666666666666
0 0.4578125 0.4083333333333333 0.0078125 0.010416666666666666
0 0.52890625 0.40729166666666666 0.0078125 0.010416666666666666
0 0.294140625 0.4078125 0.00859375 0.011458333333333333
0 0.71328125 0.40625 0.0078125 0.010416666666666666
0 0.403125 0.40625 0.0078125 0.010416666666666666
0 0.621484375 0.4 0.00703125 0.010416666666666666
0 0.5578125 0.39895833333333336 0.0078125 0.010416666666666666
0 0.4234375 0.39791666666666664 0.0078125 0.010416666666666666
0 0.684765625 0.396875 0.00859375 0.010416666666666666
0 0.651953125 0.3958333333333333 0.00859375 0.010416666666666666
0 0.63671875 0.3958333333333333 0.0078125 0.010416666666666666
0 0.669140625 0.3953125 0.00859375 0.011458333333333333
0 0.5734375 0.39479166666666665 0.0078125 0.010416666666666666
0 0.46796875 0.39479166666666665 0.0078125 0.010416666666666666
0 0.2828125 0.39375 0.009375 0.010416666666666666
0 0.7484375 0.3875 0.0078125 0.010416666666666666
0 0.5875 0.38697916666666665 0.0078125 0.009375
0 0.7171875 0.38645833333333335 0.0078125 0.010416666666666666
0 0.611328125 0.3848958333333333 0.00703125 0.009375
0 0.5171875 0.38333333333333336 0.0078125 0.010416666666666666
0 0.1859375 0.3828125 0.009375 0.011458333333333333
0 0.55625 0.37916666666666665 0.0078125 0.010416666666666666
0 0.272265625 0.3796875 0.00859375 0.011458333333333333
0 0.6796875 0.378125 0.0078125 0.010416666666666666
0 0.42265625 0.37864583333333335 0.0078125 0.011458333333333333
0 0.39296875 0.37864583333333335 0.0078125 0.011458333333333333
0 0.1625 0.378125 0.009375 0.010416666666666666
0 0.446875 0.3770833333333333 0.0078125 0.010416666666666666
0 0.7015625 0.3765625 0.0078125 0.011458333333333333
0 0.6578125 0.37604166666666666 0.0078125 0.010416666666666666
0 0.634375 0.37604166666666666 0.0078125 0.010416666666666666
0 0.599609375 0.3729166666666667 0.00703125 0.010416666666666666
0 0.57578125 0.3729166666666667 0.0078125 0.010416666666666666
0 0.235546875 0.3734375 0.00859375 0.011458333333333333
0 0.2578125 0.3723958333333333 0.009375 0.011458333333333333
0 0.476171875 0.3697916666666667 0.00859375 0.010416666666666666
0 0.4609375 0.3703125 0.0078125 0.011458333333333333
0 0.505859375 0.36875 0.00859375 0.010416666666666666
0 0.221484375 0.3651041666666667 0.00859375 0.011458333333333333
0 0.669921875 0.36302083333333335 0.00859375 0.011458333333333333
0 0.6234375 0.3614583333333333 0.0078125 0.010416666666666666
0 0.534375 0.3614583333333333 0.0078125 0.010416666666666666
0 0.440234375 0.359375 0.00703125 0.010416666666666666
0 0.549609375 0.35833333333333334 0.00703125 0.010416666666666666
0 0.60859375 0.3572916666666667 0.0078125 0.010416666666666666
0 0.49296875 0.3572916666666667 0.0078125 0.010416666666666666
0 0.654296875 0.3567708333333333 0.00703125 0.011458333333333333
0 0.63828125 0.35625 0.0078125 0.010416666666666666
0 0.246484375 0.3578125 0.00859375 0.013541666666666667
0 0.565625 0.35520833333333335 0.0078125 0.010416666666666666
0 0.5203125 0.35520833333333335 0.0078125 0.010416666666666666
0 0.684375 0.3546875 0.0078125 0.011458333333333333
0 0.58203125 0.3546875 0.0078125 0.011458333333333333
0 0.417578125 0.353125 0.00859375 0.010416666666666666
0 0.45390625 0.35208333333333336 0.0078125 0.010416666666666666
0 0.50625 0.3489583333333333 0.0078125 0.010416666666666666
0 0.259765625 0.3494791666666667 0.00859375 0.011458333333333333
0 0.59609375 0.3458333333333333 0.0078125 0.010416666666666666
0 0.358203125 0.3458333333333333 0.00859375 0.010416666666666666
0 0.47890625 0.34479166666666666 0.0078125 0.010416666666666666
0 0.16171875 0.3453125 0.009375 0.011458333333333333
0 0.40390625 0.34375 0.0078125 0.010416666666666666
0 0.5375 0.3416666666666667 0.0078125 0.010416666666666666
0 0.662890625 0.3380208333333333 0.00859375 0.011458333333333333
0 0.46484375 0.3380208333333333 0.0078125 0.011458333333333333
0 0.43515625 0.3380208333333333 0.0078125 0.011458333333333333
0 0.24765625 0.3375 0.009375 0.0125
0 0.64375 0.3359375 0.0078125 0.011458333333333333
0 0.5703125 0.3359375 0.0078125 0.011458333333333333
0 0.27421875 0.3359375 0.009375 0.011458333333333333
0 0.62890625 0.33489583333333334 0.0078125 0.011458333333333333
0 0.521875 0.33489583333333334 0.0078125 0.011458333333333333
0 0.678125 0.3338541666666667 0.0078125 0.011458333333333333
0 0.383203125 0.3333333333333333 0.00859375 0.010416666666666666
0 0.45 0.33229166666666665 0.0078125 0.010416666666666666
0 0.41796875 0.33177083333333335 0.0078125 0.011458333333333333
0 0.708984375 0.3307291666666667 0.00859375 0.011458333333333333
0 0.611328125 0.3302083333333333 0.00703125 0.010416666666666666
0 0.693359375 0.3296875 0.00859375 0.011458333333333333
0 0.772265625 0.32864583333333336 0.00859375 0.011458333333333333
0 0.50625 0.32864583333333336 0.0078125 0.011458333333333333
0 0.487890625 0.328125 0.00859375 0.010416666666666666
0 0.591015625 0.32708333333333334 0.00703125 0.010416666666666666
0 0.335546875 0.32708333333333334 0.00859375 0.010416666666666666
0 0.152734375 0.32760416666666664 0.00859375 0.011458333333333333
0 0.75625 0.3255208333333333 0.009375 0.011458333333333333
0 0.55625 0.32395833333333335 0.0078125 0.010416666666666666
0 0.39609375 0.32395833333333335 0.0078125 0.010416666666666666
0 0.35546875 0.3234375 0.00625 0.011458333333333333
0 0.286328125 0.3223958333333333 0.00859375 0.011458333333333333
0 0.531640625 0.32083333333333336 0.00546875 0.010416666666666666
0 0.473046875 0.32135416666666666 0.00859375 0.011458333333333333
0 0.43828125 0.3182291666666667 0.0078125 0.011458333333333333
0 0.191796875 0.31875 0.00859375 0.0125
0 0.664453125 0.3171875 0.00859375 0.011458333333333333
0 0.57578125 0.3171875 0.0078125 0.011458333333333333
0 0.2453125 0.31614583333333335 0.009375 0.011458333333333333
0 0.644140625 0.3151041666666667 0.00859375 0.011458333333333333
0 0.45703125 0.3140625 0.0078125 0.011458333333333333
0 0.4109375 0.31354166666666666 0.0078125 0.010416666666666666
0 0.49765625 0.31197916666666664 0.0078125 0.011458333333333333
0 0.383984375 0.31197916666666664 0.00859375 0.011458333333333333
0 0.624609375 0.309375 0.00703125 0.010416666666666666
0 0.5453125 0.309375 0.0078125 0.010416666666666666
0 0.16796875 0.3067708333333333 0.0078125 0.007291666666666667
0 0.341015625 0.30833333333333335 0.00859375 0.0125
0 0.598046875 0.30572916666666666 0.00703125 0.009375
0 0.7640625 0.30625 0.009375 0.0125
0 0.48203125 0.3046875 0.0078125 0.011458333333333333
0 0.425390625 0.3046875 0.00859375 0.011458333333333333
0 0.3984375 0.30104166666666665 0.0078125 0.010416666666666666
0 0.445703125 0.30052083333333335 0.00859375 0.011458333333333333
0 0.653515625 0.2984375 0.00859375 0.011458333333333333
0 0.523828125 0.29791666666666666 0.00859375 0.010416666666666666
0 0.50859375 0.2984375 0.0078125 0.011458333333333333
0 0.6375 0.29739583333333336 0.0078125 0.011458333333333333
0 0.46484375 0.29739583333333336 0.0078125 0.011458333333333333
0 0.412109375 0.29322916666666665 0.00859375 0.011458333333333333
0 0.349609375 0.29270833333333335 0.00859375 0.010416666666666666
0 0.2234375 0.29270833333333335 0.009375 0.010416666666666666
0 0.49375 0.2916666666666667 0.0078125 0.010416666666666666
0 0.381640625 0.29010416666666666 0.00859375 0.011458333333333333
0 0.308203125 0.29010416666666666 0.00859375 0.011458333333333333
0 0.24609375 0.2890625 0.009375 0.011458333333333333
0 0.66953125 0.28802083333333334 0.0078125 0.011458333333333333
0 0.5984375 0.28489583333333335 0.0078125 0.011458333333333333
0 0.453515625 0.2838541666666667 0.00859375 0.011458333333333333
0 0.425390625 0.2833333333333333 0.00859375 0.010416666666666666
0 0.620703125 0.2828125 0.00703125 0.011458333333333333
0 0.770703125 0.28229166666666666 0.00859375 0.0125
0 0.475 0.28177083333333336 0.0078125 0.011458333333333333
0 0.1609375 0.28177083333333336 0.009375 0.011458333333333333
0 0.646484375 0.28072916666666664 0.00859375 0.011458333333333333
0 0.333203125 0.28125 0.00859375 0.0125
0 0.55234375 0.27708333333333335 0.0078125 0.010416666666666666
0 0.51015625 0.27760416666666665 0.0078125 0.011458333333333333
0 0.39296875 0.27760416666666665 0.0078125 0.011458333333333333
0 0.567578125 0.275 0.00859375 0.010416666666666666
0 0.351171875 0.27239583333333334 0.00859375 0.011458333333333333
0 0.22109375 0.27239583333333334 0.009375 0.011458333333333333
0 0.301171875 0.2713541666666667 0.00859375 0.011458333333333333
0 0.488671875 0.26979166666666665 0.00859375 0.010416666666666666
0 0.407421875 0.2703125 0.00859375 0.011458333333333333
0 0.608984375 0.26927083333333335 0.00703125 0.011458333333333333
0 0.58828125 0.26927083333333335 0.0078125 0.011458333333333333
0 0.443359375 0.2682291666666667 0.00859375 0.011458333333333333
0 0.256640625 0.2671875 0.00859375 0.011458333333333333
0 0.46171875 0.26614583333333336 0.0078125 0.011458333333333333
0 0.427734375 0.2630208333333333 0.00859375 0.011458333333333333
0 0.383203125 0.2609375 0.00859375 0.011458333333333333
0 0.270703125 0.26145833333333335 0.00859375 0.0125
0 0.162890625 0.2609375 0.01015625 0.011458333333333333
0 0.50234375 0.2598958333333333 0.0078125 0.011458333333333333
0 0.33828125 0.2598958333333333 0.009375 0.011458333333333333
0 0.47578125 0.25885416666666666 0.0078125 0.011458333333333333
0 0.622265625 0.2578125 0.00859375 0.011458333333333333
0 0.196875 0.2578125 0.009375 0.011458333333333333
0 0.5375 0.2557291666666667 0.0078125 0.011458333333333333
0 0.56640625 0.2546875 0.0078125 0.011458333333333333
0 0.39765625 0.25364583333333335 0.0078125 0.011458333333333333
0 0.35625 0.25104166666666666 0.0078125 0.0125
0 0.48984375 0.24739583333333334 0.0078125 0.011458333333333333
0 0.51953125 0.24635416666666668 0.0078125 0.011458333333333333
0 0.462890625 0.24583333333333332 0.00859375 0.0125
0 0.301171875 0.24479166666666666 0.00859375 0.0125
0 0.550390625 0.24322916666666666 0.00859375 0.011458333333333333
0 0.25703125 0.2421875 0.0078125 0.011458333333333333
0 0.342578125 0.24010416666666667 0.00859375 0.011458333333333333
0 0.272265625 0.2390625 0.00859375 0.011458333333333333
0 0.126171875 0.23697916666666666 0.00703125 0.009375
0 0.784765625 0.23697916666666666 0.01015625 0.011458333333333333
0 0.203125 0.2375 0.009375 0.0125
0 0.6078125 0.2359375 0.0078125 0.011458333333333333
0 0.3171875 0.2359375 0.009375 0.011458333333333333
0 0.094921875 0.23489583333333333 0.00859375 0.011458333333333333
0 0.5890625 0.23385416666666667 0.0078125 0.011458333333333333
0 0.401171875 0.2328125 0.00859375 0.011458333333333333
0 0.109375 0.23177083333333334 0.0078125 0.011458333333333333
0 0.383984375 0.22916666666666666 0.00703125 0.008333333333333333
0 0.533203125 0.2296875 0.00546875 0.011458333333333333
0 0.48359375 0.22864583333333333 0.0078125 0.011458333333333333
0 0.384375 0.22291666666666668 0.0015625 0.0020833333333333333
0 0.36875 0.22760416666666666 0.0078125 0.011458333333333333
0 0.33125 0.2265625 0.009375 0.011458333333333333
0 0.2859375 0.2265625 0.009375 0.011458333333333333
0 0.35390625 0.22604166666666667 0.0078125 0.0125
0 0.5671875 0.22395833333333334 0.0078125 0.010416666666666666
0 0.302734375 0.22552083333333334 0.00859375 0.013541666666666667
0 0.46875 0.22395833333333334 0.0078125 0.0125
0 0.24921875 0.2234375 0.0078125 0.011458333333333333
0 0.443359375 0.22239583333333332 0.00859375 0.011458333333333333
0 0.54609375 0.221875 0.0078125 0.0125
0 0.264453125 0.22083333333333333 0.00859375 0.0125
0 0.133203125 0.21927083333333333 0.01015625 0.013541666666666667
0 0.63125 0.21510416666666668 0.0078125 0.011458333333333333
0 0.20078125 0.215625 0.009375 0.0125
0 0.407421875 0.21354166666666666 0.00859375 0.010416666666666666
0 0.49609375 0.21197916666666666 0.0078125 0.011458333333333333
0 0.61328125 0.2078125 0.0078125 0.011458333333333333
0 0.361328125 0.20833333333333334 0.00859375 0.0125
0 0.322265625 0.2078125 0.00859375 0.011458333333333333
0 0.293359375 0.2078125 0.00859375 0.011458333333333333
0 0.277734375 0.2078125 0.00859375 0.011458333333333333
0 0.337890625 0.2046875 0.00859375 0.011458333333333333
0 0.244140625 0.20416666666666666 0.00859375 0.0125
0 0.379296875 0.2015625 0.00859375 0.011458333333333333
0 0.673046875 0.19947916666666668 0.00859375 0.011458333333333333
0 0.308984375 0.19947916666666668 0.00859375 0.011458333333333333
0 0.59921875 0.1953125 0.0078125 0.011458333333333333
0 0.584375 0.19322916666666667 0.0078125 0.011458333333333333
0 0.6875 0.19166666666666668 0.009375 0.0125
