0 0.381640625 0.8635416666666667 0.00390625 0.004166666666666667
0 0.282421875 0.8666666666666667 0.00859375 0.0125
0 0.399609375 0.8640625 0.00703125 0.009375
0 0.7015625 0.8604166666666667 0.003125 0.00625
0 0.624609375 0.8552083333333333 0.00546875 0.008333333333333333
0 0.29921875 0.8578125 0.009375 0.013541666666666667
0 0.720703125 0.8510416666666667 0.00234375 0.0020833333333333333
0 0.6703125 0.8541666666666666 0.0046875 0.008333333333333333
0 0.6875 0.8489583333333334 0.003125 0.004166666666666667
0 0.644140625 0.85 0.00546875 0.008333333333333333
0 0.36484375 0.846875 0.0046875 0.008333333333333333
0 0.592578125 0.8411458333333334 0.00234375 0.0010416666666666667
0 0.494140625 0.8432291666666667 0.00390625 0.009375
0 0.34609375 0.8401041666666667 0.009375 0.011458333333333333
0 0.439453125 0.8322916666666667 0.00390625 0.004166666666666667
0 0.65234375 0.8291666666666667 0.003125 0.004166666666666667
0 0.55390625 0.8328125 0.0046875 0.011458333333333333
0 0.415234375 0.83125 0.00390625 0.008333333333333333
0 0.678125 0.828125 0.003125 0.004166666666666667
0 0.525390625 0.83125 0.00546875 0.0125
0 0.4546875 0.8255208333333334 0.003125 0.003125
0 0.726953125 0.8255208333333334 0.00546875 0.007291666666666667
0 0.6359375 0.825 0.003125 0.00625
0 0.50859375 0.8265625 0.0046875 0.009375
0 0.692578125 0.8177083333333334 0.00390625 0.004166666666666667
0 0.6 0.8203125 0.0046875 0.009375
0 0.3921875 0.8203125 0.00625 0.011458333333333333
0 0.74296875 0.8140625 0.0015625 0.0010416666666666667
0 0.66484375 0.8140625 0.0046875 0.005208333333333333
0 0.372265625 0.8166666666666667 0.00703125 0.010416666666666666
0 0.17265625 0.815625 0.00625 0.010416666666666666
0 0.709765625 0.8067708333333333 0.00390625 0.005208333333333333
0 0.5328125 0.8083333333333333 0.00625 0.008333333333333333
0 0.468359375 0.8041666666666667 0.00390625 0.004166666666666667
0 0.434375 0.8067708333333333 0.0046875 0.009375
0 0.5015625 0.8052083333333333 0.0046875 0.008333333333333333
0 0.64921875 0.8005208333333333 0.003125 0.003125
0 0.60390625 0.8 0.0046875 0.008333333333333333
0 0.416796875 0.7953125 0.00390625 0.007291666666666667
0 0.5171875 0.7916666666666666 0.0046875 0.004166666666666667
0 0.448828125 0.79375 0.00390625 0.008333333333333333
0 0.4875 0.7890625 0.003125 0.0010416666666666667
0 0.66953125 0.790625 0.00625 0.010416666666666666
0 0.356640625 0.7916666666666666 0.00859375 0.0125
0 0.619921875 0.7880208333333333 0.00390625 0.007291666666666667
0 0.74375 0.7864583333333334 0.00625 0.00625
0 0.57109375 0.7875 0.0046875 0.008333333333333333
0 0.5328125 0.7838541666666666 0.0046875 0.009375
0 0.712109375 0.7786458333333334 0.00078125 0.0010416666666666667
0 0.594921875 0.7786458333333334 0.00078125 0.0010416666666666667
0 0.503125 0.7802083333333333 0.0046875 0.004166666666666667
0 0.760546875 0.7796875 0.00546875 0.005208333333333333
0 0.55390625 0.78125 0.0046875 0.010416666666666666
0 0.393359375 0.7796875 0.00546875 0.011458333333333333
0 0.371484375 0.7796875 0.00859375 0.011458333333333333
0 0.65546875 0.7765625 0.0046875 0.009375
0 0.415625 0.7739583333333333 0.0046875 0.008333333333333333
0 0.609765625 0.7697916666666667 0.00390625 0.004166666666666667
0 0.4796875 0.7697916666666667 0.0046875 0.008333333333333333
0 0.433203125 0.7697916666666667 0.00546875 0.008333333333333333
0 0.329296875 0.7677083333333333 0.00859375 0.0125
0 0.18828125 0.765625 0.0046875 0.008333333333333333
0 0.675390625 0.7661458333333333 0.00546875 0.011458333333333333
0 0.5421875 0.7635416666666667 0.0046875 0.00625
0 0.51875 0.7651041666666667 0.0046875 0.009375
0 0.573828125 0.7640625 0.00546875 0.009375
0 0.3578125 0.7651041666666667 0.0078125 0.011458333333333333
0 0.3828125 0.7625 0.0078125 0.0125
0 0.622265625 0.7572916666666667 0.00546875 0.010416666666666666
0 0.304296875 0.7583333333333333 0.00859375 0.0125
0 0.497265625 0.753125 0.00390625 0.004166666666666667
0 0.588671875 0.7536458333333333 0.00546875 0.009375
0 0.657421875 0.753125 0.00703125 0.010416666666666666
0 0.3390625 0.75 0.0078125 0.008333333333333333
0 0.5296875 0.7484375 0.0046875 0.007291666666666667
0 0.48125 0.7473958333333334 0.0046875 0.009375
0 0.464453125 0.7479166666666667 0.00546875 0.010416666666666666
0 0.32109375 0.7473958333333334 0.0078125 0.011458333333333333
0 0.603125 0.7447916666666666 0.0046875 0.010416666666666666
0 0.551171875 0.7453125 0.00546875 0.011458333333333333
0 0.5734375 0.7401041666666667 0.0046875 0.009375
0 0.511328125 0.7411458333333333 0.00546875 0.011458333333333333
0 0.3546875 0.734375 0.003125 0.004166666666666667
0 0.666796875 0.7359375 0.00546875 0.009375
0 0.1984375 0.7375 0.009375 0.0125
0 0.440625 0.734375 0.0046875 0.010416666666666666
0 0.5890625 0.73125 0.0046875 0.00625
0 0.49375 0.73125 0.0046875 0.00625
0 0.773828125 0.7286458333333333 0.00234375 0.003125
0 0.619921875 0.7328125 0.00546875 0.011458333333333333
0 0.538671875 0.7296875 0.00546875 0.009375
0 0.332421875 0.7286458333333333 0.00859375 0.011458333333333333
0 0.40703125 0.7265625 0.0046875 0.011458333333333333
0 0.309765625 0.7260416666666667 0.00859375 0.0125
0 0.455078125 0.7213541666666666 0.00546875 0.007291666666666667
0 0.520703125 0.721875 0.00546875 0.010416666666666666
0 0.728515625 0.7208333333333333 0.00859375 0.010416666666666666
0 0.65 0.7197916666666667 0.00625 0.010416666666666666
0 0.428515625 0.71875 0.00390625 0.008333333333333333
0 0.60625 0.7192708333333333 0.00625 0.011458333333333333
0 0.390625 0.7151041666666667 0.00625 0.007291666666666667
0 0.673828125 0.7161458333333334 0.00859375 0.011458333333333333
0 0.484375 0.7140625 0.0046875 0.009375
0 0.2765625 0.7125 0.00625 0.00625
0 0.207421875 0.715625 0.00859375 0.0125
0 0.5046875 0.7140625 0.0046875 0.011458333333333333
0 0.18984375 0.7130208333333333 0.0078125 0.011458333333333333
0 0.36875 0.7119791666666667 0.00625 0.011458333333333333
0 0.58203125 0.7104166666666667 0.0046875 0.010416666666666666
0 0.546484375 0.7088541666666667 0.00546875 0.007291666666666667
0 0.771484375 0.7052083333333333 0.00234375 0.0020833333333333333
0 0.26015625 0.7098958333333333 0.0078125 0.011458333333333333
0 0.73828125 0.70625 0.003125 0.00625
0 0.620703125 0.7088541666666667 0.00546875 0.011458333333333333
0 0.349609375 0.7072916666666667 0.00703125 0.008333333333333333
0 0.29453125 0.7052083333333333 0.0046875 0.00625
0 0.466796875 0.70625 0.00546875 0.010416666666666666
0 0.41328125 0.7036458333333333 0.0046875 0.007291666666666667
0 0.3328125 0.7046875 0.0078125 0.011458333333333333
0 0.56328125 0.703125 0.0046875 0.010416666666666666
0 0.530078125 0.703125 0.00546875 0.010416666666666666
0 0.31171875 0.7020833333333333 0.00625 0.0125
0 0.865234375 0.6963541666666667 0.00234375 0.003125
0 0.51328125 0.6953125 0.0015625 0.0010416666666666667
0 0.44921875 0.6984375 0.0046875 0.009375
0 0.598046875 0.6958333333333333 0.00546875 0.010416666666666666
0 0.64765625 0.6947916666666667 0.00625 0.010416666666666666
0 0.385546875 0.6942708333333333 0.00703125 0.009375
0 0.484375 0.6901041666666666 0.0046875 0.009375
0 0.58203125 0.6864583333333333 0.0046875 0.010416666666666666
0 0.32265625 0.6828125 0.0015625 0.003125
0 0.46875 0.6838541666666667 0.0046875 0.009375
0 0.41875 0.6828125 0.0046875 0.007291666666666667
0 0.40078125 0.6838541666666667 0.003125 0.009375
0 0.287890625 0.6838541666666667 0.00859375 0.011458333333333333
0 0.43671875 0.6786458333333333 0.003125 0.003125
0 0.371875 0.6817708333333333 0.00625 0.009375
0 0.339453125 0.6828125 0.00859375 0.011458333333333333
0 0.49921875 0.6817708333333333 0.0046875 0.011458333333333333
0 0.79921875 0.6770833333333334 0.00625 0.00625
0 0.452734375 0.6760416666666667 0.00390625 0.010416666666666666
0 0.35546875 0.6755208333333333 0.00625 0.009375
0 0.303515625 0.6744791666666666 0.00546875 0.011458333333333333
0 0.76015625 0.665625 0.0015625 0.0020833333333333333
0 0.535546875 0.6666666666666666 0.00703125 0.008333333333333333
0 0.516796875 0.6666666666666666 0.00390625 0.008333333333333333
0 0.48515625 0.6677083333333333 0.0046875 0.010416666666666666
0 0.383203125 0.6619791666666667 0.00078125 0.0010416666666666667
0 0.40859375 0.6630208333333333 0.003125 0.005208333333333333
0 0.31875 0.6598958333333333 0.003125 0.007291666666666667
0 0.55 0.6583333333333333 0.0046875 0.00625
0 0.344140625 0.6583333333333333 0.00546875 0.00625
0 0.269921875 0.6583333333333333 0.00390625 0.00625
0 0.83671875 0.6552083333333333 0.0015625 0.0020833333333333333
0 0.6109375 0.6583333333333333 0.0078125 0.008333333333333333
0 0.5796875 0.6583333333333333 0.0046875 0.010416666666666666
0 0.428515625 0.6567708333333333 0.00390625 0.007291666666666667
0 0.294140625 0.6557291666666667 0.00390625 0.007291666666666667
0 0.369921875 0.6494791666666667 0.00078125 0.0010416666666666667
0 0.473046875 0.653125 0.00703125 0.010416666666666666
0 0.394921875 0.6463541666666667 0.00390625 0.003125
0 0.25 0.6458333333333334 0.0046875 0.00625
0 0.216796875 0.6453125 0.00546875 0.007291666666666667
0 0.73046875 0.6416666666666667 0.0015625 0.0020833333333333333
0 0.52734375 0.6401041666666667 0.00625 0.011458333333333333
0 0.411328125 0.6390625 0.00703125 0.009375
0 0.340625 0.6375 0.00625 0.008333333333333333
0 0.30546875 0.6359375 0.0046875 0.005208333333333333
0 0.576171875 0.6364583333333333 0.00546875 0.010416666666666666
0 0.2875 0.6338541666666667 0.0046875 0.005208333333333333
0 0.428515625 0.634375 0.00703125 0.008333333333333333
0 0.357421875 0.63125 0.00546875 0.00625
0 0.719921875 0.6260416666666667 0.00234375 0.0020833333333333333
0 0.25703125 0.6255208333333333 0.003125 0.003125
0 0.6 0.6270833333333333 0.0078125 0.010416666666666666
0 0.459375 0.6260416666666667 0.0046875 0.010416666666666666
0 0.53828125 0.6239583333333333 0.0046875 0.008333333333333333
0 0.273828125 0.621875 0.00234375 0.004166666666666667
0 0.4859375 0.6223958333333334 0.00625 0.009375
0 0.388671875 0.6223958333333334 0.00703125 0.009375
0 0.315625 0.6182291666666667 0.003125 0.003125
0 0.734375 0.6197916666666666 0.0046875 0.008333333333333333
0 0.440625 0.6171875 0.00625 0.009375
0 0.334765625 0.615625 0.00390625 0.00625
0 0.298828125 0.6151041666666667 0.00234375 0.005208333333333333
0 0.750390625 0.6145833333333334 0.00546875 0.010416666666666666
0 0.706640625 0.6135416666666667 0.00859375 0.010416666666666666
0 0.405859375 0.60625 0.00703125 0.00625
0 0.61015625 0.6057291666666667 0.0078125 0.009375
0 0.57734375 0.60625 0.00625 0.010416666666666666
0 0.2703125 0.6015625 0.003125 0.007291666666666667
0 0.253125 0.6005208333333333 0.003125 0.005208333333333333
0 0.357421875 0.6020833333333333 0.00703125 0.010416666666666666
0 0.32421875 0.5979166666666667 0.003125 0.004166666666666667
0 0.288671875 0.5984375 0.00390625 0.007291666666666667
0 0.341015625 0.5932291666666667 0.00078125 0.0010416666666666667
0 0.305859375 0.5963541666666666 0.00703125 0.007291666666666667
0 0.174609375 0.5911458333333334 0.00078125 0.0010416666666666667
0 0.471875 0.5932291666666667 0.0046875 0.009375
0 0.3875 0.5880208333333333 0.0046875 0.007291666666666667
0 0.218359375 0.5828125 0.00234375 0.0010416666666666667
0 0.45703125 0.5864583333333333 0.00625 0.010416666666666666
0 0.359765625 0.578125 0.00390625 0.004166666666666667
0 0.296484375 0.5791666666666667 0.00546875 0.00625
0 0.862109375 0.5770833333333333 0.00234375 0.004166666666666667
0 0.321484375 0.5765625 0.00234375 0.005208333333333333
0 0.279296875 0.5755208333333334 0.00234375 0.003125
0 0.5484375 0.5770833333333333 0.00625 0.010416666666666666
0 0.474609375 0.5713541666666667 0.00546875 0.009375
0 0.39453125 0.56875 0.00625 0.008333333333333333
0 0.34765625 0.5635416666666667 0.0015625 0.0020833333333333333
0 0.206640625 0.5619791666666667 0.00234375 0.003125
0 0.368359375 0.5598958333333334 0.00703125 0.005208333333333333
0 0.311328125 0.559375 0.00390625 0.004166666666666667
0 0.176953125 0.5578125 0.00078125 0.003125
0 0.290625 0.5598958333333334 0.0046875 0.009375
0 0.326953125 0.5552083333333333 0.00546875 0.004166666666666667
0 0.271484375 0.5557291666666667 0.00390625 0.005208333333333333
0 0.2078125 0.540625 0.0015625 0.0020833333333333333
0 0.30078125 0.5395833333333333 0.00625 0.00625
0 0.256640625 0.5380208333333333 0.00234375 0.005208333333333333
0 0.237109375 0.5296875 0.00078125 0.0010416666666666667
0 0.31640625 0.5296875 0.003125 0.005208333333333333
0 0.26875 0.5255208333333333 0.0046875 0.007291666666666667
0 0.219921875 0.5239583333333333 0.00234375 0.004166666666666667
0 0.364453125 0.525 0.00703125 0.008333333333333333
0 0.88125 0.5213541666666667 0.0046875 0.005208333333333333
0 0.382421875 0.5197916666666667 0.00859375 0.00625
0 0.301171875 0.5177083333333333 0.00703125 0.004166666666666667
0 0.25078125 0.5166666666666667 0.003125 0.004166666666666667
0 0.205078125 0.5119791666666667 0.00078125 0.0010416666666666667
0 0.798828125 0.5119791666666667 0.00234375 0.005208333333333333
0 0.821875 0.5072916666666667 0.0046875 0.00625
0 0.68125 0.5036458333333333 0.0078125 0.009375
0 0.26328125 0.5015625 0.0046875 0.005208333333333333
0 0.882421875 0.5005208333333333 0.00390625 0.005208333333333333
0 0.175 0.49895833333333334 0.0015625 0.0020833333333333333
0 0.836328125 0.49635416666666665 0.00078125 0.0010416666666666667
0 0.246484375 0.49635416666666665 0.00234375 0.005208333333333333
0 0.21640625 0.4942708333333333 0.003125 0.003125
0 0.29765625 0.4942708333333333 0.003125 0.005208333333333333
0 0.2796875 0.49322916666666666 0.003125 0.005208333333333333
0 0.776953125 0.48489583333333336 0.00390625 0.009375
0 0.183203125 0.4796875 0.00078125 0.0010416666666666667
0 0.258984375 0.48020833333333335 0.00234375 0.004166666666666667
0 0.226953125 0.4765625 0.00234375 0.0010416666666666667
0 0.616015625 0.48020833333333335 0.00703125 0.010416666666666666
0 0.24453125 0.475 0.0015625 0.0020833333333333333
0 0.2859375 0.4739583333333333 0.00625 0.008333333333333333
0 0.7640625 0.46875 0.0015625 0.0020833333333333333
0 0.389453125 0.4708333333333333 0.00546875 0.008333333333333333
0 0.255859375 0.4583333333333333 0.00078125 0.0020833333333333333
0 0.275390625 0.4578125 0.00703125 0.005208333333333333
0 0.402734375 0.4583333333333333 0.00703125 0.010416666666666666
0 0.6375 0.4557291666666667 0.0078125 0.009375
0 0.221875 0.4479166666666667 0.0015625 0.0020833333333333333
0 0.203515625 0.44479166666666664 0.00234375 0.0020833333333333333
0 0.28828125 0.44479166666666664 0.0046875 0.004166666666666667
0 0.30390625 0.4427083333333333 0.00625 0.008333333333333333
0 0.874609375 0.4390625 0.00390625 0.005208333333333333
0 0.4953125 0.43802083333333336 0.0078125 0.009375
0 0.2296875 0.428125 0.0015625 0.004166666666666667
0 0.76953125 0.4270833333333333 0.003125 0.004166666666666667
0 0.369921875 0.42916666666666664 0.00703125 0.010416666666666666
0 0.3390625 0.42864583333333334 0.00625 0.009375
0 0.283203125 0.4244791666666667 0.00078125 0.0010416666666666667
0 0.476171875 0.428125 0.00703125 0.010416666666666666
0 0.3140625 0.42291666666666666 0.0015625 0.0020833333333333333
0 0.212109375 0.42239583333333336 0.00390625 0.003125
0 0.244921875 0.41875 0.00234375 0.004166666666666667
0 0.812109375 0.4114583333333333 0.00234375 0.0020833333333333333
0 0.794921875 0.4088541666666667 0.00078125 0.0010416666666666667
0 0.773828125 0.4046875 0.00078125 0.0010416666666666667
0 0.358984375 0.409375 0.00703125 0.010416666666666666
0 0.231640625 0.4046875 0.00390625 0.003125
0 0.266796875 0.4036458333333333 0.00390625 0.003125
0 0.640625 0.4041666666666667 0.0046875 0.00625
0 0.322265625 0.40260416666666665 0.00390625 0.003125
0 0.304296875 0.403125 0.00390625 0.00625
0 0.73359375 0.40260416666666665 0.0046875 0.009375
0 0.285546875 0.38958333333333334 0.00390625 0.004166666666666667
0 0.32890625 0.384375 0.00625 0.004166666666666667
0 0.769140625 0.384375 0.00546875 0.00625
0 0.81171875 0.3807291666666667 0.0015625 0.0010416666666666667
0 0.266015625 0.38177083333333334 0.00234375 0.003125
0 0.301953125 0.3776041666666667 0.00390625 0.005208333333333333
0 0.74609375 0.3729166666666667 0.0078125 0.008333333333333333
0 0.286328125 0.3697916666666667 0.00703125 0.00625
0 0.238671875 0.3692708333333333 0.00390625 0.005208333333333333
0 0.255078125 0.36666666666666664 0.00234375 0.004166666666666667
0 0.77734375 0.3651041666666667 0.0015625 0.005208333333333333
0 0.271484375 0.3614583333333333 0.00390625 0.004166666666666667
0 0.330859375 0.359375 0.00546875 0.004166666666666667
0 0.59140625 0.359375 0.0078125 0.010416666666666666
0 0.228515625 0.35260416666666666 0.00234375 0.003125
0 0.375390625 0.3546875 0.00703125 0.009375
0 0.83203125 0.3489583333333333 0.0078125 0.004166666666666667
0 0.789453125 0.34739583333333335 0.00078125 0.0010416666666666667
0 0.765234375 0.3458333333333333 0.00703125 0.00625
0 0.346875 0.3453125 0.00625 0.007291666666666667
0 0.299609375 0.3421875 0.00546875 0.003125
0 0.320703125 0.3390625 0.00546875 0.005208333333333333
0 0.45078125 0.3390625 0.0078125 0.009375
0 0.71171875 0.334375 0.0015625 0.0020833333333333333
0 0.678515625 0.3385416666666667 0.00703125 0.010416666666666666
0 0.36015625 0.334375 0.00625 0.008333333333333333
0 0.839453125 0.33125 0.00546875 0.004166666666666667
0 0.69453125 0.334375 0.00625 0.010416666666666666
0 0.587890625 0.3333333333333333 0.00703125 0.008333333333333333
0 0.280859375 0.32708333333333334 0.00078125 0.0020833333333333333
0 0.307421875 0.321875 0.00390625 0.0020833333333333333
0 0.25078125 0.3182291666666667 0.0046875 0.003125
0 0.34609375 0.3177083333333333 0.003125 0.004166666666666667
0 0.67265625 0.31979166666666664 0.0078125 0.010416666666666666
0 0.2671875 0.315625 0.0015625 0.004166666666666667
0 0.366796875 0.3140625 0.00703125 0.005208333333333333
0 0.7296875 0.31145833333333334 0.0046875 0.00625
0 0.71171875 0.3109375 0.0078125 0.007291666666666667
0 0.525 0.31197916666666664 0.0078125 0.009375
0 0.329296875 0.309375 0.00546875 0.004166666666666667
0 0.61640625 0.3067708333333333 0.0078125 0.009375
0 0.385546875 0.3046875 0.00703125 0.005208333333333333
0 0.314453125 0.303125 0.00234375 0.0020833333333333333
0 0.440234375 0.3046875 0.00703125 0.009375
0 0.78203125 0.30052083333333335 0.0078125 0.005208333333333333
0 0.509765625 0.30052083333333335 0.00390625 0.005208333333333333
0 0.28203125 0.2989583333333333 0.0015625 0.0020833333333333333
0 0.345703125 0.296875 0.00546875 0.004166666666666667
0 0.251953125 0.29635416666666664 0.00390625 0.003125
0 0.55625 0.2984375 0.0078125 0.009375
0 0.297265625 0.2947916666666667 0.00390625 0.004166666666666667
0 0.370703125 0.2947916666666667 0.00703125 0.00625
0 0.7421875 0.2942708333333333 0.00625 0.009375
0 0.2296875 0.2911458333333333 0.003125 0.003125
0 0.266796875 0.28958333333333336 0.00234375 0.0020833333333333333
0 0.524609375 0.290625 0.00703125 0.008333333333333333
0 0.715625 0.2864583333333333 0.0015625 0.0020833333333333333
0 0.570703125 0.28958333333333336 0.00703125 0.010416666666666666
0 0.33359375 0.284375 0.00625 0.00625
0 0.316796875 0.2833333333333333 0.00546875 0.004166666666666667
0 0.35625 0.28229166666666666 0.00625 0.00625
0 0.196875 0.2796875 0.003125 0.003125
0 0.702734375 0.2791666666666667 0.00859375 0.008333333333333333
0 0.291015625 0.2755208333333333 0.00390625 0.003125
0 0.21796875 0.275 0.0015625 0.0020833333333333333
0 0.534765625 0.27395833333333336 0.00703125 0.008333333333333333
0 0.439453125 0.27447916666666666 0.00703125 0.009375
0 0.261328125 0.2708333333333333 0.00234375 0.0020833333333333333
0 0.38203125 0.2734375 0.00625 0.009375
0 0.403515625 0.2703125 0.00703125 0.007291666666666667
0 0.30546875 0.2677083333333333 0.003125 0.004166666666666667
0 0.627734375 0.26927083333333335 0.00703125 0.009375
0 0.669140625 0.26875 0.00859375 0.010416666666666666
0 0.366015625 0.2671875 0.00703125 0.007291666666666667
0 0.339453125 0.26458333333333334 0.00546875 0.0020833333333333333
0 0.558203125 0.265625 0.00703125 0.00625
0 0.323046875 0.265625 0.00546875 0.00625
0 0.281640625 0.2578125 0.00390625 0.003125
0 0.72421875 0.25833333333333336 0.0078125 0.008333333333333333
0 0.705859375 0.2552083333333333 0.00546875 0.0020833333333333333
0 0.352734375 0.2552083333333333 0.00546875 0.00625
0 0.394140625 0.2546875 0.00703125 0.007291666666666667
0 0.244921875 0.2526041666666667 0.00390625 0.003125
0 0.207421875 0.2526041666666667 0.00390625 0.003125
0 0.532421875 0.25364583333333335 0.00546875 0.007291666666666667
0 0.373828125 0.2484375 0.00390625 0.003125
0 0.448046875 0.25052083333333336 0.00703125 0.009375
0 0.316796875 0.2484375 0.00703125 0.009375
0 0.55234375 0.24479166666666666 0.003125 0.004166666666666667
0 0.6171875 0.24479166666666666 0.0078125 0.00625
0 0.335546875 0.24583333333333332 0.00703125 0.008333333333333333
0 0.66015625 0.240625 0.00625 0.004166666666666667
0 0.72734375 0.2375 0.0078125 0.008333333333333333
0 0.603125 0.23854166666666668 0.0078125 0.010416666666666666
0 0.30234375 0.23645833333333333 0.00625 0.00625
0 0.436328125 0.23333333333333334 0.00390625 0.008333333333333333
0 0.364453125 0.2296875 0.00546875 0.003125
0 0.535546875 0.23020833333333332 0.00703125 0.00625
0 0.211328125 0.22916666666666666 0.00546875 0.00625
0 0.45703125 0.22864583333333333 0.00625 0.007291666666666667
0 0.27578125 0.23020833333333332 0.0078125 0.010416666666666666
0 0.380859375 0.2265625 0.00703125 0.005208333333333333
0 0.25703125 0.22760416666666666 0.0046875 0.007291666666666667
0 0.34296875 0.225 0.0046875 0.004166666666666667
0 0.58828125 0.225 0.00625 0.00625
0 0.325390625 0.22239583333333332 0.00703125 0.009375
0 0.3953125 0.21979166666666666 0.00625 0.010416666666666666
0 0.467578125 0.2140625 0.00546875 0.009375
0 0.3703125 0.21145833333333333 0.00625 0.00625
0 0.283984375 0.21302083333333333 0.00703125 0.009375
0 0.4515625 0.20833333333333334 0.00625 0.00625
0 0.31171875 0.209375 0.00625 0.010416666666666666
