0 0.255859375 0.9334701055099648 0.00078125 0.0005861664712778429
0 0.2828125 0.9308323563892146 0.0125 0.008206330597889801
0 0.230078125 0.9255568581477139 0.00234375 0.0023446658851113715
0 0.221484375 0.9223329425556858 0.00390625 0.0017584994138335288
0 0.249609375 0.9188159437280188 0.01171875 0.006447831184056272
0 0.370703125 0.9126611957796014 0.01015625 0.005861664712778429
0 0.55 0.9018171160609613 0.0109375 0.011137162954279016
0 0.214453125 0.8927315357561547 0.01171875 0.004689331770222743
0 0.376171875 0.8862837045720985 0.00078125 0.0011723329425556857
0 0.700390625 0.8900937866354045 0.01171875 0.011137162954279016
0 0.59921875 0.8830597889800703 0.0125 0.00996483001172333
0 0.63359375 0.8795427901524033 0.0109375 0.008792497069167644
0 0.404296875 0.8766119577960141 0.00703125 0.004103165298944901
0 0.561328125 0.8792497069167644 0.01171875 0.010550996483001172
0 0.66484375 0.8745603751465416 0.009375 0.009378663540445486
0 0.219921875 0.8663540445486518 0.00546875 0.0023446658851113715
0 0.6484375 0.865767878077374 0.003125 0.0023446658851113715
0 0.446875 0.8681125439624854 0.0046875 0.007033997655334115
0 0.610546875 0.8675263774912075 0.00859375 0.008206330597889801
0 0.370703125 0.8672332942555686 0.01015625 0.0076201641266119575
0 0.341015625 0.8648886283704572 0.00859375 0.006447831184056272
0 0.268359375 0.8640093786635404 0.01171875 0.007033997655334115
0 0.244140625 0.8566822977725674 0.01015625 0.004103165298944901
0 0.40859375 0.858440797186401 0.0109375 0.00996483001172333
0 0.479296875 0.8502344665885111 0.01171875 0.008792497069167644
0 0.509375 0.8499413833528722 0.0125 0.010550996483001172
0 0.6609375 0.8493552168815943 0.0125 0.010550996483001172
0 0.614453125 0.8467174677608441 0.01171875 0.0076201641266119575
0 0.33359375 0.8405627198124267 0.0046875 0.004689331770222743
0 0.328515625 0.8385111371629543 0.00078125 0.0005861664712778429
0 0.286328125 0.8402696365767878 0.01171875 0.0076201641266119575
0 0.378515625 0.8382180539273154 0.01171875 0.008206330597889801
0 0.4609375 0.8390973036342321 0.0125 0.011137162954279016
0 0.49453125 0.8352872215709262 0.0125 0.010550996483001172
0 0.627734375 0.8297186400937866 0.00703125 0.0076201641266119575
0 0.700390625 0.8300117233294255 0.01171875 0.009378663540445486
0 0.303515625 0.8267878077373975 0.00703125 0.0076201641266119575
0 0.33203125 0.8220984759671747 0.0125 0.00996483001172333
0 0.242578125 0.8197538100820633 0.01015625 0.005275498241500586
0 0.217578125 0.8138921453692849 0.00078125 0.0005861664712778429
0 0.675390625 0.8182883939038686 0.01171875 0.010550996483001172
0 0.21484375 0.8130128956623681 0.003125 0.0011723329425556857
0 0.7171875 0.8147713950762017 0.0109375 0.009378663540445486
0 0.36015625 0.8092028135990621 0.0015625 0.0017584994138335288
0 0.5609375 0.813305978898007 0.0125 0.011137162954279016
0 0.695703125 0.8106682297772567 0.00859375 0.008206330597889801
0 0.35078125 0.8068581477139508 0.0015625 0.0005861664712778429
0 0.35546875 0.8065650644783119 0.0046875 0.0011723329425556857
0 0.64453125 0.8106682297772567 0.0125 0.010550996483001172
0 0.316796875 0.8074443141852286 0.01328125 0.00996483001172333
0 0.23203125 0.8036342321219226 0.0109375 0.007033997655334115
0 0.619140625 0.8039273153575616 0.01015625 0.00996483001172333
0 0.713671875 0.7974794841735052 0.00859375 0.006447831184056272
0 0.487890625 0.7977725674091442 0.01171875 0.010550996483001172
0 0.530859375 0.7966002344665886 0.01171875 0.010550996483001172
0 0.2609375 0.7960140679953107 0.0109375 0.009378663540445486
0 0.284375 0.7924970691676436 0.0109375 0.007033997655334115
0 0.573046875 0.791031652989449 0.01171875 0.008792497069167644
0 0.351953125 0.791031652989449 0.01171875 0.008792497069167644
0 0.659765625 0.7913247362250879 0.01171875 0.010550996483001172
0 0.378125 0.7854630715123095 0.0046875 0.005861664712778429
0 0.226953125 0.7842907385697538 0.00390625 0.004689331770222743
0 0.638671875 0.7851699882766706 0.01171875 0.00996483001172333
0 0.18515625 0.783704572098476 0.0109375 0.009378663540445486
0 0.515234375 0.77989449003517 0.00546875 0.004103165298944901
0 0.428515625 0.7828253223915592 0.01171875 0.00996483001172333
0 0.73515625 0.7825322391559203 0.0125 0.010550996483001172
0 0.401953125 0.7804806565064478 0.00859375 0.006447831184056272
0 0.251953125 0.7801875732708089 0.01015625 0.008206330597889801
0 0.71015625 0.7784290738569754 0.0125 0.009378663540445486
0 0.834375 0.7757913247362251 0.0125 0.00996483001172333
0 0.7796875 0.7749120750293084 0.0125 0.009378663540445486
0 0.281640625 0.7734466588511137 0.01015625 0.0076201641266119575
0 0.655859375 0.7708089097303634 0.01171875 0.008206330597889801
0 0.3296875 0.7675849941383353 0.009375 0.008792497069167644
0 0.304296875 0.7672919109026963 0.00859375 0.009378663540445486
0 0.37109375 0.7664126611957796 0.0125 0.00996483001172333
0 0.23828125 0.765240328253224 0.0078125 0.0076201641266119575
0 0.753515625 0.765240328253224 0.01328125 0.008792497069167644
0 0.502734375 0.7658264947245017 0.01171875 0.00996483001172333
0 0.26328125 0.761430246189918 0.003125 0.0035169988276670576
0 0.396484375 0.7599648300117233 0.00859375 0.0076201641266119575
0 0.62734375 0.7605509964830012 0.0125 0.00996483001172333
0 0.7203125 0.7599648300117233 0.0125 0.00996483001172333
0 0.419921875 0.7543962485345839 0.00859375 0.004689331770222743
0 0.350390625 0.7558616647127784 0.01328125 0.00996483001172333
0 0.28671875 0.7549824150058617 0.0125 0.009378663540445486
0 0.68828125 0.7532239155920282 0.0125 0.009378663540445486
0 0.652734375 0.7532239155920282 0.01015625 0.009378663540445486
0 0.3171875 0.7502930832356389 0.0078125 0.008206330597889801
0 0.21640625 0.7476553341148886 0.0109375 0.0076201641266119575
0 0.24609375 0.7470691676436108 0.0109375 0.0076201641266119575
0 0.7546875 0.7470691676436108 0.0125 0.008792497069167644
0 0.63515625 0.7415005861664713 0.0125 0.009378663540445486
0 0.8375 0.7373974208675264 0.0125 0.009378663540445486
0 0.678125 0.7376905041031653 0.0109375 0.00996483001172333
0 0.42265625 0.7359320046893317 0.0125 0.0076201641266119575
0 0.33515625 0.7341735052754983 0.0109375 0.0076201641266119575
0 0.278125 0.7332942555685815 0.0125 0.008206330597889801
0 0.2328125 0.7335873388042204 0.0109375 0.008792497069167644
0 0.3109375 0.7297772567409144 0.009375 0.004689331770222743
0 0.304296875 0.7283118405627198 0.00234375 0.0017584994138335288
0 0.203515625 0.7309495896834701 0.01171875 0.009378663540445486
0 0.656640625 0.7306565064478312 0.01171875 0.00996483001172333
0 0.787890625 0.7286049237983587 0.01328125 0.009378663540445486
0 0.5453125 0.7283118405627198 0.0125 0.00996483001172333
0 0.38828125 0.72010550996483 0.0125 0.008792497069167644
0 0.24609375 0.7177608440797186 0.0125 0.006447831184056272
0 0.769140625 0.7174677608440797 0.01171875 0.008206330597889801
0 0.221875 0.716295427901524 0.0125 0.010550996483001172
0 0.81953125 0.712778429073857 0.0109375 0.008206330597889801
0 0.271875 0.7113130128956624 0.009375 0.0076201641266119575
0 0.183984375 0.7086752637749121 0.01171875 0.009378663540445486
0 0.644921875 0.7045720984759671 0.01171875 0.004689331770222743
0 0.3328125 0.7048651817116061 0.0125 0.00996483001172333
0 0.796484375 0.7039859320046893 0.00859375 0.009378663540445486
0 0.35703125 0.7019343493552169 0.0125 0.00996483001172333
0 0.207421875 0.7010550996483002 0.01171875 0.008206330597889801
0 0.7359375 0.6998827667057445 0.0125 0.008206330597889801
0 0.76953125 0.6995896834701055 0.0125 0.008792497069167644
0 0.25234375 0.6992966002344666 0.0125 0.008206330597889801
0 0.512890625 0.6981242672919109 0.01171875 0.009378663540445486
0 0.812890625 0.6919695193434936 0.01328125 0.008792497069167644
0 0.2296875 0.6910902696365768 0.0125 0.008206330597889801
0 0.38359375 0.6899179366940211 0.0125 0.009378663540445486
0 0.755078125 0.6858147713950762 0.01171875 0.008206330597889801
0 0.33984375 0.6861078546307151 0.0125 0.00996483001172333
0 0.726953125 0.6843493552168816 0.00859375 0.008792497069167644
0 0.29921875 0.6837631887456037 0.0125 0.0076201641266119575
0 0.207421875 0.6820046893317703 0.01171875 0.00996483001172333
0 0.677734375 0.6805392731535757 0.01171875 0.009378663540445486
0 0.791015625 0.67936694021102 0.01328125 0.009378663540445486
0 0.252734375 0.6781946072684643 0.01328125 0.009378663540445486
0 0.32109375 0.675263774912075 0.0125 0.009378663540445486
0 0.276953125 0.6743845252051582 0.01328125 0.008792497069167644
0 0.76875 0.6714536928487691 0.0109375 0.008792497069167644
0 0.74453125 0.6705744431418523 0.0109375 0.009378663540445486
0 0.231640625 0.6655920281359906 0.01328125 0.00996483001172333
0 0.19375 0.6655920281359906 0.0125 0.00996483001172333
0 0.814453125 0.6617819460726846 0.01328125 0.009378663540445486
0 0.3296875 0.6591441969519344 0.0125 0.005275498241500586
0 0.3046875 0.6611957796014069 0.0125 0.009378663540445486
0 0.617578125 0.6600234466588512 0.01171875 0.009378663540445486
0 0.727734375 0.6588511137162955 0.01171875 0.008206330597889801
0 0.36015625 0.6594372801875733 0.0125 0.009378663540445486
0 0.255078125 0.6579718640093787 0.01328125 0.0076201641266119575
0 0.280859375 0.6556271981242673 0.01328125 0.00996483001172333
0 0.7921875 0.6532825322391559 0.0125 0.008792497069167644
0 0.213671875 0.6521101992966002 0.01171875 0.008792497069167644
0 0.8484375 0.6509378663540446 0.015625 0.008792497069167644
0 0.839453125 0.6468347010550997 0.00078125 0.0005861664712778429
0 0.751953125 0.6491793669402111 0.01171875 0.008792497069167644
0 0.183203125 0.6488862837045721 0.01328125 0.009378663540445486
0 0.264453125 0.6427315357561547 0.01328125 0.006447831184056272
0 0.237890625 0.6444900351699883 0.01328125 0.00996483001172333
0 0.831640625 0.6430246189917936 0.01328125 0.008206330597889801
0 0.299609375 0.6427315357561547 0.01328125 0.008792497069167644
0 0.71953125 0.6421453692848769 0.0125 0.008792497069167644
0 0.3484375 0.6427315357561547 0.0125 0.00996483001172333
0 0.32421875 0.6362837045720985 0.0125 0.006447831184056272
0 0.2171875 0.6333528722157092 0.0125 0.008792497069167644
0 0.775 0.6307151230949589 0.0109375 0.008206330597889801
0 0.748828125 0.6307151230949589 0.01171875 0.008206330597889801
0 0.1890625 0.6286635404454866 0.0125 0.006447831184056272
0 0.248046875 0.6277842907385698 0.01328125 0.009378663540445486
0 0.82734375 0.6263188745603752 0.009375 0.0076201641266119575
0 0.273046875 0.6236811254396248 0.01328125 0.009378663540445486
0 0.6171875 0.6198710433763188 0.0109375 0.0076201641266119575
0 0.3203125 0.6175263774912075 0.0125 0.006447831184056272
0 0.20625 0.6160609613130129 0.0109375 0.007033997655334115
0 0.295703125 0.6148886283704572 0.01328125 0.009378663540445486
0 0.23203125 0.6125439624853458 0.0109375 0.005861664712778429
0 0.75 0.6131301289566237 0.0125 0.008206330597889801
0 0.590234375 0.6107854630715123 0.00859375 0.0035169988276670576
0 0.583984375 0.608440797186401 0.00078125 0.0011723329425556857
0 0.81796875 0.6101992966002344 0.0125 0.008206330597889801
0 0.257421875 0.6087338804220399 0.01328125 0.0076201641266119575
0 0.7828125 0.6072684642438453 0.009375 0.007033997655334115
0 0.175 0.6078546307151231 0.0140625 0.009378663540445486
0 0.351953125 0.6060961313012896 0.01171875 0.009378663540445486
0 0.28828125 0.5984759671746777 0.0125 0.007033997655334115
0 0.762890625 0.5987690504103166 0.01171875 0.008792497069167644
0 0.23984375 0.5949589683470106 0.0125 0.007033997655334115
0 0.215234375 0.5949589683470106 0.00859375 0.007033997655334115
0 0.18515625 0.5890973036342321 0.0015625 0.0011723329425556857
0 0.19453125 0.5905627198124267 0.00625 0.005275498241500586
0 0.330078125 0.5923212192262602 0.01171875 0.00996483001172333
0 0.720703125 0.5896834701055099 0.01171875 0.008206330597889801
0 0.580859375 0.5899765533411488 0.01171875 0.008792497069167644
0 0.26484375 0.5899765533411488 0.0140625 0.008792497069167644
0 0.3109375 0.5808909730363423 0.0125 0.009378663540445486
0 0.832421875 0.5794255568581477 0.01171875 0.008792497069167644
0 0.7375 0.5776670574443142 0.0109375 0.008792497069167644
0 0.717578125 0.574736225087925 0.00859375 0.004103165298944901
0 0.281640625 0.5764947245017585 0.01328125 0.008792497069167644
0 0.2453125 0.5753223915592028 0.0125 0.006447831184056272
0 0.710546875 0.57063305978898 0.00078125 0.0005861664712778429
0 0.175390625 0.5738569753810082 0.01171875 0.008206330597889801
0 0.201171875 0.570926143024619 0.01171875 0.007033997655334115
0 0.301953125 0.5630128956623681 0.01015625 0.0076201641266119575
0 0.346484375 0.5615474794841735 0.01328125 0.009378663540445486
0 0.22265625 0.559495896834701 0.009375 0.005275498241500586
0 0.77734375 0.5600820633059789 0.009375 0.0076201641266119575
0 0.25703125 0.559495896834701 0.0125 0.006447831184056272
0 0.192578125 0.5536342321219226 0.01015625 0.0076201641266119575
0 0.66640625 0.5533411488862837 0.0125 0.008206330597889801
0 0.320703125 0.5524618991793669 0.01328125 0.008792497069167644
0 0.281640625 0.5524618991793669 0.01328125 0.008792497069167644
0 0.700390625 0.5512895662368112 0.01171875 0.008792497069167644
0 0.609765625 0.5477725674091442 0.01171875 0.008792497069167644
0 0.4359375 0.5460140679953107 0.00625 0.005275498241500586
0 0.427734375 0.5436694021101993 0.00078125 0.0005861664712778429
0 0.240234375 0.5463071512309496 0.01328125 0.007033997655334115
0 0.58671875 0.5445486518171161 0.0125 0.008206330597889801
0 0.21484375 0.5422039859320047 0.0140625 0.007033997655334115
0 0.827734375 0.5383939038686987 0.00859375 0.008792497069167644
0 0.30703125 0.5345838218053928 0.0078125 0.004689331770222743
0 0.299609375 0.5334114888628371 0.00390625 0.0023446658851113715
0 0.266015625 0.5357561547479485 0.01328125 0.009378663540445486
0 0.807421875 0.5325322391559203 0.00859375 0.004103165298944901
0 0.32890625 0.5345838218053928 0.0125 0.008206330597889801
0 0.800390625 0.5290152403282532 0.00078125 0.0005861664712778429
0 0.424609375 0.5269636576787807 0.01171875 0.007033997655334115
0 0.59140625 0.5272567409144197 0.0109375 0.008792497069167644
0 0.3859375 0.5219812426729191 0.0125 0.0076201641266119575
0 0.19296875 0.5216881594372802 0.0125 0.007033997655334115
0 0.28515625 0.5211019929660023 0.0125 0.009378663540445486
0 0.21875 0.5196365767878077 0.0125 0.006447831184056272
0 0.319140625 0.5181711606096131 0.01328125 0.008206330597889801
0 0.344921875 0.5172919109026963 0.01328125 0.008792497069167644
0 0.260546875 0.5175849941383353 0.01328125 0.009378663540445486
0 0.81953125 0.5126025791324736 0.0109375 0.008792497069167644
0 0.3671875 0.5102579132473622 0.0125 0.008792497069167644
0 0.300390625 0.507327080890973 0.01328125 0.005275498241500586
0 0.18359375 0.5046893317702228 0.0140625 0.008206330597889801
0 0.76328125 0.5041031652989449 0.009375 0.008206330597889801
0 0.39296875 0.5041031652989449 0.0125 0.008206330597889801
0 0.275390625 0.5026377491207503 0.01328125 0.008792497069167644
0 0.323828125 0.5 0.01328125 0.008206330597889801
0 0.250390625 0.5 0.01328125 0.008206330597889801
0 0.3484375 0.49941383352872215 0.0125 0.009378663540445486
0 0.216015625 0.49824150058616645 0.01328125 0.009378663540445486
0 0.715625 0.49531066822977726 0.0125 0.009378663540445486
0 0.8453125 0.49384525205158264 0.0125 0.008792497069167644
0 0.43828125 0.492379835873388 0.0109375 0.007033997655334115
0 0.569140625 0.49208675263774915 0.01171875 0.008792497069167644
0 0.375 0.49208675263774915 0.0125 0.008792497069167644
0 0.4140625 0.488862837045721 0.0125 0.007033997655334115
0 0.770703125 0.4879835873388042 0.01171875 0.008792497069167644
0 0.30078125 0.4879835873388042 0.0125 0.008792497069167644
0 0.2328125 0.48417350527549824 0.0140625 0.009378663540445486
0 0.25859375 0.48300117233294254 0.0140625 0.009378663540445486
0 0.325 0.4806565064478312 0.0109375 0.007033997655334115
0 0.351171875 0.4783118405627198 0.01171875 0.005861664712778429
0 0.80390625 0.47860492379835873 0.0125 0.008792497069167644
0 0.375390625 0.4750879249706917 0.01015625 0.005275498241500586
0 0.516015625 0.4750879249706917 0.01171875 0.008792497069167644
0 0.84296875 0.4742086752637749 0.0125 0.008206330597889801
0 0.484765625 0.473915592028136 0.01171875 0.008792497069167644
0 0.423828125 0.4712778429073857 0.01015625 0.005861664712778429
0 0.28125 0.4718640093786635 0.0125 0.008206330597889801
0 0.46171875 0.4695193434935522 0.0109375 0.005861664712778429
0 0.306640625 0.4698124267291911 0.01328125 0.008792497069167644
0 0.244921875 0.4654161781946073 0.00390625 0.0023446658851113715
0 0.252734375 0.46658851113716293 0.00859375 0.007033997655334115
0 0.396875 0.46600234466588514 0.0125 0.007033997655334115
0 0.224609375 0.46600234466588514 0.01328125 0.009378663540445486
0 0.336328125 0.46483001172332944 0.01328125 0.008206330597889801
0 0.8234375 0.46365767878077374 0.0125 0.008206330597889801
0 0.865625 0.4633645955451348 0.0125 0.008792497069167644
0 0.19921875 0.46131301289566234 0.0140625 0.010550996483001172
0 0.733203125 0.45955451348182885 0.01171875 0.008206330597889801
0 0.496484375 0.45808909730363423 0.01171875 0.006447831184056272
0 0.359375 0.4586752637749121 0.0125 0.008792497069167644
0 0.844921875 0.4563305978898007 0.01015625 0.0076201641266119575
0 0.28984375 0.4533997655334115 0.0109375 0.006447831184056272
0 0.41796875 0.45398593200468934 0.0125 0.008792497069167644
0 0.79765625 0.45281359906213364 0.0125 0.008792497069167644
0 0.316796875 0.45193434935521687 0.01328125 0.007033997655334115
0 0.3828125 0.45193434935521687 0.0125 0.009378663540445486
0 0.34296875 0.44841735052754983 0.0078125 0.005861664712778429
0 0.175390625 0.4457796014067995 0.00078125 0.0005861664712778429
0 0.455078125 0.447831184056272 0.01171875 0.007033997655334115
0 0.7171875 0.4469519343493552 0.0109375 0.006447831184056272
0 0.1828125 0.4454865181711606 0.0140625 0.007033997655334115
0 0.747265625 0.4454865181711606 0.01171875 0.009378663540445486
0 0.8296875 0.444021101992966 0.0125 0.008792497069167644
0 0.508984375 0.4425556858147714 0.01171875 0.005861664712778429
0 0.237890625 0.44460726846424387 0.01328125 0.00996483001172333
0 0.2671875 0.4405041031652989 0.0046875 0.004103165298944901
0 0.6953125 0.4405041031652989 0.0125 0.005275498241500586
0 0.85703125 0.44079718640093785 0.0125 0.008206330597889801
0 0.362890625 0.4396248534583822 0.01328125 0.008206330597889801
0 0.76953125 0.43786635404454866 0.0109375 0.008206330597889801
0 0.664453125 0.43669402110199296 0.01171875 0.009378663540445486
0 0.387109375 0.43464243845252054 0.01015625 0.005275498241500586
0 0.380078125 0.43259085580304807 0.00078125 0.0011723329425556857
0 0.203125 0.4361078546307151 0.0140625 0.010550996483001172
0 0.4390625 0.4343493552168816 0.0125 0.008206330597889801
0 0.316796875 0.4343493552168816 0.01328125 0.009378663540445486
0 0.41015625 0.43112543962485345 0.0109375 0.006447831184056272
0 0.291796875 0.42907385697538103 0.01328125 0.009378663540445486
0 0.343359375 0.42819460726846426 0.01328125 0.008792497069167644
0 0.750390625 0.4273153575615475 0.01171875 0.008206330597889801
0 0.24453125 0.425263774912075 0.0140625 0.00996483001172333
0 0.499609375 0.42409144196951937 0.01171875 0.008792497069167644
0 0.36640625 0.42145369284876905 0.0125 0.008206330597889801
0 0.676953125 0.42145369284876905 0.01171875 0.009378663540445486
0 0.597265625 0.4208675263774912 0.01171875 0.009378663540445486
0 0.772265625 0.42028135990621335 0.01171875 0.009378663540445486
0 0.52109375 0.4155920281359906 0.0109375 0.005861664712778429
0 0.43359375 0.41588511137162953 0.0125 0.006447831184056272
0 0.271875 0.4176436107854631 0.0140625 0.00996483001172333
0 0.201953125 0.41705744431418523 0.01484375 0.00996483001172333
0 0.323828125 0.4164712778429074 0.01328125 0.00996483001172333
0 0.869140625 0.41471277842907384 0.01328125 0.008792497069167644
0 0.810546875 0.414126611957796 0.01328125 0.008792497069167644
0 0.4078125 0.4144196951934349 0.0125 0.009378663540445486
0 0.347265625 0.4100234466588511 0.01328125 0.008792497069167644
0 0.298828125 0.4100234466588511 0.01328125 0.00996483001172333
0 0.384375 0.4082649472450176 0.0125 0.0076201641266119575
0 0.181640625 0.40504103165298944 0.01328125 0.010550996483001172
0 0.85234375 0.3994724501758499 0.0125 0.008792497069167644
0 0.261328125 0.4000586166471278 0.01328125 0.00996483001172333
0 0.763671875 0.39859320046893315 0.01171875 0.009378663540445486
0 0.209765625 0.399179366940211 0.01328125 0.010550996483001172
0 0.78515625 0.39771395076201643 0.0125 0.008792497069167644
0 0.4328125 0.39683470105509966 0.0125 0.007033997655334115
0 0.31796875 0.39800703399765536 0.0125 0.009378663540445486
0 0.740234375 0.39683470105509966 0.01171875 0.008206330597889801
0 0.2359375 0.3974208675263775 0.0140625 0.010550996483001172
0 0.80859375 0.3962485345838218 0.0125 0.009378663540445486
0 0.456640625 0.39536928487690504 0.01171875 0.0076201641266119575
0 0.28515625 0.3939038686987104 0.0140625 0.010550996483001172
0 0.366796875 0.39273153575615477 0.01328125 0.009378663540445486
0 0.341796875 0.39155920281359907 0.01328125 0.009378663540445486
0 0.3921875 0.39009378663540445 0.0125 0.008792497069167644
0 0.485546875 0.38892145369284875 0.01171875 0.008792497069167644
0 0.509765625 0.3886283704572098 0.01171875 0.009378663540445486
0 0.180078125 0.3830597889800703 0.00078125 0.0005861664712778429
0 0.86328125 0.38364595545134816 0.0125 0.008792497069167644
0 0.18671875 0.3839390386869871 0.0125 0.009378663540445486
0 0.41484375 0.3824736225087925 0.0125 0.0076201641266119575
0 0.835546875 0.3821805392731536 0.01328125 0.009378663540445486
0 0.755078125 0.3821805392731536 0.01015625 0.009378663540445486
0 0.8046875 0.3786635404454865 0.0015625 0.0035169988276670576
0 0.7859375 0.3795427901524033 0.0125 0.008792497069167644
0 0.212890625 0.3801289566236811 0.01484375 0.00996483001172333
0 0.731640625 0.37924970691676435 0.01171875 0.009378663540445486
0 0.44609375 0.3786635404454865 0.0125 0.008206330597889801
0 0.322265625 0.37924970691676435 0.01328125 0.009378663540445486
0 0.81328125 0.3757327080890973 0.0078125 0.0035169988276670576
0 0.2640625 0.37924970691676435 0.0140625 0.010550996483001172
0 0.528125 0.37631887456037516 0.0125 0.007033997655334115
0 0.296484375 0.376905041031653 0.01328125 0.009378663540445486
0 0.594140625 0.37485345838218054 0.01171875 0.006447831184056272
0 0.238671875 0.376905041031653 0.01484375 0.010550996483001172
0 0.37734375 0.37514654161781946 0.0125 0.009378663540445486
0 0.352734375 0.3745603751465416 0.01328125 0.009378663540445486
0 0.570703125 0.37075029308323565 0.01171875 0.008792497069167644
0 0.4890625 0.3698710433763189 0.0125 0.009378663540445486
0 0.851953125 0.36723329425556855 0.01328125 0.006447831184056272
0 0.649609375 0.3675263774912075 0.01015625 0.007033997655334115
0 0.400390625 0.36811254396248533 0.01328125 0.009378663540445486
0 0.701953125 0.3648886283704572 0.01171875 0.008792497069167644
0 0.796875 0.36430246189917936 0.0125 0.008792497069167644
0 0.757421875 0.36430246189917936 0.01171875 0.008792497069167644
0 0.196875 0.3645955451348183 0.0140625 0.010550996483001172
0 0.278515625 0.3637162954279015 0.01328125 0.00996483001172333
0 0.82109375 0.3625439624853458 0.0109375 0.008792497069167644
0 0.434375 0.3625439624853458 0.0125 0.008792497069167644
0 0.332421875 0.3625439624853458 0.01328125 0.008792497069167644
0 0.253125 0.3616647127784291 0.0140625 0.010550996483001172
0 0.53046875 0.35756154747948415 0.009375 0.007033997655334115
0 0.461328125 0.3590269636576788 0.01171875 0.00996483001172333
0 0.378125 0.35580304806565066 0.0125 0.008206330597889801
0 0.22734375 0.3563892145369285 0.0140625 0.010550996483001172
0 0.633984375 0.35345838218053927 0.01171875 0.009378663540445486
0 0.309765625 0.35345838218053927 0.01328125 0.009378663540445486
0 0.57265625 0.3525791324736225 0.0125 0.008792497069167644
0 0.83984375 0.35199296600234464 0.0125 0.008792497069167644
0 0.353515625 0.3516998827667057 0.01328125 0.008206330597889801
0 0.484375 0.3516998827667057 0.0125 0.009378663540445486
0 0.508203125 0.3496483001172333 0.01171875 0.008792497069167644
0 0.40078125 0.34906213364595545 0.0125 0.008792497069167644
0 0.866796875 0.3473036342321219 0.01328125 0.008792497069167644
0 0.813671875 0.34349355216881594 0.00078125 0.0011723329425556857
0 0.794921875 0.34642438452520513 0.01171875 0.008206330597889801
0 0.764453125 0.34642438452520513 0.01171875 0.008206330597889801
0 0.6984375 0.34671746776084406 0.0125 0.008792497069167644
0 0.424609375 0.3455451348182884 0.01171875 0.008792497069167644
0 0.26796875 0.34642438452520513 0.0140625 0.010550996483001172
0 0.823046875 0.3408558030480657 0.00078125 0.0005861664712778429
0 0.546484375 0.3452520515826495 0.01171875 0.009378663540445486
0 0.1890625 0.3443728018757327 0.0125 0.0076201641266119575
0 0.819921875 0.3402696365767878 0.00390625 0.0005861664712778429
0 0.671484375 0.3443728018757327 0.01171875 0.008792497069167644
0 0.33125 0.34232121922626024 0.0125 0.007033997655334115
0 0.648828125 0.3388042203985932 0.01171875 0.008206330597889801
0 0.29140625 0.33968347010551 0.0140625 0.00996483001172333
0 0.24296875 0.33968347010551 0.0140625 0.00996483001172333
0 0.731640625 0.33792497069167643 0.00859375 0.008792497069167644
0 0.618359375 0.33704572098475966 0.01171875 0.009378663540445486
0 0.446484375 0.3361664712778429 0.01015625 0.0076201641266119575
0 0.212109375 0.3373388042203986 0.01328125 0.00996483001172333
0 0.852734375 0.3335287221570926 0.00703125 0.0035169988276670576
0 0.59453125 0.33499413833528724 0.0109375 0.008792497069167644
0 0.524609375 0.3344079718640094 0.01171875 0.008792497069167644
0 0.35390625 0.3335287221570926 0.009375 0.007033997655334115
0 0.778125 0.332063305978898 0.0125 0.008792497069167644
0 0.481640625 0.33177022274325907 0.01171875 0.008206330597889801
0 0.185546875 0.3276670574443142 0.00078125 0.0023446658851113715
0 0.805078125 0.3303048065650645 0.01328125 0.008792497069167644
0 0.71015625 0.3303048065650645 0.0109375 0.008792497069167644
0 0.40390625 0.3305978898007034 0.0109375 0.009378663540445486
0 0.87109375 0.32971864009378665 0.0125 0.008792497069167644
0 0.568359375 0.3303048065650645 0.01171875 0.00996483001172333
0 0.379296875 0.3288393903868699 0.00703125 0.007033997655334115
0 0.31484375 0.32825322391559203 0.0125 0.009378663540445486
0 0.26953125 0.32708089097303633 0.0140625 0.009378663540445486
0 0.68203125 0.32444314185228607 0.0078125 0.006447831184056272
0 0.179296875 0.3223915592028136 0.00859375 0.0023446658851113715
0 0.637890625 0.3226846424384525 0.01171875 0.008792497069167644
0 0.54296875 0.32327080890973037 0.0125 0.00996483001172333
0 0.503515625 0.32209847596717467 0.01171875 0.008792497069167644
0 0.42578125 0.3223915592028136 0.0109375 0.009378663540445486
0 0.197265625 0.3179953106682298 0.00078125 0.0005861664712778429
0 0.837890625 0.3203399765533411 0.01171875 0.008792497069167644
0 0.292578125 0.31975381008206333 0.01328125 0.00996483001172333
0 0.748828125 0.31858147713950763 0.01015625 0.008792497069167644
0 0.611328125 0.31858147713950763 0.01171875 0.008792497069167644
0 0.205078125 0.31770222743259086 0.01171875 0.007033997655334115
0 0.45 0.3179953106682298 0.0109375 0.008792497069167644
0 0.7265625 0.317116060961313 0.009375 0.008206330597889801
0 0.585546875 0.31623681125439623 0.01171875 0.008792497069167644
0 0.344140625 0.3159437280187573 0.01015625 0.009378663540445486
0 0.793359375 0.3150644783118406 0.01015625 0.008792497069167644
0 0.7703125 0.31477139507620167 0.0109375 0.008206330597889801
0 0.859375 0.31477139507620167 0.0109375 0.009378663540445486
0 0.81640625 0.31477139507620167 0.0109375 0.009378663540445486
0 0.7 0.3141852286049238 0.009375 0.008206330597889801
0 0.4765625 0.3138921453692849 0.00625 0.0076201641266119575
0 0.369921875 0.3118405627198124 0.00390625 0.0035169988276670576
0 0.394140625 0.31330597889800704 0.00859375 0.0076201641266119575
0 0.219921875 0.30920281359906215 0.00078125 0.0005861664712778429
0 0.562890625 0.31125439624853457 0.01015625 0.008206330597889801
0 0.253125 0.31242672919109027 0.0125 0.010550996483001172
0 0.526171875 0.31096131301289565 0.00703125 0.008792497069167644
0 0.22734375 0.3106682297772567 0.0125 0.010550996483001172
0 0.3203125 0.30890973036342323 0.0109375 0.008206330597889801
0 0.67734375 0.3062719812426729 0.0109375 0.0076201641266119575
0 0.65078125 0.305978898007034 0.009375 0.008206330597889801
0 0.496875 0.3048065650644783 0.00625 0.008206330597889801
0 0.6265625 0.3045134818288394 0.0109375 0.008792497069167644
0 0.417578125 0.3045134818288394 0.01015625 0.008792497069167644
0 0.184765625 0.30568581477139506 0.01484375 0.011137162954279016
0 0.832421875 0.30275498241500587 0.01328125 0.008792497069167644
0 0.29609375 0.3009964830011723 0.0125 0.005275498241500586
0 0.73984375 0.30158264947245017 0.0078125 0.008792497069167644
0 0.60234375 0.30158264947245017 0.0109375 0.008792497069167644
0 0.44140625 0.30041031652989447 0.0078125 0.0076201641266119575
0 0.809375 0.29572098475967173 0.0015625 0.0005861664712778429
0 0.716015625 0.298651817116061 0.00546875 0.006447831184056272
0 0.544921875 0.2998241500586166 0.00859375 0.008792497069167644
0 0.8046875 0.2951348182883939 0.0015625 0.0005861664712778429
0 0.782421875 0.29923798358733883 0.01015625 0.008792497069167644
0 0.270703125 0.2995310668229777 0.01328125 0.010550996483001172
0 0.578515625 0.29806565064478313 0.01171875 0.008792497069167644
0 0.46640625 0.29601406799531066 0.00625 0.005861664712778429
0 0.862109375 0.29689331770222743 0.01328125 0.008792497069167644
0 0.339453125 0.29601406799531066 0.00703125 0.008206330597889801
0 0.759375 0.29572098475967173 0.0109375 0.008792497069167644
0 0.36328125 0.29308323563892147 0.00625 0.004689331770222743
0 0.515625 0.2936694021101993 0.0078125 0.008206330597889801
0 0.23984375 0.29484173505275496 0.0140625 0.010550996483001172
0 0.666015625 0.29161781946072685 0.00703125 0.008792497069167644
0 0.39140625 0.291031652989449 0.0109375 0.008792497069167644
0 0.641796875 0.28927315357561545 0.00859375 0.0076201641266119575
0 0.490234375 0.2866354044548652 0.00703125 0.005861664712778429
0 0.84609375 0.2845838218053927 0.0078125 0.004103165298944901
0 0.8203125 0.28722157092614303 0.0125 0.009378663540445486
0 0.315234375 0.28722157092614303 0.01015625 0.009378663540445486
0 0.619140625 0.28516998827667056 0.00703125 0.006447831184056272
0 0.561328125 0.28634232121922626 0.00859375 0.008792497069167644
0 0.415234375 0.2854630715123095 0.01015625 0.007033997655334115
0 0.73203125 0.28487690504103164 0.00625 0.008206330597889801
0 0.794140625 0.28399765533411486 0.01015625 0.008792497069167644
0 0.59375 0.283704572098476 0.0109375 0.008206330597889801
0 0.5359375 0.28194607268464245 0.0046875 0.004689331770222743
0 0.1875 0.283704572098476 0.0140625 0.010550996483001172
0 0.283984375 0.2825322391559203 0.01328125 0.009378663540445486
0 0.70859375 0.2813599062133646 0.0078125 0.008206330597889801
0 0.440625 0.2813599062133646 0.0078125 0.008206330597889801
0 0.770703125 0.2757913247362251 0.00390625 0.0005861664712778429
0 0.46484375 0.27754982415005863 0.00625 0.005275498241500586
0 0.344921875 0.2772567409144197 0.01015625 0.007033997655334115
0 0.5109375 0.2757913247362251 0.0046875 0.005275498241500586
0 0.749609375 0.27549824150058616 0.00859375 0.008206330597889801
0 0.6828125 0.27403282532239154 0.0078125 0.006447831184056272
0 0.378515625 0.27520515826494724 0.00703125 0.008792497069167644
0 0.65703125 0.2746189917936694 0.00625 0.008792497069167644
0 0.86015625 0.27227432590855805 0.0125 0.008792497069167644
0 0.83359375 0.26787807737397423 0.0046875 0.0011723329425556857
0 0.576171875 0.2716881594372802 0.00859375 0.008792497069167644
0 0.809375 0.2716881594372802 0.0125 0.00996483001172333
0 0.7265625 0.2672919109026964 0.0046875 0.0035169988276670576
0 0.552734375 0.268464243845252 0.00859375 0.007033997655334115
0 0.40078125 0.2693434935521688 0.009375 0.008792497069167644
0 0.302734375 0.26817116060961316 0.01171875 0.0076201641266119575
0 0.62109375 0.26699882766705746 0.0078125 0.0076201641266119575
0 0.4859375 0.26670574443141853 0.0046875 0.007033997655334115
0 0.2703125 0.26699882766705746 0.00625 0.0076201641266119575
0 0.7875 0.2637749120750293 0.009375 0.0035169988276670576
0 0.42578125 0.26582649472450176 0.009375 0.0076201641266119575
0 0.529296875 0.26348182883939036 0.00546875 0.006447831184056272
0 0.266796875 0.26143024618991795 0.00859375 0.0023446658851113715
0 0.70078125 0.2640679953106682 0.009375 0.008792497069167644
0 0.32734375 0.26289566236811257 0.0109375 0.0076201641266119575
0 0.765234375 0.2620164126611958 0.01015625 0.008206330597889801
0 0.6 0.2605509964830012 0.00625 0.0076201641266119575
0 0.64453125 0.2584994138335287 0.0046875 0.004689331770222743
0 0.3609375 0.25908558030480655 0.00625 0.005861664712778429
0 0.453515625 0.25908558030480655 0.00859375 0.008206330597889801
0 0.672265625 0.2584994138335287 0.00703125 0.008206330597889801
0 0.881640625 0.2584994138335287 0.01328125 0.009378663540445486
0 0.84140625 0.2543962485345838 0.0015625 0.0011723329425556857
0 0.744140625 0.25732708089097306 0.00703125 0.008206330597889801
0 0.846484375 0.2529308323563892 0.00234375 0.0005861664712778429
0 0.504296875 0.25586166471277844 0.00859375 0.0076201641266119575
0 0.822265625 0.2555685814771395 0.01171875 0.009378663540445486
0 0.38359375 0.2543962485345838 0.009375 0.008206330597889801
0 0.409765625 0.25175849941383355 0.00546875 0.004103165298944901
0 0.287109375 0.2541031652989449 0.01328125 0.00996483001172333
0 0.80078125 0.25058616647127785 0.0109375 0.008792497069167644
0 0.621484375 0.2485345838218054 0.00390625 0.004689331770222743
0 0.715625 0.24912075029308323 0.0078125 0.007033997655334115
0 0.57734375 0.24912075029308323 0.00625 0.008206330597889801
0 0.479296875 0.2485345838218054 0.00859375 0.008206330597889801
0 0.311328125 0.24824150058616648 0.01171875 0.008792497069167644
0 0.77890625 0.246189917936694 0.0078125 0.007033997655334115
0 0.692578125 0.24648300117233293 0.00859375 0.0076201641266119575
0 0.432421875 0.24677608440797186 0.01015625 0.008206330597889801
0 0.341796875 0.24677608440797186 0.00859375 0.008206330597889801
0 0.865234375 0.24648300117233293 0.01328125 0.00996483001172333
0 0.523046875 0.2447245017584994 0.01015625 0.0076201641266119575
0 0.75625 0.24150058616647127 0.0078125 0.007033997655334115
0 0.672265625 0.24003516998827668 0.00546875 0.005275498241500586
0 0.646875 0.24091441969519342 0.0078125 0.007033997655334115
0 0.598046875 0.23974208675263775 0.00859375 0.007033997655334115
0 0.8390625 0.24003516998827668 0.009375 0.008792497069167644
0 0.734765625 0.23886283704572098 0.00546875 0.006447831184056272
0 0.457421875 0.23944900351699883 0.00859375 0.008792497069167644
0 0.367578125 0.23886283704572098 0.00859375 0.0076201641266119575
0 0.554296875 0.2376905041031653 0.00859375 0.0076201641266119575
0 0.50078125 0.23739742086752638 0.0078125 0.007033997655334115
0 0.85546875 0.23388042203985931 0.0015625 0.0011723329425556857
0 0.816015625 0.23739742086752638 0.01015625 0.009378663540445486
0 0.391796875 0.23593200468933176 0.00859375 0.0076201641266119575
0 0.798828125 0.23182883939038687 0.00078125 0.0005861664712778429
0 0.852734375 0.23036342321219228 0.00078125 0.0011723329425556857
0 0.790234375 0.23007033997655335 0.00078125 0.0005861664712778429
0 0.1828125 0.23534583821805394 0.0109375 0.011137162954279016
0 0.7953125 0.22977725674091443 0.00625 0.0023446658851113715
0 0.71328125 0.23182883939038687 0.0046875 0.006447831184056272
0 0.86484375 0.2268464243845252 0.0015625 0.0011723329425556857
0 0.478125 0.23007033997655335 0.009375 0.0076201641266119575
0 0.338671875 0.2283118405627198 0.00546875 0.004103165298944901
0 0.774609375 0.22860492379835873 0.00390625 0.005861664712778429
0 0.5765625 0.2294841735052755 0.0078125 0.0076201641266119575
0 0.855859375 0.22538100820633059 0.00078125 0.0005861664712778429
0 0.859765625 0.22479484173505276 0.00078125 0.0005861664712778429
0 0.837890625 0.22420867526377491 0.00078125 0.0005861664712778429
0 0.688671875 0.2283118405627198 0.00859375 0.008792497069167644
0 0.61875 0.22801875732708088 0.009375 0.008206330597889801
0 0.434765625 0.22801875732708088 0.00859375 0.008206330597889801
0 0.836328125 0.22362250879249707 0.00078125 0.0005861664712778429
0 0.52734375 0.22626025791324736 0.0078125 0.007033997655334115
0 0.833984375 0.22186400937866355 0.00078125 0.0005861664712778429
0 0.64375 0.22303634232121922 0.0046875 0.005275498241500586
0 0.7484375 0.223915592028136 0.009375 0.008206330597889801
0 0.833203125 0.21951934349355218 0.00078125 0.0029308323563892145
0 0.665625 0.2212778429073857 0.009375 0.0076201641266119575
0 0.844921875 0.2171746776084408 0.00078125 0.0005861664712778429
0 0.833984375 0.2171746776084408 0.00078125 0.0005861664712778429
0 0.878125 0.2212778429073857 0.0125 0.00996483001172333
0 0.3609375 0.22069167643610785 0.009375 0.008792497069167644
0 0.4109375 0.2198124267291911 0.0078125 0.008206330597889801
0 0.836328125 0.21541617819460726 0.00078125 0.0005861664712778429
0 0.596484375 0.21893317702227433 0.01015625 0.0076201641266119575
0 0.4984375 0.21893317702227433 0.009375 0.0076201641266119575
0 0.841015625 0.21541617819460726 0.00703125 0.0017584994138335288
0 0.81328125 0.21951934349355218 0.0125 0.00996483001172333
0 0.455859375 0.21893317702227433 0.00703125 0.008792497069167644
0 0.727734375 0.2174677608440797 0.00703125 0.007033997655334115
0 0.384765625 0.2171746776084408 0.01171875 0.0076201641266119575
0 0.552734375 0.21570926143024619 0.00703125 0.007033997655334115
0 0.789453125 0.21541617819460726 0.00859375 0.008792497069167644
0 0.854296875 0.20955451348182885 0.00078125 0.0005861664712778429
0 0.18359375 0.21453692848769051 0.0140625 0.010550996483001172
0 0.769140625 0.2104337631887456 0.00546875 0.004689331770222743
0 0.8609375 0.20808909730363423 0.009375 0.0035169988276670576
0 0.576171875 0.21014067995310667 0.00703125 0.0076201641266119575
0 0.520703125 0.20838218053927315 0.00390625 0.004103165298944901
0 0.4765625 0.2104337631887456 0.009375 0.008206330597889801
0 0.2984375 0.21072684642438452 0.0109375 0.008792497069167644
0 0.684375 0.20984759671746775 0.0078125 0.008206330597889801
0 0.33359375 0.2077960140679953 0.0046875 0.004103165298944901
0 0.654296875 0.20574443141852286 0.00390625 0.004689331770222743
0 0.748046875 0.20427901524032827 0.00390625 0.005275498241500586
0 0.4296875 0.205158264947245 0.0078125 0.007033997655334115
0 0.7078125 0.2048651817116061 0.0078125 0.0076201641266119575
0 0.886328125 0.20398593200468934 0.01328125 0.009378663540445486
0 0.365625 0.20164126611957797 0.009375 0.005861664712778429
0 0.82578125 0.20105509964830012 0.0109375 0.009378663540445486
0 0.801953125 0.20105509964830012 0.01015625 0.009378663540445486
0 0.601171875 0.20017584994138335 0.00703125 0.0076201641266119575
0 0.54140625 0.1995896834701055 0.00625 0.006447831184056272
0 0.498046875 0.19988276670574442 0.00703125 0.007033997655334115
0 0.45390625 0.1995896834701055 0.00625 0.0076201641266119575
0 0.390234375 0.19783118405627198 0.00859375 0.006447831184056272
0 0.78125 0.19490035169988276 0.0078125 0.008792497069167644
0 0.72578125 0.19343493552168817 0.00625 0.005861664712778429
0 0.5640625 0.194021101992966 0.00625 0.007033997655334115
0 0.475 0.19138335287221572 0.003125 0.004103165298944901
0 0.867578125 0.1937280187573271 0.01328125 0.00996483001172333
0 0.623046875 0.19284876905041032 0.00703125 0.008206330597889801
0 0.687109375 0.1910902696365768 0.00859375 0.007033997655334115
0 0.518359375 0.18874560375146543 0.00703125 0.007033997655334115
0 0.746484375 0.18610785463071514 0.00546875 0.004103165298944901
0 0.42734375 0.18669402110199296 0.0078125 0.006447831184056272
0 0.585546875 0.1858147713950762 0.00546875 0.007033997655334115
0 0.78828125 0.1802461899179367 0.0015625 0.0005861664712778429
0 0.708203125 0.18141852286049237 0.00390625 0.004103165298944901
0 0.4953125 0.18053927315357562 0.0046875 0.0035169988276670576
0 0.40390625 0.18141852286049237 0.00625 0.005275498241500586
0 0.76640625 0.18083235638921455 0.009375 0.006447831184056272
0 0.4515625 0.18053927315357562 0.0078125 0.008206330597889801
0 0.540234375 0.17966002344665885 0.00546875 0.0076201641266119575
0 0.60703125 0.17848769050410315 0.00625 0.006447831184056272
0 0.783203125 0.17438452520515826 0.00078125 0.0005861664712778429
0 0.73046875 0.17379835873388041 0.0015625 0.0029308323563892145
0 0.564453125 0.1749706916764361 0.00546875 0.006447831184056272
0 0.792578125 0.17145369284876905 0.00078125 0.0005861664712778429
0 0.786328125 0.17145369284876905 0.00078125 0.0005861664712778429
0 0.3796875 0.1735052754982415 0.0078125 0.005861664712778429
0 0.789453125 0.17057444314185227 0.00390625 0.0011723329425556857
0 0.83515625 0.17262602579132474 0.0078125 0.0076201641266119575
0 0.473046875 0.17057444314185227 0.00546875 0.004689331770222743
0 0.834765625 0.167936694021102 0.00078125 0.0005861664712778429
0 0.836328125 0.16735052754982416 0.00078125 0.0005861664712778429
0 0.518359375 0.17028135990621338 0.00703125 0.006447831184056272
0 0.83984375 0.1667643610785463 0.0015625 0.0005861664712778429
0 0.751953125 0.16705744431418523 0.00390625 0.004689331770222743
0 0.58671875 0.1667643610785463 0.0046875 0.005275498241500586
0 0.647265625 0.16441969519343494 0.00703125 0.006447831184056272
0 0.619140625 0.16178194607268465 0.00234375 0.0011723329425556857
0 0.6984375 0.16324736225087924 0.009375 0.0076201641266119575
0 0.77421875 0.15943728018757328 0.0015625 0.0011723329425556857
0 0.548828125 0.16031652989449002 0.00390625 0.0029308323563892145
0 0.452734375 0.15914419695193435 0.00234375 0.0029308323563892145
0 0.803125 0.1597303634232122 0.0125 0.006447831184056272
0 0.33203125 0.16031652989449002 0.0078125 0.0076201641266119575
0 0.719921875 0.15533411488862836 0.00859375 0.005861664712778429
0 0.599609375 0.15123094958968347 0.00546875 0.004689331770222743
0 0.833984375 0.152989449003517 0.01328125 0.009378663540445486
0 0.525 0.15093786635404455 0.00625 0.005275498241500586
0 0.5 0.1503516998827667 0.0078125 0.006447831184056272
0 0.75234375 0.14830011723329425 0.00625 0.007033997655334115
0 0.563671875 0.14683470105509966 0.00703125 0.005275498241500586
0 0.395703125 0.1462485345838218 0.00390625 0.004103165298944901
0 0.774609375 0.14361078546307152 0.00703125 0.008206330597889801
0 0.425390625 0.141852286049238 0.00703125 0.004689331770222743
0 0.8640625 0.14097303634232122 0.0125 0.00996483001172333
0 0.6171875 0.13745603751465416 0.0046875 0.004103165298944901
0 0.83203125 0.1368698710433763 0.003125 0.004103165298944901
0 0.729296875 0.1368698710433763 0.00546875 0.006447831184056272
0 0.65078125 0.1365767878077374 0.00625 0.008206330597889801
0 0.841015625 0.1310082063305979 0.00078125 0.0005861664712778429
0 0.834765625 0.1310082063305979 0.00078125 0.0005861664712778429
0 0.837890625 0.13042203985932005 0.00390625 0.0005861664712778429
0 0.526171875 0.1298358733880422 0.00546875 0.0029308323563892145
0 0.7921875 0.13276670574443142 0.0125 0.00996483001172333
0 0.672265625 0.13159437280187572 0.00859375 0.0076201641266119575
0 0.55 0.1310082063305979 0.00625 0.006447831184056272
0 0.32734375 0.13012895662368112 0.009375 0.007033997655334115
0 0.815234375 0.12778429073856976 0.01171875 0.010550996483001172
0 0.583984375 0.12514654161781946 0.00703125 0.006447831184056272
0 0.30078125 0.11957796014067995 0.0125 0.008206330597889801
0 0.766796875 0.11781946072684643 0.01015625 0.005861664712778429
0 0.696484375 0.11459554513481829 0.00859375 0.0076201641266119575
0 0.27734375 0.11166471277842907 0.0015625 0.0017584994138335288
0 0.276171875 0.10990621336459555 0.00078125 0.0005861664712778429
0 0.362109375 0.11137162954279015 0.00703125 0.005861664712778429
0 0.634375 0.11078546307151231 0.0078125 0.005861664712778429
0 0.323828125 0.11078546307151231 0.01015625 0.005861664712778429
0 0.271484375 0.10785463071512309 0.00546875 0.0011723329425556857
0 0.673046875 0.10726846424384526 0.00703125 0.005861664712778429
0 0.532421875 0.10814771395076202 0.00703125 0.0076201641266119575
0 0.58984375 0.10580304806565065 0.0046875 0.005275498241500586
0 0.50703125 0.10228604923798358 0.00625 0.006447831184056272
0 0.216796875 0.09759671746776084 0.00703125 0.0029308323563892145
0 0.221484375 0.09173505275498242 0.00234375 0.0029308323563892145
0 0.215234375 0.08821805392731535 0.00703125 0.0017584994138335288
