0 0.676171875 0.8020833333333334 0.00703125 0.010416666666666666
0 0.61953125 0.7984375 0.00625 0.007291666666666667
0 0.540234375 0.8 0.00703125 0.010416666666666666
0 0.703515625 0.7989583333333333 0.00703125 0.010416666666666666
0 0.525390625 0.7963541666666667 0.00703125 0.009375
0 0.595703125 0.790625 0.00703125 0.010416666666666666
0 0.66328125 0.7885416666666667 0.0078125 0.010416666666666666
0 0.647265625 0.784375 0.00703125 0.008333333333333333
0 0.728125 0.7828125 0.0078125 0.009375
0 0.609375 0.7828125 0.00625 0.009375
0 0.407421875 0.7828125 0.00703125 0.009375
0 0.711328125 0.7817708333333333 0.00703125 0.009375
0 0.772265625 0.78125 0.00703125 0.010416666666666666
0 0.535546875 0.7817708333333333 0.00703125 0.011458333333333333
0 0.624609375 0.7791666666666667 0.00703125 0.008333333333333333
0 0.554296875 0.7776041666666667 0.00703125 0.009375
0 0.459375 0.778125 0.00625 0.010416666666666666
0 0.685546875 0.7734375 0.00703125 0.009375
0 0.39375 0.771875 0.0078125 0.010416666666666666
0 0.271875 0.7703125 0.0078125 0.011458333333333333
0 0.653515625 0.7661458333333333 0.00703125 0.009375
0 0.337890625 0.7666666666666667 0.00703125 0.010416666666666666
0 0.671875 0.7635416666666667 0.00625 0.010416666666666666
0 0.4421875 0.7630208333333334 0.00625 0.009375
0 0.380078125 0.7635416666666667 0.00703125 0.010416666666666666
0 0.615625 0.7614583333333333 0.00625 0.008333333333333333
0 0.544140625 0.7609375 0.00703125 0.009375
0 0.776953125 0.7572916666666667 0.00703125 0.010416666666666666
0 0.741796875 0.7567708333333333 0.00703125 0.009375
0 0.461328125 0.7567708333333333 0.00703125 0.009375
0 0.63671875 0.7557291666666667 0.00625 0.009375
0 0.597265625 0.75625 0.00703125 0.010416666666666666
0 0.70546875 0.7515625 0.00625 0.009375
0 0.27578125 0.7520833333333333 0.0078125 0.010416666666666666
0 0.29375 0.7510416666666667 0.0078125 0.010416666666666666
0 0.665234375 0.7463541666666667 0.00703125 0.009375
0 0.649609375 0.7458333333333333 0.00703125 0.008333333333333333
0 0.4375 0.74375 0.00625 0.008333333333333333
0 0.62421875 0.74375 0.00625 0.010416666666666666
0 0.68203125 0.7421875 0.00625 0.009375
0 0.329296875 0.7416666666666667 0.00859375 0.010416666666666666
0 0.608984375 0.7395833333333334 0.00703125 0.008333333333333333
0 0.587890625 0.7401041666666667 0.00703125 0.009375
0 0.369140625 0.740625 0.00703125 0.010416666666666666
0 0.7265625 0.7390625 0.00625 0.009375
0 0.553125 0.7380208333333333 0.00625 0.009375
0 0.7671875 0.7364583333333333 0.0078125 0.008333333333333333
0 0.460546875 0.7369791666666666 0.00703125 0.009375
0 0.696484375 0.7348958333333333 0.00703125 0.009375
0 0.786328125 0.7322916666666667 0.00703125 0.008333333333333333
0 0.296484375 0.7307291666666667 0.00859375 0.009375
0 0.633984375 0.7286458333333333 0.00703125 0.009375
0 0.671484375 0.7276041666666667 0.00703125 0.009375
0 0.655859375 0.7270833333333333 0.00703125 0.010416666666666666
0 0.426171875 0.7223958333333333 0.00703125 0.009375
0 0.719921875 0.7213541666666666 0.00703125 0.009375
0 0.470703125 0.7208333333333333 0.00703125 0.008333333333333333
0 0.773828125 0.7182291666666667 0.00546875 0.005208333333333333
0 0.75703125 0.7197916666666667 0.0078125 0.008333333333333333
0 0.28359375 0.7208333333333333 0.0078125 0.010416666666666666
0 0.690234375 0.7166666666666667 0.00703125 0.008333333333333333
0 0.619921875 0.7171875 0.00703125 0.009375
0 0.734765625 0.715625 0.00703125 0.008333333333333333
0 0.64453125 0.7145833333333333 0.00625 0.008333333333333333
0 0.259375 0.715625 0.0078125 0.010416666666666666
0 0.43984375 0.7140625 0.00625 0.009375
0 0.705859375 0.7119791666666667 0.00703125 0.009375
0 0.483984375 0.7104166666666667 0.00703125 0.008333333333333333
0 0.67578125 0.7088541666666667 0.00625 0.007291666666666667
0 0.552734375 0.7078125 0.00703125 0.009375
0 0.219140625 0.7072916666666667 0.00859375 0.010416666666666666
0 0.605859375 0.7057291666666666 0.00703125 0.009375
0 0.38125 0.7052083333333333 0.0078125 0.008333333333333333
0 0.66015625 0.7015625 0.0078125 0.009375
0 0.470703125 0.7005208333333334 0.00703125 0.009375
0 0.623828125 0.6979166666666666 0.00703125 0.010416666666666666
0 0.287890625 0.6979166666666666 0.00703125 0.010416666666666666
0 0.271875 0.6979166666666666 0.0078125 0.010416666666666666
0 0.720703125 0.6963541666666667 0.00703125 0.009375
0 0.736328125 0.6942708333333333 0.00703125 0.007291666666666667
0 0.786328125 0.69375 0.00546875 0.008333333333333333
0 0.75234375 0.6927083333333334 0.00625 0.008333333333333333
0 0.644921875 0.6932291666666667 0.00703125 0.009375
0 0.3265625 0.6921875 0.0078125 0.009375
0 0.681640625 0.6890625 0.00703125 0.009375
0 0.707421875 0.684375 0.00546875 0.008333333333333333
0 0.77734375 0.6770833333333334 0.00625 0.004166666666666667
0 0.630078125 0.6796875 0.00703125 0.009375
0 0.408984375 0.6786458333333333 0.00703125 0.009375
0 0.30546875 0.6770833333333334 0.0078125 0.010416666666666666
0 0.54296875 0.675 0.00625 0.010416666666666666
0 0.163671875 0.6755208333333333 0.00859375 0.011458333333333333
0 0.66875 0.6734375 0.00625 0.009375
0 0.320703125 0.6734375 0.00703125 0.009375
0 0.286328125 0.6739583333333333 0.00859375 0.010416666666666666
0 0.688671875 0.6703125 0.00703125 0.009375
0 0.64296875 0.6682291666666667 0.00625 0.009375
0 0.790625 0.6635416666666667 0.0046875 0.00625
0 0.70390625 0.6651041666666667 0.00625 0.009375
0 0.235546875 0.6635416666666667 0.00859375 0.010416666666666666
0 0.758203125 0.6614583333333334 0.00703125 0.008333333333333333
0 0.213671875 0.6625 0.00859375 0.010416666666666666
0 0.616015625 0.6598958333333333 0.00703125 0.009375
0 0.296875 0.6598958333333333 0.0078125 0.009375
0 0.17109375 0.6598958333333333 0.009375 0.011458333333333333
0 0.659375 0.6536458333333334 0.00625 0.009375
0 0.405859375 0.6536458333333334 0.00703125 0.009375
0 0.71640625 0.6520833333333333 0.00625 0.008333333333333333
0 0.73203125 0.646875 0.00625 0.008333333333333333
0 0.74765625 0.6453125 0.00625 0.009375
0 0.203125 0.6458333333333334 0.009375 0.010416666666666666
0 0.701171875 0.6442708333333333 0.00703125 0.009375
0 0.225390625 0.64375 0.00859375 0.010416666666666666
0 0.255078125 0.6385416666666667 0.00859375 0.010416666666666666
0 0.687109375 0.6359375 0.00703125 0.009375
0 0.72109375 0.6328125 0.0078125 0.007291666666666667
0 0.19140625 0.6317708333333333 0.009375 0.009375
0 0.660546875 0.6291666666666667 0.00703125 0.008333333333333333
0 0.737109375 0.6239583333333333 0.00546875 0.004166666666666667
0 0.23203125 0.6265625 0.0078125 0.009375
0 0.703515625 0.6244791666666667 0.00703125 0.009375
0 0.215625 0.625 0.0078125 0.010416666666666666
0 0.169140625 0.6166666666666667 0.00859375 0.010416666666666666
0 0.720703125 0.6119791666666666 0.00703125 0.007291666666666667
0 0.668359375 0.6119791666666666 0.00703125 0.007291666666666667
0 0.684375 0.6119791666666666 0.00625 0.009375
0 0.754296875 0.6098958333333333 0.00703125 0.009375
0 0.265234375 0.6098958333333333 0.00859375 0.009375
0 0.631640625 0.6078125 0.00703125 0.009375
0 0.35703125 0.6083333333333333 0.0078125 0.010416666666666666
0 0.229296875 0.6067708333333334 0.00859375 0.009375
0 0.20859375 0.603125 0.0078125 0.010416666666666666
0 0.19140625 0.6 0.009375 0.010416666666666666
0 0.741796875 0.5973958333333333 0.00703125 0.009375
0 0.771875 0.5947916666666667 0.00625 0.00625
0 0.675390625 0.5932291666666667 0.00703125 0.009375
0 0.140625 0.5921875 0.0078125 0.007291666666666667
0 0.70546875 0.5916666666666667 0.00625 0.008333333333333333
0 0.650390625 0.5890625 0.00703125 0.009375
0 0.756640625 0.5880208333333333 0.00703125 0.009375
0 0.621484375 0.5880208333333333 0.00703125 0.009375
0 0.51875 0.5880208333333333 0.0078125 0.009375
0 0.232421875 0.5859375 0.00859375 0.009375
0 0.721875 0.58125 0.0046875 0.008333333333333333
0 0.500390625 0.5786458333333333 0.00703125 0.009375
0 0.739453125 0.5760416666666667 0.00546875 0.008333333333333333
0 0.684375 0.5755208333333334 0.0078125 0.009375
0 0.763671875 0.5713541666666667 0.00703125 0.005208333333333333
0 0.78046875 0.5723958333333333 0.00625 0.009375
0 0.700390625 0.5723958333333333 0.00703125 0.009375
0 0.171875 0.5713541666666667 0.00625 0.007291666666666667
0 0.13203125 0.5713541666666667 0.009375 0.009375
0 0.204296875 0.5671875 0.00859375 0.009375
0 0.155859375 0.5625 0.00703125 0.00625
0 0.589453125 0.5598958333333334 0.00703125 0.009375
0 0.3625 0.5598958333333334 0.0078125 0.009375
0 0.712890625 0.5588541666666667 0.00703125 0.009375
0 0.731640625 0.5578125 0.00703125 0.009375
0 0.774609375 0.5536458333333333 0.00546875 0.003125
0 0.13828125 0.5541666666666667 0.00625 0.004166666666666667
0 0.601953125 0.5463541666666667 0.00703125 0.009375
0 0.2375 0.5453125 0.0078125 0.009375
0 0.701953125 0.5447916666666667 0.00703125 0.010416666666666666
0 0.743359375 0.5432291666666667 0.00703125 0.009375
0 0.759765625 0.5421875 0.00703125 0.009375
0 0.253515625 0.5411458333333333 0.00859375 0.009375
0 0.80234375 0.5395833333333333 0.00625 0.008333333333333333
0 0.728125 0.5375 0.00625 0.008333333333333333
0 0.583203125 0.5348958333333333 0.00703125 0.007291666666666667
0 0.383203125 0.5359375 0.00703125 0.009375
0 0.22734375 0.5302083333333333 0.009375 0.010416666666666666
0 0.76953125 0.5260416666666666 0.00625 0.008333333333333333
0 0.82578125 0.5244791666666667 0.00625 0.007291666666666667
0 0.709765625 0.5255208333333333 0.00703125 0.009375
0 0.69140625 0.5255208333333333 0.0078125 0.009375
0 0.79296875 0.5229166666666667 0.00625 0.010416666666666666
0 0.741015625 0.5223958333333333 0.00703125 0.009375
0 0.809765625 0.5197916666666667 0.00703125 0.008333333333333333
0 0.25078125 0.5197916666666667 0.009375 0.010416666666666666
0 0.169140625 0.5171875 0.00859375 0.009375
0 0.75390625 0.5135416666666667 0.003125 0.004166666666666667
0 0.724609375 0.5161458333333333 0.00703125 0.009375
0 0.31953125 0.5130208333333334 0.0078125 0.009375
0 0.12109375 0.5109375 0.009375 0.009375
0 0.780859375 0.5088541666666667 0.00703125 0.009375
0 0.79609375 0.5036458333333333 0.003125 0.005208333333333333
0 0.18125 0.5057291666666667 0.009375 0.009375
0 0.70546875 0.5052083333333334 0.00625 0.010416666666666666
0 0.20546875 0.503125 0.009375 0.010416666666666666
0 0.73671875 0.5020833333333333 0.0078125 0.010416666666666666
0 0.68828125 0.5005208333333333 0.0078125 0.009375
0 0.61015625 0.49947916666666664 0.0078125 0.009375
0 0.766796875 0.4953125 0.00703125 0.009375
0 0.719921875 0.49583333333333335 0.00703125 0.010416666666666666
0 0.6265625 0.4953125 0.0078125 0.009375
0 0.140234375 0.49166666666666664 0.00859375 0.010416666666666666
0 0.123046875 0.49114583333333334 0.00703125 0.009375
0 0.750390625 0.490625 0.00703125 0.010416666666666666
0 0.673828125 0.4890625 0.00703125 0.009375
0 0.70546875 0.4828125 0.00625 0.009375
0 0.731640625 0.4817708333333333 0.00703125 0.009375
0 0.779296875 0.48072916666666665 0.00703125 0.009375
0 0.688671875 0.4796875 0.00703125 0.009375
0 0.76484375 0.4708333333333333 0.00625 0.008333333333333333
0 0.748828125 0.4703125 0.00546875 0.007291666666666667
0 0.807421875 0.46458333333333335 0.00703125 0.008333333333333333
0 0.71640625 0.46510416666666665 0.0078125 0.009375
0 0.662890625 0.4640625 0.00703125 0.009375
0 0.732421875 0.46145833333333336 0.00546875 0.00625
0 0.699609375 0.4625 0.00703125 0.010416666666666666
0 0.779296875 0.45989583333333334 0.00703125 0.009375
0 0.67890625 0.46041666666666664 0.0078125 0.010416666666666666
0 0.623046875 0.45989583333333334 0.00703125 0.009375
0 0.64375 0.45625 0.00625 0.008333333333333333
0 0.597265625 0.45260416666666664 0.00703125 0.009375
0 0.748828125 0.4479166666666667 0.00546875 0.008333333333333333
0 0.5203125 0.44895833333333335 0.00625 0.010416666666666666
0 0.709375 0.446875 0.0078125 0.008333333333333333
0 0.669140625 0.44427083333333334 0.00703125 0.009375
0 0.726171875 0.44166666666666665 0.00703125 0.00625
0 0.69296875 0.44375 0.0078125 0.010416666666666666
0 0.448828125 0.4432291666666667 0.00703125 0.009375
0 0.631640625 0.4421875 0.00703125 0.009375
0 0.768359375 0.44114583333333335 0.00703125 0.009375
0 0.1453125 0.43645833333333334 0.009375 0.010416666666666666
0 0.537109375 0.4348958333333333 0.00703125 0.009375
0 0.81015625 0.43333333333333335 0.0078125 0.008333333333333333
0 0.60390625 0.43333333333333335 0.00625 0.010416666666666666
0 0.65078125 0.42916666666666664 0.00625 0.008333333333333333
0 0.522265625 0.42864583333333334 0.00703125 0.009375
0 0.683984375 0.42604166666666665 0.00703125 0.010416666666666666
0 0.73515625 0.4234375 0.0078125 0.009375
0 0.700390625 0.4239583333333333 0.00703125 0.010416666666666666
0 0.666796875 0.4234375 0.00703125 0.009375
0 0.71875 0.42239583333333336 0.0078125 0.009375
0 0.634765625 0.42083333333333334 0.00703125 0.010416666666666666
0 0.5875 0.41510416666666666 0.0078125 0.009375
0 0.42109375 0.41458333333333336 0.0078125 0.010416666666666666
0 0.38984375 0.41458333333333336 0.0078125 0.010416666666666666
0 0.15234375 0.41354166666666664 0.009375 0.010416666666666666
0 0.691015625 0.40625 0.00703125 0.010416666666666666
0 0.656640625 0.40625 0.00703125 0.010416666666666666
0 0.553515625 0.40572916666666664 0.00703125 0.009375
0 0.296484375 0.40625 0.00859375 0.010416666666666666
0 0.674609375 0.40520833333333334 0.00703125 0.010416666666666666
0 0.253125 0.4041666666666667 0.0078125 0.010416666666666666
0 0.71484375 0.4015625 0.0078125 0.009375
0 0.604296875 0.4015625 0.00703125 0.009375
0 0.509765625 0.4005208333333333 0.00703125 0.009375
0 0.730859375 0.39947916666666666 0.00703125 0.009375
0 0.1625 0.39895833333333336 0.0046875 0.008333333333333333
0 0.268359375 0.3984375 0.00703125 0.009375
0 0.534765625 0.39739583333333334 0.00703125 0.009375
0 0.45859375 0.396875 0.0078125 0.010416666666666666
0 0.201953125 0.3958333333333333 0.00859375 0.010416666666666666
0 0.400390625 0.39427083333333335 0.00703125 0.009375
0 0.284375 0.3927083333333333 0.0078125 0.010416666666666666
0 0.633984375 0.39166666666666666 0.00703125 0.010416666666666666
0 0.7015625 0.3890625 0.0078125 0.009375
0 0.566015625 0.3885416666666667 0.00703125 0.010416666666666666
0 0.684375 0.3875 0.0078125 0.010416666666666666
0 0.649609375 0.3875 0.00703125 0.010416666666666666
0 0.66640625 0.3859375 0.0078125 0.009375
0 0.58203125 0.384375 0.0078125 0.010416666666666666
0 0.422265625 0.384375 0.00703125 0.010416666666666666
0 0.469921875 0.38229166666666664 0.00703125 0.010416666666666666
0 0.76875 0.3807291666666667 0.0078125 0.009375
0 0.736328125 0.37864583333333335 0.00703125 0.009375
0 0.271484375 0.3776041666666667 0.00859375 0.009375
0 0.597265625 0.3765625 0.00703125 0.009375
0 0.62265625 0.375 0.0078125 0.008333333333333333
0 0.523046875 0.37083333333333335 0.00703125 0.010416666666666666
0 0.69609375 0.36875 0.0078125 0.010416666666666666
0 0.71953125 0.36770833333333336 0.0078125 0.010416666666666666
0 0.564453125 0.3671875 0.00703125 0.009375
0 0.67265625 0.36614583333333334 0.0078125 0.009375
0 0.647265625 0.365625 0.00703125 0.010416666666666666
0 0.421875 0.3645833333333333 0.0078125 0.010416666666666666
0 0.169140625 0.3645833333333333 0.00859375 0.010416666666666666
0 0.447265625 0.36302083333333335 0.00703125 0.009375
0 0.38984375 0.36354166666666665 0.0078125 0.010416666666666666
0 0.260546875 0.36302083333333335 0.00859375 0.009375
0 0.609765625 0.3619791666666667 0.00703125 0.009375
0 0.584765625 0.3609375 0.00703125 0.009375
0 0.223828125 0.3567708333333333 0.00078125 0.0010416666666666667
0 0.14375 0.35833333333333334 0.009375 0.010416666666666666
0 0.510546875 0.35625 0.00703125 0.010416666666666666
0 0.479296875 0.35625 0.00703125 0.010416666666666666
0 0.462109375 0.35625 0.00703125 0.010416666666666666
0 0.223828125 0.35208333333333336 0.00234375 0.004166666666666667
0 0.2453125 0.3541666666666667 0.009375 0.010416666666666666
0 0.6859375 0.35208333333333336 0.0078125 0.010416666666666666
0 0.6359375 0.35 0.0078125 0.010416666666666666
0 0.54140625 0.3484375 0.00625 0.009375
0 0.55703125 0.3453125 0.0078125 0.009375
0 0.206640625 0.3458333333333333 0.00859375 0.010416666666666666
0 0.66875 0.34479166666666666 0.0078125 0.010416666666666666
0 0.6203125 0.34479166666666666 0.0078125 0.010416666666666666
0 0.7015625 0.34375 0.0078125 0.010416666666666666
0 0.6515625 0.34375 0.0078125 0.010416666666666666
0 0.440234375 0.34375 0.00703125 0.010416666666666666
0 0.57421875 0.3421875 0.0078125 0.009375
0 0.496484375 0.34270833333333334 0.00703125 0.010416666666666666
0 0.591796875 0.3416666666666667 0.00703125 0.010416666666666666
0 0.526171875 0.3416666666666667 0.00703125 0.010416666666666666
0 0.23359375 0.33958333333333335 0.009375 0.010416666666666666
0 0.41640625 0.33697916666666666 0.0078125 0.009375
0 0.455078125 0.33645833333333336 0.00703125 0.010416666666666666
0 0.511328125 0.334375 0.00703125 0.010416666666666666
0 0.60703125 0.3328125 0.0078125 0.011458333333333333
0 0.4828125 0.32916666666666666 0.00625 0.010416666666666666
0 0.248046875 0.3296875 0.00859375 0.011458333333333333
0 0.353125 0.328125 0.0078125 0.010416666666666666
0 0.54453125 0.32708333333333334 0.0078125 0.010416666666666666
0 0.401953125 0.32708333333333334 0.00703125 0.010416666666666666
0 0.67890625 0.3260416666666667 0.0078125 0.010416666666666666
0 0.14375 0.32395833333333335 0.009375 0.010416666666666666
0 0.65859375 0.3229166666666667 0.0078125 0.010416666666666666
0 0.6421875 0.321875 0.0078125 0.010416666666666666
0 0.5796875 0.321875 0.0078125 0.010416666666666666
0 0.4671875 0.321875 0.0078125 0.010416666666666666
0 0.6953125 0.32083333333333336 0.0078125 0.010416666666666666
0 0.43515625 0.32083333333333336 0.0078125 0.010416666666666666
0 0.528125 0.31979166666666664 0.0078125 0.010416666666666666
0 0.728125 0.31875 0.0078125 0.010416666666666666
0 0.7953125 0.3177083333333333 0.0078125 0.010416666666666666
0 0.71171875 0.31666666666666665 0.0078125 0.010416666666666666
0 0.6234375 0.315625 0.0078125 0.010416666666666666
0 0.451171875 0.315625 0.00703125 0.010416666666666666
0 0.265234375 0.315625 0.00546875 0.010416666666666666
0 0.234765625 0.31614583333333335 0.00859375 0.011458333333333333
0 0.3796875 0.3145833333333333 0.0078125 0.010416666666666666
0 0.77890625 0.3140625 0.009375 0.011458333333333333
0 0.4171875 0.31354166666666666 0.0078125 0.010416666666666666
0 0.6015625 0.3125 0.0078125 0.010416666666666666
0 0.511328125 0.3125 0.00703125 0.010416666666666666
0 0.49140625 0.31145833333333334 0.0078125 0.010416666666666666
0 0.565234375 0.30833333333333335 0.00703125 0.010416666666666666
0 0.130078125 0.30364583333333334 0.00078125 0.0010416666666666667
0 0.32890625 0.3072916666666667 0.0078125 0.010416666666666666
0 0.39375 0.30520833333333336 0.0078125 0.010416666666666666
0 0.540234375 0.30416666666666664 0.00703125 0.010416666666666666
0 0.47578125 0.30416666666666664 0.0078125 0.010416666666666666
0 0.680859375 0.303125 0.00859375 0.010416666666666666
0 0.351171875 0.303125 0.00859375 0.010416666666666666
0 0.659375 0.30104166666666665 0.0078125 0.010416666666666666
0 0.5859375 0.30104166666666665 0.0078125 0.010416666666666666
0 0.276171875 0.30104166666666665 0.00859375 0.010416666666666666
0 0.438671875 0.3 0.00703125 0.010416666666666666
0 0.501171875 0.296875 0.00390625 0.00625
0 0.501171875 0.2921875 0.00078125 0.0010416666666666667
0 0.45859375 0.29583333333333334 0.0078125 0.010416666666666666
0 0.17421875 0.2942708333333333 0.0046875 0.007291666666666667
0 0.501953125 0.29010416666666666 0.00078125 0.0010416666666666667
0 0.787109375 0.29375 0.00859375 0.010416666666666666
0 0.637890625 0.29375 0.00703125 0.010416666666666666
0 0.410546875 0.29375 0.00546875 0.010416666666666666
0 0.234375 0.29375 0.0046875 0.010416666666666666
0 0.553515625 0.29270833333333335 0.00703125 0.010416666666666666
0 0.38046875 0.2916666666666667 0.0078125 0.010416666666666666
0 0.61015625 0.28958333333333336 0.00625 0.010416666666666666
0 0.1484375 0.28489583333333335 0.003125 0.003125
0 0.334765625 0.2875 0.00859375 0.010416666666666666
0 0.485546875 0.2859375 0.00703125 0.011458333333333333
0 0.425 0.28541666666666665 0.0078125 0.010416666666666666
0 0.66953125 0.28229166666666666 0.009375 0.010416666666666666
0 0.65234375 0.28125 0.0078125 0.010416666666666666
0 0.446875 0.28125 0.0078125 0.010416666666666666
0 0.53046875 0.28020833333333334 0.0078125 0.010416666666666666
0 0.514453125 0.28020833333333334 0.00703125 0.010416666666666666
0 0.39609375 0.28072916666666664 0.0078125 0.011458333333333333
0 0.46796875 0.27760416666666665 0.00625 0.009375
0 0.498828125 0.27239583333333334 0.00703125 0.009375
0 0.686328125 0.27239583333333334 0.00859375 0.011458333333333333
0 0.411328125 0.27239583333333334 0.00703125 0.011458333333333333
0 0.34453125 0.2708333333333333 0.0078125 0.010416666666666666
0 0.301953125 0.26875 0.00546875 0.00625
0 0.378125 0.26875 0.0078125 0.010416666666666666
0 0.209765625 0.26875 0.00859375 0.010416666666666666
0 0.794921875 0.2682291666666667 0.00859375 0.011458333333333333
0 0.610546875 0.2671875 0.00703125 0.011458333333333333
0 0.634375 0.26510416666666664 0.0078125 0.011458333333333333
0 0.23359375 0.26458333333333334 0.009375 0.010416666666666666
0 0.66171875 0.2630208333333333 0.0078125 0.011458333333333333
0 0.45546875 0.2630208333333333 0.0078125 0.011458333333333333
0 0.425390625 0.2625 0.00703125 0.010416666666666666
0 0.478515625 0.26197916666666665 0.00703125 0.011458333333333333
0 0.515625 0.25833333333333336 0.0078125 0.010416666666666666
0 0.3265625 0.25833333333333336 0.0078125 0.010416666666666666
0 0.561328125 0.2578125 0.00703125 0.011458333333333333
0 0.577734375 0.25625 0.00703125 0.010416666666666666
0 0.391015625 0.2552083333333333 0.00703125 0.010416666666666666
0 0.14296875 0.2552083333333333 0.009375 0.010416666666666666
0 0.291796875 0.25 0.00390625 0.004166666666666667
0 0.621875 0.25052083333333336 0.0078125 0.011458333333333333
0 0.599609375 0.25 0.00703125 0.010416666666666666
0 0.49296875 0.24895833333333334 0.0078125 0.010416666666666666
0 0.407421875 0.2484375 0.00546875 0.009375
0 0.345703125 0.24895833333333334 0.00859375 0.010416666666666666
0 0.207421875 0.24583333333333332 0.00859375 0.008333333333333333
0 0.44453125 0.24635416666666668 0.0078125 0.011458333333333333
0 0.29140625 0.24270833333333333 0.0046875 0.004166666666666667
0 0.46484375 0.24479166666666666 0.0078125 0.010416666666666666
0 0.244921875 0.24166666666666667 0.00859375 0.010416666666666666
0 0.428125 0.24010416666666667 0.0078125 0.011458333333333333
0 0.6359375 0.2390625 0.0078125 0.011458333333333333
0 0.509375 0.23802083333333332 0.0046875 0.009375
0 0.38046875 0.2375 0.0078125 0.010416666666666666
0 0.4796875 0.23697916666666666 0.0078125 0.011458333333333333
0 0.26015625 0.2359375 0.0078125 0.011458333333333333
0 0.545703125 0.234375 0.00703125 0.010416666666666666
0 0.332421875 0.23489583333333333 0.00859375 0.011458333333333333
0 0.576953125 0.23385416666666667 0.00703125 0.011458333333333333
0 0.14453125 0.23229166666666667 0.0078125 0.008333333333333333
0 0.18125 0.23072916666666668 0.009375 0.011458333333333333
0 0.39609375 0.2296875 0.0078125 0.011458333333333333
0 0.352734375 0.22604166666666667 0.00546875 0.010416666666666666
0 0.494921875 0.225 0.00703125 0.010416666666666666
0 0.52734375 0.22447916666666667 0.00625 0.011458333333333333
0 0.559375 0.221875 0.0078125 0.010416666666666666
0 0.466015625 0.22239583333333332 0.00703125 0.011458333333333333
0 0.8109375 0.21927083333333333 0.009375 0.011458333333333333
0 0.292578125 0.21875 0.00859375 0.010416666666666666
0 0.2453125 0.21354166666666666 0.00625 0.008333333333333333
0 0.62109375 0.2140625 0.0078125 0.011458333333333333
0 0.3375 0.21354166666666666 0.0078125 0.010416666666666666
0 0.6015625 0.21145833333333333 0.0078125 0.010416666666666666
0 0.262109375 0.21197916666666666 0.00859375 0.011458333333333333
0 0.541015625 0.2078125 0.00546875 0.009375
0 0.350390625 0.20364583333333333 0.00078125 0.0010416666666666667
0 0.309765625 0.20885416666666667 0.00859375 0.011458333333333333
0 0.18671875 0.20885416666666667 0.00625 0.011458333333333333
0 0.4 0.2078125 0.0078125 0.011458333333333333
0 0.105859375 0.20625 0.00546875 0.008333333333333333
0 0.488671875 0.2046875 0.00703125 0.011458333333333333
0 0.072265625 0.20416666666666666 0.00859375 0.010416666666666666
0 0.578515625 0.20104166666666667 0.00703125 0.010416666666666666
0 0.38359375 0.20104166666666667 0.0046875 0.010416666666666666
0 0.36640625 0.20104166666666667 0.00625 0.010416666666666666
0 0.087109375 0.20052083333333334 0.00703125 0.011458333333333333
0 0.555859375 0.19895833333333332 0.00703125 0.010416666666666666
0 0.347265625 0.1984375 0.00390625 0.009375
0 0.325 0.19947916666666668 0.0078125 0.011458333333333333
0 0.47265625 0.1984375 0.0078125 0.011458333333333333
0 0.276171875 0.1984375 0.00859375 0.011458333333333333
0 0.4453125 0.19739583333333333 0.0078125 0.011458333333333333
0 0.294921875 0.19739583333333333 0.00859375 0.011458333333333333
0 0.2375 0.19427083333333334 0.00625 0.011458333333333333
0 0.646484375 0.1921875 0.00859375 0.011458333333333333
0 0.253515625 0.19010416666666666 0.00703125 0.007291666666666667
0 0.11484375 0.18802083333333333 0.00625 0.011458333333333333
0 0.5015625 0.18697916666666667 0.0078125 0.011458333333333333
0 0.406640625 0.18697916666666667 0.00859375 0.011458333333333333
0 0.185546875 0.184375 0.00859375 0.010416666666666666
0 0.62734375 0.184375 0.0078125 0.0125
0 0.3578125 0.18020833333333333 0.0078125 0.010416666666666666
0 0.315625 0.17916666666666667 0.0078125 0.0125
0 0.284375 0.17864583333333334 0.0078125 0.011458333333333333
0 0.267578125 0.17864583333333334 0.00703125 0.011458333333333333
0 0.691796875 0.1765625 0.00859375 0.011458333333333333
0 0.33203125 0.17552083333333332 0.0078125 0.011458333333333333
0 0.3765625 0.1734375 0.0078125 0.011458333333333333
0 0.23203125 0.17291666666666666 0.0078125 0.010416666666666666
0 0.6125 0.17135416666666667 0.0078125 0.011458333333333333
0 0.301171875 0.16927083333333334 0.00859375 0.011458333333333333
0 0.707421875 0.16875 0.00859375 0.0125
0 0.59609375 0.16822916666666668 0.0078125 0.011458333333333333
