0 0.45859375 0.9152989449003517 0.0109375 0.005275498241500586
0 0.432421875 0.9109026963657679 0.00703125 0.007033997655334115
0 0.408984375 0.9047479484173505 0.01015625 0.0076201641266119575
0 0.476953125 0.9041617819460727 0.01171875 0.00996483001172333
0 0.449609375 0.8947831184056272 0.00703125 0.006447831184056272
0 0.420703125 0.8889214536928488 0.00703125 0.008792497069167644
0 0.465234375 0.8771981242672919 0.00703125 0.004103165298944901
0 0.3296875 0.8801289566236812 0.0109375 0.00996483001172333
0 0.439453125 0.8678194607268465 0.00390625 0.005275498241500586
0 0.415625 0.86957796014068 0.0109375 0.00996483001172333
0 0.572265625 0.8651817116060961 0.01171875 0.010550996483001172
0 0.579296875 0.8423212192262602 0.01328125 0.010550996483001172
0 0.447265625 0.835873388042204 0.01171875 0.009378663540445486
0 0.5875 0.8138921453692849 0.0125 0.00996483001172333
0 0.460546875 0.8030480656506448 0.01171875 0.009378663540445486
0 0.373828125 0.7977725674091442 0.01171875 0.009378663540445486
0 0.575 0.7816529894490035 0.0125 0.00996483001172333
0 0.673828125 0.765240328253224 0.01328125 0.00996483001172333
0 0.56171875 0.761430246189918 0.0125 0.009378663540445486
0 0.687109375 0.7479484173505275 0.01015625 0.009378663540445486
0 0.62734375 0.7376905041031653 0.0125 0.00996483001172333
0 0.5546875 0.734759671746776 0.0125 0.008792497069167644
0 0.654296875 0.7332942555685815 0.01328125 0.009378663540445486
0 0.398046875 0.727725674091442 0.01171875 0.008792497069167644
0 0.5296875 0.7259671746776084 0.0125 0.008792497069167644
0 0.673828125 0.7206916764361079 0.01328125 0.00996483001172333
0 0.58046875 0.7195193434935522 0.0125 0.00996483001172333
0 0.499609375 0.7136576787807737 0.01171875 0.008792497069167644
0 0.700390625 0.7124853458382181 0.01328125 0.00996483001172333
0 0.316796875 0.7110199296600235 0.01171875 0.008206330597889801
0 0.522265625 0.7054513481828839 0.01171875 0.008792497069167644
0 0.595703125 0.6966588511137163 0.01328125 0.008792497069167644
0 0.66875 0.6954865181711606 0.0140625 0.00996483001172333
0 0.63046875 0.6699882766705745 0.0125 0.009378663540445486
0 0.49375 0.6699882766705745 0.0109375 0.009378663540445486
0 0.57578125 0.6691090269636577 0.0125 0.008792497069167644
0 0.405859375 0.6591441969519344 0.01171875 0.0076201641266119575
0 0.43984375 0.6591441969519344 0.0109375 0.008792497069167644
0 0.320703125 0.6427315357561547 0.01171875 0.008792497069167644
0 0.47734375 0.6365767878077374 0.0109375 0.008206330597889801
0 0.44765625 0.6348182883939039 0.0109375 0.008206330597889801
0 0.229296875 0.63042203985932 0.01171875 0.0076201641266119575
0 0.381640625 0.6184056271981243 0.01171875 0.008206330597889801
0 0.6 0.6137162954279015 0.0125 0.009378663540445486
0 0.7890625 0.611664712778429 0.0140625 0.00996483001172333
0 0.75703125 0.611664712778429 0.0125 0.00996483001172333
0 0.6765625 0.6049237983587339 0.0125 0.009378663540445486
0 0.3234375 0.5905627198124267 0.0109375 0.0076201641266119575
0 0.199609375 0.5885111371629543 0.01171875 0.008206330597889801
0 0.683203125 0.5870457209847597 0.01328125 0.008792497069167644
0 0.81015625 0.5759085580304807 0.0140625 0.00996483001172333
0 0.776171875 0.5729777256740914 0.01171875 0.00996483001172333
0 0.49140625 0.5644783118405627 0.0109375 0.008206330597889801
0 0.436328125 0.5592028135990621 0.01015625 0.008206330597889801
0 0.66484375 0.5583235638921453 0.0125 0.00996483001172333
0 0.29296875 0.5442555685814772 0.0109375 0.0076201641266119575
0 0.65859375 0.5386869871043376 0.0015625 0.004689331770222743
0 0.594140625 0.5398593200468933 0.01171875 0.008206330597889801
0 0.739453125 0.5381008206330598 0.01328125 0.009378663540445486
0 0.45546875 0.5354630715123095 0.0109375 0.008792497069167644
0 0.75 0.5196365767878077 0.0140625 0.00996483001172333
0 0.452734375 0.5181711606096131 0.01171875 0.008206330597889801
0 0.6140625 0.5172919109026963 0.0125 0.008792497069167644
0 0.590625 0.5146541617819461 0.0125 0.008206330597889801
0 0.490625 0.5137749120750293 0.0109375 0.0076201641266119575
0 0.4703125 0.4988276670574443 0.0125 0.008206330597889801
0 0.49375 0.4956037514654162 0.0125 0.008792497069167644
0 0.586328125 0.4935521688159437 0.01171875 0.008206330597889801
0 0.423828125 0.4932590855803048 0.01171875 0.0076201641266119575
0 0.27265625 0.49208675263774915 0.0109375 0.0076201641266119575
0 0.6703125 0.4891559202813599 0.0125 0.008792497069167644
0 0.359765625 0.48710433763188743 0.01015625 0.008206330597889801
0 0.484765625 0.47860492379835873 0.01171875 0.008792497069167644
0 0.35703125 0.4683470105509965 0.0109375 0.008206330597889801
0 0.4359375 0.466295427901524 0.0109375 0.008792497069167644
0 0.32578125 0.4642438452520516 0.0109375 0.008206330597889801
0 0.499609375 0.4621922626025791 0.01171875 0.008792497069167644
0 0.47578125 0.4577960140679953 0.0109375 0.008206330597889801
0 0.2984375 0.45720984759671746 0.0109375 0.008206330597889801
0 0.427734375 0.44988276670574445 0.01171875 0.008792497069167644
0 0.5859375 0.4490035169988277 0.0109375 0.009378663540445486
0 0.253125 0.4457796014067995 0.0125 0.0076201641266119575
0 0.355859375 0.44460726846424387 0.01171875 0.008792497069167644
0 0.3171875 0.4428487690504103 0.0109375 0.008792497069167644
0 0.376953125 0.4393317702227433 0.01171875 0.008792497069167644
0 0.409375 0.4381594372801876 0.0109375 0.0076201641266119575
0 0.290234375 0.4381594372801876 0.01171875 0.0076201641266119575
0 0.2171875 0.43640093786635403 0.0109375 0.0076201641266119575
0 0.478515625 0.43259085580304807 0.01171875 0.008206330597889801
0 0.434765625 0.43141852286049237 0.01171875 0.008206330597889801
0 0.5890625 0.4308323563892145 0.0125 0.008206330597889801
0 0.621875 0.42907385697538103 0.0125 0.008206330597889801
0 0.335546875 0.4287807737397421 0.01171875 0.008792497069167644
0 0.31484375 0.42262602579132474 0.0125 0.008206330597889801
0 0.190234375 0.42145369284876905 0.01171875 0.008206330597889801
0 0.453125 0.4196951934349355 0.0109375 0.008206330597889801
0 0.68359375 0.4155920281359906 0.0125 0.009378663540445486
0 0.3 0.4082649472450176 0.0109375 0.0076201641266119575
0 0.532421875 0.40123094958968347 0.01171875 0.008792497069167644
0 0.7 0.40093786635404455 0.0125 0.009378663540445486
0 0.743359375 0.3974208675263775 0.01171875 0.009378663540445486
0 0.67578125 0.39654161781946073 0.0125 0.008792497069167644
0 0.21328125 0.3950762016412661 0.0109375 0.008206330597889801
0 0.76328125 0.3839390386869871 0.0140625 0.008206330597889801
0 0.3890625 0.37749120750293086 0.0109375 0.008206330597889801
0 0.45234375 0.3716295427901524 0.0109375 0.008206330597889801
0 0.703125 0.36635404454865184 0.0125 0.009378663540445486
0 0.36640625 0.3601992966002345 0.0109375 0.0076201641266119575
0 0.721875 0.3537514654161782 0.0125 0.00996483001172333
0 0.174609375 0.3528722157092614 0.01171875 0.008206330597889801
0 0.615234375 0.3191676436107855 0.01171875 0.008792497069167644
0 0.30859375 0.31330597889800704 0.0109375 0.008792497069167644
0 0.562109375 0.3083235638921454 0.01171875 0.008206330597889801
0 0.228125 0.29044548651817115 0.0125 0.008792497069167644
0 0.340625 0.28722157092614303 0.0109375 0.009378663540445486
0 0.2640625 0.2857561547479484 0.0109375 0.0076201641266119575
0 0.2078125 0.2816529894490035 0.0140625 0.008792497069167644
0 0.505078125 0.27256740914419697 0.01171875 0.009378663540445486
0 0.35 0.26787807737397423 0.0109375 0.009378663540445486
0 0.183984375 0.2661195779601407 0.01015625 0.007033997655334115
0 0.51875 0.23007033997655335 0.0109375 0.00996483001172333
0 0.361328125 0.22713950762016413 0.01171875 0.00996483001172333
0 0.72421875 0.19314185228604924 0.0125 0.011137162954279016
0 0.70078125 0.18669402110199296 0.0125 0.011137162954279016
0 0.290234375 0.17819460726846426 0.01171875 0.010550996483001172
0 0.16640625 0.15093786635404455 0.0125 0.00996483001172333
0 0.523828125 0.11313012895662368 0.00390625 0.0011723329425556857
0 0.5328125 0.09056271981242672 0.0109375 0.011137162954279016
