0 0.201953125 0.9279015240328253 0.01015625 0.004689331770222743
0 0.474609375 0.9076787807737398 0.00703125 0.008792497069167644
0 0.40078125 0.9032825322391559 0.0078125 0.009378663540445486
0 0.553125 0.8933177022274326 0.0109375 0.008206330597889801
0 0.48515625 0.8921453692848769 0.009375 0.005861664712778429
0 0.27890625 0.8877491207502931 0.0125 0.00996483001172333
0 0.6 0.8859906213364596 0.0109375 0.00996483001172333
0 0.261328125 0.8780773739742087 0.00234375 0.0023446658851113715
0 0.70078125 0.88042203985932 0.0109375 0.009378663540445486
0 0.2546875 0.8739742086752638 0.0078125 0.0035169988276670576
0 0.555078125 0.8748534583821805 0.01171875 0.008792497069167644
0 0.6390625 0.873094958968347 0.0078125 0.0076201641266119575
0 0.38984375 0.8686987104337632 0.0078125 0.007033997655334115
0 0.33515625 0.865767878077374 0.0015625 0.0011723329425556857
0 0.623046875 0.8637162954279015 0.00390625 0.004103165298944901
0 0.666796875 0.8648886283704572 0.00859375 0.008792497069167644
0 0.36171875 0.8640093786635404 0.0046875 0.007033997655334115
0 0.45625 0.8648886283704572 0.0109375 0.00996483001172333
0 0.65 0.8572684642438453 0.003125 0.0029308323563892145
0 0.288671875 0.8572684642438453 0.00859375 0.004103165298944901
0 0.3828125 0.8514067995310668 0.0015625 0.0017584994138335288
0 0.40546875 0.8528722157092614 0.009375 0.009378663540445486
0 0.594921875 0.8522860492379836 0.01015625 0.010550996483001172
0 0.478515625 0.8493552168815943 0.01171875 0.009378663540445486
0 0.62265625 0.8414419695193435 0.0078125 0.006447831184056272
0 0.663671875 0.8405627198124267 0.01015625 0.009378663540445486
0 0.34453125 0.8376318874560376 0.009375 0.008206330597889801
0 0.4421875 0.8379249706916765 0.0109375 0.00996483001172333
0 0.537109375 0.8364595545134819 0.01171875 0.010550996483001172
0 0.305859375 0.8294255568581477 0.00234375 0.0023446658851113715
0 0.28046875 0.8329425556858148 0.009375 0.009378663540445486
0 0.633203125 0.8203399765533411 0.00546875 0.0029308323563892145
0 0.701953125 0.8212192262602579 0.01171875 0.008206330597889801
0 0.308203125 0.8121336459554513 0.00078125 0.0005861664712778429
0 0.33984375 0.8156506447831184 0.00625 0.00996483001172333
0 0.1828125 0.8153575615474795 0.0109375 0.010550996483001172
0 0.58203125 0.8109613130128956 0.0046875 0.004103165298944901
0 0.491015625 0.813599062133646 0.01171875 0.010550996483001172
0 0.6765625 0.80978898007034 0.0109375 0.00996483001172333
0 0.246875 0.8086166471277842 0.0109375 0.00996483001172333
0 0.158984375 0.8039273153575616 0.00078125 0.0005861664712778429
0 0.270703125 0.8065650644783119 0.00859375 0.007033997655334115
0 0.71796875 0.8065650644783119 0.009375 0.008206330597889801
0 0.39296875 0.805978898007034 0.0078125 0.007033997655334115
0 0.219921875 0.8056858147713951 0.01171875 0.0076201641266119575
0 0.6984375 0.8024618991793669 0.003125 0.007033997655334115
0 0.36015625 0.8027549824150059 0.0109375 0.008792497069167644
0 0.644140625 0.8015826494724502 0.00859375 0.008792497069167644
0 0.558984375 0.8024618991793669 0.01171875 0.010550996483001172
0 0.623046875 0.7980656506447831 0.00390625 0.005275498241500586
0 0.43828125 0.7963071512309496 0.00625 0.006447831184056272
0 0.330078125 0.7954279015240329 0.01015625 0.010550996483001172
0 0.715234375 0.7895662368112544 0.00703125 0.004689331770222743
0 0.543359375 0.791031652989449 0.01015625 0.00996483001172333
0 0.491796875 0.7901524032825322 0.01171875 0.009378663540445486
0 0.28828125 0.7892731535756154 0.0078125 0.0076201641266119575
0 0.26484375 0.7883939038686987 0.0109375 0.005861664712778429
0 0.659375 0.7892731535756154 0.0109375 0.00996483001172333
0 0.398828125 0.786928487690504 0.01171875 0.008792497069167644
0 0.126953125 0.7822391559202814 0.00078125 0.0005861664712778429
0 0.591796875 0.7839976553341149 0.01171875 0.00996483001172333
0 0.5171875 0.779601406799531 0.0015625 0.0023446658851113715
0 0.31328125 0.7810668229777257 0.009375 0.005275498241500586
0 0.13203125 0.7784290738569754 0.0078125 0.007033997655334115
0 0.641796875 0.7784290738569754 0.01015625 0.009378663540445486
0 0.37265625 0.7752051582649473 0.0078125 0.0076201641266119575
0 0.234375 0.7719812426729191 0.0015625 0.0011723329425556857
0 0.41796875 0.7743259085580305 0.009375 0.007033997655334115
0 0.340234375 0.772274325908558 0.00859375 0.004103165298944901
0 0.736328125 0.7746189917936694 0.01171875 0.00996483001172333
0 0.19609375 0.7731535756154748 0.0078125 0.007033997655334115
0 0.26171875 0.7702227432590856 0.0078125 0.005861664712778429
0 0.71171875 0.7705158264947245 0.0125 0.008792497069167644
0 0.83203125 0.7678780773739742 0.0125 0.009378663540445486
0 0.779296875 0.7672919109026963 0.01171875 0.009378663540445486
0 0.661328125 0.7655334114888629 0.01015625 0.008206330597889801
0 0.29140625 0.7623094958968347 0.00625 0.006447831184056272
0 0.315234375 0.761430246189918 0.01171875 0.005861664712778429
0 0.754296875 0.7579132473622509 0.01171875 0.007033997655334115
0 0.541015625 0.7570339976553341 0.01171875 0.00996483001172333
0 0.246484375 0.7549824150058617 0.00703125 0.005861664712778429
0 0.3453125 0.7529308323563892 0.00625 0.004103165298944901
0 0.721484375 0.7520515826494725 0.01171875 0.009378663540445486
0 0.65 0.7485345838218054 0.0078125 0.008206330597889801
0 0.325 0.7435521688159438 0.0015625 0.0017584994138335288
0 0.691796875 0.746189917936694 0.01171875 0.008206330597889801
0 0.29765625 0.7423798358733881 0.0109375 0.005275498241500586
0 0.670703125 0.7415005861664713 0.01171875 0.009378663540445486
0 0.227734375 0.7400351699882767 0.01015625 0.006447831184056272
0 0.7546875 0.7397420867526378 0.0125 0.008206330597889801
0 0.63046875 0.7394490035169988 0.0109375 0.00996483001172333
0 0.251953125 0.7373974208675264 0.00703125 0.005861664712778429
0 0.373046875 0.7335873388042204 0.00546875 0.004103165298944901
0 0.835546875 0.7303634232121923 0.01171875 0.009378663540445486
0 0.355078125 0.7259671746776084 0.00078125 0.0005861664712778429
0 0.277734375 0.7291910902696366 0.01171875 0.007033997655334115
0 0.330078125 0.7259671746776084 0.00546875 0.0029308323563892145
0 0.691796875 0.7280187573270809 0.01171875 0.008206330597889801
0 0.303515625 0.723915592028136 0.00859375 0.005861664712778429
0 0.426953125 0.7245017584994138 0.01171875 0.008206330597889801
0 0.239453125 0.7224501758499414 0.01015625 0.006447831184056272
0 0.787890625 0.7218640093786636 0.01171875 0.008792497069167644
0 0.262109375 0.7151230949589683 0.01015625 0.008206330597889801
0 0.2109375 0.7124853458382181 0.009375 0.0076201641266119575
0 0.76953125 0.7107268464243846 0.0125 0.0076201641266119575
0 0.31953125 0.7092614302461899 0.0125 0.007033997655334115
0 0.2859375 0.7075029308323564 0.0046875 0.004689331770222743
0 0.143359375 0.7072098475967175 0.01328125 0.0076201641266119575
0 0.819140625 0.7060375146541618 0.00859375 0.008792497069167644
0 0.23515625 0.7025205158264948 0.0109375 0.005275498241500586
0 0.18359375 0.7033997655334114 0.0109375 0.007033997655334115
0 0.709765625 0.7013481828839391 0.01171875 0.008792497069167644
0 0.551171875 0.6984173505275498 0.00703125 0.005275498241500586
0 0.79609375 0.697831184056272 0.0078125 0.008792497069167644
0 0.30859375 0.6943141852286049 0.009375 0.005275498241500586
0 0.378515625 0.6946072684642438 0.01171875 0.007033997655334115
0 0.7375 0.693728018757327 0.0109375 0.0076201641266119575
0 0.262890625 0.6925556858147714 0.01171875 0.005275498241500586
0 0.630859375 0.693728018757327 0.01171875 0.008792497069167644
0 0.770703125 0.6928487690504103 0.01171875 0.008206330597889801
0 0.35546875 0.6907971864009379 0.00625 0.005275498241500586
0 0.166015625 0.6910902696365768 0.01171875 0.005861664712778429
0 0.215625 0.6896248534583822 0.0109375 0.006447831184056272
0 0.33046875 0.6893317702227433 0.0109375 0.007033997655334115
0 0.532421875 0.6878663540445487 0.01015625 0.0076201641266119575
0 0.509375 0.686400937866354 0.009375 0.005861664712778429
0 0.81328125 0.686400937866354 0.009375 0.008206330597889801
0 0.28984375 0.6840562719812426 0.0046875 0.0035169988276670576
0 0.241015625 0.6840562719812426 0.01171875 0.005861664712778429
0 0.56796875 0.6817116060961314 0.009375 0.007033997655334115
0 0.547265625 0.6776084407971864 0.00859375 0.0023446658851113715
0 0.756640625 0.6796600234466589 0.01171875 0.008792497069167644
0 0.3890625 0.6776084407971864 0.0125 0.005861664712778429
0 0.730078125 0.6779015240328253 0.00546875 0.0076201641266119575
0 0.794921875 0.6770222743259086 0.01171875 0.008206330597889801
0 0.198046875 0.6764361078546307 0.01171875 0.007033997655334115
0 0.265625 0.6743845252051582 0.0109375 0.005275498241500586
0 0.309765625 0.6749706916764361 0.01015625 0.0076201641266119575
0 0.60859375 0.6726260257913247 0.0078125 0.006447831184056272
0 0.348828125 0.6732121922626025 0.01171875 0.0076201641266119575
0 0.1671875 0.6676436107854631 0.0125 0.007033997655334115
0 0.77109375 0.6667643610785463 0.009375 0.0076201641266119575
0 0.74453125 0.6667643610785463 0.009375 0.0076201641266119575
0 0.832421875 0.6667643610785463 0.01171875 0.008792497069167644
0 0.287890625 0.6655920281359906 0.01171875 0.0076201641266119575
0 0.24296875 0.6638335287221571 0.0109375 0.005275498241500586
0 0.217578125 0.6638335287221571 0.01015625 0.006447831184056272
0 0.537109375 0.6591441969519344 0.00390625 0.0029308323563892145
0 0.33125 0.660609613130129 0.0125 0.007033997655334115
0 0.622265625 0.6609026963657679 0.01171875 0.008792497069167644
0 0.52890625 0.6573856975381008 0.0015625 0.0017584994138335288
0 0.271875 0.6573856975381008 0.003125 0.0029308323563892145
0 0.374609375 0.6573856975381008 0.01015625 0.005275498241500586
0 0.790234375 0.6585580304806565 0.01171875 0.008792497069167644
0 0.144921875 0.6576787807737398 0.01015625 0.007033997655334115
0 0.71171875 0.6553341148886284 0.0109375 0.008206330597889801
0 0.308203125 0.6538686987104337 0.01171875 0.006447831184056272
0 0.35 0.64947245017585 0.003125 0.0023446658851113715
0 0.734375 0.6512309495896834 0.0109375 0.008206330597889801
0 0.4421875 0.6503516998827668 0.0109375 0.006447831184056272
0 0.764453125 0.6500586166471278 0.01171875 0.008206330597889801
0 0.20625 0.6477139507620164 0.0109375 0.005861664712778429
0 0.851171875 0.6459554513481829 0.00859375 0.008206330597889801
0 0.2453125 0.645369284876905 0.0109375 0.007033997655334115
0 0.2875 0.645369284876905 0.0109375 0.009378663540445486
0 0.659765625 0.6439038686987104 0.01171875 0.008792497069167644
0 0.331640625 0.6403868698710434 0.01171875 0.006447831184056272
0 0.376953125 0.6395076201641267 0.01171875 0.007033997655334115
0 0.176953125 0.6345252051582649 0.00078125 0.0005861664712778429
0 0.830859375 0.638042203985932 0.01171875 0.008792497069167644
0 0.705078125 0.6371629542790153 0.00703125 0.007033997655334115
0 0.62265625 0.6368698710433763 0.0109375 0.008792497069167644
0 0.225 0.6351113716295428 0.0109375 0.005275498241500586
0 0.266796875 0.6345252051582649 0.01171875 0.005275498241500586
0 0.175 0.6321805392731535 0.0015625 0.0017584994138335288
0 0.309375 0.6339390386869871 0.0125 0.006447831184056272
0 0.5578125 0.6333528722157092 0.0109375 0.0076201641266119575
0 0.424609375 0.6315943728018757 0.01015625 0.005275498241500586
0 0.78671875 0.63042203985932 0.009375 0.004103165298944901
0 0.198828125 0.6292497069167644 0.00703125 0.005275498241500586
0 0.8109375 0.6289566236811255 0.0109375 0.008206330597889801
0 0.34609375 0.6260257913247362 0.0125 0.005861664712778429
0 0.7421875 0.6213364595545134 0.0109375 0.004689331770222743
0 0.244921875 0.6219226260257913 0.01015625 0.005861664712778429
0 0.575390625 0.6204572098475967 0.01015625 0.0076201641266119575
0 0.323828125 0.6184056271981243 0.01171875 0.005861664712778429
0 0.123828125 0.6189917936694022 0.01328125 0.007033997655334115
0 0.84921875 0.6189917936694022 0.0125 0.008206330597889801
0 0.298828125 0.6178194607268465 0.01171875 0.007033997655334115
0 0.220703125 0.6166471277842908 0.00546875 0.004689331770222743
0 0.273828125 0.6166471277842908 0.01171875 0.005861664712778429
0 0.416015625 0.615767878077374 0.01015625 0.006447831184056272
0 0.394140625 0.608440797186401 0.01171875 0.005861664712778429
0 0.343359375 0.608440797186401 0.01171875 0.005861664712778429
0 0.81875 0.6060961313012896 0.0109375 0.008206330597889801
0 0.202734375 0.6037514654161782 0.00703125 0.004689331770222743
0 0.25390625 0.6040445486518171 0.0109375 0.006447831184056272
0 0.746875 0.6019929660023446 0.0109375 0.007033997655334115
0 0.228125 0.5990621336459554 0.0109375 0.005861664712778429
0 0.6078125 0.5987690504103166 0.009375 0.006447831184056272
0 0.152734375 0.5990621336459554 0.01171875 0.007033997655334115
0 0.4203125 0.5984759671746777 0.0125 0.007033997655334115
0 0.17890625 0.5975967174677609 0.0109375 0.005275498241500586
0 0.80078125 0.5967174677608441 0.0109375 0.008206330597889801
0 0.287109375 0.5961313012895663 0.01171875 0.007033997655334115
0 0.335546875 0.5911488862837045 0.00078125 0.0005861664712778429
0 0.246875 0.5867526377491208 0.0125 0.005861664712778429
0 0.2 0.5841148886283705 0.00625 0.004103165298944901
0 0.81875 0.5849941383352872 0.0078125 0.008206330597889801
0 0.175 0.5788393903868698 0.0109375 0.005275498241500586
0 0.223828125 0.5785463071512309 0.01171875 0.007033997655334115
0 0.13984375 0.5770808909730364 0.0109375 0.006447831184056272
0 0.6671875 0.5767878077373975 0.0109375 0.008206330597889801
0 0.387890625 0.5744431418522861 0.01171875 0.007033997655334115
0 0.83359375 0.5738569753810082 0.0109375 0.008206330597889801
0 0.801171875 0.5732708089097304 0.01171875 0.008206330597889801
0 0.248046875 0.5685814771395076 0.01171875 0.005861664712778429
0 0.496875 0.5679953106682297 0.0109375 0.008206330597889801
0 0.852734375 0.5650644783118406 0.01015625 0.008206330597889801
0 0.28671875 0.5641852286049238 0.0125 0.006447831184056272
0 0.16171875 0.5630128956623681 0.009375 0.005275498241500586
0 0.726953125 0.5630128956623681 0.01015625 0.0076201641266119575
0 0.1875 0.55978898007034 0.00625 0.0035169988276670576
0 0.762109375 0.5609613130128956 0.01015625 0.007033997655334115
0 0.21484375 0.5586166471277842 0.009375 0.005861664712778429
0 0.784375 0.5583235638921453 0.0109375 0.008792497069167644
0 0.339453125 0.555978898007034 0.01171875 0.0076201641266119575
0 0.312109375 0.5539273153575616 0.00703125 0.005861664712778429
0 0.1328125 0.5530480656506448 0.0109375 0.005275498241500586
0 0.26015625 0.5515826494724502 0.0125 0.005861664712778429
0 0.3828125 0.552168815943728 0.0125 0.008206330597889801
0 0.237890625 0.5460140679953107 0.00546875 0.005275498241500586
0 0.1703125 0.5451348182883939 0.009375 0.004689331770222743
0 0.801953125 0.5442555685814772 0.00859375 0.0076201641266119575
0 0.3578125 0.5439624853458382 0.0125 0.007033997655334115
0 0.19921875 0.5427901524032825 0.009375 0.005861664712778429
0 0.760546875 0.541031652989449 0.01171875 0.008206330597889801
0 0.312109375 0.5363423212192263 0.01171875 0.008206330597889801
0 0.435546875 0.5351699882766706 0.01171875 0.007033997655334115
0 0.275390625 0.5331184056271981 0.01171875 0.006447831184056272
0 0.697265625 0.5307737397420867 0.00859375 0.005275498241500586
0 0.2484375 0.5310668229777257 0.0125 0.005861664712778429
0 0.134375 0.5310668229777257 0.009375 0.005861664712778429
0 0.216796875 0.52989449003517 0.01171875 0.005861664712778429
0 0.810546875 0.5293083235638921 0.01171875 0.008206330597889801
0 0.184765625 0.5278429073856975 0.01015625 0.005275498241500586
0 0.394140625 0.5269636576787807 0.01171875 0.007033997655334115
0 0.157421875 0.5208089097303634 0.00546875 0.004103165298944901
0 0.4453125 0.5178780773739742 0.009375 0.005275498241500586
0 0.115234375 0.5175849941383353 0.00546875 0.004689331770222743
0 0.266015625 0.5158264947245017 0.01328125 0.005861664712778429
0 0.597265625 0.514947245017585 0.01015625 0.006447831184056272
0 0.720703125 0.5146541617819461 0.01015625 0.007033997655334115
0 0.509375 0.514947245017585 0.0109375 0.0076201641266119575
0 0.823046875 0.5140679953106683 0.01171875 0.008206330597889801
0 0.8015625 0.5140679953106683 0.009375 0.008206330597889801
0 0.68671875 0.5128956623681126 0.0109375 0.008206330597889801
0 0.205078125 0.5096717467760844 0.01171875 0.005275498241500586
0 0.545703125 0.5082063305978898 0.01171875 0.007033997655334115
0 0.373828125 0.5052754982415005 0.01171875 0.005861664712778429
0 0.77890625 0.5058616647127784 0.0125 0.008206330597889801
0 0.39765625 0.5041031652989449 0.0109375 0.005861664712778429
0 0.164453125 0.5026377491207503 0.00859375 0.005275498241500586
0 0.35 0.5011723329425557 0.0125 0.005861664712778429
0 0.128515625 0.5005861664712778 0.00859375 0.005861664712778429
0 0.826171875 0.4970691676436108 0.01328125 0.008206330597889801
0 0.264453125 0.4947245017584994 0.01171875 0.005861664712778429
0 0.74921875 0.49413833528722156 0.009375 0.008206330597889801
0 0.846875 0.49267291910902694 0.0125 0.0076201641266119575
0 0.512109375 0.4915005861664713 0.00859375 0.005275498241500586
0 0.314453125 0.49208675263774915 0.01171875 0.006447831184056272
0 0.212109375 0.48827667057444313 0.01171875 0.005861664712778429
0 0.241015625 0.4879835873388042 0.01328125 0.006447831184056272
0 0.366015625 0.48739742086752635 0.01171875 0.006447831184056272
0 0.146875 0.48739742086752635 0.0109375 0.006447831184056272
0 0.390625 0.48681125439624856 0.0109375 0.006447831184056272
0 0.803515625 0.48651817116060964 0.01171875 0.008206330597889801
0 0.17265625 0.485052754982415 0.0109375 0.005275498241500586
0 0.7671875 0.48212192262602577 0.0109375 0.008792497069167644
0 0.33359375 0.4803634232121923 0.0125 0.006447831184056272
0 0.2984375 0.47743259085580303 0.0125 0.006447831184056272
0 0.440234375 0.4762602579132474 0.01015625 0.006447831184056272
0 0.784765625 0.47332942555685814 0.01015625 0.005275498241500586
0 0.192578125 0.47362250879249707 0.01328125 0.005861664712778429
0 0.374609375 0.47010550996483 0.01171875 0.005861664712778429
0 0.244921875 0.4695193434935522 0.01171875 0.005861664712778429
0 0.21875 0.4695193434935522 0.0140625 0.005861664712778429
0 0.419140625 0.46776084407971863 0.00859375 0.004689331770222743
0 0.35234375 0.46600234466588514 0.00625 0.004689331770222743
0 0.6265625 0.46658851113716293 0.0109375 0.007033997655334115
0 0.319140625 0.46512309495896836 0.00703125 0.004103165298944901
0 0.68125 0.46600234466588514 0.0109375 0.008206330597889801
0 0.649609375 0.4657092614302462 0.01015625 0.0076201641266119575
0 0.4765625 0.46483001172332944 0.0109375 0.007033997655334115
0 0.805078125 0.46483001172332944 0.01171875 0.008206330597889801
0 0.2828125 0.46277842907385697 0.0125 0.006447831184056272
0 0.76640625 0.4630715123094959 0.009375 0.008206330597889801
0 0.395703125 0.4618991793669402 0.01171875 0.005861664712778429
0 0.830859375 0.46160609613130127 0.01171875 0.0076201641266119575
0 0.744140625 0.4604337631887456 0.01171875 0.005275498241500586
0 0.438671875 0.4563305978898007 0.00859375 0.004103165298944901
0 0.5921875 0.45691676436107853 0.0109375 0.0076201641266119575
0 0.54765625 0.4566236811254396 0.0109375 0.007033997655334115
0 0.1609375 0.45515826494724504 0.0125 0.0076201641266119575
0 0.8515625 0.4548651817116061 0.0109375 0.008206330597889801
0 0.325390625 0.4504689331770223 0.00234375 0.0005861664712778429
0 0.328515625 0.44988276670574445 0.00078125 0.0005861664712778429
0 0.372265625 0.45193434935521687 0.01171875 0.005861664712778429
0 0.224609375 0.4510550996483001 0.01015625 0.005275498241500586
0 0.461328125 0.4510550996483001 0.01171875 0.006447831184056272
0 0.415234375 0.4501758499413834 0.01015625 0.007033997655334115
0 0.692578125 0.4504689331770223 0.01171875 0.008792497069167644
0 0.8125 0.44841735052754983 0.0109375 0.008206330597889801
0 0.567578125 0.44753810082063306 0.01171875 0.006447831184056272
0 0.493359375 0.4466588511137163 0.00859375 0.004689331770222743
0 0.269921875 0.4469519343493552 0.01171875 0.006447831184056272
0 0.762109375 0.44607268464243843 0.01171875 0.008206330597889801
0 0.715625 0.4449003516998828 0.0109375 0.008206330597889801
0 0.5203125 0.44460726846424387 0.0109375 0.0076201641266119575
0 0.39453125 0.4437280187573271 0.0109375 0.005861664712778429
0 0.8328125 0.44196951934349354 0.009375 0.0035169988276670576
0 0.356640625 0.4416764361078546 0.00546875 0.0029308323563892145
0 0.347265625 0.4405041031652989 0.00078125 0.0005861664712778429
0 0.79140625 0.44314185228604924 0.0125 0.008206330597889801
0 0.301953125 0.44226260257913247 0.01171875 0.006447831184056272
0 0.442578125 0.4396248534583822 0.01171875 0.007033997655334115
0 0.673828125 0.4381594372801876 0.01015625 0.0076201641266119575
0 0.15234375 0.43874560375146543 0.0140625 0.00996483001172333
0 0.8578125 0.43757327080890973 0.0109375 0.008792497069167644
0 0.541015625 0.4372801875732708 0.01171875 0.008206330597889801
0 0.42421875 0.4331770222743259 0.00625 0.0035169988276670576
0 0.375 0.43229777256740914 0.0125 0.006447831184056272
0 0.217578125 0.43376318874560377 0.01328125 0.009378663540445486
0 0.7515625 0.43141852286049237 0.009375 0.008206330597889801
0 0.652734375 0.43141852286049237 0.01171875 0.008206330597889801
0 0.80625 0.43112543962485345 0.0125 0.008792497069167644
0 0.48984375 0.42819460726846426 0.0078125 0.004103165298944901
0 0.26015625 0.4287807737397421 0.009375 0.005275498241500586
0 0.331640625 0.42819460726846426 0.01328125 0.006447831184056272
0 0.839453125 0.4273153575615475 0.00859375 0.007033997655334115
0 0.462109375 0.4261430246189918 0.00859375 0.004689331770222743
0 0.774609375 0.4276084407971864 0.01171875 0.008792497069167644
0 0.3984375 0.42555685814771393 0.0125 0.005861664712778429
0 0.283984375 0.4223329425556858 0.01171875 0.005275498241500586
0 0.71640625 0.42145369284876905 0.009375 0.007033997655334115
0 0.55859375 0.42028135990621335 0.0109375 0.004689331770222743
0 0.35546875 0.42174677608440797 0.0125 0.0076201641266119575
0 0.2375 0.42057444314185227 0.0125 0.0076201641266119575
0 0.535546875 0.42028135990621335 0.01171875 0.008206330597889801
0 0.308203125 0.42028135990621335 0.01328125 0.008206330597889801
0 0.440234375 0.41852286049237986 0.01171875 0.007033997655334115
0 0.85859375 0.4188159437280188 0.0125 0.008792497069167644
0 0.737109375 0.41822977725674093 0.01015625 0.008792497069167644
0 0.821484375 0.4176436107854631 0.01015625 0.008792497069167644
0 0.6796875 0.4164712778429074 0.009375 0.0076201641266119575
0 0.6359375 0.41471277842907384 0.0078125 0.005275498241500586
0 0.758984375 0.4152989449003517 0.01171875 0.008792497069167644
0 0.37890625 0.4138335287221571 0.0109375 0.005861664712778429
0 0.8 0.4144196951934349 0.0109375 0.008206330597889801
0 0.602734375 0.4135404454865182 0.01171875 0.006447831184056272
0 0.417578125 0.41295427901524034 0.00859375 0.005275498241500586
0 0.111328125 0.41471277842907384 0.01328125 0.00996483001172333
0 0.335546875 0.4100234466588511 0.01328125 0.006447831184056272
0 0.838671875 0.4082649472450176 0.01171875 0.008792497069167644
0 0.70078125 0.4070926143024619 0.0109375 0.008792497069167644
0 0.207421875 0.4079718640093787 0.01328125 0.010550996483001172
0 0.13671875 0.4079718640093787 0.0140625 0.010550996483001172
0 0.28828125 0.40504103165298944 0.0125 0.007033997655334115
0 0.253125 0.4047479484173505 0.0125 0.006447831184056272
0 0.188671875 0.40123094958968347 0.00078125 0.0005861664712778429
0 0.72265625 0.4047479484173505 0.0109375 0.008792497069167644
0 0.396875 0.4026963657678781 0.0109375 0.005861664712778429
0 0.358203125 0.40328253223915594 0.01171875 0.007033997655334115
0 0.664453125 0.40240328253223917 0.00859375 0.0076201641266119575
0 0.31328125 0.4015240328253224 0.0125 0.007033997655334115
0 0.811328125 0.3994724501758499 0.00390625 0.005275498241500586
0 0.509765625 0.4000586166471278 0.01171875 0.006447831184056272
0 0.815234375 0.39654161781946073 0.00234375 0.0005861664712778429
0 0.76953125 0.3994724501758499 0.0125 0.008792497069167644
0 0.85703125 0.39859320046893315 0.0125 0.008206330597889801
0 0.6265625 0.3959554513481829 0.009375 0.0076201641266119575
0 0.427734375 0.39566236811254396 0.01171875 0.007033997655334115
0 0.187890625 0.3959554513481829 0.01328125 0.00996483001172333
0 0.561328125 0.391852286049238 0.01171875 0.0076201641266119575
0 0.33359375 0.391852286049238 0.0125 0.0076201641266119575
0 0.269921875 0.3906799531066823 0.01171875 0.005275498241500586
0 0.691015625 0.3909730363423212 0.00859375 0.008206330597889801
0 0.219140625 0.39009378663540445 0.01171875 0.006447831184056272
0 0.646875 0.3895076201641266 0.0109375 0.0076201641266119575
0 0.732421875 0.38892145369284875 0.01015625 0.008792497069167644
0 0.38125 0.38892145369284875 0.0109375 0.008792497069167644
0 0.2453125 0.38716295427901526 0.0125 0.0076201641266119575
0 0.44921875 0.38569753810082064 0.009375 0.005861664712778429
0 0.29765625 0.38599062133645956 0.0125 0.006447831184056272
0 0.75390625 0.3865767878077374 0.0109375 0.008792497069167644
0 0.405078125 0.3854044548651817 0.01171875 0.006447831184056272
0 0.35625 0.3854044548651817 0.0125 0.008792497069167644
0 0.79453125 0.38452520515826494 0.0109375 0.008206330597889801
0 0.66953125 0.384232121922626 0.009375 0.0076201641266119575
0 0.710546875 0.3830597889800703 0.00859375 0.0076201641266119575
0 0.816796875 0.3830597889800703 0.01328125 0.008792497069167644
0 0.59140625 0.38042203985932005 0.0078125 0.0035169988276670576
0 0.862890625 0.38188745603751467 0.01328125 0.008792497069167644
0 0.194921875 0.37719812426729193 0.00078125 0.0005861664712778429
0 0.8421875 0.3786635404454865 0.0125 0.008206330597889801
0 0.773828125 0.3789566236811254 0.01171875 0.008792497069167644
0 0.48515625 0.3783704572098476 0.0109375 0.0076201641266119575
0 0.42734375 0.37749120750293086 0.0125 0.007033997655334115
0 0.198828125 0.37485345838218054 0.00546875 0.0017584994138335288
0 0.567578125 0.3745603751465416 0.01015625 0.008206330597889801
0 0.544140625 0.3742672919109027 0.01171875 0.0076201641266119575
0 0.628125 0.373094958968347 0.009375 0.006447831184056272
0 0.687109375 0.3733880422039859 0.01015625 0.008206330597889801
0 0.3375 0.37280187573270807 0.0125 0.007033997655334115
0 0.279296875 0.37368112543962484 0.01328125 0.008792497069167644
0 0.228125 0.37368112543962484 0.0140625 0.008792497069167644
0 0.650390625 0.37192262602579135 0.01015625 0.0076201641266119575
0 0.741796875 0.37192262602579135 0.01171875 0.008792497069167644
0 0.312890625 0.3704572098475967 0.00859375 0.005861664712778429
0 0.390234375 0.3701641266119578 0.01171875 0.0076201641266119575
0 0.45703125 0.3698710433763189 0.0109375 0.008206330597889801
0 0.253515625 0.36957796014067995 0.01328125 0.0076201641266119575
0 0.366015625 0.36840562719812425 0.01171875 0.008792497069167644
0 0.719140625 0.3669402110199297 0.01015625 0.008206330597889801
0 0.822265625 0.3660609613130129 0.01171875 0.008792497069167644
0 0.801171875 0.365767878077374 0.01171875 0.008206330597889801
0 0.85859375 0.36518171160609614 0.0109375 0.008206330597889801
0 0.673046875 0.3613716295427902 0.00390625 0.004103165298944901
0 0.610546875 0.3616647127784291 0.00859375 0.004689331770222743
0 0.4125 0.3634232121922626 0.0109375 0.008206330597889801
0 0.477734375 0.3604923798358734 0.01015625 0.005861664712778429
0 0.763671875 0.3613716295427902 0.01171875 0.008792497069167644
0 0.50390625 0.36107854630715125 0.0109375 0.008206330597889801
0 0.435546875 0.3596131301289566 0.01171875 0.0076201641266119575
0 0.698828125 0.35873388042203985 0.01171875 0.008206330597889801
0 0.5265625 0.35844079718640093 0.0109375 0.008792497069167644
0 0.21171875 0.3590269636576788 0.0140625 0.00996483001172333
0 0.6375 0.35668229777256744 0.009375 0.006447831184056272
0 0.296484375 0.35668229777256744 0.01171875 0.0076201641266119575
0 0.346484375 0.35580304806565066 0.01171875 0.007033997655334115
0 0.839453125 0.35580304806565066 0.01171875 0.008206330597889801
0 0.2703125 0.3549237983587339 0.0109375 0.006447831184056272
0 0.741796875 0.35433763188745604 0.01015625 0.008792497069167644
0 0.57109375 0.3516998827667057 0.0109375 0.008206330597889801
0 0.456640625 0.3511137162954279 0.01171875 0.008206330597889801
0 0.8 0.3484759671746776 0.0125 0.0076201641266119575
0 0.39375 0.34876905041031653 0.009375 0.008206330597889801
0 0.369140625 0.34876905041031653 0.01015625 0.008206330597889801
0 0.24296875 0.3496483001172333 0.0125 0.00996483001172333
0 0.656640625 0.34759671746776083 0.01015625 0.007033997655334115
0 0.595703125 0.34788980070339975 0.01015625 0.0076201641266119575
0 0.862890625 0.34788980070339975 0.01171875 0.008792497069167644
0 0.821484375 0.34671746776084406 0.01171875 0.008792497069167644
0 0.619140625 0.34613130128956626 0.01015625 0.0076201641266119575
0 0.32578125 0.34613130128956626 0.0109375 0.0076201641266119575
0 0.490625 0.34583821805392734 0.009375 0.008206330597889801
0 0.544140625 0.34378663540445487 0.00859375 0.005275498241500586
0 0.41796875 0.3452520515826495 0.009375 0.008206330597889801
0 0.762109375 0.34378663540445487 0.01171875 0.008792497069167644
0 0.678515625 0.34114888628370454 0.00859375 0.008206330597889801
0 0.51796875 0.34144196951934347 0.0109375 0.008792497069167644
0 0.700390625 0.34056271981242675 0.00859375 0.008206330597889801
0 0.284765625 0.33939038686987105 0.01015625 0.005861664712778429
0 0.207421875 0.33821805392731535 0.01015625 0.005861664712778429
0 0.844921875 0.3385111371629543 0.01171875 0.0076201641266119575
0 0.43984375 0.3385111371629543 0.009375 0.008792497069167644
0 0.35 0.3364595545134818 0.0078125 0.005861664712778429
0 0.802734375 0.3332356389214537 0.00078125 0.0005861664712778429
0 0.741796875 0.3361664712778429 0.01015625 0.0076201641266119575
0 0.258984375 0.3347010550996483 0.01328125 0.007033997655334115
0 0.562890625 0.3344079718640094 0.00859375 0.0076201641266119575
0 0.63515625 0.3332356389214537 0.009375 0.0076201641266119575
0 0.30703125 0.33264947245017584 0.0109375 0.0076201641266119575
0 0.8078125 0.3288393903868699 0.0046875 0.0011723329425556857
0 0.71953125 0.33264947245017584 0.0109375 0.008792497069167644
0 0.372265625 0.3303048065650645 0.00546875 0.004103165298944901
0 0.229296875 0.33294255568581477 0.01328125 0.009378663540445486
0 0.78671875 0.332063305978898 0.0125 0.008792497069167644
0 0.463671875 0.3305978898007034 0.00703125 0.005861664712778429
0 0.60390625 0.3308909730363423 0.009375 0.0076201641266119575
0 0.41953125 0.32825322391559203 0.009375 0.0035169988276670576
0 0.65859375 0.32942555685814773 0.0078125 0.007033997655334115
0 0.86328125 0.32971864009378665 0.0109375 0.008792497069167644
0 0.395703125 0.32532239155920284 0.00078125 0.0011723329425556857
0 0.53515625 0.3276670574443142 0.009375 0.007033997655334115
0 0.485546875 0.32825322391559203 0.01015625 0.008206330597889801
0 0.69375 0.3235638921453693 0.0046875 0.004689331770222743
0 0.581640625 0.324736225087925 0.01015625 0.007033997655334115
0 0.33203125 0.32327080890973037 0.0078125 0.0076201641266119575
0 0.288671875 0.32180539273153574 0.00546875 0.005861664712778429
0 0.838671875 0.31858147713950763 0.00078125 0.0005861664712778429
0 0.755078125 0.3226846424384525 0.01015625 0.008792497069167644
0 0.84375 0.31858147713950763 0.00625 0.0017584994138335288
0 0.195703125 0.3179953106682298 0.00078125 0.0005861664712778429
0 0.509375 0.32004689331770225 0.009375 0.008206330597889801
0 0.44453125 0.3191676436107855 0.0046875 0.006447831184056272
0 0.621484375 0.31858147713950763 0.00859375 0.0076201641266119575
0 0.820703125 0.31770222743259086 0.01015625 0.008206330597889801
0 0.73359375 0.3179953106682298 0.009375 0.008792497069167644
0 0.55390625 0.317116060961313 0.0109375 0.008206330597889801
0 0.311328125 0.31447831184056274 0.00390625 0.0029308323563892145
0 0.798046875 0.3168229777256741 0.01015625 0.008792497069167644
0 0.71171875 0.31623681125439623 0.009375 0.008792497069167644
0 0.774609375 0.3150644783118406 0.01171875 0.008792497069167644
0 0.2203125 0.3130128956623681 0.009375 0.004689331770222743
0 0.358984375 0.31359906213364597 0.01015625 0.008206330597889801
0 0.466015625 0.3130128956623681 0.00703125 0.008206330597889801
0 0.859765625 0.31213364595545134 0.01171875 0.0076201641266119575
0 0.66171875 0.31213364595545134 0.00625 0.0076201641266119575
0 0.5984375 0.3118405627198124 0.009375 0.007033997655334115
0 0.429296875 0.3118405627198124 0.00859375 0.008206330597889801
0 0.490625 0.30920281359906215 0.00625 0.005275498241500586
0 0.406640625 0.30685814771395076 0.00078125 0.0005861664712778429
0 0.384765625 0.3086166471277843 0.00390625 0.004103165298944901
0 0.532421875 0.30920281359906215 0.00703125 0.006447831184056272
0 0.407421875 0.30568581477139506 0.00078125 0.0005861664712778429
0 0.27265625 0.30685814771395076 0.0046875 0.004103165298944901
0 0.683984375 0.30773739742086753 0.00546875 0.008206330597889801
0 0.336328125 0.30539273153575613 0.00859375 0.007033997655334115
0 0.244140625 0.305978898007034 0.01171875 0.008206330597889801
0 0.835546875 0.3048065650644783 0.01015625 0.007033997655334115
0 0.574609375 0.3048065650644783 0.00859375 0.007033997655334115
0 0.208203125 0.30041031652989447 0.00078125 0.0017584994138335288
0 0.74609375 0.3030480656506448 0.0109375 0.008206330597889801
0 0.643359375 0.30246189917936694 0.00390625 0.007033997655334115
0 0.81015625 0.30246189917936694 0.0109375 0.008206330597889801
0 0.726171875 0.298651817116061 0.00078125 0.0005861664712778429
0 0.5109375 0.30128956623681125 0.0078125 0.007033997655334115
0 0.721875 0.29806565064478313 0.00625 0.0017584994138335288
0 0.78828125 0.30041031652989447 0.0109375 0.008792497069167644
0 0.616015625 0.29923798358733883 0.00703125 0.0076201641266119575
0 0.43046875 0.29718640093786636 0.00625 0.0035169988276670576
0 0.203515625 0.29601406799531066 0.00546875 0.0011723329425556857
0 0.551953125 0.2989449003516999 0.00859375 0.008206330597889801
0 0.315234375 0.2963071512309496 0.00234375 0.0029308323563892145
0 0.765625 0.29806565064478313 0.0125 0.008792497069167644
0 0.454296875 0.2963071512309496 0.00703125 0.006447831184056272
0 0.699609375 0.2963071512309496 0.00859375 0.008792497069167644
0 0.867578125 0.2954279015240328 0.01015625 0.008206330597889801
0 0.478125 0.2933763188745604 0.0046875 0.004103165298944901
0 0.357421875 0.29484173505275496 0.00703125 0.007033997655334115
0 0.291015625 0.2933763188745604 0.00546875 0.004103165298944901
0 0.591796875 0.29279015240328254 0.00859375 0.0076201641266119575
0 0.528515625 0.291031652989449 0.01015625 0.0076201641266119575
0 0.25859375 0.28927315357561545 0.00625 0.004103165298944901
0 0.84765625 0.2901524032825322 0.009375 0.008206330597889801
0 0.680078125 0.2895662368112544 0.00546875 0.007033997655334115
0 0.38203125 0.2889800703399766 0.0046875 0.005861664712778429
0 0.82421875 0.2895662368112544 0.0109375 0.008206330597889801
0 0.65625 0.2881008206330598 0.00625 0.005275498241500586
0 0.409375 0.28868698710433766 0.00625 0.006447831184056272
0 0.5703125 0.28722157092614303 0.00625 0.007033997655334115
0 0.739453125 0.28341148886283707 0.00078125 0.0005861664712778429
0 0.73671875 0.2828253223915592 0.003125 0.0005861664712778429
0 0.634765625 0.2842907385697538 0.00390625 0.0035169988276670576
0 0.801171875 0.28604923798358733 0.01015625 0.008206330597889801
0 0.334765625 0.2842907385697538 0.00703125 0.007033997655334115
0 0.502734375 0.28341148886283707 0.00703125 0.006447831184056272
0 0.7140625 0.28341148886283707 0.009375 0.008792497069167644
0 0.77890625 0.28223915592028137 0.009375 0.0076201641266119575
0 0.54921875 0.27960140679953105 0.0046875 0.004689331770222743
0 0.304296875 0.2784290738569754 0.00390625 0.0023446658851113715
0 0.4328125 0.2804806565064478 0.009375 0.0076201641266119575
0 0.75078125 0.27637749120750293 0.003125 0.004103165298944901
0 0.457421875 0.2781359906213365 0.00703125 0.0076201641266119575
0 0.206640625 0.2790152403282532 0.01171875 0.009378663540445486
0 0.862109375 0.27784290738569756 0.01171875 0.008206330597889801
0 0.69296875 0.276084407971864 0.00625 0.005861664712778429
0 0.612109375 0.27637749120750293 0.00703125 0.0076201641266119575
0 0.48125 0.2746189917936694 0.0046875 0.004103165298944901
0 0.52421875 0.2737397420867526 0.0046875 0.0035169988276670576
0 0.36328125 0.276084407971864 0.009375 0.008206330597889801
0 0.83671875 0.2749120750293083 0.009375 0.008206330597889801
0 0.670703125 0.2734466588511137 0.00546875 0.005275498241500586
0 0.587890625 0.27256740914419697 0.00859375 0.007033997655334115
0 0.394140625 0.27256740914419697 0.00703125 0.007033997655334115
0 0.81484375 0.27256740914419697 0.009375 0.008206330597889801
0 0.79296875 0.2693434935521688 0.009375 0.008792497069167644
0 0.56640625 0.26787807737397423 0.00625 0.007033997655334115
0 0.501953125 0.26582649472450176 0.00390625 0.0029308323563892145
0 0.634765625 0.26582649472450176 0.00546875 0.006447831184056272
0 0.416796875 0.2664126611957796 0.00859375 0.0076201641266119575
0 0.3234375 0.2661195779601407 0.0078125 0.008206330597889801
0 0.708984375 0.26553341148886284 0.01015625 0.008206330597889801
0 0.77109375 0.26553341148886284 0.0109375 0.009378663540445486
0 0.440625 0.26348182883939036 0.009375 0.0076201641266119575
0 0.287890625 0.2620164126611958 0.00703125 0.004689331770222743
0 0.543359375 0.26143024618991795 0.00546875 0.004689331770222743
0 0.655859375 0.25908558030480655 0.00390625 0.0023446658851113715
0 0.34609375 0.26143024618991795 0.009375 0.007033997655334115
0 0.871484375 0.26143024618991795 0.01015625 0.008206330597889801
0 0.85 0.261137162954279 0.009375 0.008792497069167644
0 0.75 0.2605509964830012 0.0109375 0.008792497069167644
0 0.378515625 0.2582063305978898 0.00390625 0.004103165298944901
0 0.684375 0.2587924970691676 0.00625 0.006447831184056272
0 0.470703125 0.2582063305978898 0.00546875 0.006447831184056272
0 0.828125 0.2552754982415006 0.0078125 0.0017584994138335288
0 0.6015625 0.25732708089097306 0.00625 0.007033997655334115
0 0.521484375 0.25498241500586166 0.00546875 0.007033997655334115
0 0.80703125 0.25498241500586166 0.0109375 0.008206330597889801
0 0.401171875 0.25263774912075027 0.00546875 0.005861664712778429
0 0.578515625 0.2523446658851114 0.00546875 0.006447831184056272
0 0.724609375 0.2523446658851114 0.01015625 0.0076201641266119575
0 0.3078125 0.2514654161781946 0.0078125 0.005861664712778429
0 0.42578125 0.24970691676436108 0.003125 0.0035169988276670576
0 0.785546875 0.2514654161781946 0.01015625 0.008206330597889801
0 0.624609375 0.24970691676436108 0.00546875 0.005861664712778429
0 0.7015625 0.24824150058616648 0.009375 0.0076201641266119575
0 0.49375 0.24677608440797186 0.0078125 0.007033997655334115
0 0.33125 0.246189917936694 0.0078125 0.005861664712778429
0 0.76484375 0.24677608440797186 0.009375 0.009378663540445486
0 0.4484375 0.2456037514654162 0.0078125 0.007033997655334115
0 0.358984375 0.24501758499413834 0.00703125 0.005861664712778429
0 0.861328125 0.24531066822977726 0.01015625 0.0076201641266119575
0 0.53828125 0.24355216881594371 0.0078125 0.006447831184056272
0 0.682421875 0.24150058616647127 0.00546875 0.0035169988276670576
0 0.83984375 0.24355216881594371 0.009375 0.008792497069167644
0 0.7421875 0.24267291910902697 0.0109375 0.009378663540445486
0 0.658984375 0.24120750293083235 0.00546875 0.006447831184056272
0 0.605859375 0.23798358733880423 0.00546875 0.005861664712778429
0 0.5640625 0.23798358733880423 0.0046875 0.005861664712778429
0 0.384765625 0.23798358733880423 0.00546875 0.007033997655334115
0 0.514453125 0.2365181711606096 0.00546875 0.005275498241500586
0 0.471875 0.2376905041031653 0.00625 0.0076201641266119575
0 0.408203125 0.23446658851113716 0.00546875 0.005861664712778429
0 0.641015625 0.23124267291910902 0.00234375 0.0005861664712778429
0 0.71875 0.2347596717467761 0.009375 0.008792497069167644
0 0.775390625 0.2309495896834701 0.00859375 0.008206330597889801
0 0.698046875 0.22977725674091443 0.00859375 0.007033997655334115
0 0.2015625 0.22977725674091443 0.0109375 0.007033997655334115
0 0.870703125 0.23036342321219228 0.01015625 0.009378663540445486
0 0.584765625 0.2294841735052755 0.00546875 0.0076201641266119575
0 0.35625 0.22713950762016413 0.003125 0.004103165298944901
0 0.45078125 0.22743259085580306 0.00625 0.007033997655334115
0 0.49375 0.22713950762016413 0.00625 0.0076201641266119575
0 0.54609375 0.22596717467760843 0.0046875 0.006447831184056272
0 0.752734375 0.22655334114888628 0.01015625 0.008792497069167644
0 0.671875 0.22332942555685814 0.0078125 0.007033997655334115
0 0.61015625 0.22039859320046892 0.00625 0.005861664712778429
0 0.8078125 0.2212778429073857 0.009375 0.008792497069167644
0 0.5671875 0.21834701055099648 0.003125 0.004103165298944901
0 0.472265625 0.21893317702227433 0.00546875 0.006447831184056272
0 0.428125 0.21893317702227433 0.00625 0.006447831184056272
0 0.37890625 0.21893317702227433 0.00625 0.006447831184056272
0 0.7296875 0.21951934349355218 0.0109375 0.008792497069167644
0 0.5125 0.21776084407971863 0.0078125 0.006447831184056272
0 0.403515625 0.21688159437280188 0.00703125 0.005861664712778429
0 0.787109375 0.21570926143024619 0.00859375 0.007033997655334115
0 0.631640625 0.21395076201641267 0.00546875 0.004689331770222743
0 0.589453125 0.21277842907385697 0.00546875 0.004689331770222743
0 0.534375 0.21014067995310667 0.0015625 0.0017584994138335288
0 0.201953125 0.21131301289566237 0.00859375 0.006447831184056272
0 0.65390625 0.20808909730363423 0.003125 0.0011723329425556857
0 0.31953125 0.20867526377491208 0.003125 0.0035169988276670576
0 0.84921875 0.2104337631887456 0.009375 0.008206330597889801
0 0.693359375 0.20984759671746775 0.00703125 0.008206330597889801
0 0.49296875 0.20808909730363423 0.00625 0.004689331770222743
0 0.353515625 0.2063305978898007 0.00078125 0.0011723329425556857
0 0.447265625 0.2063305978898007 0.00546875 0.004689331770222743
0 0.7453125 0.20545134818288394 0.0078125 0.006447831184056272
0 0.714453125 0.20662368112543963 0.01015625 0.008792497069167644
0 0.768359375 0.20545134818288394 0.00703125 0.0076201641266119575
0 0.61328125 0.20252051582649472 0.00625 0.006447831184056272
0 0.384765625 0.20105509964830012 0.00546875 0.0035169988276670576
0 0.8078125 0.20281359906213364 0.0109375 0.008206330597889801
0 0.5546875 0.20134818288393905 0.00625 0.005275498241500586
0 0.829296875 0.20193434935521687 0.01015625 0.008792497069167644
0 0.512890625 0.19988276670574442 0.00546875 0.004689331770222743
0 0.470703125 0.19929660023446658 0.00390625 0.005861664712778429
0 0.408203125 0.19724501758499413 0.00546875 0.005275498241500586
0 0.634765625 0.1954865181711606 0.00546875 0.005275498241500586
0 0.576953125 0.1954865181711606 0.00703125 0.006447831184056272
0 0.728515625 0.1925556858147714 0.01015625 0.006447831184056272
0 0.489453125 0.19050410316529895 0.00234375 0.0023446658851113715
0 0.533984375 0.1910902696365768 0.00546875 0.004689331770222743
0 0.84765625 0.19196951934349354 0.0125 0.0076201641266119575
0 0.751171875 0.18933177022274325 0.00703125 0.005861664712778429
0 0.70859375 0.18874560375146543 0.0046875 0.004689331770222743
0 0.598828125 0.18874560375146543 0.00546875 0.004689331770222743
0 0.444140625 0.1872801875732708 0.00390625 0.004103165298944901
0 0.655859375 0.1855216881594373 0.00234375 0.0017584994138335288
0 0.771875 0.1846424384525205 0.009375 0.007033997655334115
0 0.554296875 0.182883939038687 0.00546875 0.0035169988276670576
0 0.51171875 0.18200468933177022 0.003125 0.0017584994138335288
0 0.421484375 0.18200468933177022 0.00546875 0.0029308323563892145
0 0.68671875 0.18317702227432592 0.0046875 0.006447831184056272
0 0.8671875 0.17966002344665885 0.0015625 0.0005861664712778429
0 0.790234375 0.18083235638921455 0.00078125 0.0029308323563892145
0 0.468359375 0.18200468933177022 0.00546875 0.005275498241500586
0 0.619921875 0.18112543962485345 0.00546875 0.004689331770222743
0 0.791015625 0.17848769050410315 0.00078125 0.0005861664712778429
0 0.79609375 0.17614302461899178 0.0015625 0.0005861664712778429
0 0.578515625 0.17790152403282533 0.00390625 0.004103165298944901
0 0.398828125 0.1735052754982415 0.00390625 0.0035169988276670576
0 0.533984375 0.17233294255568582 0.00546875 0.0035169988276670576
0 0.8453125 0.1746776084407972 0.0125 0.009378663540445486
0 0.75625 0.17028135990621338 0.0078125 0.006447831184056272
0 0.6 0.1694021101992966 0.0046875 0.004689331770222743
0 0.6578125 0.16852286049237983 0.0046875 0.005275498241500586
0 0.633984375 0.16471277842907386 0.00234375 0.0011723329425556857
0 0.777734375 0.16764361078546308 0.01015625 0.008206330597889801
0 0.352734375 0.16002344665885113 0.00234375 0.0035169988276670576
0 0.676953125 0.15797186400937865 0.00390625 0.004103165298944901
0 0.724609375 0.15885111371629543 0.01171875 0.009378663540445486
0 0.837109375 0.15797186400937865 0.01171875 0.008792497069167644
0 0.541015625 0.15445486518171161 0.00546875 0.004103165298944901
0 0.612890625 0.1541617819460727 0.00390625 0.004689331770222743
0 0.516796875 0.15269636576787807 0.00546875 0.004103165298944901
0 0.859375 0.1515240328253224 0.00625 0.0029308323563892145
0 0.57890625 0.15005861664712777 0.0046875 0.0023446658851113715
0 0.758203125 0.15240328253223914 0.01171875 0.008206330597889801
0 0.780859375 0.14917936694021103 0.01015625 0.0076201641266119575
0 0.862890625 0.1433177022274326 0.00078125 0.0005861664712778429
0 0.44375 0.14419695193434937 0.003125 0.0023446658851113715
0 0.663671875 0.14038686987104337 0.00390625 0.006447831184056272
0 0.8421875 0.14038686987104337 0.0109375 0.008792497069167644
0 0.686328125 0.13774912075029308 0.00234375 0.005861664712778429
0 0.79921875 0.1392145369284877 0.0125 0.00996483001172333
0 0.565625 0.134232121922626 0.0046875 0.004689331770222743
0 0.54140625 0.13188745603751464 0.0015625 0.0011723329425556857
0 0.821484375 0.1351113716295428 0.01171875 0.00996483001172333
0 0.348828125 0.13071512309495897 0.00234375 0.0023446658851113715
0 0.5984375 0.12895662368112543 0.0046875 0.0035169988276670576
0 0.32421875 0.11957796014067995 0.003125 0.0023446658851113715
0 0.70625 0.12075029308323564 0.0109375 0.009378663540445486
0 0.648828125 0.11576787807737397 0.00390625 0.005275498241500586
0 0.3828125 0.11254396248534584 0.0015625 0.0011723329425556857
0 0.684765625 0.11283704572098475 0.00703125 0.006447831184056272
0 0.549609375 0.11107854630715124 0.00234375 0.0029308323563892145
0 0.523828125 0.10550996483001172 0.00390625 0.0035169988276670576
0 0.23828125 0.09202813599062133 0.0078125 0.005861664712778429
