0 0.262109375 0.9484173505275498 0.00234375 0.0035169988276670576
0 0.259765625 0.9463657678780774 0.00078125 0.0005861664712778429
0 0.25546875 0.9451934349355217 0.00625 0.0029308323563892145
0 0.229296875 0.9381594372801876 0.00078125 0.0005861664712778429
0 0.283984375 0.94021101992966 0.00703125 0.007033997655334115
0 0.228515625 0.9369871043376319 0.00078125 0.0005861664712778429
0 0.219140625 0.9352286049237983 0.00078125 0.0005861664712778429
0 0.370703125 0.9249706916764361 0.00859375 0.004689331770222743
0 0.5484375 0.9170574443141852 0.0125 0.011137162954279016
0 0.2140625 0.906799531066823 0.0125 0.007033997655334115
0 0.698828125 0.9070926143024619 0.01171875 0.011137162954279016
0 0.3703125 0.9000586166471278 0.0125 0.0076201641266119575
0 0.59765625 0.8988862837045721 0.0125 0.00996483001172333
0 0.631640625 0.8959554513481829 0.01171875 0.0076201641266119575
0 0.560546875 0.8941969519343493 0.01171875 0.00996483001172333
0 0.40234375 0.8918522860492379 0.009375 0.0076201641266119575
0 0.66484375 0.8889214536928488 0.0078125 0.005275498241500586
0 0.451171875 0.8815943728018757 0.00234375 0.0023446658851113715
0 0.307421875 0.8810082063305978 0.00078125 0.0011723329425556857
0 0.229296875 0.8810082063305978 0.00078125 0.0011723329425556857
0 0.609765625 0.8827667057444314 0.00859375 0.009378663540445486
0 0.64765625 0.8810082063305978 0.0046875 0.007033997655334115
0 0.36953125 0.8807151230949589 0.0125 0.0076201641266119575
0 0.220703125 0.8777842907385698 0.00546875 0.0017584994138335288
0 0.270703125 0.8757327080890973 0.00078125 0.0011723329425556857
0 0.2640625 0.8757327080890973 0.0015625 0.0011723329425556857
0 0.3390625 0.8795427901524033 0.0125 0.011137162954279016
0 0.4078125 0.8719226260257913 0.0125 0.00996483001172333
0 0.659765625 0.865767878077374 0.01171875 0.010550996483001172
0 0.6140625 0.8631301289566237 0.0125 0.006447831184056272
0 0.50859375 0.8648886283704572 0.0125 0.011137162954279016
0 0.3328125 0.8525791324736225 0.0078125 0.005275498241500586
0 0.4609375 0.8531652989449003 0.0125 0.011137162954279016
0 0.287109375 0.8516998827667057 0.01171875 0.009378663540445486
0 0.49453125 0.8496483001172332 0.0125 0.00996483001172333
0 0.378515625 0.8499413833528722 0.01328125 0.010550996483001172
0 0.7 0.8464243845252052 0.0109375 0.009378663540445486
0 0.626171875 0.8464243845252052 0.00859375 0.009378663540445486
0 0.30625 0.8388042203985931 0.0125 0.008206330597889801
0 0.333203125 0.8349941383352872 0.01328125 0.00996483001172333
0 0.674609375 0.8347010550996483 0.01171875 0.010550996483001172
0 0.2421875 0.8326494724501758 0.0125 0.008792497069167644
0 0.221484375 0.8288393903868698 0.00078125 0.0011723329425556857
0 0.71640625 0.8314771395076201 0.0109375 0.008792497069167644
0 0.2203125 0.8267878077373975 0.0015625 0.0017584994138335288
0 0.698046875 0.8279601406799532 0.00234375 0.005275498241500586
0 0.218359375 0.8256154747948418 0.00078125 0.0005861664712778429
0 0.2140625 0.8250293083235639 0.00625 0.0017584994138335288
0 0.5609375 0.8285463071512309 0.0125 0.011137162954279016
0 0.64453125 0.8267878077373975 0.0125 0.011137162954279016
0 0.35703125 0.8197538100820633 0.0125 0.0029308323563892145
0 0.618359375 0.8200468933177022 0.01171875 0.010550996483001172
0 0.318359375 0.8197538100820633 0.01328125 0.00996483001172333
0 0.235546875 0.8150644783118406 0.00703125 0.006447831184056272
0 0.71328125 0.813599062133646 0.009375 0.007033997655334115
0 0.488671875 0.8121336459554513 0.01171875 0.011137162954279016
0 0.53125 0.8092028135990621 0.0125 0.006447831184056272
0 0.2625 0.8080304806565064 0.0109375 0.008792497069167644
0 0.659375 0.8074443141852286 0.0125 0.00996483001172333
0 0.57421875 0.8068581477139508 0.0109375 0.00996483001172333
0 0.28671875 0.8042203985932005 0.0125 0.008206330597889801
0 0.35390625 0.8039273153575616 0.0125 0.008792497069167644
0 0.639453125 0.8012895662368112 0.01171875 0.010550996483001172
0 0.735546875 0.7992379835873388 0.01171875 0.00996483001172333
0 0.3796875 0.7977725674091442 0.0078125 0.008206330597889801
0 0.23046875 0.7957209847596718 0.0046875 0.005275498241500586
0 0.785546875 0.7933763188745604 0.00078125 0.0017584994138335288
0 0.5140625 0.7968933177022274 0.009375 0.00996483001172333
0 0.784765625 0.7916178194607268 0.00078125 0.0005861664712778429
0 0.4296875 0.7966002344665886 0.0125 0.010550996483001172
0 0.71015625 0.794841735052755 0.0125 0.009378663540445486
0 0.403125 0.7942555685814772 0.0109375 0.008206330597889801
0 0.190625 0.7942555685814772 0.0078125 0.008206330597889801
0 0.83359375 0.7933763188745604 0.0125 0.00996483001172333
0 0.77890625 0.7895662368112544 0.0109375 0.004689331770222743
0 0.25546875 0.7913247362250879 0.009375 0.009378663540445486
0 0.656640625 0.7866354044548651 0.01171875 0.008206330597889801
0 0.284765625 0.7857561547479485 0.00859375 0.0076201641266119575
0 0.753515625 0.7819460726846424 0.01328125 0.009378663540445486
0 0.503515625 0.7801875732708089 0.01171875 0.009378663540445486
0 0.33125 0.7787221570926143 0.0125 0.0076201641266119575
0 0.30625 0.779601406799531 0.0109375 0.009378663540445486
0 0.37265625 0.7793083235638921 0.0125 0.00996483001172333
0 0.240234375 0.7772567409144197 0.01171875 0.008206330597889801
0 0.7203125 0.7763774912075029 0.0125 0.00996483001172333
0 0.628125 0.7763774912075029 0.0125 0.00996483001172333
0 0.399609375 0.7737397420867527 0.00546875 0.009378663540445486
0 0.267578125 0.772274325908558 0.00390625 0.006447831184056272
0 0.6890625 0.7696365767878077 0.0125 0.009378663540445486
0 0.420703125 0.7681711606096131 0.01171875 0.006447831184056272
0 0.65390625 0.7690504103165299 0.009375 0.009378663540445486
0 0.353125 0.768757327080891 0.0125 0.00996483001172333
0 0.2890625 0.7667057444314185 0.0109375 0.008206330597889801
0 0.7546875 0.7640679953106683 0.0125 0.008792497069167644
0 0.31953125 0.7634818288393904 0.0109375 0.008792497069167644
0 0.25 0.7593786635404455 0.0125 0.008792497069167644
0 0.21953125 0.7584994138335287 0.0109375 0.007033997655334115
0 0.636328125 0.757327080890973 0.01171875 0.009378663540445486
0 0.8375 0.7549824150058617 0.0125 0.009378663540445486
0 0.678125 0.753810082063306 0.0125 0.009378663540445486
0 0.42421875 0.7502930832356389 0.0109375 0.009378663540445486
0 0.3390625 0.7467760844079718 0.0078125 0.007033997655334115
0 0.658203125 0.7467760844079718 0.01171875 0.010550996483001172
0 0.788671875 0.7458968347010551 0.01328125 0.00996483001172333
0 0.28203125 0.7456037514654161 0.0125 0.009378663540445486
0 0.2375 0.7450175849941383 0.009375 0.008206330597889801
0 0.547265625 0.7429660023446659 0.01171875 0.00996483001172333
0 0.208203125 0.7415005861664713 0.01171875 0.008206330597889801
0 0.31328125 0.7391559202813599 0.0125 0.008206330597889801
0 0.769921875 0.735052754982415 0.01171875 0.008206330597889801
0 0.391015625 0.7341735052754983 0.01171875 0.00996483001172333
0 0.25 0.7303634232121923 0.0109375 0.008206330597889801
0 0.819140625 0.7297772567409144 0.01171875 0.009378663540445486
0 0.225390625 0.727725674091442 0.01171875 0.008792497069167644
0 0.275390625 0.7233294255568582 0.01171875 0.007033997655334115
0 0.646484375 0.7227432590855803 0.01171875 0.009378663540445486
0 0.796484375 0.7218640093786636 0.00859375 0.008792497069167644
0 0.189453125 0.7198124267291911 0.01171875 0.009378663540445486
0 0.73671875 0.7168815943728019 0.0125 0.008206330597889801
0 0.33671875 0.7177608440797186 0.0125 0.00996483001172333
0 0.770703125 0.7165885111371629 0.01171875 0.008792497069167644
0 0.360546875 0.7148300117233294 0.01171875 0.00996483001172333
0 0.2125 0.7121922626025792 0.0125 0.008206330597889801
0 0.515234375 0.7124853458382181 0.01171875 0.00996483001172333
0 0.25625 0.7113130128956624 0.0125 0.008792497069167644
0 0.8140625 0.7098475967174678 0.0125 0.009378663540445486
0 0.756640625 0.7028135990621337 0.01171875 0.008206330597889801
0 0.234375 0.7036928487690504 0.0125 0.00996483001172333
0 0.3875 0.7031066822977726 0.0125 0.00996483001172333
0 0.726953125 0.7013481828839391 0.01171875 0.008792497069167644
0 0.34375 0.6987104337631888 0.0125 0.009378663540445486
0 0.791796875 0.6969519343493552 0.01328125 0.009378663540445486
0 0.679296875 0.6966588511137163 0.01171875 0.008792497069167644
0 0.303515625 0.6957796014067995 0.01328125 0.008206330597889801
0 0.213671875 0.6928487690504103 0.01328125 0.009378663540445486
0 0.325 0.6893317702227433 0.0125 0.007033997655334115
0 0.25703125 0.6899179366940211 0.0125 0.009378663540445486
0 0.7703125 0.6887456037514654 0.0109375 0.009378663540445486
0 0.74609375 0.6875732708089097 0.0109375 0.009378663540445486
0 0.28203125 0.6861078546307151 0.0125 0.008792497069167644
0 0.815625 0.67936694021102 0.0125 0.009378663540445486
0 0.237109375 0.6773153575615475 0.01328125 0.00996483001172333
0 0.199609375 0.6767291910902696 0.01328125 0.00996483001172333
0 0.729296875 0.675263774912075 0.01171875 0.008206330597889801
0 0.619921875 0.6755568581477139 0.01171875 0.008792497069167644
0 0.31015625 0.6735052754982415 0.0125 0.009378663540445486
0 0.364453125 0.6714536928487691 0.01171875 0.0076201641266119575
0 0.794140625 0.6708675263774913 0.01171875 0.008792497069167644
0 0.334375 0.6708675263774913 0.0125 0.00996483001172333
0 0.26015625 0.6705744431418523 0.0125 0.009378663540445486
0 0.849609375 0.6688159437280188 0.01484375 0.009378663540445486
0 0.841015625 0.6644196951934349 0.00078125 0.0005861664712778429
0 0.2859375 0.6676436107854631 0.0125 0.009378663540445486
0 0.754296875 0.6661781946072685 0.01171875 0.008792497069167644
0 0.219921875 0.6632473622508792 0.01328125 0.0076201641266119575
0 0.8328125 0.6611957796014069 0.0140625 0.008206330597889801
0 0.189453125 0.6600234466588512 0.01328125 0.009378663540445486
0 0.721484375 0.6591441969519344 0.01171875 0.008792497069167644
0 0.244140625 0.6562133645955451 0.01328125 0.008792497069167644
0 0.2703125 0.6544548651817116 0.0125 0.006447831184056272
0 0.352734375 0.6556271981242673 0.01171875 0.00996483001172333
0 0.305078125 0.6553341148886284 0.01328125 0.009378663540445486
0 0.7765625 0.6480070339976554 0.0109375 0.0076201641266119575
0 0.75078125 0.6477139507620164 0.0109375 0.008206330597889801
0 0.3296875 0.6471277842907386 0.0125 0.009378663540445486
0 0.82890625 0.6444900351699883 0.009375 0.0076201641266119575
0 0.2234375 0.6439038686987104 0.0125 0.006447831184056272
0 0.195703125 0.6403868698710434 0.01171875 0.0076201641266119575
0 0.254296875 0.6395076201641267 0.01328125 0.008206330597889801
0 0.620703125 0.6356975381008206 0.01171875 0.0076201641266119575
0 0.279296875 0.6354044548651817 0.01328125 0.008206330597889801
0 0.755078125 0.6324736225087925 0.00546875 0.0035169988276670576
0 0.32578125 0.6301289566236812 0.0125 0.007033997655334115
0 0.5953125 0.6266119577960141 0.00625 0.0035169988276670576
0 0.81953125 0.6283704572098476 0.0125 0.008206330597889801
0 0.2140625 0.6286635404454866 0.0109375 0.00996483001172333
0 0.5875 0.6236811254396248 0.0015625 0.0011723329425556857
0 0.3015625 0.6271981242672919 0.0125 0.009378663540445486
0 0.7859375 0.6254396248534584 0.0078125 0.008206330597889801
0 0.2390625 0.6239742086752638 0.0109375 0.005275498241500586
0 0.264453125 0.6213364595545134 0.01328125 0.009378663540445486
0 0.3578125 0.6189917936694022 0.0125 0.009378663540445486
0 0.182421875 0.6192848769050411 0.01328125 0.00996483001172333
0 0.765625 0.6163540445486518 0.0109375 0.008792497069167644
0 0.294921875 0.6096131301289566 0.01328125 0.009378663540445486
0 0.247265625 0.6075615474794842 0.01171875 0.008792497069167644
0 0.221875 0.6066822977725674 0.0109375 0.007033997655334115
0 0.7234375 0.6060961313012896 0.0109375 0.007033997655334115
0 0.584765625 0.6052168815943728 0.01171875 0.008792497069167644
0 0.336328125 0.6052168815943728 0.01171875 0.00996483001172333
0 0.272265625 0.6028722157092614 0.01328125 0.00996483001172333
0 0.19921875 0.5996483001172332 0.0125 0.007033997655334115
0 0.834765625 0.5978898007033998 0.01171875 0.008206330597889801
0 0.740234375 0.5946658851113716 0.01171875 0.008792497069167644
0 0.31796875 0.5937866354044549 0.0125 0.009378663540445486
0 0.719140625 0.589390386869871 0.01171875 0.008792497069167644
0 0.288671875 0.5890973036342321 0.01328125 0.009378663540445486
0 0.253125 0.5879249706916765 0.0125 0.007033997655334115
0 0.184375 0.5849941383352872 0.0140625 0.007033997655334115
0 0.209765625 0.5835287221570926 0.01328125 0.0076201641266119575
0 0.78046875 0.5776670574443142 0.0078125 0.006447831184056272
0 0.307421875 0.5759085580304807 0.01171875 0.006447831184056272
0 0.353515625 0.574736225087925 0.01328125 0.008792497069167644
0 0.23125 0.5723915592028136 0.0125 0.006447831184056272
0 0.265234375 0.5723915592028136 0.01328125 0.0076201641266119575
0 0.670703125 0.5700468933177022 0.01171875 0.008792497069167644
0 0.704296875 0.5679953106682297 0.01171875 0.008206330597889801
0 0.328125 0.5659437280187574 0.0125 0.008792497069167644
0 0.289453125 0.5656506447831184 0.01328125 0.009378663540445486
0 0.436328125 0.5600820633059789 0.00078125 0.0005861664712778429
0 0.614453125 0.563599062133646 0.01171875 0.008792497069167644
0 0.441796875 0.5603751465416178 0.00546875 0.0023446658851113715
0 0.444921875 0.5583235638921453 0.00078125 0.0005861664712778429
0 0.434375 0.5589097303634232 0.0015625 0.0017584994138335288
0 0.591015625 0.5606682297772567 0.01171875 0.008792497069167644
0 0.2484375 0.55978898007034 0.0125 0.009378663540445486
0 0.8296875 0.555978898007034 0.009375 0.006447831184056272
0 0.223828125 0.5548065650644783 0.01328125 0.0076201641266119575
0 0.33671875 0.5489449003516998 0.0125 0.008792497069167644
0 0.808984375 0.548358733880422 0.01171875 0.008792497069167644
0 0.27421875 0.548358733880422 0.0125 0.008792497069167644
0 0.3125 0.5466002344665886 0.0125 0.008792497069167644
0 0.596484375 0.5430832356389215 0.01171875 0.008792497069167644
0 0.43125 0.5413247362250879 0.0109375 0.0076201641266119575
0 0.39296875 0.5360492379835874 0.0125 0.0076201641266119575
0 0.32734375 0.533704572098476 0.0125 0.006447831184056272
0 0.202734375 0.5342907385697538 0.01328125 0.0076201641266119575
0 0.35390625 0.5322391559202814 0.009375 0.004689331770222743
0 0.29375 0.533704572098476 0.0125 0.0076201641266119575
0 0.228125 0.533704572098476 0.0125 0.00996483001172333
0 0.822265625 0.5310668229777257 0.01171875 0.008206330597889801
0 0.269140625 0.5304806565064478 0.01328125 0.009378663540445486
0 0.375390625 0.5246189917936694 0.01171875 0.009378663540445486
0 0.765625 0.5213950762016413 0.0125 0.006447831184056272
0 0.30859375 0.5193434935521688 0.0125 0.008206330597889801
0 0.401171875 0.518757327080891 0.01171875 0.009378663540445486
0 0.19375 0.5175849941383353 0.0125 0.009378663540445486
0 0.284375 0.5161195779601406 0.0125 0.008792497069167644
0 0.332421875 0.5137749120750293 0.01328125 0.008792497069167644
0 0.8484375 0.5128956623681126 0.0125 0.008206330597889801
0 0.719921875 0.5128956623681126 0.01171875 0.008206330597889801
0 0.35703125 0.5128956623681126 0.0125 0.008206330597889801
0 0.26015625 0.5128956623681126 0.0125 0.008206330597889801
0 0.448828125 0.5087924970691676 0.00390625 0.0035169988276670576
0 0.225390625 0.5096717467760844 0.01328125 0.006447831184056272
0 0.575 0.5084994138335287 0.0109375 0.008792497069167644
0 0.774609375 0.5061547479484173 0.01171875 0.008792497069167644
0 0.3828125 0.5061547479484173 0.0125 0.008792497069167644
0 0.42109375 0.503810082063306 0.0125 0.0076201641266119575
0 0.31015625 0.5014654161781946 0.0125 0.008792497069167644
0 0.8078125 0.4976553341148886 0.0125 0.008206330597889801
0 0.242578125 0.49736225087924973 0.01328125 0.00996483001172333
0 0.26875 0.4958968347010551 0.0140625 0.008206330597889801
0 0.333984375 0.49413833528722156 0.01015625 0.005861664712778429
0 0.360546875 0.49296600234466587 0.01015625 0.005861664712778429
0 0.84609375 0.4935521688159437 0.0125 0.008206330597889801
0 0.522265625 0.4906213364595545 0.01171875 0.008206330597889801
0 0.491796875 0.488862837045721 0.01171875 0.008206330597889801
0 0.43203125 0.48681125439624856 0.0109375 0.006447831184056272
0 0.3828125 0.48827667057444313 0.0125 0.009378663540445486
0 0.46875 0.485052754982415 0.0109375 0.006447831184056272
0 0.291015625 0.4859320046893318 0.01328125 0.008206330597889801
0 0.826953125 0.48417350527549824 0.01171875 0.005861664712778429
0 0.40546875 0.48300117233294254 0.0125 0.004689331770222743
0 0.316015625 0.4838804220398593 0.01328125 0.008792497069167644
0 0.86796875 0.48300117233294254 0.0125 0.008206330597889801
0 0.254296875 0.4780187573270809 0.00078125 0.0005861664712778429
0 0.235546875 0.4806565064478312 0.01328125 0.007033997655334115
0 0.262109375 0.48007033997655335 0.01015625 0.007033997655334115
0 0.345703125 0.4791910902696366 0.01328125 0.008792497069167644
0 0.737890625 0.47772567409144195 0.01171875 0.008206330597889801
0 0.365234375 0.473915592028136 0.00078125 0.0005861664712778429
0 0.8484375 0.47596717467760846 0.009375 0.008206330597889801
0 0.370703125 0.47479484173505276 0.00859375 0.005861664712778429
0 0.362890625 0.47245017584994137 0.00078125 0.0011723329425556857
0 0.503515625 0.4742086752637749 0.01171875 0.005861664712778429
0 0.2109375 0.47450175849941384 0.0140625 0.00996483001172333
0 0.8015625 0.47215709261430244 0.0125 0.008792497069167644
0 0.426171875 0.4706916764361079 0.01171875 0.005861664712778429
0 0.39375 0.46805392731535755 0.0078125 0.006447831184056272
0 0.3 0.4674677608440797 0.0125 0.006447831184056272
0 0.326171875 0.4674677608440797 0.01328125 0.008792497069167644
0 0.721484375 0.46600234466588514 0.01171875 0.008206330597889801
0 0.462890625 0.46395076201641267 0.01171875 0.0076201641266119575
0 0.7515625 0.46395076201641267 0.0109375 0.008792497069167644
0 0.833203125 0.4633645955451348 0.01328125 0.008792497069167644
0 0.19453125 0.46160609613130127 0.0140625 0.006447831184056272
0 0.349609375 0.46131301289566234 0.01328125 0.008206330597889801
0 0.859765625 0.46072684642438455 0.01328125 0.008206330597889801
0 0.700390625 0.4575029308323564 0.01171875 0.008792497069167644
0 0.516015625 0.45691676436107853 0.01171875 0.0076201641266119575
0 0.248828125 0.45808909730363423 0.01328125 0.00996483001172333
0 0.773828125 0.45691676436107853 0.01171875 0.008792497069167644
0 0.37265625 0.4548651817116061 0.0125 0.008206330597889801
0 0.669921875 0.4545720984759672 0.01171875 0.008792497069167644
0 0.27421875 0.45427901524032827 0.0125 0.008206330597889801
0 0.3953125 0.44988276670574445 0.0125 0.005275498241500586
0 0.448046875 0.4501758499413834 0.01171875 0.008206330597889801
0 0.21484375 0.44988276670574445 0.0140625 0.00996483001172333
0 0.3265625 0.4490035169988277 0.0125 0.009378663540445486
0 0.41953125 0.4469519343493552 0.0109375 0.006447831184056272
0 0.755078125 0.4466588511137163 0.01171875 0.008206330597889801
0 0.302734375 0.4451934349355217 0.01328125 0.006447831184056272
0 0.353125 0.44343493552168817 0.0125 0.008792497069167644
0 0.682421875 0.44109026963657677 0.01171875 0.005275498241500586
0 0.60390625 0.4396248534583822 0.0109375 0.005861664712778429
0 0.50703125 0.44109026963657677 0.0125 0.008792497069167644
0 0.776953125 0.4393317702227433 0.01171875 0.008792497069167644
0 0.255859375 0.4393317702227433 0.01328125 0.00996483001172333
0 0.376953125 0.4358147713950762 0.01171875 0.006447831184056272
0 0.87265625 0.43522860492379833 0.0125 0.008792497069167644
0 0.283203125 0.43347010550996484 0.01328125 0.006447831184056272
0 0.333984375 0.432883939038687 0.01328125 0.006447831184056272
0 0.207421875 0.42995310668229775 0.00078125 0.0005861664712778429
0 0.81484375 0.43347010550996484 0.0125 0.008792497069167644
0 0.528515625 0.4320046893317702 0.01171875 0.005861664712778429
0 0.441796875 0.43259085580304807 0.01015625 0.008206330597889801
0 0.4171875 0.42936694021101995 0.0125 0.0076201641266119575
0 0.214453125 0.43024618991793667 0.01328125 0.009378663540445486
0 0.357421875 0.425263774912075 0.01328125 0.008792497069167644
0 0.39375 0.4243845252051583 0.0125 0.008206330597889801
0 0.309765625 0.42467760844079716 0.01328125 0.00996483001172333
0 0.855859375 0.4196951934349355 0.01328125 0.008206330597889801
0 0.76875 0.417936694021102 0.0109375 0.008206330597889801
0 0.790234375 0.41735052754982416 0.01171875 0.008206330597889801
0 0.194140625 0.417936694021102 0.01484375 0.009378663540445486
0 0.8125 0.41617819460726846 0.0125 0.008206330597889801
0 0.7453125 0.4164712778429074 0.0109375 0.008792497069167644
0 0.4421875 0.4138335287221571 0.0125 0.008206330597889801
0 0.273046875 0.41471277842907384 0.01328125 0.00996483001172333
0 0.248046875 0.4126611957796014 0.01328125 0.007033997655334115
0 0.32890625 0.41324736225087927 0.0125 0.009378663540445486
0 0.222265625 0.41295427901524034 0.01328125 0.008792497069167644
0 0.465625 0.41207502930832357 0.0109375 0.008206330597889801
0 0.37734375 0.40855803048065653 0.0125 0.009378663540445486
0 0.296484375 0.40855803048065653 0.01328125 0.009378663540445486
0 0.352734375 0.40738569753810083 0.01328125 0.009378663540445486
0 0.40234375 0.40650644783118406 0.0125 0.008792497069167644
0 0.494140625 0.40504103165298944 0.01171875 0.007033997655334115
0 0.518359375 0.4056271981242673 0.01171875 0.009378663540445486
0 0.866796875 0.4044548651817116 0.01328125 0.008206330597889801
0 0.839453125 0.40240328253223917 0.01328125 0.008792497069167644
0 0.759765625 0.4018171160609613 0.01015625 0.008792497069167644
0 0.790625 0.39976553341148885 0.0125 0.008206330597889801
0 0.424609375 0.3994724501758499 0.01171875 0.008792497069167644
0 0.81484375 0.39859320046893315 0.0125 0.008206330597889801
0 0.7375 0.39859320046893315 0.0109375 0.008206330597889801
0 0.33359375 0.3959554513481829 0.0125 0.005275498241500586
0 0.200390625 0.39771395076201643 0.01171875 0.008792497069167644
0 0.455859375 0.3962485345838218 0.01171875 0.009378663540445486
0 0.536328125 0.39419695193434934 0.01171875 0.0076201641266119575
0 0.22578125 0.39449003516998826 0.0140625 0.009378663540445486
0 0.2765625 0.39419695193434934 0.0140625 0.00996483001172333
0 0.862890625 0.38892145369284875 0.00078125 0.0005861664712778429
0 0.850390625 0.3895076201641266 0.00078125 0.0017584994138335288
0 0.30859375 0.391852286049238 0.0125 0.0076201641266119575
0 0.862109375 0.3877491207502931 0.00078125 0.0005861664712778429
0 0.851171875 0.3877491207502931 0.00078125 0.0005861664712778429
0 0.6015625 0.391852286049238 0.0109375 0.008792497069167644
0 0.387890625 0.39126611957796015 0.01171875 0.008792497069167644
0 0.2515625 0.391852286049238 0.0140625 0.00996483001172333
0 0.853515625 0.38599062133645956 0.00078125 0.0005861664712778429
0 0.363671875 0.3906799531066823 0.01328125 0.00996483001172333
0 0.857421875 0.38569753810082064 0.00546875 0.0011723329425556857
0 0.578515625 0.3883352872215709 0.01171875 0.0076201641266119575
0 0.655859375 0.38686987104337633 0.01015625 0.008206330597889801
0 0.498046875 0.3874560375146542 0.01171875 0.009378663540445486
0 0.801953125 0.38452520515826494 0.01171875 0.008206330597889801
0 0.762109375 0.3839390386869871 0.01171875 0.008206330597889801
0 0.708203125 0.384232121922626 0.01171875 0.008792497069167644
0 0.4109375 0.38452520515826494 0.0125 0.009378663540445486
0 0.82578125 0.38276670574443145 0.0109375 0.008206330597889801
0 0.44453125 0.3798358733880422 0.0109375 0.009378663540445486
0 0.291015625 0.37924970691676435 0.01328125 0.009378663540445486
0 0.21015625 0.3795427901524033 0.0140625 0.00996483001172333
0 0.344140625 0.3786635404454865 0.01328125 0.009378663540445486
0 0.5375 0.37602579132473624 0.0109375 0.0076201641266119575
0 0.471484375 0.37602579132473624 0.01171875 0.008792497069167644
0 0.266015625 0.376905041031653 0.01328125 0.010550996483001172
0 0.849609375 0.3713364595545135 0.00078125 0.0005861664712778429
0 0.84296875 0.369284876905041 0.0046875 0.0011723329425556857
0 0.641015625 0.37221570926143027 0.01171875 0.008206330597889801
0 0.388671875 0.37221570926143027 0.01171875 0.008206330597889801
0 0.580859375 0.37075029308323565 0.01171875 0.0076201641266119575
0 0.24140625 0.3713364595545135 0.0140625 0.00996483001172333
0 0.321875 0.36957796014067995 0.0125 0.008792497069167644
0 0.87109375 0.3686987104337632 0.0125 0.008206330597889801
0 0.493359375 0.369284876905041 0.01171875 0.009378663540445486
0 0.365234375 0.3689917936694021 0.01171875 0.008792497069167644
0 0.51796875 0.3678194607268464 0.0109375 0.008792497069167644
0 0.799609375 0.36723329425556855 0.01171875 0.008792497069167644
0 0.769921875 0.36723329425556855 0.01171875 0.008792497069167644
0 0.705078125 0.36635404454865184 0.01171875 0.008206330597889801
0 0.411328125 0.3660609613130129 0.01171875 0.008792497069167644
0 0.824609375 0.3613716295427902 0.00390625 0.0005861664712778429
0 0.678125 0.3637162954279015 0.0109375 0.008792497069167644
0 0.5546875 0.3637162954279015 0.0109375 0.008792497069167644
0 0.435546875 0.36283704572098474 0.01171875 0.009378663540445486
0 0.280859375 0.361957796014068 0.01328125 0.00996483001172333
0 0.343359375 0.35844079718640093 0.01171875 0.006447831184056272
0 0.203125 0.35990621336459555 0.0140625 0.009378663540445486
0 0.655859375 0.358147713950762 0.01171875 0.008206330597889801
0 0.854296875 0.35726846424384523 0.01171875 0.0076201641266119575
0 0.7375 0.35756154747948415 0.009375 0.008206330597889801
0 0.62578125 0.35580304806565066 0.0109375 0.008206330597889801
0 0.30390625 0.35580304806565066 0.0125 0.009378663540445486
0 0.257421875 0.3549237983587339 0.01171875 0.008792497069167644
0 0.456640625 0.3537514654161782 0.01171875 0.0076201641266119575
0 0.602734375 0.3540445486518171 0.01015625 0.009378663540445486
0 0.533984375 0.35316529894490034 0.01171875 0.008792497069167644
0 0.78359375 0.3528722157092614 0.0125 0.009378663540445486
0 0.22578125 0.35316529894490034 0.0140625 0.00996483001172333
0 0.875 0.35140679953106685 0.0125 0.008792497069167644
0 0.81015625 0.3511137162954279 0.0125 0.008206330597889801
0 0.715625 0.3505275498241501 0.0109375 0.008206330597889801
0 0.491796875 0.3505275498241501 0.01015625 0.009378663540445486
0 0.365234375 0.3499413833528722 0.00859375 0.008206330597889801
0 0.576953125 0.34876905041031653 0.01171875 0.009378663540445486
0 0.415234375 0.34788980070339975 0.01171875 0.008792497069167644
0 0.390234375 0.3455451348182884 0.00703125 0.005275498241500586
0 0.689453125 0.34378663540445487 0.00703125 0.005275498241500586
0 0.327734375 0.34466588511137164 0.01171875 0.009378663540445486
0 0.283203125 0.34349355216881594 0.01328125 0.009378663540445486
0 0.644921875 0.34232121922626024 0.01171875 0.008206330597889801
0 0.842578125 0.3417350527549824 0.01171875 0.008206330597889801
0 0.551953125 0.34144196951934347 0.01171875 0.008792497069167644
0 0.19453125 0.3417350527549824 0.0125 0.010550996483001172
0 0.513671875 0.34056271981242675 0.01171875 0.009378663540445486
0 0.7546875 0.33939038686987105 0.009375 0.008206330597889801
0 0.4375 0.33968347010551 0.009375 0.008792497069167644
0 0.619140625 0.3385111371629543 0.01171875 0.008792497069167644
0 0.732421875 0.3376318874560375 0.01015625 0.008206330597889801
0 0.86328125 0.33675263774912073 0.0125 0.008792497069167644
0 0.821875 0.3361664712778429 0.0109375 0.008792497069167644
0 0.798828125 0.3361664712778429 0.01015625 0.008792497069167644
0 0.776171875 0.335873388042204 0.01171875 0.008206330597889801
0 0.462109375 0.335873388042204 0.00859375 0.008206330597889801
0 0.594921875 0.3355803048065651 0.01015625 0.008792497069167644
0 0.306640625 0.3355803048065651 0.01015625 0.008792497069167644
0 0.706640625 0.3344079718640094 0.00859375 0.0076201641266119575
0 0.21953125 0.3332356389214537 0.009375 0.0076201641266119575
0 0.48515625 0.3323563892145369 0.009375 0.008206330597889801
0 0.35625 0.3323563892145369 0.0109375 0.008206330597889801
0 0.405859375 0.3308909730363423 0.00859375 0.0076201641266119575
0 0.57109375 0.3303048065650645 0.0109375 0.0076201641266119575
0 0.536328125 0.3303048065650645 0.00546875 0.0076201641266119575
0 0.38203125 0.32942555685814773 0.0046875 0.005861664712778429
0 0.266796875 0.3279601406799531 0.01328125 0.008792497069167644
0 0.684765625 0.32708089097303633 0.01015625 0.008206330597889801
0 0.65859375 0.32590855803048063 0.009375 0.008206330597889801
0 0.333203125 0.3256154747948417 0.01171875 0.008792497069167644
0 0.241015625 0.3264947245017585 0.01328125 0.010550996483001172
0 0.861328125 0.3212192262602579 0.00234375 0.0023446658851113715
0 0.8375 0.32415005861664714 0.0125 0.008206330597889801
0 0.633984375 0.32415005861664714 0.01171875 0.008206330597889801
0 0.50625 0.32327080890973037 0.0078125 0.0076201641266119575
0 0.746484375 0.3226846424384525 0.00703125 0.008792497069167644
0 0.428515625 0.32209847596717467 0.01015625 0.0076201641266119575
0 0.610546875 0.3215123094958968 0.01015625 0.008792497069167644
0 0.81015625 0.3168229777256741 0.0015625 0.0005861664712778429
0 0.7875 0.32063305978898005 0.0109375 0.008206330597889801
0 0.72265625 0.31975381008206333 0.00625 0.0076201641266119575
0 0.2 0.3212192262602579 0.0140625 0.010550996483001172
0 0.8671875 0.3150644783118406 0.003125 0.0005861664712778429
0 0.552734375 0.3191676436107855 0.01171875 0.008792497069167644
0 0.451953125 0.31858147713950763 0.01015625 0.008792497069167644
0 0.308984375 0.31740914419695193 0.01171875 0.006447831184056272
0 0.587890625 0.3179953106682298 0.01015625 0.008792497069167644
0 0.765625 0.3168229777256741 0.0109375 0.008792497069167644
0 0.476953125 0.31477139507620167 0.00703125 0.007033997655334115
0 0.284375 0.3159437280187573 0.0125 0.009378663540445486
0 0.35078125 0.31330597889800704 0.0109375 0.0076201641266119575
0 0.525 0.3127198124267292 0.009375 0.0076201641266119575
0 0.67265625 0.31213364595545134 0.009375 0.008792497069167644
0 0.377734375 0.31008206330597887 0.00546875 0.005861664712778429
0 0.64921875 0.30978898007034 0.009375 0.0076201641266119575
0 0.2546875 0.31096131301289565 0.0140625 0.00996483001172333
0 0.848828125 0.30890973036342323 0.01171875 0.008206330597889801
0 0.82578125 0.30920281359906215 0.0125 0.008792497069167644
0 0.404296875 0.30890973036342323 0.00859375 0.008206330597889801
0 0.795703125 0.302168815943728 0.00078125 0.0005861664712778429
0 0.737109375 0.30568581477139506 0.00859375 0.0076201641266119575
0 0.626953125 0.3050996483001172 0.00859375 0.006447831184056272
0 0.569921875 0.3062719812426729 0.01015625 0.008792497069167644
0 0.501171875 0.30539273153575613 0.00703125 0.007033997655334115
0 0.79921875 0.30158264947245017 0.003125 0.0005861664712778429
0 0.60234375 0.3042203985932005 0.0109375 0.008206330597889801
0 0.329296875 0.3045134818288394 0.00859375 0.008792497069167644
0 0.426953125 0.30392731535756157 0.01015625 0.008792497069167644
0 0.5453125 0.302168815943728 0.0046875 0.006447831184056272
0 0.7140625 0.302168815943728 0.009375 0.0076201641266119575
0 0.778515625 0.3007033997655334 0.00859375 0.007033997655334115
0 0.45078125 0.30041031652989447 0.009375 0.008792497069167644
0 0.2984375 0.2995310668229777 0.0125 0.008206330597889801
0 0.205078125 0.2995310668229777 0.01015625 0.010550996483001172
0 0.521484375 0.29572098475967173 0.00546875 0.004103165298944901
0 0.476171875 0.29601406799531066 0.00703125 0.004689331770222743
0 0.755078125 0.29689331770222743 0.01171875 0.008792497069167644
0 0.68984375 0.2954279015240328 0.009375 0.007033997655334115
0 0.35859375 0.29601406799531066 0.0109375 0.008206330597889801
0 0.6640625 0.2954279015240328 0.0078125 0.008206330597889801
0 0.865234375 0.2951348182883939 0.01328125 0.008792497069167644
0 0.8375 0.29396248534583824 0.0109375 0.008792497069167644
0 0.815625 0.2936694021101993 0.0109375 0.009378663540445486
0 0.391015625 0.29279015240328254 0.00703125 0.008792497069167644
0 0.5859375 0.29161781946072685 0.0078125 0.0076201641266119575
0 0.798046875 0.2869284876905041 0.00078125 0.0005861664712778429
0 0.73359375 0.2881008206330598 0.0046875 0.005275498241500586
0 0.795703125 0.28516998827667056 0.00078125 0.0005861664712778429
0 0.562109375 0.28868698710433766 0.00859375 0.0076201641266119575
0 0.792578125 0.2845838218053927 0.00390625 0.0005861664712778429
0 0.629296875 0.2878077373974209 0.00859375 0.007033997655334115
0 0.497265625 0.2866354044548652 0.00546875 0.004689331770222743
0 0.41328125 0.2881008206330598 0.009375 0.008792497069167644
0 0.317578125 0.2866354044548652 0.01171875 0.009378663540445486
0 0.70859375 0.28516998827667056 0.0078125 0.008792497069167644
0 0.771484375 0.283704572098476 0.01015625 0.008206330597889801
0 0.5390625 0.2828253223915592 0.00625 0.006447831184056272
0 0.43671875 0.28399765533411486 0.0109375 0.008792497069167644
0 0.28203125 0.2825322391559203 0.0125 0.009378663540445486
0 0.34140625 0.2813599062133646 0.0109375 0.008206330597889801
0 0.886328125 0.2813599062133646 0.01328125 0.009378663540445486
0 0.847265625 0.2772567409144197 0.00234375 0.0011723329425556857
0 0.651953125 0.27960140679953105 0.00546875 0.005861664712778429
0 0.608984375 0.28106682297772567 0.00703125 0.008792497069167644
0 0.375390625 0.2781359906213365 0.00390625 0.004103165298944901
0 0.851953125 0.27637749120750293 0.00546875 0.0017584994138335288
0 0.680078125 0.2793083235638921 0.00703125 0.0076201641266119575
0 0.750390625 0.2790152403282532 0.00859375 0.008206330597889801
0 0.828125 0.2781359906213365 0.0109375 0.008792497069167644
0 0.46484375 0.27784290738569756 0.009375 0.008206330597889801
0 0.515234375 0.2757913247362251 0.00859375 0.0076201641266119575
0 0.8078125 0.2734466588511137 0.009375 0.008792497069167644
0 0.398046875 0.2728604923798359 0.00703125 0.0076201641266119575
0 0.630078125 0.26992966002344665 0.00546875 0.004103165298944901
0 0.422265625 0.2708089097303634 0.00703125 0.005861664712778429
0 0.723828125 0.27110199296600235 0.00703125 0.0076201641266119575
0 0.30234375 0.2716881594372802 0.0125 0.008792497069167644
0 0.8703125 0.2696365767878077 0.0125 0.009378663540445486
0 0.784765625 0.2690504103165299 0.00859375 0.008206330597889801
0 0.5875 0.2690504103165299 0.00625 0.008206330597889801
0 0.70078125 0.26817116060961316 0.0078125 0.0076201641266119575
0 0.491015625 0.26787807737397423 0.00703125 0.008206330597889801
0 0.53359375 0.26582649472450176 0.009375 0.006447831184056272
0 0.326171875 0.2664126611957796 0.01171875 0.0076201641266119575
0 0.4453125 0.2661195779601407 0.009375 0.008206330597889801
0 0.355078125 0.2652403282532239 0.00859375 0.008792497069167644
0 0.7625 0.26436107854630714 0.009375 0.008206330597889801
0 0.84375 0.26348182883939036 0.0109375 0.008792497069167644
0 0.656640625 0.2623094958968347 0.00703125 0.0076201641266119575
0 0.68046875 0.2605509964830012 0.00625 0.005275498241500586
0 0.608203125 0.2608440797186401 0.00703125 0.008206330597889801
0 0.821875 0.2605509964830012 0.0109375 0.008792497069167644
0 0.740625 0.2605509964830012 0.009375 0.008792497069167644
0 0.46875 0.2593786635404455 0.009375 0.0076201641266119575
0 0.805078125 0.25468933177022274 0.00078125 0.0005861664712778429
0 0.5640625 0.2582063305978898 0.009375 0.0076201641266119575
0 0.380859375 0.25791324736225085 0.01015625 0.008206330597889801
0 0.510546875 0.25703399765533413 0.01015625 0.0076201641266119575
0 0.405859375 0.25615474794841736 0.00703125 0.005861664712778429
0 0.796484375 0.2529308323563892 0.00078125 0.0005861664712778429
0 0.8015625 0.2529308323563892 0.00625 0.0017584994138335288
0 0.719140625 0.2532239155920281 0.00859375 0.007033997655334115
0 0.863671875 0.2529308323563892 0.01328125 0.008792497069167644
0 0.2 0.25263774912075027 0.009375 0.010550996483001172
0 0.842578125 0.24706916764361078 0.00078125 0.0005861664712778429
0 0.779296875 0.2502930832356389 0.00859375 0.007033997655334115
0 0.5859375 0.2508792497069168 0.0078125 0.008206330597889801
0 0.696875 0.25 0.009375 0.0076201641266119575
0 0.628515625 0.24912075029308323 0.00859375 0.008206330597889801
0 0.4890625 0.24912075029308323 0.0109375 0.008206330597889801
0 0.35234375 0.24706916764361078 0.00625 0.004103165298944901
0 0.446875 0.24765533411488863 0.0078125 0.0076201641266119575
0 0.5390625 0.24706916764361078 0.0078125 0.0076201641266119575
0 0.755859375 0.24648300117233293 0.00859375 0.0076201641266119575
0 0.652734375 0.2444314185228605 0.00546875 0.005861664712778429
0 0.88359375 0.24531066822977726 0.0125 0.008792497069167644
0 0.839453125 0.2429660023446659 0.00234375 0.005275498241500586
0 0.850390625 0.23944900351699883 0.00078125 0.0005861664712778429
0 0.67421875 0.2429660023446659 0.009375 0.0076201641266119575
0 0.845703125 0.23827667057444316 0.00234375 0.0005861664712778429
0 0.81953125 0.24237983587338804 0.0125 0.008792497069167644
0 0.73359375 0.23974208675263775 0.0109375 0.007033997655334115
0 0.605859375 0.2403282532239156 0.01015625 0.008206330597889801
0 0.424609375 0.23944900351699883 0.00703125 0.0076201641266119575
0 0.37421875 0.23974208675263775 0.0109375 0.008206330597889801
0 0.563671875 0.2376905041031653 0.00546875 0.005275498241500586
0 0.509765625 0.23886283704572098 0.01015625 0.008792497069167644
0 0.467578125 0.23856975381008205 0.00859375 0.008206330597889801
0 0.795703125 0.23827667057444316 0.01015625 0.008792497069167644
0 0.3984375 0.23681125439624853 0.0109375 0.008206330597889801
0 0.86484375 0.2347596717467761 0.0125 0.008792497069167644
0 0.774609375 0.23270808909730364 0.00859375 0.008206330597889801
0 0.692578125 0.2321219226260258 0.00859375 0.007033997655334115
0 0.586328125 0.23153575615474795 0.00703125 0.007033997655334115
0 0.490625 0.23007033997655335 0.00625 0.006447831184056272
0 0.20078125 0.23241500586166472 0.0140625 0.011137162954279016
0 0.53203125 0.22889800703399765 0.003125 0.005275498241500586
0 0.34921875 0.22743259085580306 0.0046875 0.0035169988276670576
0 0.314453125 0.2294841735052755 0.01015625 0.0076201641266119575
0 0.6625 0.22743259085580306 0.0046875 0.005861664712778429
0 0.891796875 0.2283118405627198 0.01328125 0.008792497069167644
0 0.753515625 0.22713950762016413 0.00703125 0.006447831184056272
0 0.714453125 0.22801875732708088 0.01015625 0.008206330597889801
0 0.44296875 0.22596717467760843 0.0078125 0.0076201641266119575
0 0.831640625 0.22538100820633059 0.01171875 0.008792497069167644
0 0.808203125 0.22479484173505276 0.01171875 0.008792497069167644
0 0.6109375 0.22215709261430247 0.0078125 0.007033997655334115
0 0.380078125 0.22157092614302462 0.00859375 0.005861664712778429
0 0.55234375 0.22039859320046892 0.0078125 0.007033997655334115
0 0.46640625 0.22039859320046892 0.0078125 0.007033997655334115
0 0.51015625 0.22039859320046892 0.0078125 0.008206330597889801
0 0.7875 0.21893317702227433 0.009375 0.008792497069167644
0 0.4046875 0.21805392731535755 0.0078125 0.007033997655334115
0 0.8734375 0.21776084407971863 0.0125 0.008792497069167644
0 0.7328125 0.21629542790152403 0.0078125 0.008206330597889801
0 0.63125 0.21483001172332944 0.009375 0.0076201641266119575
0 0.574609375 0.21483001172332944 0.00703125 0.0076201641266119575
0 0.695703125 0.21395076201641267 0.00859375 0.007033997655334115
0 0.487890625 0.21131301289566237 0.00546875 0.004103165298944901
0 0.530078125 0.21072684642438452 0.00703125 0.006447831184056272
0 0.754296875 0.20926143024618993 0.00546875 0.007033997655334115
0 0.4421875 0.20691676436107856 0.00625 0.005861664712778429
0 0.596484375 0.20720984759671746 0.00546875 0.0076201641266119575
0 0.77421875 0.20427901524032827 0.009375 0.0076201641266119575
0 0.716015625 0.20310668229777257 0.00546875 0.005275498241500586
0 0.508984375 0.20105509964830012 0.00390625 0.0035169988276670576
0 0.839453125 0.19900351699882768 0.00078125 0.0005861664712778429
0 0.41796875 0.20164126611957797 0.00625 0.005861664712778429
0 0.55078125 0.20193434935521687 0.0078125 0.0076201641266119575
0 0.6171875 0.2007620164126612 0.0078125 0.0076201641266119575
0 0.463671875 0.2007620164126612 0.01015625 0.0076201641266119575
0 0.838671875 0.19665885111371628 0.00078125 0.0029308323563892145
0 0.7390625 0.19724501758499413 0.003125 0.004103165298944901
0 0.575390625 0.19753810082063306 0.00703125 0.005861664712778429
0 0.850390625 0.1943141852286049 0.00078125 0.0005861664712778429
0 0.839453125 0.1943141852286049 0.00078125 0.0005861664712778429
0 0.841796875 0.1925556858147714 0.00078125 0.0005861664712778429
0 0.846875 0.1925556858147714 0.00625 0.0017584994138335288
0 0.394921875 0.1937280187573271 0.00703125 0.005275498241500586
0 0.486328125 0.1925556858147714 0.00546875 0.004103165298944901
0 0.53046875 0.1925556858147714 0.0078125 0.005275498241500586
0 0.759375 0.19138335287221572 0.00625 0.005275498241500586
0 0.596875 0.18874560375146543 0.00625 0.007033997655334115
0 0.77890625 0.18698710433763188 0.0109375 0.008206330597889801
0 0.708203125 0.18698710433763188 0.00703125 0.008206330597889801
0 0.65625 0.18698710433763188 0.009375 0.008206330597889801
0 0.630859375 0.1843493552168816 0.00390625 0.004103165298944901
0 0.560546875 0.182883939038687 0.00390625 0.0035169988276670576
0 0.810546875 0.18522860492379836 0.01171875 0.009378663540445486
0 0.466796875 0.18083235638921455 0.00390625 0.004103165298944901
0 0.34921875 0.18083235638921455 0.00625 0.004103165298944901
0 0.728125 0.17790152403282533 0.009375 0.005275498241500586
0 0.841015625 0.17819460726846426 0.01328125 0.009378663540445486
0 0.609765625 0.17438452520515826 0.00703125 0.0076201641266119575
0 0.536328125 0.17379835873388041 0.00859375 0.006447831184056272
0 0.758984375 0.17321219226260257 0.01015625 0.0076201641266119575
0 0.51328125 0.17262602579132474 0.0078125 0.006447831184056272
0 0.576171875 0.16969519343493553 0.00546875 0.005275498241500586
0 0.4109375 0.1682297772567409 0.0015625 0.0023446658851113715
0 0.78046875 0.1682297772567409 0.0109375 0.008206330597889801
0 0.8703125 0.1667643610785463 0.0125 0.00996483001172333
0 0.440234375 0.16412661195779601 0.00703125 0.005861664712778429
0 0.7359375 0.16178194607268465 0.009375 0.007033997655334115
0 0.628125 0.16090269636576787 0.0046875 0.005275498241500586
0 0.66015625 0.15943728018757328 0.0078125 0.007033997655334115
0 0.84375 0.16002344665885113 0.0125 0.009378663540445486
0 0.681640625 0.15738569753810083 0.01015625 0.0076201641266119575
0 0.799609375 0.15797186400937865 0.01171875 0.00996483001172333
0 0.5609375 0.15386869871043377 0.009375 0.005275498241500586
0 0.539453125 0.152989449003517 0.00546875 0.0035169988276670576
0 0.34453125 0.15269636576787807 0.0078125 0.005275498241500586
0 0.823046875 0.15357561547479484 0.01171875 0.010550996483001172
0 0.5953125 0.14830011723329425 0.0078125 0.007033997655334115
0 0.7765625 0.1433177022274326 0.00625 0.0076201641266119575
0 0.31875 0.1406799531066823 0.0109375 0.007033997655334115
0 0.707421875 0.1392145369284877 0.00703125 0.0076201641266119575
0 0.644921875 0.13569753810082064 0.00859375 0.006447831184056272
0 0.37890625 0.13335287221570927 0.00625 0.005275498241500586
0 0.342578125 0.1324736225087925 0.00703125 0.004689331770222743
0 0.683203125 0.13188745603751464 0.00703125 0.005861664712778429
0 0.290234375 0.1324736225087925 0.01015625 0.007033997655334115
0 0.54609375 0.13130128956623682 0.0046875 0.005861664712778429
0 0.602734375 0.13012895662368112 0.00390625 0.004689331770222743
0 0.520703125 0.12602579132473624 0.00703125 0.007033997655334115
0 0.237890625 0.11459554513481829 0.01015625 0.00996483001172333
0 0.237109375 0.1093200468933177 0.00078125 0.0005861664712778429
0 0.234765625 0.10873388042203985 0.00234375 0.0005861664712778429
