0 0.218359375 0.9390386869871044 0.01015625 0.0035169988276670576
0 0.491796875 0.9240914419695193 0.00703125 0.006447831184056272
0 0.4203125 0.9173505275498242 0.00625 0.005861664712778429
0 0.57890625 0.9103165298944901 0.00625 0.005861664712778429
0 0.50546875 0.906799531066823 0.0078125 0.004689331770222743
0 0.623828125 0.9021101992966002 0.01171875 0.008206330597889801
0 0.2953125 0.8968347010550997 0.0109375 0.004689331770222743
0 0.728125 0.8980070339976554 0.0109375 0.010550996483001172
0 0.665625 0.8900937866354045 0.00625 0.006447831184056272
0 0.580078125 0.8900937866354045 0.00859375 0.00996483001172333
0 0.276171875 0.8874560375146542 0.00703125 0.004689331770222743
0 0.64609375 0.8792497069167644 0.0015625 0.0011723329425556857
0 0.409375 0.8807151230949589 0.0078125 0.005275498241500586
0 0.478515625 0.8810082063305978 0.00859375 0.007033997655334115
0 0.693359375 0.8821805392731535 0.00859375 0.010550996483001172
0 0.353125 0.8771981242672919 0.0015625 0.0017584994138335288
0 0.38125 0.8751465416178195 0.00625 0.004689331770222743
0 0.30625 0.8686987104337632 0.003125 0.0011723329425556857
0 0.40234375 0.8645955451348183 0.003125 0.0023446658851113715
0 0.6203125 0.8678194607268465 0.0078125 0.00996483001172333
0 0.500390625 0.8648886283704572 0.01171875 0.006447831184056272
0 0.42421875 0.8648886283704572 0.00625 0.0076201641266119575
0 0.649609375 0.8566822977725674 0.00546875 0.006447831184056272
0 0.691015625 0.8563892145369285 0.00859375 0.009378663540445486
0 0.462890625 0.8534583821805393 0.01171875 0.007033997655334115
0 0.438671875 0.8514067995310668 0.00234375 0.0029308323563892145
0 0.365234375 0.8499413833528722 0.01015625 0.007033997655334115
0 0.56171875 0.85052754982415 0.009375 0.010550996483001172
0 0.325390625 0.8405627198124267 0.00234375 0.0023446658851113715
0 0.2984375 0.8411488862837045 0.009375 0.0035169988276670576
0 0.658203125 0.8352872215709262 0.00234375 0.0011723329425556857
0 0.73125 0.8370457209847597 0.009375 0.009378663540445486
0 0.358984375 0.8270808909730364 0.00859375 0.009378663540445486
0 0.606640625 0.8238569753810082 0.00546875 0.004103165298944901
0 0.51328125 0.8259085580304807 0.0125 0.009378663540445486
0 0.326953125 0.8226846424384525 0.00234375 0.0029308323563892145
0 0.20078125 0.8241500586166471 0.009375 0.007033997655334115
0 0.70546875 0.8253223915592028 0.009375 0.010550996483001172
0 0.746875 0.8223915592028136 0.009375 0.008206330597889801
0 0.72734375 0.8182883939038686 0.0046875 0.004689331770222743
0 0.412109375 0.8188745603751465 0.01015625 0.005861664712778429
0 0.2640625 0.8194607268464243 0.009375 0.009378663540445486
0 0.2890625 0.8165298944900352 0.009375 0.008206330597889801
0 0.2390625 0.8162368112543963 0.009375 0.0076201641266119575
0 0.6703125 0.8159437280187574 0.009375 0.009378663540445486
0 0.58359375 0.8162368112543963 0.0109375 0.011137162954279016
0 0.17109375 0.8115474794841735 0.00625 0.004103165298944901
0 0.38046875 0.8144783118405627 0.0109375 0.011137162954279016
0 0.650390625 0.8115474794841735 0.00546875 0.006447831184056272
0 0.4609375 0.8068581477139508 0.00625 0.004103165298944901
0 0.744921875 0.8050996483001173 0.00546875 0.004103165298944901
0 0.349609375 0.805978898007034 0.01015625 0.010550996483001172
0 0.687109375 0.8039273153575616 0.01015625 0.008792497069167644
0 0.566796875 0.8045134818288394 0.01171875 0.011137162954279016
0 0.516796875 0.8009964830011723 0.00703125 0.006447831184056272
0 0.30703125 0.8007033997655334 0.009375 0.005861664712778429
0 0.540625 0.7971864009378663 0.003125 0.0023446658851113715
0 0.28515625 0.7989449003516998 0.0078125 0.007033997655334115
0 0.233203125 0.794841735052755 0.00234375 0.0023446658851113715
0 0.419140625 0.7977725674091442 0.00859375 0.009378663540445486
0 0.6171875 0.7977725674091442 0.0125 0.010550996483001172
0 0.6703125 0.7930832356389215 0.0078125 0.009378663540445486
0 0.33203125 0.791031652989449 0.00625 0.006447831184056272
0 0.767578125 0.7904454865181711 0.00859375 0.008792497069167644
0 0.14921875 0.787221570926143 0.0078125 0.008206330597889801
0 0.438671875 0.7863423212192263 0.01171875 0.008792497069167644
0 0.39453125 0.7863423212192263 0.0078125 0.008792497069167644
0 0.741796875 0.7854630715123095 0.00859375 0.009378663540445486
0 0.359375 0.7825322391559203 0.003125 0.004689331770222743
0 0.865625 0.7842907385697538 0.0109375 0.009378663540445486
0 0.214453125 0.7825322391559203 0.00703125 0.008206330597889801
0 0.810546875 0.7828253223915592 0.01171875 0.00996483001172333
0 0.28046875 0.7801875732708089 0.0046875 0.005861664712778429
0 0.688671875 0.779601406799531 0.01171875 0.009378663540445486
0 0.784375 0.7728604923798359 0.0125 0.0076201641266119575
0 0.31171875 0.7719812426729191 0.0078125 0.007033997655334115
0 0.334765625 0.7711019929660023 0.01171875 0.0076201641266119575
0 0.566015625 0.7696365767878077 0.01015625 0.010550996483001172
0 0.751171875 0.7669988276670574 0.01171875 0.00996483001172333
0 0.26328125 0.7640679953106683 0.009375 0.005275498241500586
0 0.3640625 0.7634818288393904 0.0109375 0.005275498241500586
0 0.29140625 0.7617233294255569 0.0015625 0.0029308323563892145
0 0.67734375 0.7617233294255569 0.0078125 0.008792497069167644
0 0.720703125 0.7599648300117233 0.01171875 0.0076201641266119575
0 0.345703125 0.7543962485345839 0.00234375 0.0023446658851113715
0 0.6984375 0.7552754982415005 0.0125 0.00996483001172333
0 0.7859375 0.7543962485345839 0.0125 0.009378663540445486
0 0.31796875 0.7517584994138335 0.0078125 0.005275498241500586
0 0.658203125 0.7529308323563892 0.01015625 0.00996483001172333
0 0.246875 0.7476553341148886 0.0109375 0.006447831184056272
0 0.272265625 0.746189917936694 0.00859375 0.007033997655334115
0 0.394921875 0.7447245017584995 0.00546875 0.006447831184056272
0 0.86953125 0.7456037514654161 0.0125 0.009378663540445486
0 0.720703125 0.7415005861664713 0.01171875 0.009378663540445486
0 0.298828125 0.738862837045721 0.01015625 0.0076201641266119575
0 0.349609375 0.7353458382180539 0.00234375 0.0029308323563892145
0 0.375390625 0.7341735052754983 0.00078125 0.0017584994138335288
0 0.820703125 0.7362250879249707 0.01171875 0.009378663540445486
0 0.448828125 0.734759671746776 0.01171875 0.008792497069167644
0 0.323828125 0.7332942555685815 0.00859375 0.007033997655334115
0 0.25859375 0.731242672919109 0.0109375 0.0076201641266119575
0 0.8015625 0.7247948417350527 0.0125 0.0076201641266119575
0 0.281640625 0.7233294255568582 0.01171875 0.007033997655334115
0 0.853125 0.7206916764361079 0.0078125 0.0076201641266119575
0 0.2296875 0.7209847596717468 0.0109375 0.008206330597889801
0 0.341015625 0.7180539273153576 0.01171875 0.005861664712778429
0 0.306640625 0.7165885111371629 0.00546875 0.005275498241500586
0 0.161328125 0.7139507620164126 0.01328125 0.007033997655334115
0 0.830078125 0.7124853458382181 0.00546875 0.005275498241500586
0 0.740234375 0.7145369284876905 0.01171875 0.009378663540445486
0 0.203515625 0.7110199296600235 0.01328125 0.007033997655334115
0 0.5765625 0.7098475967174678 0.0078125 0.005861664712778429
0 0.253125 0.7104337631887456 0.0125 0.007033997655334115
0 0.802734375 0.7069167643610785 0.01171875 0.008206330597889801
0 0.7703125 0.7069167643610785 0.009375 0.008206330597889801
0 0.658203125 0.7060375146541618 0.01171875 0.008792497069167644
0 0.399609375 0.7039859320046893 0.01171875 0.007033997655334115
0 0.327734375 0.7031066822977726 0.01015625 0.005275498241500586
0 0.2828125 0.7007620164126612 0.0125 0.005275498241500586
0 0.847265625 0.7004689331770223 0.00859375 0.007033997655334115
0 0.557421875 0.6981242672919109 0.01015625 0.007033997655334115
0 0.351953125 0.6981242672919109 0.01171875 0.007033997655334115
0 0.185546875 0.6981242672919109 0.01171875 0.007033997655334115
0 0.535546875 0.697831184056272 0.00546875 0.0076201641266119575
0 0.235546875 0.6972450175849941 0.01015625 0.0076201641266119575
0 0.31015625 0.6925556858147714 0.00625 0.004103165298944901
0 0.7890625 0.6931418522860492 0.0109375 0.0076201641266119575
0 0.59375 0.6928487690504103 0.0109375 0.007033997655334115
0 0.2609375 0.6922626025791325 0.0109375 0.007033997655334115
0 0.761328125 0.6907971864009379 0.00546875 0.0076201641266119575
0 0.82734375 0.69021101992966 0.0125 0.008792497069167644
0 0.4109375 0.6872801875732708 0.0125 0.0076201641266119575
0 0.63671875 0.6840562719812426 0.0078125 0.005861664712778429
0 0.573046875 0.6858147713950762 0.01015625 0.009378663540445486
0 0.331640625 0.6831770222743259 0.01171875 0.006447831184056272
0 0.2171875 0.6834701055099648 0.0125 0.007033997655334115
0 0.285546875 0.682590855803048 0.01171875 0.0076201641266119575
0 0.3703125 0.6814185228604924 0.0125 0.0076201641266119575
0 0.86796875 0.6799531066822978 0.0109375 0.009378663540445486
0 0.803515625 0.67936694021102 0.01015625 0.008206330597889801
0 0.7765625 0.679073856975381 0.009375 0.0076201641266119575
0 0.185546875 0.6746776084407972 0.01171875 0.007033997655334115
0 0.308984375 0.6735052754982415 0.01328125 0.008206330597889801
0 0.26328125 0.671746776084408 0.0125 0.005861664712778429
0 0.650390625 0.6723329425556858 0.01171875 0.009378663540445486
0 0.23671875 0.6711606096131302 0.0125 0.007033997655334115
0 0.82421875 0.6714536928487691 0.0109375 0.008792497069167644
0 0.559375 0.6694021101992966 0.0125 0.004689331770222743
0 0.35234375 0.6685228604923799 0.0125 0.0076201641266119575
0 0.396875 0.6658851113716295 0.0109375 0.005861664712778429
0 0.74296875 0.6667643610785463 0.0109375 0.008792497069167644
0 0.164453125 0.6644196951934349 0.01171875 0.0076201641266119575
0 0.7671875 0.6632473622508792 0.009375 0.008792497069167644
0 0.287890625 0.6632473622508792 0.01171875 0.008792497069167644
0 0.329296875 0.6617819460726846 0.01328125 0.007033997655334115
0 0.797265625 0.6620750293083235 0.01171875 0.008792497069167644
0 0.465625 0.6594372801875733 0.0109375 0.007033997655334115
0 0.887890625 0.6585580304806565 0.00703125 0.006447831184056272
0 0.376171875 0.6556271981242673 0.01328125 0.006447831184056272
0 0.22578125 0.6541617819460727 0.0125 0.005861664712778429
0 0.6890625 0.6553341148886284 0.0125 0.009378663540445486
0 0.266015625 0.652989449003517 0.01171875 0.008206330597889801
0 0.30859375 0.652696365767878 0.0125 0.00996483001172333
0 0.866015625 0.6503516998827668 0.01171875 0.008792497069167644
0 0.73515625 0.6483001172332943 0.009375 0.005861664712778429
0 0.353125 0.6491793669402111 0.0125 0.008792497069167644
0 0.399609375 0.6480070339976554 0.01171875 0.0076201641266119575
0 0.651171875 0.6477139507620164 0.01171875 0.009378663540445486
0 0.821484375 0.6450762016412661 0.01171875 0.008792497069167644
0 0.584765625 0.6439038686987104 0.01171875 0.008792497069167644
0 0.24609375 0.6427315357561547 0.0125 0.006447831184056272
0 0.33046875 0.641559202813599 0.0125 0.006447831184056272
0 0.287109375 0.6418522860492379 0.01328125 0.007033997655334115
0 0.4484375 0.6406799531066822 0.009375 0.005861664712778429
0 0.1953125 0.6400937866354045 0.0078125 0.005861664712778429
0 0.845703125 0.6409730363423212 0.01171875 0.008792497069167644
0 0.362890625 0.6351113716295428 0.00234375 0.0017584994138335288
0 0.371875 0.6356975381008206 0.00625 0.004103165298944901
0 0.219921875 0.6356975381008206 0.01015625 0.006447831184056272
0 0.778125 0.6327667057444314 0.0046875 0.0029308323563892145
0 0.8875 0.6310082063305978 0.0078125 0.008792497069167644
0 0.601953125 0.63042203985932 0.01171875 0.008792497069167644
0 0.26484375 0.6289566236811255 0.0125 0.007033997655334115
0 0.438671875 0.6260257913247362 0.01171875 0.0035169988276670576
0 0.3453125 0.6257327080890973 0.0125 0.006447831184056272
0 0.3203125 0.6251465416178195 0.0125 0.0076201641266119575
0 0.143359375 0.6251465416178195 0.01328125 0.0076201641266119575
0 0.241015625 0.6233880422039859 0.00859375 0.005275498241500586
0 0.294921875 0.6236811254396248 0.01171875 0.007033997655334115
0 0.854296875 0.6178194607268465 0.01171875 0.009378663540445486
0 0.4171875 0.6172332942555686 0.0125 0.008206330597889801
0 0.365625 0.6160609613130129 0.0125 0.007033997655334115
0 0.780859375 0.6131301289566237 0.01015625 0.008206330597889801
0 0.275 0.6104923798358733 0.0125 0.006447831184056272
0 0.22265625 0.6099062133645955 0.009375 0.005275498241500586
0 0.63515625 0.6081477139507621 0.0125 0.006447831184056272
0 0.8359375 0.6075615474794842 0.009375 0.0076201641266119575
0 0.444140625 0.6066822977725674 0.01171875 0.008206330597889801
0 0.248046875 0.6052168815943728 0.01171875 0.006447831184056272
0 0.19921875 0.6034583821805393 0.0125 0.005275498241500586
0 0.17265625 0.6049237983587339 0.0125 0.008206330597889801
0 0.308984375 0.6025791324736225 0.01328125 0.007033997655334115
0 0.36328125 0.597303634232122 0.0125 0.007033997655334115
0 0.8546875 0.5955451348182884 0.00625 0.007033997655334115
0 0.26796875 0.593200468933177 0.0125 0.005861664712778429
0 0.22109375 0.5899765533411488 0.009375 0.005275498241500586
0 0.69765625 0.5861664712778429 0.0125 0.008206330597889801
0 0.196484375 0.5847010550996483 0.01328125 0.006447831184056272
0 0.245703125 0.5852872215709262 0.01328125 0.008792497069167644
0 0.870703125 0.5847010550996483 0.00859375 0.008792497069167644
0 0.83671875 0.5835287221570926 0.0109375 0.008792497069167644
0 0.1609375 0.582063305978898 0.0125 0.007033997655334115
0 0.41171875 0.5814771395076201 0.0125 0.007033997655334115
0 0.89140625 0.5762016412661196 0.0078125 0.008206330597889801
0 0.523046875 0.5759085580304807 0.01171875 0.008792497069167644
0 0.270703125 0.574736225087925 0.01328125 0.006447831184056272
0 0.761328125 0.5718053927315357 0.00859375 0.006447831184056272
0 0.308203125 0.570926143024619 0.01171875 0.007033997655334115
0 0.796875 0.57063305978898 0.009375 0.0076201641266119575
0 0.182421875 0.5682883939038686 0.01171875 0.006447831184056272
0 0.819921875 0.567409144196952 0.00859375 0.007033997655334115
0 0.20859375 0.5647713950762017 0.00625 0.005275498241500586
0 0.2359375 0.5641852286049238 0.0109375 0.006447831184056272
0 0.36171875 0.5624267291910903 0.0125 0.0076201641266119575
0 0.333203125 0.55978898007034 0.00390625 0.004689331770222743
0 0.281640625 0.55978898007034 0.01328125 0.005861664712778429
0 0.153125 0.5580304806565064 0.0125 0.005861664712778429
0 0.40625 0.5574443141852286 0.0125 0.007033997655334115
0 0.838671875 0.5527549824150059 0.00546875 0.004689331770222743
0 0.258203125 0.5518757327080891 0.00859375 0.005275498241500586
0 0.1921875 0.5504103165298945 0.0125 0.005861664712778429
0 0.38125 0.5501172332942555 0.0125 0.006447831184056272
0 0.796484375 0.5489449003516998 0.00859375 0.006447831184056272
0 0.220703125 0.5486518171160609 0.01171875 0.007033997655334115
0 0.460546875 0.5422039859320047 0.01171875 0.008206330597889801
0 0.335546875 0.5413247362250879 0.01171875 0.006447831184056272
0 0.265234375 0.537221570926143 0.00078125 0.0005861664712778429
0 0.72890625 0.5392731535756154 0.009375 0.005861664712778429
0 0.274609375 0.5378077373974208 0.00703125 0.004103165298944901
0 0.29765625 0.5383939038686987 0.0125 0.006447831184056272
0 0.846484375 0.5386869871043376 0.01328125 0.008206330597889801
0 0.155078125 0.5357561547479485 0.01015625 0.005861664712778429
0 0.238671875 0.5348769050410317 0.01328125 0.006447831184056272
0 0.41875 0.5339976553341149 0.0125 0.008206330597889801
0 0.206640625 0.5328253223915592 0.01171875 0.005861664712778429
0 0.17890625 0.5254982415005862 0.009375 0.005275498241500586
0 0.470703125 0.5240328253223916 0.01015625 0.005861664712778429
0 0.75390625 0.5231535756154748 0.0109375 0.0076201641266119575
0 0.136328125 0.5216881594372802 0.00859375 0.004689331770222743
0 0.8609375 0.5231535756154748 0.009375 0.008792497069167644
0 0.6265625 0.5228604923798359 0.0109375 0.008206330597889801
0 0.8375 0.522274325908558 0.009375 0.008206330597889801
0 0.535546875 0.5219812426729191 0.01171875 0.008792497069167644
0 0.2890625 0.522274325908558 0.0125 0.009378663540445486
0 0.71875 0.5205158264947245 0.0109375 0.008206330597889801
0 0.573828125 0.5155334114888629 0.01171875 0.0076201641266119575
0 0.22734375 0.5155334114888629 0.0125 0.0076201641266119575
0 0.81484375 0.5137749120750293 0.0109375 0.0076201641266119575
0 0.398046875 0.511137162954279 0.01171875 0.007033997655334115
0 0.422265625 0.5105509964830012 0.01171875 0.007033997655334115
0 0.376953125 0.5090855803048066 0.00703125 0.004103165298944901
0 0.368359375 0.507327080890973 0.00078125 0.0005861664712778429
0 0.185546875 0.5070339976553341 0.01171875 0.005861664712778429
0 0.149609375 0.5049824150058617 0.01171875 0.006447831184056272
0 0.863671875 0.5055685814771395 0.01015625 0.008792497069167644
0 0.7828125 0.5011723329425557 0.0109375 0.007033997655334115
0 0.88515625 0.5011723329425557 0.0125 0.008206330597889801
0 0.2875 0.4997069167643611 0.0125 0.006447831184056272
0 0.538671875 0.4976553341148886 0.01015625 0.005861664712778429
0 0.4171875 0.49501758499413834 0.003125 0.0017584994138335288
0 0.16953125 0.4944314185228605 0.0015625 0.0005861664712778429
0 0.337890625 0.4970691676436108 0.01328125 0.007033997655334115
0 0.420703125 0.49296600234466587 0.00078125 0.0011723329425556857
0 0.1640625 0.49296600234466587 0.003125 0.0023446658851113715
0 0.840234375 0.4944314185228605 0.01328125 0.008792497069167644
0 0.173046875 0.49208675263774915 0.00390625 0.004103165298944901
0 0.390625 0.4932590855803048 0.0125 0.0076201641266119575
0 0.264453125 0.492379835873388 0.01328125 0.005861664712778429
0 0.23359375 0.4932590855803048 0.0140625 0.0076201641266119575
0 0.194921875 0.4894490035169988 0.01171875 0.005861664712778429
0 0.803125 0.48974208675263775 0.009375 0.008792497069167644
0 0.3578125 0.48563892145369286 0.0125 0.0076201641266119575
0 0.321484375 0.4824150058616647 0.01171875 0.007033997655334115
0 0.466015625 0.48212192262602577 0.01171875 0.0076201641266119575
0 0.821484375 0.4791910902696366 0.01015625 0.008792497069167644
0 0.215234375 0.4780187573270809 0.01328125 0.0076201641266119575
0 0.39921875 0.47596717467760846 0.0109375 0.007033997655334115
0 0.444921875 0.47362250879249707 0.01015625 0.005861664712778429
0 0.2671875 0.473915592028136 0.0125 0.006447831184056272
0 0.24140625 0.47362250879249707 0.0140625 0.005861664712778429
0 0.657421875 0.4730363423212192 0.01171875 0.007033997655334115
0 0.713671875 0.4727432590855803 0.01171875 0.008792497069167644
0 0.8421875 0.47215709261430244 0.0109375 0.008792497069167644
0 0.68125 0.4718640093786635 0.0109375 0.008206330597889801
0 0.3421875 0.47010550996483 0.0109375 0.005861664712778429
0 0.503125 0.47039859320046895 0.0125 0.0076201641266119575
0 0.801953125 0.47039859320046895 0.01015625 0.008792497069167644
0 0.869921875 0.46922626025791325 0.00859375 0.0076201641266119575
0 0.306640625 0.46805392731535755 0.01328125 0.0076201641266119575
0 0.42109375 0.46688159437280186 0.0125 0.006447831184056272
0 0.780078125 0.4657092614302462 0.01015625 0.008792497069167644
0 0.621484375 0.46248534583821804 0.01171875 0.007033997655334115
0 0.465234375 0.46160609613130127 0.01015625 0.005275498241500586
0 0.576171875 0.46277842907385697 0.01171875 0.008792497069167644
0 0.891015625 0.4621922626025791 0.00859375 0.008792497069167644
0 0.184375 0.45838218053927315 0.0125 0.007033997655334115
0 0.39765625 0.4563305978898007 0.0109375 0.006447831184056272
0 0.726953125 0.4566236811254396 0.01015625 0.008206330597889801
0 0.487890625 0.45603751465416176 0.01171875 0.007033997655334115
0 0.2484375 0.45603751465416176 0.0125 0.007033997655334115
0 0.287109375 0.4525205158264947 0.00078125 0.0011723329425556857
0 0.849609375 0.4522274325908558 0.00703125 0.0017584994138335288
0 0.4421875 0.4545720984759672 0.0125 0.006447831184056272
0 0.35234375 0.4533997655334115 0.0078125 0.004103165298944901
0 0.297265625 0.45281359906213364 0.00546875 0.005275498241500586
0 0.596875 0.45310668229777257 0.0125 0.007033997655334115
0 0.51953125 0.45164126611957794 0.0109375 0.005275498241500586
0 0.798046875 0.45281359906213364 0.01171875 0.008792497069167644
0 0.873046875 0.451348182883939 0.00859375 0.007033997655334115
0 0.75 0.451348182883939 0.0109375 0.009378663540445486
0 0.5484375 0.44958968347010553 0.0125 0.007033997655334115
0 0.82734375 0.44988276670574445 0.0125 0.008792497069167644
0 0.41953125 0.44871043376318875 0.0125 0.0076201641266119575
0 0.469140625 0.44636576787807736 0.01171875 0.004103165298944901
0 0.325390625 0.44636576787807736 0.01328125 0.006447831184056272
0 0.378125 0.4449003516998828 0.0125 0.007033997655334115
0 0.89765625 0.44460726846424387 0.009375 0.008792497069167644
0 0.706640625 0.4437280187573271 0.01015625 0.007033997655334115
0 0.569921875 0.4425556858147714 0.01171875 0.008206330597889801
0 0.174609375 0.4428487690504103 0.01484375 0.008792497069167644
0 0.849609375 0.43640093786635403 0.00078125 0.0005861664712778429
0 0.847265625 0.43464243845252054 0.00078125 0.0005861664712778429
0 0.8390625 0.43640093786635403 0.0046875 0.004103165298944901
0 0.844140625 0.43376318874560377 0.00390625 0.0011723329425556857
0 0.787890625 0.4369871043376319 0.00859375 0.0076201641266119575
0 0.400390625 0.43669402110199296 0.01328125 0.007033997655334115
0 0.68515625 0.4369871043376319 0.0109375 0.008792497069167644
0 0.448046875 0.4369871043376319 0.01171875 0.008792497069167644
0 0.241015625 0.4372801875732708 0.01328125 0.010550996483001172
0 0.517578125 0.43347010550996484 0.00859375 0.005275498241500586
0 0.880078125 0.43376318874560377 0.00546875 0.007033997655334115
0 0.8109375 0.4340562719812427 0.0109375 0.008792497069167644
0 0.28359375 0.43259085580304807 0.0109375 0.005861664712778429
0 0.356640625 0.43259085580304807 0.01328125 0.007033997655334115
0 0.488671875 0.4305392731535756 0.01015625 0.005275498241500586
0 0.42421875 0.4305392731535756 0.0125 0.0076201641266119575
0 0.903515625 0.42409144196951937 0.00078125 0.0005861664712778429
0 0.751953125 0.42672919109026963 0.00703125 0.005861664712778429
0 0.3078125 0.42702227432590856 0.0125 0.0076201641266119575
0 0.588671875 0.42555685814771393 0.01015625 0.005861664712778429
0 0.38046875 0.4261430246189918 0.0125 0.008206330597889801
0 0.8984375 0.4220398593200469 0.009375 0.0023446658851113715
0 0.564453125 0.4243845252051583 0.01171875 0.008206330597889801
0 0.333203125 0.42409144196951937 0.01328125 0.0076201641266119575
0 0.26171875 0.42409144196951937 0.0140625 0.0076201641266119575
0 0.858984375 0.42057444314185227 0.00703125 0.0017584994138335288
0 0.77265625 0.42409144196951937 0.0109375 0.008792497069167644
0 0.466796875 0.42379835873388044 0.01171875 0.008206330597889801
0 0.841796875 0.41822977725674093 0.00078125 0.0005861664712778429
0 0.7125 0.42145369284876905 0.009375 0.007033997655334115
0 0.66796875 0.4199882766705744 0.009375 0.005275498241500586
0 0.7953125 0.4211606096131301 0.0109375 0.008792497069167644
0 0.835546875 0.4191090269636577 0.01015625 0.005861664712778429
0 0.63359375 0.4194021101992966 0.0125 0.008792497069167644
0 0.404296875 0.41822977725674093 0.01171875 0.006447831184056272
0 0.444140625 0.41705744431418523 0.01015625 0.005275498241500586
0 0.133984375 0.41735052754982416 0.01328125 0.010550996483001172
0 0.360546875 0.4144196951934349 0.01328125 0.008206330597889801
0 0.877734375 0.414126611957796 0.01171875 0.008792497069167644
0 0.734765625 0.4123681125439625 0.01171875 0.008792497069167644
0 0.2765625 0.41031652989449 0.0125 0.004689331770222743
0 0.483984375 0.40885111371629546 0.01015625 0.005275498241500586
0 0.7578125 0.4097303634232122 0.0109375 0.008206330597889801
0 0.23125 0.41090269636576787 0.0140625 0.010550996483001172
0 0.858984375 0.40533411488862836 0.00078125 0.0005861664712778429
0 0.84765625 0.40650644783118406 0.0015625 0.0029308323563892145
0 0.159375 0.41031652989449 0.0140625 0.010550996483001172
0 0.31328125 0.4091441969519343 0.0125 0.009378663540445486
0 0.696484375 0.4070926143024619 0.01015625 0.0076201641266119575
0 0.4234375 0.406799531066823 0.0109375 0.007033997655334115
0 0.38359375 0.406799531066823 0.0125 0.007033997655334115
0 0.853515625 0.40328253223915594 0.01015625 0.0023446658851113715
0 0.337890625 0.40533411488862836 0.01171875 0.0076201641266119575
0 0.538671875 0.4047479484173505 0.01171875 0.0076201641266119575
0 0.897265625 0.4044548651817116 0.01171875 0.008206330597889801
0 0.8078125 0.40504103165298944 0.009375 0.009378663540445486
0 0.658203125 0.40093786635404455 0.01015625 0.008206330597889801
0 0.4546875 0.4000586166471278 0.0125 0.0076201641266119575
0 0.2109375 0.399179366940211 0.0140625 0.010550996483001172
0 0.59140625 0.39654161781946073 0.0125 0.008792497069167644
0 0.724609375 0.39536928487690504 0.00859375 0.0076201641266119575
0 0.358984375 0.3959554513481829 0.01328125 0.008792497069167644
0 0.294921875 0.39419695193434934 0.01328125 0.006447831184056272
0 0.794921875 0.3906799531066823 0.00078125 0.0005861664712778429
0 0.680859375 0.39449003516998826 0.01015625 0.008206330597889801
0 0.24375 0.39331770222743256 0.0125 0.007033997655334115
0 0.7671875 0.3936107854630715 0.0109375 0.008792497069167644
0 0.407421875 0.391852286049238 0.01171875 0.0076201641266119575
0 0.79140625 0.3883352872215709 0.00625 0.0029308323563892145
0 0.47578125 0.39009378663540445 0.0109375 0.006447831184056272
0 0.269140625 0.3909730363423212 0.01328125 0.009378663540445486
0 0.431640625 0.3892145369284877 0.01171875 0.007033997655334115
0 0.3234375 0.3892145369284877 0.0125 0.007033997655334115
0 0.83203125 0.3895076201641266 0.0109375 0.008792497069167644
0 0.70234375 0.3886283704572098 0.0109375 0.008206330597889801
0 0.382421875 0.3886283704572098 0.01171875 0.008206330597889801
0 0.855859375 0.3886283704572098 0.01171875 0.009378663540445486
0 0.747265625 0.3877491207502931 0.00546875 0.0076201641266119575
0 0.903515625 0.3874560375146542 0.01171875 0.008206330597889801
0 0.881640625 0.384232121922626 0.01328125 0.008792497069167644
0 0.81015625 0.384232121922626 0.0125 0.008792497069167644
0 0.62109375 0.3830597889800703 0.0109375 0.008792497069167644
0 0.512890625 0.3824736225087925 0.01171875 0.0076201641266119575
0 0.455078125 0.38188745603751467 0.01171875 0.008792497069167644
0 0.226171875 0.3786635404454865 0.01015625 0.005861664712778429
0 0.59765625 0.3786635404454865 0.0109375 0.008206330597889801
0 0.574609375 0.3783704572098476 0.01171875 0.0076201641266119575
0 0.660546875 0.3783704572098476 0.01015625 0.008792497069167644
0 0.721484375 0.37749120750293086 0.01015625 0.008206330597889801
0 0.778515625 0.3766119577960141 0.01015625 0.008792497069167644
0 0.68359375 0.37602579132473624 0.0109375 0.0076201641266119575
0 0.363671875 0.3766119577960141 0.01171875 0.008792497069167644
0 0.30390625 0.37602579132473624 0.0125 0.0076201641266119575
0 0.25234375 0.3766119577960141 0.0140625 0.00996483001172333
0 0.3375 0.373094958968347 0.0109375 0.005275498241500586
0 0.41640625 0.37397420867526376 0.0125 0.008206330597889801
0 0.484375 0.373094958968347 0.0125 0.0076201641266119575
0 0.278515625 0.37280187573270807 0.01328125 0.009378663540445486
0 0.7546875 0.3710433763188746 0.0109375 0.008206330597889801
0 0.3921875 0.3710433763188746 0.0125 0.008206330597889801
0 0.861328125 0.37075029308323565 0.01171875 0.008792497069167644
0 0.8390625 0.37075029308323565 0.0125 0.008792497069167644
0 0.9 0.3698710433763189 0.009375 0.008206330597889801
0 0.70625 0.36518171160609614 0.0046875 0.004689331770222743
0 0.6421875 0.36547479484173506 0.009375 0.005275498241500586
0 0.439453125 0.3669402110199297 0.01171875 0.009378663540445486
0 0.800390625 0.3660609613130129 0.01328125 0.008792497069167644
0 0.507421875 0.3637162954279015 0.00703125 0.005275498241500586
0 0.5328125 0.36400937866354044 0.0109375 0.007033997655334115
0 0.463671875 0.36400937866354044 0.01171875 0.009378663540445486
0 0.733984375 0.36283704572098474 0.01171875 0.008206330597889801
0 0.670703125 0.3613716295427902 0.00859375 0.0076201641266119575
0 0.55703125 0.3616647127784291 0.0109375 0.008206330597889801
0 0.880078125 0.3604923798358734 0.01015625 0.008206330597889801
0 0.2359375 0.3613716295427902 0.0140625 0.00996483001172333
0 0.321875 0.3593200468933177 0.0109375 0.008206330597889801
0 0.37265625 0.35873388042203985 0.0125 0.008206330597889801
0 0.77890625 0.35844079718640093 0.009375 0.008792497069167644
0 0.294921875 0.358147713950762 0.01328125 0.008206330597889801
0 0.601953125 0.35463071512309496 0.01171875 0.008206330597889801
0 0.484765625 0.3540445486518171 0.01171875 0.008206330597889801
0 0.83671875 0.34906213364595545 0.003125 0.0005861664712778429
0 0.90390625 0.3525791324736225 0.0109375 0.008792497069167644
0 0.42109375 0.3516998827667057 0.0109375 0.007033997655334115
0 0.69140625 0.3511137162954279 0.0078125 0.007033997655334115
0 0.62734375 0.3516998827667057 0.0109375 0.008206330597889801
0 0.3953125 0.35140679953106685 0.0125 0.0076201641266119575
0 0.26796875 0.35199296600234464 0.0140625 0.00996483001172333
0 0.862109375 0.34759671746776083 0.00703125 0.0023446658851113715
0 0.6515625 0.3499413833528722 0.0109375 0.008206330597889801
0 0.51875 0.34876905041031653 0.0109375 0.008206330597889801
0 0.351953125 0.34906213364595545 0.01015625 0.008792497069167644
0 0.574609375 0.3473036342321219 0.00546875 0.006447831184056272
0 0.4453125 0.3481828839390387 0.0109375 0.008206330597889801
0 0.798828125 0.34788980070339975 0.01171875 0.008792497069167644
0 0.7140625 0.34466588511137164 0.00625 0.007033997655334115
0 0.736328125 0.3443728018757327 0.00859375 0.0076201641266119575
0 0.548046875 0.3440797186400938 0.01171875 0.008206330597889801
0 0.886328125 0.3429073856975381 0.00703125 0.007033997655334115
0 0.308984375 0.3420281359906213 0.01171875 0.0076201641266119575
0 0.467578125 0.34114888628370454 0.01171875 0.008206330597889801
0 0.377734375 0.33968347010551 0.00546875 0.005275498241500586
0 0.231640625 0.34144196951934347 0.01015625 0.008792497069167644
0 0.779296875 0.3402696365767878 0.00859375 0.008792497069167644
0 0.852734375 0.33499413833528724 0.00078125 0.0005861664712778429
0 0.59296875 0.33704572098475966 0.0109375 0.007033997655334115
0 0.850390625 0.3332356389214537 0.00078125 0.0005861664712778429
0 0.284375 0.3373388042203986 0.0140625 0.008792497069167644
0 0.66875 0.33675263774912073 0.009375 0.008792497069167644
0 0.845703125 0.33264947245017584 0.00546875 0.0017584994138335288
0 0.824609375 0.3361664712778429 0.01171875 0.008792497069167644
0 0.75703125 0.3355803048065651 0.0078125 0.0076201641266119575
0 0.4 0.33411488862837047 0.0078125 0.004689331770222743
0 0.3328125 0.33528722157092616 0.0125 0.008206330597889801
0 0.4921875 0.33411488862837047 0.00625 0.007033997655334115
0 0.6359375 0.33411488862837047 0.0109375 0.008206330597889801
0 0.254296875 0.33499413833528724 0.01328125 0.00996483001172333
0 0.904296875 0.3335287221570926 0.01015625 0.008206330597889801
0 0.69140625 0.33294255568581477 0.0109375 0.007033997655334115
0 0.4484375 0.33147713950762014 0.009375 0.005275498241500586
0 0.56484375 0.3308909730363423 0.0125 0.0076201641266119575
0 0.51484375 0.3305978898007034 0.0109375 0.008206330597889801
0 0.42421875 0.3279601406799531 0.00625 0.0029308323563892145
0 0.729296875 0.3276670574443142 0.00390625 0.0035169988276670576
0 0.61328125 0.3279601406799531 0.0109375 0.0076201641266119575
0 0.7921875 0.32620164126611956 0.0109375 0.008792497069167644
0 0.3578125 0.32620164126611956 0.009375 0.008792497069167644
0 0.882421875 0.32532239155920284 0.01015625 0.008206330597889801
0 0.312109375 0.32415005861664714 0.01015625 0.005861664712778429
0 0.4734375 0.3226846424384525 0.00625 0.005275498241500586
0 0.538671875 0.32297772567409144 0.01171875 0.009378663540445486
0 0.22265625 0.32297772567409144 0.0125 0.009378663540445486
0 0.86015625 0.3215123094958968 0.0109375 0.008792497069167644
0 0.653515625 0.3215123094958968 0.01015625 0.008792497069167644
0 0.7703125 0.32092614302461897 0.009375 0.008792497069167644
0 0.83671875 0.32004689331770225 0.009375 0.008206330597889801
0 0.58515625 0.32004689331770225 0.0109375 0.008206330597889801
0 0.74765625 0.3191676436107855 0.009375 0.0076201641266119575
0 0.33671875 0.31652989449003516 0.003125 0.0023446658851113715
0 0.812109375 0.3182883939038687 0.01171875 0.009378663540445486
0 0.90234375 0.31535756154747946 0.0078125 0.007033997655334115
0 0.694921875 0.3150644783118406 0.00703125 0.006447831184056272
0 0.495703125 0.31535756154747946 0.00703125 0.007033997655334115
0 0.387109375 0.3159437280187573 0.00703125 0.008206330597889801
0 0.24609375 0.3156506447831184 0.0109375 0.008792497069167644
0 0.63125 0.3150644783118406 0.009375 0.008792497069167644
0 0.4578125 0.3141852286049238 0.00625 0.008206330597889801
0 0.4125 0.3115474794841735 0.003125 0.0029308323563892145
0 0.519921875 0.31213364595545134 0.00703125 0.006447831184056272
0 0.56328125 0.3118405627198124 0.0078125 0.007033997655334115
0 0.71796875 0.30978898007034 0.0078125 0.006447831184056272
0 0.43515625 0.30890973036342323 0.003125 0.004689331770222743
0 0.876953125 0.3083235638921454 0.00859375 0.007033997655334115
0 0.2953125 0.30773739742086753 0.0109375 0.005861664712778429
0 0.60625 0.3074443141852286 0.009375 0.0076201641266119575
0 0.365234375 0.3074443141852286 0.00703125 0.0076201641266119575
0 0.676953125 0.30568581477139506 0.00546875 0.006447831184056272
0 0.26953125 0.3071512309495897 0.0125 0.009378663540445486
0 0.783203125 0.305978898007034 0.01015625 0.008206330597889801
0 0.848828125 0.30568581477139506 0.01171875 0.008792497069167644
0 0.76015625 0.3042203985932005 0.009375 0.008206330597889801
0 0.23359375 0.30128956623681125 0.0015625 0.0023446658851113715
0 0.826953125 0.30392731535756157 0.01171875 0.008792497069167644
0 0.541015625 0.30363423212192264 0.00859375 0.008206330597889801
0 0.232421875 0.29923798358733883 0.00078125 0.0005861664712778429
0 0.6484375 0.3018757327080891 0.0078125 0.008206330597889801
0 0.582421875 0.30158264947245017 0.01015625 0.008792497069167644
0 0.458984375 0.2998241500586166 0.00703125 0.005275498241500586
0 0.804296875 0.3007033997655334 0.01171875 0.009378663540445486
0 0.34296875 0.29806565064478313 0.003125 0.004103165298944901
0 0.227734375 0.29689331770222743 0.00546875 0.0017584994138335288
0 0.736328125 0.298651817116061 0.00703125 0.0076201641266119575
0 0.909375 0.29806565064478313 0.009375 0.0076201641266119575
0 0.483203125 0.29835873388042206 0.00859375 0.008206330597889801
0 0.50859375 0.29601406799531066 0.0046875 0.005861664712778429
0 0.316015625 0.29601406799531066 0.00859375 0.005861664712778429
0 0.384375 0.2966002344665885 0.009375 0.008206330597889801
0 0.623828125 0.2951348182883939 0.01015625 0.008792497069167644
0 0.560546875 0.2933763188745604 0.00859375 0.0076201641266119575
0 0.409375 0.29191090269636577 0.00625 0.004689331770222743
0 0.88828125 0.29308323563892147 0.009375 0.008206330597889801
0 0.7140625 0.2924970691676436 0.0078125 0.007033997655334115
0 0.864453125 0.2922039859320047 0.01015625 0.008792497069167644
0 0.283203125 0.29161781946072685 0.01171875 0.0076201641266119575
0 0.690625 0.2898593200468933 0.0078125 0.006447831184056272
0 0.435546875 0.29073856975381007 0.01015625 0.008206330597889801
0 0.668359375 0.2869284876905041 0.00546875 0.0029308323563892145
0 0.601171875 0.2895662368112544 0.00859375 0.008206330597889801
0 0.83984375 0.2889800703399766 0.0109375 0.008206330597889801
0 0.773828125 0.2889800703399766 0.01015625 0.008206330597889801
0 0.53359375 0.2857561547479484 0.0078125 0.0076201641266119575
0 0.361328125 0.28604923798358733 0.00859375 0.008206330597889801
0 0.7515625 0.2854630715123095 0.0078125 0.008206330597889801
0 0.815625 0.2813599062133646 0.003125 0.0011723329425556857
0 0.58125 0.2816529894490035 0.0046875 0.006447831184056272
0 0.4625 0.2825322391559203 0.0078125 0.008206330597889801
0 0.90390625 0.2801875732708089 0.0109375 0.008206330597889801
0 0.485546875 0.27989449003517 0.01015625 0.0076201641266119575
0 0.33125 0.2787221570926143 0.0046875 0.005275498241500586
0 0.79296875 0.27989449003517 0.0125 0.008792497069167644
0 0.7296875 0.2781359906213365 0.0046875 0.006447831184056272
0 0.2328125 0.2790152403282532 0.0109375 0.008206330597889801
0 0.64453125 0.2787221570926143 0.009375 0.008792497069167644
0 0.555078125 0.276084407971864 0.00546875 0.004689331770222743
0 0.877734375 0.2772567409144197 0.01015625 0.008206330597889801
0 0.51171875 0.276084407971864 0.0046875 0.005861664712778429
0 0.39140625 0.2772567409144197 0.009375 0.008206330597889801
0 0.705078125 0.27520515826494724 0.00703125 0.005275498241500586
0 0.621875 0.27520515826494724 0.0078125 0.008792497069167644
0 0.8546875 0.2746189917936694 0.009375 0.008792497069167644
0 0.421875 0.27432590855803046 0.009375 0.008206330597889801
0 0.83203125 0.27139507620164127 0.009375 0.008206330597889801
0 0.59765625 0.26992966002344665 0.0078125 0.0076201641266119575
0 0.5328125 0.26699882766705746 0.0046875 0.005275498241500586
0 0.6671875 0.2675849941383353 0.009375 0.0076201641266119575
0 0.74609375 0.2672919109026964 0.009375 0.008206330597889801
0 0.444921875 0.2675849941383353 0.01015625 0.008792497069167644
0 0.350390625 0.2672919109026964 0.00703125 0.008206330597889801
0 0.809375 0.2672919109026964 0.0109375 0.009378663540445486
0 0.469140625 0.26436107854630714 0.01015625 0.007033997655334115
0 0.314453125 0.26318874560375144 0.00703125 0.005861664712778429
0 0.575390625 0.26289566236811257 0.00546875 0.006447831184056272
0 0.914453125 0.26318874560375144 0.00859375 0.008206330597889801
0 0.891015625 0.2637749120750293 0.01015625 0.009378663540445486
0 0.373828125 0.26260257913247365 0.00859375 0.007033997655334115
0 0.690234375 0.2605509964830012 0.00546875 0.005275498241500586
0 0.405859375 0.2599648300117233 0.00546875 0.004103165298944901
0 0.78828125 0.2620164126611958 0.009375 0.009378663540445486
0 0.7203125 0.2608440797186401 0.00625 0.007033997655334115
0 0.866015625 0.25703399765533413 0.00078125 0.0005861664712778429
0 0.498828125 0.2599648300117233 0.01015625 0.006447831184056272
0 0.868359375 0.2564478311840563 0.00234375 0.0005861664712778429
0 0.634375 0.2593786635404455 0.0078125 0.006447831184056272
0 0.847265625 0.25703399765533413 0.01015625 0.008792497069167644
0 0.55078125 0.2564478311840563 0.009375 0.0076201641266119575
0 0.825390625 0.25381008206330596 0.00859375 0.007033997655334115
0 0.76171875 0.25381008206330596 0.009375 0.008206330597889801
0 0.61015625 0.25381008206330596 0.009375 0.008206330597889801
0 0.333984375 0.25263774912075027 0.00859375 0.005861664712778429
0 0.429296875 0.2532239155920281 0.00703125 0.008206330597889801
0 0.4546875 0.2508792497069168 0.00625 0.004689331770222743
0 0.6578125 0.2514654161781946 0.0078125 0.007033997655334115
0 0.739453125 0.24970691676436108 0.00703125 0.005861664712778429
0 0.35859375 0.24706916764361078 0.0078125 0.005275498241500586
0 0.802734375 0.24824150058616648 0.01015625 0.008792497069167644
0 0.52421875 0.24794841735052756 0.009375 0.008206330597889801
0 0.903515625 0.24765533411488863 0.01015625 0.008792497069167644
0 0.3875 0.24648300117233293 0.00625 0.006447831184056272
0 0.478515625 0.24677608440797186 0.00859375 0.008206330597889801
0 0.717578125 0.24237983587338804 0.00234375 0.0017584994138335288
0 0.569140625 0.2447245017584994 0.01015625 0.006447831184056272
0 0.880859375 0.24531066822977726 0.01015625 0.008792497069167644
0 0.7796875 0.2447245017584994 0.0109375 0.008792497069167644
0 0.693359375 0.24237983587338804 0.00703125 0.0076201641266119575
0 0.858203125 0.24150058616647127 0.01015625 0.009378663540445486
0 0.412890625 0.2391559202813599 0.00703125 0.007033997655334115
0 0.638671875 0.23886283704572098 0.00703125 0.0076201641266119575
0 0.596484375 0.23886283704572098 0.00703125 0.008792497069167644
0 0.5 0.23886283704572098 0.0109375 0.008792497069167644
0 0.834375 0.23388042203985931 0.003125 0.0011723329425556857
0 0.5453125 0.2376905041031653 0.0078125 0.008792497069167644
0 0.4359375 0.23563892145369286 0.0078125 0.007033997655334115
0 0.757421875 0.23593200468933176 0.00703125 0.008792497069167644
0 0.675390625 0.23182883939038687 0.00390625 0.004103165298944901
0 0.814453125 0.2321219226260258 0.00859375 0.005861664712778429
0 0.913671875 0.2309495896834701 0.01015625 0.008206330597889801
0 0.734375 0.23007033997655335 0.0078125 0.0076201641266119575
0 0.6171875 0.23065650644783117 0.0078125 0.008792497069167644
0 0.385546875 0.22772567409144198 0.00546875 0.0029308323563892145
0 0.226953125 0.23153575615474795 0.01328125 0.010550996483001172
0 0.891015625 0.22919109026963658 0.01015625 0.008206330597889801
0 0.480078125 0.2283118405627198 0.00859375 0.006447831184056272
0 0.79140625 0.22772567409144198 0.0109375 0.008792497069167644
0 0.52421875 0.22801875732708088 0.0078125 0.009378663540445486
0 0.577734375 0.22626025791324736 0.00703125 0.008206330597889801
0 0.852734375 0.22069167643610785 0.00078125 0.0005861664712778429
0 0.707421875 0.22362250879249707 0.00703125 0.006447831184056272
0 0.87109375 0.2212778429073857 0.009375 0.006447831184056272
0 0.850390625 0.21893317702227433 0.00390625 0.0017584994138335288
0 0.643359375 0.22069167643610785 0.00859375 0.0076201641266119575
0 0.457421875 0.2198124267291911 0.00703125 0.007033997655334115
0 0.76875 0.22010550996483 0.009375 0.008792497069167644
0 0.40703125 0.21951934349355218 0.009375 0.0076201641266119575
0 0.6 0.21805392731535755 0.0046875 0.005861664712778429
0 0.5453125 0.21893317702227433 0.00625 0.0076201641266119575
0 0.501171875 0.2186400937866354 0.01015625 0.008206330597889801
0 0.826953125 0.21688159437280188 0.00859375 0.008206330597889801
0 0.4328125 0.2160023446658851 0.0078125 0.0076201641266119575
0 0.666015625 0.21453692848769051 0.00703125 0.008206330597889801
0 0.566015625 0.21072684642438452 0.00234375 0.0029308323563892145
0 0.622265625 0.21189917936694022 0.00703125 0.0076201641266119575
0 0.891015625 0.21072684642438452 0.01015625 0.0076201641266119575
0 0.73046875 0.2104337631887456 0.00625 0.007033997655334115
0 0.346484375 0.208968347010551 0.00390625 0.004103165298944901
0 0.22890625 0.21101992966002345 0.0078125 0.009378663540445486
0 0.689453125 0.20750293083235638 0.00390625 0.0035169988276670576
0 0.38203125 0.20691676436107856 0.003125 0.0023446658851113715
0 0.52265625 0.20926143024618993 0.009375 0.008206330597889801
0 0.807421875 0.2077960140679953 0.00703125 0.006447831184056272
0 0.784765625 0.20603751465416179 0.00546875 0.005275498241500586
0 0.751953125 0.2063305978898007 0.01015625 0.007033997655334115
0 0.4765625 0.20603751465416179 0.0078125 0.0076201641266119575
0 0.8484375 0.20310668229777257 0.009375 0.0076201641266119575
0 0.41328125 0.20105509964830012 0.0078125 0.004689331770222743
0 0.870703125 0.2022274325908558 0.01015625 0.008206330597889801
0 0.64765625 0.2022274325908558 0.00625 0.008206330597889801
0 0.587890625 0.2007620164126612 0.00546875 0.006447831184056272
0 0.544921875 0.20017584994138335 0.00703125 0.005275498241500586
0 0.5015625 0.20046893317702227 0.00625 0.005861664712778429
0 0.828515625 0.19490035169988276 0.00078125 0.0005861664712778429
0 0.826171875 0.1943141852286049 0.00234375 0.0005861664712778429
0 0.4375 0.1969519343493552 0.00625 0.005861664712778429
0 0.66953125 0.1954865181711606 0.00625 0.0076201641266119575
0 0.609375 0.1954865181711606 0.009375 0.0076201641266119575
0 0.76640625 0.19284876905041032 0.009375 0.007033997655334115
0 0.521875 0.19050410316529895 0.003125 0.0023446658851113715
0 0.890625 0.1925556858147714 0.009375 0.0076201641266119575
0 0.566796875 0.19050410316529895 0.00546875 0.005861664712778429
0 0.789453125 0.18962485345838218 0.00703125 0.006447831184056272
0 0.74609375 0.18874560375146543 0.0046875 0.005861664712778429
0 0.690625 0.18640093786635403 0.0046875 0.0035169988276670576
0 0.47578125 0.18698710433763188 0.00625 0.004689331770222743
0 0.6328125 0.18786635404454866 0.00625 0.0076201641266119575
0 0.811328125 0.1843493552168816 0.01015625 0.0076201641266119575
0 0.9109375 0.18347010550996484 0.009375 0.008206330597889801
0 0.830078125 0.17995310668229778 0.00078125 0.0011723329425556857
0 0.72265625 0.18259085580304807 0.00625 0.006447831184056272
0 0.544921875 0.18112543962485345 0.00390625 0.0035169988276670576
0 0.451953125 0.18112543962485345 0.00546875 0.0035169988276670576
0 0.5875 0.1817116060961313 0.00625 0.005861664712778429
0 0.830859375 0.17848769050410315 0.00078125 0.0005861664712778429
0 0.65390625 0.18112543962485345 0.0078125 0.005861664712778429
0 0.49921875 0.18083235638921455 0.0078125 0.006447831184056272
0 0.833203125 0.17672919109026963 0.00078125 0.0005861664712778429
0 0.8359375 0.17614302461899178 0.003125 0.0005861664712778429
0 0.775 0.17672919109026963 0.003125 0.0029308323563892145
0 0.612890625 0.1776084407971864 0.00546875 0.005861664712778429
0 0.881640625 0.17614302461899178 0.00234375 0.005275498241500586
0 0.893359375 0.17262602579132474 0.00078125 0.0005861664712778429
0 0.882421875 0.17262602579132474 0.00078125 0.0005861664712778429
0 0.428515625 0.17321219226260257 0.00390625 0.004103165298944901
0 0.889453125 0.17057444314185227 0.00390625 0.0011723329425556857
0 0.567578125 0.17233294255568582 0.00546875 0.005861664712778429
0 0.7953125 0.1667643610785463 0.003125 0.0005861664712778429
0 0.5234375 0.167936694021102 0.0046875 0.0029308323563892145
0 0.634375 0.16881594372801875 0.0046875 0.005861664712778429
0 0.69375 0.16764361078546308 0.00625 0.007033997655334115
0 0.668359375 0.16471277842907386 0.00390625 0.0023446658851113715
0 0.852734375 0.1652989449003517 0.00859375 0.004689331770222743
0 0.817578125 0.16705744431418523 0.01015625 0.008206330597889801
0 0.597265625 0.1623681125439625 0.00234375 0.0011723329425556857
0 0.50078125 0.15943728018757328 0.003125 0.0011723329425556857
0 0.381640625 0.15943728018757328 0.00390625 0.0035169988276670576
0 0.712109375 0.15767878077373973 0.00703125 0.004689331770222743
0 0.762890625 0.15738569753810083 0.01171875 0.0076201641266119575
0 0.881640625 0.15679953106682298 0.00703125 0.0076201641266119575
0 0.573828125 0.15386869871043377 0.00546875 0.004103165298944901
0 0.6484375 0.15386869871043377 0.0046875 0.005275498241500586
0 0.54921875 0.15181711606096132 0.00625 0.005861664712778429
0 0.7984375 0.1515240328253224 0.009375 0.008792497069167644
0 0.6125 0.14947245017584995 0.003125 0.004689331770222743
0 0.82109375 0.1444900351699883 0.003125 0.0005861664712778429
0 0.90546875 0.14742086752637748 0.0125 0.00996483001172333
0 0.769140625 0.14302461899179367 0.00078125 0.0011723329425556857
0 0.665625 0.14126611957796015 0.0015625 0.0011723329425556857
0 0.474609375 0.1421453692848769 0.00390625 0.0029308323563892145
0 0.778515625 0.13862837045720985 0.00078125 0.0005861664712778429
0 0.77578125 0.138042203985932 0.003125 0.0005861664712778429
0 0.7 0.13833528722157093 0.0046875 0.004689331770222743
0 0.8859375 0.13892145369284878 0.009375 0.008206330597889801
0 0.722265625 0.13599062133645956 0.00546875 0.004689331770222743
0 0.83984375 0.138042203985932 0.0125 0.00996483001172333
0 0.599609375 0.13335287221570927 0.00390625 0.005275498241500586
0 0.57421875 0.1310082063305979 0.0015625 0.0017584994138335288
0 0.86328125 0.13335287221570927 0.0109375 0.00996483001172333
0 0.378125 0.12954279015240328 0.003125 0.0035169988276670576
0 0.63359375 0.1271981242672919 0.00625 0.004689331770222743
0 0.817578125 0.11987104337631888 0.00078125 0.0005861664712778429
0 0.816015625 0.11928487690504103 0.00078125 0.0005861664712778429
0 0.353515625 0.11811254396248534 0.00390625 0.0029308323563892145
0 0.7453125 0.11899179366940212 0.009375 0.009378663540445486
0 0.683984375 0.11400937866354044 0.00703125 0.004103165298944901
0 0.413671875 0.11137162954279015 0.00234375 0.0023446658851113715
0 0.37578125 0.11019929660023446 0.003125 0.0023446658851113715
0 0.722265625 0.11107854630715124 0.00703125 0.006447831184056272
0 0.58359375 0.10844079718640094 0.003125 0.0023446658851113715
0 0.557421875 0.10345838218053928 0.00390625 0.004103165298944901
