0 0.258203125 0.9226260257913247 0.00234375 0.0011723329425556857
0 0.233984375 0.914126611957796 0.00078125 0.0005861664712778429
0 0.286328125 0.9182297772567409 0.01171875 0.00996483001172333
0 0.225390625 0.9109026963657679 0.00546875 0.0023446658851113715
0 0.256640625 0.9056271981242673 0.00546875 0.004689331770222743
0 0.374609375 0.9018171160609613 0.01015625 0.0076201641266119575
0 0.55390625 0.8906799531066822 0.0125 0.011137162954279016
0 0.223046875 0.8830597889800703 0.00078125 0.0005861664712778429
0 0.222265625 0.8818874560375146 0.00078125 0.0005861664712778429
0 0.21328125 0.8801289566236812 0.003125 0.0017584994138335288
0 0.70546875 0.8795427901524033 0.0125 0.011137162954279016
0 0.376953125 0.873094958968347 0.00703125 0.004103165298944901
0 0.324609375 0.8710433763188745 0.00703125 0.005861664712778429
0 0.603515625 0.8722157092614302 0.01171875 0.010550996483001172
0 0.565625 0.8686987104337632 0.0125 0.010550996483001172
0 0.409765625 0.8645955451348183 0.00390625 0.0023446658851113715
0 0.6375 0.8678194607268465 0.0125 0.00996483001172333
0 0.403515625 0.8628370457209847 0.00703125 0.0023446658851113715
0 0.669140625 0.8645955451348183 0.01171875 0.010550996483001172
0 0.45234375 0.8593200468933178 0.0078125 0.008206330597889801
0 0.223046875 0.8549237983587339 0.00546875 0.0029308323563892145
0 0.3734375 0.8563892145369285 0.0125 0.007033997655334115
0 0.652734375 0.854337631887456 0.00703125 0.006447831184056272
0 0.615234375 0.8560961313012896 0.00859375 0.00996483001172333
0 0.3421875 0.8555099648300117 0.0125 0.00996483001172333
0 0.271875 0.8525791324736225 0.0125 0.006447831184056272
0 0.251953125 0.8464243845252052 0.00546875 0.004689331770222743
0 0.41171875 0.847303634232122 0.0125 0.00996483001172333
0 0.483203125 0.8396834701055099 0.01171875 0.008792497069167644
0 0.51328125 0.839390386869871 0.0125 0.010550996483001172
0 0.665625 0.8388042203985931 0.0125 0.010550996483001172
0 0.619140625 0.835873388042204 0.01171875 0.008206330597889801
0 0.32734375 0.8291324736225087 0.0015625 0.0005861664712778429
0 0.334375 0.8294255568581477 0.009375 0.005861664712778429
0 0.28984375 0.828253223915592 0.0125 0.008206330597889801
0 0.46484375 0.8279601406799532 0.0125 0.011137162954279016
0 0.38046875 0.8259085580304807 0.0109375 0.010550996483001172
0 0.4984375 0.8244431418522861 0.0125 0.00996483001172333
0 0.70546875 0.8194607268464243 0.0125 0.008206330597889801
0 0.630078125 0.8197538100820633 0.01171875 0.008792497069167644
0 0.313671875 0.8144783118405627 0.00234375 0.0029308323563892145
0 0.33515625 0.8109613130128956 0.0125 0.00996483001172333
0 0.24453125 0.8074443141852286 0.0125 0.006447831184056272
0 0.2234375 0.8048065650644783 0.0015625 0.0023446658851113715
0 0.6796875 0.8074443141852286 0.0125 0.00996483001172333
0 0.220703125 0.802168815943728 0.00078125 0.0005861664712778429
0 0.21640625 0.8012895662368112 0.00625 0.0023446658851113715
0 0.721875 0.8039273153575616 0.0109375 0.008792497069167644
0 0.56484375 0.802168815943728 0.0125 0.011137162954279016
0 0.701953125 0.7995310668229777 0.00546875 0.008206330597889801
0 0.64921875 0.8001172332942555 0.0125 0.010550996483001172
0 0.36171875 0.7957209847596718 0.0078125 0.0029308323563892145
0 0.3203125 0.7960140679953107 0.0125 0.010550996483001172
0 0.23515625 0.7924970691676436 0.0078125 0.005861664712778429
0 0.623046875 0.7933763188745604 0.01015625 0.011137162954279016
0 0.71875 0.7863423212192263 0.009375 0.006447831184056272
0 0.491796875 0.7866354044548651 0.01171875 0.010550996483001172
0 0.53515625 0.7828253223915592 0.0125 0.005275498241500586
0 0.264453125 0.7848769050410317 0.01328125 0.009378663540445486
0 0.2875 0.7804806565064478 0.0125 0.008792497069167644
0 0.664453125 0.7804806565064478 0.01171875 0.00996483001172333
0 0.57734375 0.7807737397420867 0.0125 0.010550996483001172
0 0.35625 0.7793083235638921 0.0125 0.00996483001172333
0 0.38046875 0.7731535756154748 0.00625 0.005861664712778429
0 0.23046875 0.7737397420867527 0.0046875 0.007033997655334115
0 0.643359375 0.7743259085580305 0.01171875 0.010550996483001172
0 0.188671875 0.772274325908558 0.01171875 0.008792497069167644
0 0.404296875 0.7713950762016413 0.00703125 0.008206330597889801
0 0.740625 0.7716881594372802 0.0125 0.00996483001172333
0 0.51953125 0.768464243845252 0.00625 0.004689331770222743
0 0.432421875 0.7713950762016413 0.01171875 0.010550996483001172
0 0.2546875 0.768464243845252 0.0125 0.009378663540445486
0 0.715234375 0.7675849941383353 0.01328125 0.008792497069167644
0 0.840234375 0.7646541617819461 0.01328125 0.00996483001172333
0 0.785546875 0.7640679953106683 0.01328125 0.00996483001172333
0 0.284375 0.7628956623681126 0.0078125 0.0076201641266119575
0 0.6609375 0.7596717467760844 0.0125 0.008206330597889801
0 0.332421875 0.7558616647127784 0.01171875 0.008792497069167644
0 0.3078125 0.7558616647127784 0.0109375 0.00996483001172333
0 0.758984375 0.7541031652989449 0.01328125 0.008792497069167644
0 0.506640625 0.7543962485345839 0.01171875 0.009378663540445486
0 0.37421875 0.7546893317702228 0.0125 0.00996483001172333
0 0.24140625 0.7541031652989449 0.0109375 0.008792497069167644
0 0.400390625 0.7488276670574443 0.00546875 0.006447831184056272
0 0.267578125 0.7491207502930832 0.00703125 0.008206330597889801
0 0.63203125 0.7494138335287222 0.0125 0.00996483001172333
0 0.72578125 0.7488276670574443 0.0125 0.00996483001172333
0 0.42265625 0.7429660023446659 0.0125 0.006447831184056272
0 0.35390625 0.7447245017584995 0.0125 0.00996483001172333
0 0.289453125 0.7435521688159438 0.01171875 0.00996483001172333
0 0.69296875 0.7420867526377491 0.0125 0.009378663540445486
0 0.656640625 0.7420867526377491 0.01171875 0.009378663540445486
0 0.766015625 0.7376905041031653 0.00078125 0.0017584994138335288
0 0.321875 0.7391559202813599 0.009375 0.007033997655334115
0 0.21953125 0.7365181711606096 0.0109375 0.008792497069167644
0 0.759375 0.7338804220398594 0.0125 0.004689331770222743
0 0.249609375 0.7365181711606096 0.01171875 0.00996483001172333
0 0.640234375 0.7306565064478312 0.01171875 0.00996483001172333
0 0.84375 0.7262602579132473 0.0125 0.009378663540445486
0 0.6828125 0.7265533411488863 0.0109375 0.00996483001172333
0 0.426171875 0.7256740914419695 0.01171875 0.009378663540445486
0 0.3390625 0.7227432590855803 0.0109375 0.007033997655334115
0 0.281640625 0.7221570926143025 0.01171875 0.009378663540445486
0 0.235546875 0.7218640093786636 0.01171875 0.008792497069167644
0 0.662109375 0.7195193434935522 0.01171875 0.00996483001172333
0 0.20703125 0.7195193434935522 0.0125 0.00996483001172333
0 0.31328125 0.7171746776084408 0.0125 0.006447831184056272
0 0.794140625 0.716295427901524 0.01328125 0.007033997655334115
0 0.549609375 0.7168815943728019 0.01171875 0.009378663540445486
0 0.3921875 0.7095545134818289 0.0125 0.00996483001172333
0 0.775 0.7063305978898007 0.0125 0.008206330597889801
0 0.249609375 0.7063305978898007 0.01328125 0.008206330597889801
0 0.225 0.7048651817116061 0.0125 0.00996483001172333
0 0.825390625 0.7010550996483002 0.01015625 0.009378663540445486
0 0.27421875 0.6995896834701055 0.0109375 0.0076201641266119575
0 0.187109375 0.6969519343493552 0.01171875 0.009378663540445486
0 0.65 0.6951934349355217 0.0125 0.009378663540445486
0 0.336328125 0.6934349355216881 0.01328125 0.009378663540445486
0 0.801953125 0.6928487690504103 0.00859375 0.009378663540445486
0 0.3609375 0.6907971864009379 0.0125 0.00996483001172333
0 0.21015625 0.6899179366940211 0.0125 0.009378663540445486
0 0.74140625 0.6887456037514654 0.0125 0.008206330597889801
0 0.77578125 0.6884525205158265 0.0125 0.008792497069167644
0 0.25546875 0.6884525205158265 0.0125 0.00996483001172333
0 0.516796875 0.686400937866354 0.01171875 0.009378663540445486
0 0.81875 0.6811254396248535 0.0140625 0.009378663540445486
0 0.233203125 0.6796600234466589 0.01328125 0.0076201641266119575
0 0.3875 0.6784876905041032 0.0125 0.00996483001172333
0 0.7625 0.6746776084407972 0.009375 0.008206330597889801
0 0.343359375 0.6743845252051582 0.01328125 0.00996483001172333
0 0.73046875 0.6729191090269636 0.0125 0.008206330597889801
0 0.30234375 0.671746776084408 0.0125 0.007033997655334115
0 0.211328125 0.6702813599062134 0.01328125 0.00996483001172333
0 0.682421875 0.6688159437280188 0.01171875 0.009378663540445486
0 0.796484375 0.6682297772567409 0.01328125 0.009378663540445486
0 0.32421875 0.6652989449003517 0.0125 0.007033997655334115
0 0.255859375 0.6664712778429074 0.01328125 0.009378663540445486
0 0.280859375 0.6623681125439624 0.01328125 0.009378663540445486
0 0.77421875 0.6600234466588512 0.0109375 0.009378663540445486
0 0.75 0.6591441969519344 0.0109375 0.008792497069167644
0 0.234375 0.6535756154747948 0.0140625 0.009378663540445486
0 0.197265625 0.652989449003517 0.01328125 0.008206330597889801
0 0.820703125 0.6503516998827668 0.01328125 0.008792497069167644
0 0.3328125 0.6480070339976554 0.0125 0.005275498241500586
0 0.30859375 0.64947245017585 0.0125 0.009378663540445486
0 0.622265625 0.6485932004689332 0.01171875 0.008792497069167644
0 0.733203125 0.6471277842907386 0.01171875 0.008206330597889801
0 0.3640625 0.6477139507620164 0.0125 0.009378663540445486
0 0.257421875 0.6468347010550997 0.01171875 0.00996483001172333
0 0.283984375 0.6439038686987104 0.01328125 0.00996483001172333
0 0.7984375 0.6418522860492379 0.0125 0.009378663540445486
0 0.216796875 0.6403868698710434 0.01328125 0.008792497069167644
0 0.855078125 0.6395076201641267 0.01484375 0.009378663540445486
0 0.7578125 0.6374560375146542 0.0125 0.008792497069167644
0 0.1859375 0.6371629542790153 0.0125 0.009378663540445486
0 0.837109375 0.6315943728018757 0.01328125 0.0076201641266119575
0 0.26796875 0.6307151230949589 0.0140625 0.005861664712778429
0 0.241015625 0.6324736225087925 0.01328125 0.009378663540445486
0 0.302734375 0.6313012895662368 0.01328125 0.009378663540445486
0 0.725390625 0.6307151230949589 0.01171875 0.009378663540445486
0 0.3515625 0.6310082063305978 0.0125 0.00996483001172333
0 0.223046875 0.6228018757327081 0.00859375 0.0076201641266119575
0 0.327734375 0.6225087924970691 0.01328125 0.009378663540445486
0 0.780859375 0.6184056271981243 0.01015625 0.007033997655334115
0 0.754296875 0.6189917936694022 0.01171875 0.008206330597889801
0 0.191015625 0.6181125439624854 0.01171875 0.00996483001172333
0 0.83359375 0.6148886283704572 0.009375 0.007033997655334115
0 0.25078125 0.6160609613130129 0.0125 0.009378663540445486
0 0.276171875 0.6113716295427901 0.01328125 0.008206330597889801
0 0.622265625 0.6087338804220399 0.01171875 0.008792497069167644
0 0.3234375 0.6055099648300117 0.0125 0.007033997655334115
0 0.21015625 0.6037514654161782 0.0125 0.007033997655334115
0 0.298828125 0.6025791324736225 0.01328125 0.009378663540445486
0 0.75625 0.6014067995310668 0.0109375 0.008206330597889801
0 0.234375 0.6002344665885111 0.0109375 0.005861664712778429
0 0.824609375 0.5987690504103166 0.01171875 0.008792497069167644
0 0.59375 0.5967174677608441 0.0125 0.008206330597889801
0 0.2609375 0.5975967174677609 0.0140625 0.00996483001172333
0 0.78984375 0.5952520515826495 0.0078125 0.006447831184056272
0 0.177734375 0.5961313012895663 0.01328125 0.009378663540445486
0 0.35546875 0.5943728018757327 0.0125 0.009378663540445486
0 0.76875 0.5864595545134819 0.0125 0.0076201641266119575
0 0.291796875 0.5849941383352872 0.01328125 0.009378663540445486
0 0.2171875 0.5832356389214537 0.0125 0.007033997655334115
0 0.24296875 0.5835287221570926 0.0125 0.008792497069167644
0 0.33359375 0.582063305978898 0.0125 0.007033997655334115
0 0.726171875 0.5779601406799532 0.01171875 0.008206330597889801
0 0.585546875 0.578253223915592 0.01171875 0.008792497069167644
0 0.26796875 0.5785463071512309 0.0140625 0.009378663540445486
0 0.19453125 0.5773739742086753 0.0140625 0.009378663540445486
0 0.8390625 0.5679953106682297 0.0125 0.008206330597889801
0 0.314453125 0.5677022274325909 0.01328125 0.0076201641266119575
0 0.74375 0.5659437280187574 0.0109375 0.008792497069167644
0 0.248046875 0.563305978898007 0.01328125 0.005861664712778429
0 0.284375 0.5647713950762017 0.0125 0.00996483001172333
0 0.178515625 0.5612543962485346 0.01328125 0.0076201641266119575
0 0.721875 0.5603751465416178 0.0125 0.009378663540445486
0 0.20390625 0.5586166471277842 0.0125 0.007033997655334115
0 0.30625 0.5533411488862837 0.0015625 0.0011723329425556857
0 0.309375 0.5507033997655334 0.0015625 0.0017584994138335288
0 0.782421875 0.5477725674091442 0.01171875 0.006447831184056272
0 0.35 0.5492379835873388 0.0125 0.009378663540445486
0 0.226171875 0.5477725674091442 0.00859375 0.006447831184056272
0 0.2609375 0.5480656506447831 0.0140625 0.008206330597889801
0 0.190234375 0.5416178194607268 0.00078125 0.0011723329425556857
0 0.671875 0.5413247362250879 0.0125 0.008792497069167644
0 0.323828125 0.5395662368112544 0.01328125 0.0076201641266119575
0 0.284765625 0.5407385697538101 0.01328125 0.00996483001172333
0 0.705859375 0.5389800703399765 0.01171875 0.008792497069167644
0 0.614453125 0.5354630715123095 0.01171875 0.008792497069167644
0 0.24296875 0.5342907385697538 0.0140625 0.0076201641266119575
0 0.59140625 0.5325322391559203 0.0125 0.008792497069167644
0 0.437109375 0.5316529894490035 0.01171875 0.007033997655334115
0 0.21796875 0.5313599062133646 0.0140625 0.008792497069167644
0 0.83359375 0.526084407971864 0.009375 0.0076201641266119575
0 0.332421875 0.5240328253223916 0.01328125 0.005861664712778429
0 0.269140625 0.5228604923798359 0.01328125 0.008206330597889801
0 0.307421875 0.5211019929660023 0.01328125 0.009378663540445486
0 0.812109375 0.5178780773739742 0.01171875 0.008792497069167644
0 0.42890625 0.515240328253224 0.0109375 0.008206330597889801
0 0.595703125 0.515240328253224 0.01171875 0.009378663540445486
0 0.283203125 0.5096717467760844 0.00390625 0.0029308323563892145
0 0.29296875 0.5090855803048066 0.0046875 0.004103165298944901
0 0.389453125 0.5102579132473622 0.01328125 0.008792497069167644
0 0.1953125 0.5093786635404455 0.0125 0.007033997655334115
0 0.221484375 0.5070339976553341 0.01328125 0.005861664712778429
0 0.322265625 0.5064478311840562 0.01328125 0.009378663540445486
0 0.3484375 0.5046893317702228 0.0125 0.008206330597889801
0 0.26328125 0.5041031652989449 0.0140625 0.007033997655334115
0 0.826171875 0.5002930832356389 0.01171875 0.008792497069167644
0 0.37109375 0.4985345838218054 0.0125 0.00996483001172333
0 0.303515625 0.49296600234466587 0.01328125 0.007033997655334115
0 0.1859375 0.4915005861664713 0.0125 0.006447831184056272
0 0.76875 0.4912075029308324 0.0109375 0.007033997655334115
0 0.396875 0.492379835873388 0.0125 0.009378663540445486
0 0.278125 0.4894490035169988 0.0125 0.007033997655334115
0 0.326953125 0.48739742086752635 0.01328125 0.0076201641266119575
0 0.253125 0.4876905041031653 0.0125 0.008206330597889801
0 0.351953125 0.48651817116060964 0.01328125 0.008206330597889801
0 0.218359375 0.48446658851113716 0.01328125 0.006447831184056272
0 0.72109375 0.4827080890973036 0.0125 0.008792497069167644
0 0.851953125 0.481535756154748 0.01328125 0.008792497069167644
0 0.441796875 0.4797772567409144 0.01171875 0.006447831184056272
0 0.57421875 0.4797772567409144 0.0125 0.008792497069167644
0 0.37890625 0.4794841735052755 0.0125 0.009378663540445486
0 0.417578125 0.47772567409144195 0.01328125 0.009378663540445486
0 0.7765625 0.4753810082063306 0.0125 0.009378663540445486
0 0.304296875 0.47567409144196954 0.01328125 0.00996483001172333
0 0.235546875 0.4709847596717468 0.01328125 0.0076201641266119575
0 0.26171875 0.47039859320046895 0.0140625 0.008792497069167644
0 0.32734375 0.46805392731535755 0.009375 0.006447831184056272
0 0.35390625 0.46600234466588514 0.0109375 0.005861664712778429
0 0.811328125 0.46658851113716293 0.01171875 0.009378663540445486
0 0.520703125 0.46248534583821804 0.01171875 0.008206330597889801
0 0.850390625 0.4618991793669402 0.01171875 0.008206330597889801
0 0.488671875 0.46131301289566234 0.01171875 0.009378663540445486
0 0.377734375 0.4604337631887456 0.01328125 0.0076201641266119575
0 0.427734375 0.45926143024618993 0.01171875 0.006447831184056272
0 0.284375 0.4604337631887456 0.0140625 0.00996483001172333
0 0.465625 0.4577960140679953 0.0109375 0.007033997655334115
0 0.309765625 0.4575029308323564 0.01328125 0.00996483001172333
0 0.226953125 0.45515826494724504 0.01328125 0.0076201641266119575
0 0.40078125 0.4533997655334115 0.0125 0.006447831184056272
0 0.8296875 0.4522274325908558 0.0125 0.006447831184056272
0 0.33984375 0.45193434935521687 0.0125 0.008206330597889801
0 0.252734375 0.45281359906213364 0.01328125 0.00996483001172333
0 0.87265625 0.45076201641266117 0.0125 0.009378663540445486
0 0.201953125 0.44871043376318875 0.01328125 0.00996483001172333
0 0.739453125 0.4469519343493552 0.01171875 0.008792497069167644
0 0.362890625 0.4451934349355217 0.01328125 0.0076201641266119575
0 0.85234375 0.44343493552168817 0.009375 0.0076201641266119575
0 0.500390625 0.4437280187573271 0.01171875 0.009378663540445486
0 0.31484375 0.44021101992966 0.003125 0.0023446658851113715
0 0.321875 0.44109026963657677 0.0078125 0.005275498241500586
0 0.804296875 0.4413833528722157 0.01328125 0.007033997655334115
0 0.386328125 0.43991793669402113 0.01328125 0.005275498241500586
0 0.2921875 0.4405041031652989 0.0125 0.006447831184056272
0 0.421875 0.4413833528722157 0.0125 0.009378663540445486
0 0.458984375 0.4361078546307151 0.01171875 0.008206330597889801
0 0.72265625 0.43464243845252054 0.0109375 0.0076201641266119575
0 0.343359375 0.43376318874560377 0.01328125 0.008206330597889801
0 0.184765625 0.4343493552168816 0.01484375 0.010550996483001172
0 0.753125 0.432883939038687 0.0125 0.008792497069167644
0 0.836328125 0.42995310668229775 0.01328125 0.006447831184056272
0 0.240625 0.4320046893317702 0.0140625 0.010550996483001172
0 0.865234375 0.42819460726846426 0.01015625 0.008792497069167644
0 0.51328125 0.4284876905041032 0.0125 0.009378663540445486
0 0.36640625 0.4273153575615475 0.0125 0.008206330597889801
0 0.26640625 0.4273153575615475 0.0125 0.008206330597889801
0 0.70078125 0.4264361078546307 0.0125 0.008792497069167644
0 0.775390625 0.425263774912075 0.01171875 0.008792497069167644
0 0.410546875 0.42057444314185227 0.00078125 0.0005861664712778429
0 0.66953125 0.42409144196951937 0.0125 0.008792497069167644
0 0.3890625 0.42145369284876905 0.0109375 0.004689331770222743
0 0.20625 0.4235052754982415 0.0140625 0.00996483001172333
0 0.443359375 0.42145369284876905 0.01171875 0.007033997655334115
0 0.319921875 0.4208675263774912 0.01328125 0.008206330597889801
0 0.2953125 0.41588511137162953 0.0140625 0.008792497069167644
0 0.346484375 0.4155920281359906 0.01328125 0.009378663540445486
0 0.75703125 0.41471277842907384 0.0109375 0.008792497069167644
0 0.5046875 0.41324736225087927 0.009375 0.005861664712778429
0 0.498046875 0.4111957796014068 0.00234375 0.0017584994138335288
0 0.247265625 0.4123681125439625 0.01328125 0.00996483001172333
0 0.60234375 0.40943728018757325 0.0125 0.006447831184056272
0 0.3703125 0.40855803048065653 0.0109375 0.008206330597889801
0 0.6828125 0.4082649472450176 0.0125 0.008792497069167644
0 0.77890625 0.4070926143024619 0.0125 0.008792497069167644
0 0.525390625 0.4026963657678781 0.01171875 0.005861664712778429
0 0.43671875 0.40328253223915594 0.0125 0.007033997655334115
0 0.275 0.4047479484173505 0.0140625 0.00996483001172333
0 0.326953125 0.402989449003517 0.01328125 0.0076201641266119575
0 0.2046875 0.40416178194607266 0.0140625 0.00996483001172333
0 0.876171875 0.40211019929660025 0.01328125 0.009378663540445486
0 0.41171875 0.4006447831184056 0.0125 0.0076201641266119575
0 0.185546875 0.3971277842907386 0.00078125 0.0005861664712778429
0 0.816796875 0.40093786635404455 0.01328125 0.009378663540445486
0 0.35078125 0.39683470105509966 0.0125 0.008206330597889801
0 0.301953125 0.3971277842907386 0.01328125 0.00996483001172333
0 0.3875 0.3962485345838218 0.0125 0.009378663540445486
0 0.184375 0.391852286049238 0.0140625 0.00996483001172333
0 0.2640625 0.38716295427901526 0.0140625 0.00996483001172333
0 0.859765625 0.3862837045720985 0.01328125 0.009378663540445486
0 0.769921875 0.3854044548651817 0.01171875 0.008792497069167644
0 0.212109375 0.38599062133645956 0.01328125 0.00996483001172333
0 0.43671875 0.384232121922626 0.0125 0.0076201641266119575
0 0.321484375 0.3851113716295428 0.01328125 0.009378663540445486
0 0.791796875 0.384232121922626 0.01171875 0.008792497069167644
0 0.746484375 0.384232121922626 0.01171875 0.008792497069167644
0 0.238671875 0.384232121922626 0.01328125 0.00996483001172333
0 0.815625 0.3830597889800703 0.0125 0.008792497069167644
0 0.4609375 0.3824736225087925 0.0125 0.0076201641266119575
0 0.397265625 0.3789566236811254 0.01015625 0.005275498241500586
0 0.28828125 0.380715123094959 0.0140625 0.00996483001172333
0 0.370703125 0.3798358733880422 0.01328125 0.009378663540445486
0 0.3453125 0.3783704572098476 0.0140625 0.008792497069167644
0 0.48984375 0.37514654161781946 0.0125 0.008206330597889801
0 0.514453125 0.37485345838218054 0.01171875 0.008792497069167644
0 0.243359375 0.3689917936694021 0.00078125 0.0005861664712778429
0 0.869921875 0.37075029308323565 0.01328125 0.008792497069167644
0 0.418359375 0.3701641266119578 0.01328125 0.008792497069167644
0 0.188671875 0.3710433763188746 0.01328125 0.010550996483001172
0 0.8421875 0.369284876905041 0.0140625 0.009378663540445486
0 0.761328125 0.3686987104337632 0.01015625 0.008206330597889801
0 0.325390625 0.3675263774912075 0.01328125 0.005861664712778429
0 0.823046875 0.3637162954279015 0.00078125 0.0005861664712778429
0 0.81171875 0.3648886283704572 0.0015625 0.0029308323563892145
0 0.822265625 0.3625439624853458 0.00078125 0.0005861664712778429
0 0.7921875 0.36664712778429076 0.0125 0.008792497069167644
0 0.215625 0.36723329425556855 0.0140625 0.00996483001172333
0 0.450390625 0.365767878077374 0.01171875 0.008206330597889801
0 0.7375 0.365767878077374 0.0125 0.009378663540445486
0 0.2671875 0.36635404454865184 0.0140625 0.010550996483001172
0 0.81875 0.3613716295427902 0.0046875 0.0017584994138335288
0 0.5328125 0.36313012895662367 0.0125 0.0076201641266119575
0 0.299609375 0.36400937866354044 0.01328125 0.009378663540445486
0 0.24140625 0.3637162954279015 0.0140625 0.00996483001172333
0 0.380859375 0.3622508792497069 0.01328125 0.009378663540445486
0 0.355859375 0.3616647127784291 0.01328125 0.009378663540445486
0 0.59921875 0.3604923798358734 0.0125 0.009378663540445486
0 0.576171875 0.35726846424384523 0.01171875 0.0076201641266119575
0 0.49296875 0.3569753810082063 0.0125 0.009378663540445486
0 0.859375 0.3552168815943728 0.0140625 0.009378663540445486
0 0.654296875 0.35433763188745604 0.01171875 0.0076201641266119575
0 0.40390625 0.35433763188745604 0.0125 0.008792497069167644
0 0.708203125 0.35140679953106685 0.01171875 0.008792497069167644
0 0.803515625 0.350820633059789 0.01171875 0.008792497069167644
0 0.76328125 0.350820633059789 0.0125 0.008792497069167644
0 0.199609375 0.3516998827667057 0.01484375 0.010550996483001172
0 0.281640625 0.350820633059789 0.01328125 0.00996483001172333
0 0.43828125 0.3493552168815944 0.0109375 0.008206330597889801
0 0.827734375 0.34906213364595545 0.01171875 0.008792497069167644
0 0.335546875 0.34906213364595545 0.01328125 0.008792497069167644
0 0.25546875 0.3484759671746776 0.0140625 0.011137162954279016
0 0.53515625 0.34378663540445487 0.009375 0.006447831184056272
0 0.465625 0.3455451348182884 0.0125 0.00996483001172333
0 0.381640625 0.34261430246189917 0.01171875 0.008792497069167644
0 0.23046875 0.34349355216881594 0.0140625 0.010550996483001172
0 0.312890625 0.34056271981242675 0.01328125 0.009378663540445486
0 0.6390625 0.3399765533411489 0.0125 0.009378663540445486
0 0.577734375 0.33909730363423213 0.01171875 0.008792497069167644
0 0.356640625 0.33939038686987105 0.01328125 0.009378663540445486
0 0.847265625 0.3385111371629543 0.01171875 0.008792497069167644
0 0.48828125 0.33792497069167643 0.0125 0.008792497069167644
0 0.5125 0.3364595545134818 0.0125 0.009378663540445486
0 0.404296875 0.3355803048065651 0.01171875 0.008792497069167644
0 0.247265625 0.33147713950762014 0.00078125 0.0005861664712778429
0 0.87421875 0.33411488862837047 0.0140625 0.009378663540445486
0 0.7703125 0.3332356389214537 0.0125 0.008792497069167644
0 0.704296875 0.33294255568581477 0.01171875 0.008206330597889801
0 0.803125 0.3323563892145369 0.009375 0.008206330597889801
0 0.428515625 0.33177022274325907 0.01171875 0.008206330597889801
0 0.2703125 0.33294255568581477 0.0140625 0.010550996483001172
0 0.55078125 0.332063305978898 0.0125 0.00996483001172333
0 0.190625 0.3323563892145369 0.0140625 0.010550996483001172
0 0.6765625 0.3303048065650645 0.0125 0.0076201641266119575
0 0.826171875 0.3305978898007034 0.01171875 0.009378663540445486
0 0.333984375 0.3291324736225088 0.01328125 0.0076201641266119575
0 0.851171875 0.3215123094958968 0.00078125 0.0005861664712778429
0 0.654296875 0.3256154747948417 0.01171875 0.008792497069167644
0 0.29453125 0.3264947245017585 0.0140625 0.010550996483001172
0 0.246875 0.32620164126611956 0.0125 0.00996483001172333
0 0.737890625 0.3238569753810082 0.00859375 0.0076201641266119575
0 0.215234375 0.324736225087925 0.01328125 0.010550996483001172
0 0.623046875 0.32327080890973037 0.01171875 0.008792497069167644
0 0.45 0.32297772567409144 0.0125 0.008206330597889801
0 0.85703125 0.32004689331770225 0.0109375 0.0035169988276670576
0 0.599609375 0.3215123094958968 0.01171875 0.00996483001172333
0 0.52890625 0.32063305978898005 0.0125 0.008206330597889801
0 0.35859375 0.32004689331770225 0.0078125 0.009378663540445486
0 0.883984375 0.31447831184056274 0.00078125 0.0005861664712778429
0 0.486328125 0.31887456037514655 0.01171875 0.009378663540445486
0 0.87265625 0.3141852286049238 0.0015625 0.0011723329425556857
0 0.784765625 0.3182883939038687 0.01171875 0.009378663540445486
0 0.883203125 0.31330597889800704 0.00078125 0.0005861664712778429
0 0.81171875 0.31652989449003516 0.0125 0.008206330597889801
0 0.715625 0.31652989449003516 0.0109375 0.008206330597889801
0 0.407421875 0.3168229777256741 0.01328125 0.008792497069167644
0 0.5734375 0.3168229777256741 0.0125 0.00996483001172333
0 0.187109375 0.31213364595545134 0.00078125 0.0005861664712778429
0 0.8796875 0.31213364595545134 0.0046875 0.0017584994138335288
0 0.383203125 0.31447831184056274 0.00703125 0.006447831184056272
0 0.31796875 0.3141852286049238 0.0125 0.008206330597889801
0 0.272265625 0.3141852286049238 0.01328125 0.010550996483001172
0 0.1796875 0.31008206330597887 0.0078125 0.004689331770222743
0 0.688671875 0.31008206330597887 0.00546875 0.005861664712778429
0 0.2125 0.3071512309495897 0.003125 0.0035169988276670576
0 0.64296875 0.3094958968347011 0.0125 0.009378663540445486
0 0.5484375 0.30920281359906215 0.0109375 0.008792497069167644
0 0.431640625 0.3086166471277843 0.00859375 0.008792497069167644
0 0.5078125 0.3086166471277843 0.0125 0.00996483001172333
0 0.844921875 0.30656506447831183 0.01171875 0.009378663540445486
0 0.75546875 0.3050996483001172 0.009375 0.008792497069167644
0 0.616796875 0.30539273153575613 0.01171875 0.009378663540445486
0 0.29453125 0.30539273153575613 0.0125 0.009378663540445486
0 0.20546875 0.3018757327080891 0.0078125 0.0023446658851113715
0 0.455078125 0.30392731535756157 0.00859375 0.0076201641266119575
0 0.73203125 0.3033411488862837 0.009375 0.008792497069167644
0 0.861328125 0.298651817116061 0.00078125 0.0005861664712778429
0 0.591015625 0.30246189917936694 0.01171875 0.009378663540445486
0 0.479296875 0.3009964830011723 0.00859375 0.0076201641266119575
0 0.348828125 0.30158264947245017 0.00859375 0.008792497069167644
0 0.863671875 0.29689331770222743 0.00078125 0.0005861664712778429
0 0.823828125 0.3009964830011723 0.01015625 0.008792497069167644
0 0.8 0.30128956623681125 0.0109375 0.009378663540445486
0 0.776953125 0.30128956623681125 0.01171875 0.009378663540445486
0 0.705859375 0.30011723329425555 0.00859375 0.008206330597889801
0 0.373828125 0.2977725674091442 0.00546875 0.0035169988276670576
0 0.187109375 0.29689331770222743 0.00390625 0.0017584994138335288
0 0.39765625 0.2995310668229777 0.009375 0.008206330597889801
0 0.566796875 0.2977725674091442 0.01171875 0.008206330597889801
0 0.25703125 0.29923798358733883 0.0109375 0.011137162954279016
0 0.530859375 0.2966002344665885 0.00703125 0.007033997655334115
0 0.2296875 0.29718640093786636 0.0140625 0.010550996483001172
0 0.32265625 0.29484173505275496 0.0125 0.008206330597889801
0 0.683203125 0.29308323563892147 0.01015625 0.008206330597889801
0 0.5 0.29161781946072685 0.009375 0.006447831184056272
0 0.655859375 0.2922039859320047 0.01015625 0.008792497069167644
0 0.421484375 0.29073856975381007 0.00859375 0.008206330597889801
0 0.1890625 0.2913247362250879 0.0109375 0.009378663540445486
0 0.631640625 0.2901524032825322 0.01171875 0.008206330597889801
0 0.840234375 0.28868698710433766 0.01171875 0.0076201641266119575
0 0.816796875 0.28399765533411486 0.00078125 0.0005861664712778429
0 0.744921875 0.2878077373974209 0.01015625 0.008206330597889801
0 0.29765625 0.2869284876905041 0.009375 0.006447831184056272
0 0.607421875 0.28722157092614303 0.01015625 0.008206330597889801
0 0.444921875 0.2866354044548652 0.01015625 0.008206330597889801
0 0.54921875 0.28634232121922626 0.009375 0.008792497069167644
0 0.722265625 0.28487690504103164 0.00546875 0.007033997655334115
0 0.8125 0.2816529894490035 0.00625 0.0017584994138335288
0 0.78828125 0.2854630715123095 0.0109375 0.009378663540445486
0 0.2734375 0.28604923798358733 0.0140625 0.010550996483001172
0 0.58359375 0.2845838218053927 0.0109375 0.008792497069167644
0 0.471484375 0.28223915592028137 0.00390625 0.004103165298944901
0 0.869921875 0.28223915592028137 0.01171875 0.0076201641266119575
0 0.34296875 0.28223915592028137 0.0078125 0.0076201641266119575
0 0.766796875 0.28194607268464245 0.01015625 0.009378663540445486
0 0.367578125 0.2790152403282532 0.00390625 0.0035169988276670576
0 0.52109375 0.27989449003517 0.00625 0.0076201641266119575
0 0.24296875 0.28106682297772567 0.0140625 0.011137162954279016
0 0.3953125 0.27754982415005863 0.0109375 0.006447831184056272
0 0.6703125 0.27754982415005863 0.009375 0.008792497069167644
0 0.648046875 0.27520515826494724 0.00703125 0.0076201641266119575
0 0.3171875 0.2734466588511137 0.0125 0.0076201641266119575
0 0.494921875 0.2719812426729191 0.00546875 0.005861664712778429
0 0.8515625 0.2728604923798359 0.0109375 0.008792497069167644
0 0.82734375 0.2731535756154748 0.0125 0.009378663540445486
0 0.565234375 0.27256740914419697 0.01015625 0.008206330597889801
0 0.625 0.2708089097303634 0.00625 0.005861664712778429
0 0.4203125 0.27110199296600235 0.0078125 0.0076201641266119575
0 0.738671875 0.2705158264947245 0.00546875 0.0076201641266119575
0 0.60078125 0.2693434935521688 0.0078125 0.0076201641266119575
0 0.53984375 0.26787807737397423 0.00625 0.004689331770222743
0 0.800390625 0.2696365767878077 0.01015625 0.009378663540445486
0 0.44296875 0.26817116060961316 0.0109375 0.0076201641266119575
0 0.287109375 0.2690504103165299 0.01328125 0.009378663540445486
0 0.18984375 0.26992966002344665 0.0140625 0.011137162954279016
0 0.71484375 0.26699882766705746 0.00625 0.0076201641266119575
0 0.778515625 0.264947245017585 0.00859375 0.007033997655334115
0 0.468359375 0.26260257913247365 0.00234375 0.0023446658851113715
0 0.350390625 0.2640679953106682 0.00859375 0.0076201641266119575
0 0.515625 0.26143024618991795 0.0046875 0.004689331770222743
0 0.757421875 0.2608440797186401 0.00703125 0.008206330597889801
0 0.688671875 0.2599648300117233 0.00859375 0.006447831184056272
0 0.38203125 0.2608440797186401 0.00625 0.008206330597889801
0 0.66171875 0.26025791324736225 0.0078125 0.008206330597889801
0 0.867578125 0.2582063305978898 0.01328125 0.00996483001172333
0 0.840234375 0.25381008206330596 0.00546875 0.0011723329425556857
0 0.58125 0.25732708089097306 0.009375 0.008206330597889801
0 0.816796875 0.25703399765533413 0.01171875 0.008792497069167644
0 0.7328125 0.25351699882766704 0.0015625 0.0029308323563892145
0 0.491015625 0.25381008206330596 0.00390625 0.0035169988276670576
0 0.40546875 0.2552754982415006 0.0078125 0.006447831184056272
0 0.558203125 0.2543962485345838 0.00703125 0.007033997655334115
0 0.30625 0.2552754982415006 0.0125 0.00996483001172333
0 0.6265625 0.2529308323563892 0.0078125 0.0076201641266119575
0 0.794140625 0.25175849941383355 0.01015625 0.008792497069167644
0 0.428515625 0.2511723329425557 0.01171875 0.0076201641266119575
0 0.534375 0.24941383352872215 0.0046875 0.005275498241500586
0 0.271875 0.25175849941383355 0.009375 0.00996483001172333
0 0.33125 0.25 0.0109375 0.0076201641266119575
0 0.707421875 0.24970691676436108 0.00703125 0.008206330597889801
0 0.771875 0.24765533411488863 0.009375 0.008792497069167644
0 0.365234375 0.2456037514654162 0.00546875 0.004689331770222743
0 0.649609375 0.2447245017584994 0.00546875 0.005275498241500586
0 0.60546875 0.246189917936694 0.00625 0.008206330597889801
0 0.458203125 0.2456037514654162 0.00859375 0.007033997655334115
0 0.858203125 0.2417936694021102 0.00078125 0.0005861664712778429
0 0.678125 0.24413833528722156 0.0078125 0.0076201641266119575
0 0.889453125 0.24413833528722156 0.01328125 0.00996483001172333
0 0.751171875 0.2429660023446659 0.00546875 0.0076201641266119575
0 0.508984375 0.24237983587338804 0.00703125 0.0076201641266119575
0 0.853125 0.23944900351699883 0.009375 0.0029308323563892145
0 0.8296875 0.24091441969519342 0.0109375 0.009378663540445486
0 0.387109375 0.2403282532239156 0.00859375 0.008206330597889801
0 0.290234375 0.24003516998827668 0.01328125 0.00996483001172333
0 0.412890625 0.23739742086752638 0.00703125 0.005861664712778429
0 0.808984375 0.23270808909730364 0.00390625 0.0011723329425556857
0 0.626953125 0.23417350527549824 0.00390625 0.004103165298944901
0 0.72265625 0.23534583821805394 0.00625 0.0076201641266119575
0 0.344921875 0.23417350527549824 0.00703125 0.006447831184056272
0 0.785546875 0.23300117233294257 0.00703125 0.005275498241500586
0 0.483203125 0.23446658851113716 0.00859375 0.008206330597889801
0 0.698828125 0.23300117233294257 0.00703125 0.006447831184056272
0 0.58203125 0.2335873388042204 0.0078125 0.0076201641266119575
0 0.314453125 0.23388042203985931 0.01171875 0.008206330597889801
0 0.436328125 0.23300117233294257 0.01015625 0.008792497069167644
0 0.872265625 0.23182883939038687 0.01328125 0.00996483001172333
0 0.527734375 0.23065650644783117 0.00859375 0.0076201641266119575
0 0.7625 0.2283118405627198 0.0078125 0.0076201641266119575
0 0.828515625 0.22303634232121922 0.00078125 0.0005861664712778429
0 0.653125 0.2268464243845252 0.0078125 0.008206330597889801
0 0.677734375 0.2250879249706917 0.00546875 0.005861664712778429
0 0.74140625 0.22420867526377491 0.0046875 0.005275498241500586
0 0.8453125 0.22596717467760843 0.0109375 0.00996483001172333
0 0.6046875 0.2250879249706917 0.00625 0.008206330597889801
0 0.559765625 0.22362250879249707 0.00703125 0.006447831184056272
0 0.46015625 0.22479484173505276 0.0109375 0.008792497069167644
0 0.37109375 0.22479484173505276 0.0078125 0.008792497069167644
0 0.819140625 0.21951934349355218 0.00078125 0.0005861664712778429
0 0.50625 0.22303634232121922 0.0046875 0.0076201641266119575
0 0.862890625 0.21893317702227433 0.00078125 0.0005861664712778429
0 0.82421875 0.2198124267291911 0.0078125 0.0035169988276670576
0 0.395703125 0.22157092614302462 0.00859375 0.008206330597889801
0 0.18515625 0.22157092614302462 0.0109375 0.011723329425556858
0 0.80078125 0.21893317702227433 0.0109375 0.008792497069167644
0 0.71875 0.2171746776084408 0.00625 0.006447831184056272
0 0.480859375 0.2160023446658851 0.01171875 0.006447831184056272
0 0.871484375 0.21219226260257915 0.00078125 0.0011723329425556857
0 0.780859375 0.21395076201641267 0.00546875 0.005861664712778429
0 0.580859375 0.21512309495896834 0.00859375 0.008206330597889801
0 0.869140625 0.21072684642438452 0.00078125 0.0005861664712778429
0 0.3421875 0.21336459554513482 0.00625 0.005861664712778429
0 0.86640625 0.21014067995310667 0.003125 0.0005861664712778429
0 0.696484375 0.21336459554513482 0.00546875 0.007033997655334115
0 0.6265625 0.2130715123094959 0.0046875 0.006447831184056272
0 0.437890625 0.21395076201641267 0.01015625 0.008206330597889801
0 0.844140625 0.208968347010551 0.00078125 0.0005861664712778429
0 0.53203125 0.21219226260257915 0.0078125 0.008206330597889801
0 0.756640625 0.20955451348182885 0.00546875 0.0076201641266119575
0 0.64921875 0.20838218053927315 0.0046875 0.005275498241500586
0 0.672265625 0.2063305978898007 0.00703125 0.007033997655334115
0 0.364453125 0.20662368112543963 0.00859375 0.008792497069167644
0 0.886328125 0.20662368112543963 0.01171875 0.00996483001172333
0 0.4140625 0.20574443141852286 0.009375 0.008206330597889801
0 0.85234375 0.20193434935521687 0.0015625 0.0017584994138335288
0 0.60078125 0.20427901524032827 0.0109375 0.006447831184056272
0 0.850390625 0.2007620164126612 0.00078125 0.0005861664712778429
0 0.5578125 0.20281359906213364 0.00625 0.004689331770222743
0 0.82109375 0.20427901524032827 0.0125 0.008792497069167644
0 0.73515625 0.20310668229777257 0.0046875 0.006447831184056272
0 0.503125 0.20398593200468934 0.009375 0.008206330597889801
0 0.45859375 0.20457209847596716 0.0109375 0.009378663540445486
0 0.844921875 0.20398593200468934 0.00859375 0.009378663540445486
0 0.388671875 0.20281359906213364 0.01015625 0.008206330597889801
0 0.796484375 0.2007620164126612 0.00859375 0.008792497069167644
0 0.18515625 0.2007620164126612 0.0140625 0.011137162954279016
0 0.77578125 0.1954865181711606 0.0046875 0.005275498241500586
0 0.523828125 0.194021101992966 0.00078125 0.0023446658851113715
0 0.480078125 0.19607268464243846 0.01171875 0.006447831184056272
0 0.337109375 0.1937280187573271 0.00390625 0.0029308323563892145
0 0.30078125 0.19665885111371628 0.0109375 0.008792497069167644
0 0.866796875 0.1951934349355217 0.01328125 0.007033997655334115
0 0.580078125 0.19577960140679954 0.00859375 0.008206330597889801
0 0.690234375 0.19490035169988276 0.00859375 0.0076201641266119575
0 0.659375 0.19138335287221572 0.0046875 0.004103165298944901
0 0.433203125 0.19167643610785462 0.01015625 0.009378663540445486
0 0.754296875 0.18903868698710433 0.00390625 0.005275498241500586
0 0.712109375 0.19021101992966002 0.01015625 0.0076201641266119575
0 0.894140625 0.18903868698710433 0.01328125 0.008792497069167644
0 0.36953125 0.18815943728018758 0.0078125 0.007033997655334115
0 0.606640625 0.1858147713950762 0.00703125 0.007033997655334115
0 0.8328125 0.18640093786635403 0.0109375 0.009378663540445486
0 0.808984375 0.1858147713950762 0.01015625 0.009378663540445486
0 0.54609375 0.1846424384525205 0.00625 0.007033997655334115
0 0.502734375 0.18493552168815944 0.00703125 0.0076201641266119575
0 0.4578125 0.18522860492379836 0.0078125 0.009378663540445486
0 0.392578125 0.18376318874560374 0.01015625 0.008792497069167644
0 0.7875 0.1802461899179367 0.009375 0.008792497069167644
0 0.732421875 0.17848769050410315 0.00546875 0.005275498241500586
0 0.568359375 0.179073856975381 0.00703125 0.0076201641266119575
0 0.47890625 0.17672919109026963 0.00625 0.0029308323563892145
0 0.628125 0.17731535756154748 0.00625 0.006447831184056272
0 0.875390625 0.17819460726846426 0.01328125 0.009378663540445486
0 0.69375 0.1764361078546307 0.00625 0.007033997655334115
0 0.523046875 0.17526377491207504 0.00703125 0.005861664712778429
0 0.753515625 0.17145369284876905 0.00390625 0.004103165298944901
0 0.43125 0.17233294255568582 0.009375 0.007033997655334115
0 0.590625 0.1708675263774912 0.00625 0.006447831184056272
0 0.7140625 0.16617819460726846 0.0046875 0.0029308323563892145
0 0.500390625 0.1652989449003517 0.00390625 0.0035169988276670576
0 0.407421875 0.16735052754982416 0.00703125 0.0076201641266119575
0 0.773828125 0.16588511137162953 0.00859375 0.007033997655334115
0 0.544140625 0.1652989449003517 0.00703125 0.005861664712778429
0 0.45390625 0.16588511137162953 0.0109375 0.008206330597889801
0 0.6125 0.1638335287221571 0.00625 0.0076201641266119575
0 0.7359375 0.15885111371629543 0.0015625 0.0011723329425556857
0 0.56953125 0.16031652989449002 0.00625 0.006447831184056272
0 0.796484375 0.15943728018757328 0.01171875 0.008206330597889801
0 0.383203125 0.1585580304806565 0.00703125 0.006447831184056272
0 0.84296875 0.15767878077373973 0.0078125 0.008206330597889801
0 0.4765625 0.15533411488862836 0.0046875 0.004689331770222743
0 0.849609375 0.15211019929660025 0.00078125 0.0005861664712778429
0 0.843359375 0.15211019929660025 0.00078125 0.0005861664712778429
0 0.846875 0.1515240328253224 0.003125 0.0005861664712778429
0 0.523046875 0.15504103165298944 0.00703125 0.0076201641266119575
0 0.759375 0.15211019929660025 0.003125 0.0029308323563892145
0 0.591015625 0.15123094958968347 0.00546875 0.005861664712778429
0 0.653125 0.1488862837045721 0.00625 0.007033997655334115
0 0.626171875 0.14654161781946073 0.00390625 0.0023446658851113715
0 0.55390625 0.14566236811254396 0.003125 0.0017584994138335288
0 0.705859375 0.14742086752637748 0.00703125 0.006447831184056272
0 0.78046875 0.14361078546307152 0.0015625 0.0011723329425556857
0 0.456640625 0.14419695193434937 0.00390625 0.0035169988276670576
0 0.33515625 0.1450762016412661 0.0078125 0.006447831184056272
0 0.81328125 0.1450762016412661 0.00625 0.008792497069167644
0 0.7265625 0.13892145369284878 0.0078125 0.005861664712778429
0 0.52890625 0.1365767878077374 0.0078125 0.005861664712778429
0 0.841796875 0.13774912075029308 0.01328125 0.009378663540445486
0 0.604296875 0.13569753810082064 0.00703125 0.0076201641266119575
0 0.5046875 0.13481828839390386 0.0078125 0.005861664712778429
0 0.399609375 0.13218053927315357 0.00234375 0.0017584994138335288
0 0.7578125 0.13276670574443142 0.009375 0.0076201641266119575
0 0.569921875 0.13159437280187572 0.00546875 0.005275498241500586
0 0.783984375 0.12690504103165298 0.00078125 0.0005861664712778429
0 0.780859375 0.12485345838218054 0.00234375 0.0011723329425556857
0 0.4296875 0.1271981242672919 0.0078125 0.005861664712778429
0 0.623046875 0.12221570926143024 0.00078125 0.0005861664712778429
0 0.871484375 0.1254396248534584 0.01328125 0.010550996483001172
0 0.7359375 0.12133645955451348 0.0046875 0.005861664712778429
0 0.655859375 0.12075029308323564 0.00703125 0.005861664712778429
0 0.844140625 0.11899179366940212 0.01328125 0.009378663540445486
0 0.6796875 0.11547479484173505 0.00625 0.005861664712778429
0 0.555078125 0.11576787807737397 0.00703125 0.006447831184056272
0 0.33046875 0.11576787807737397 0.0078125 0.006447831184056272
0 0.79921875 0.11723329425556858 0.0125 0.010550996483001172
0 0.530859375 0.11400937866354044 0.00546875 0.005275498241500586
0 0.82265625 0.11254396248534584 0.0125 0.010550996483001172
0 0.589453125 0.10902696365767878 0.00546875 0.007033997655334115
0 0.303515625 0.10463071512309496 0.01171875 0.008792497069167644
0 0.77578125 0.10140679953106682 0.0046875 0.005861664712778429
0 0.703515625 0.09818288393903869 0.00703125 0.005275498241500586
0 0.280078125 0.09671746776084408 0.00234375 0.004689331770222743
0 0.366015625 0.09583821805392731 0.00703125 0.005275498241500586
0 0.3296875 0.0955451348182884 0.0046875 0.004689331770222743
0 0.276953125 0.0929073856975381 0.00078125 0.0005861664712778429
0 0.63984375 0.0955451348182884 0.0078125 0.007033997655334115
0 0.273828125 0.09232121922626026 0.00390625 0.0005861664712778429
0 0.59453125 0.09114888628370457 0.00625 0.004103165298944901
0 0.538671875 0.09232121922626026 0.00390625 0.006447831184056272
0 0.67890625 0.09114888628370457 0.0078125 0.006447831184056272
0 0.510546875 0.08704572098475967 0.00859375 0.0076201641266119575
0 0.220703125 0.07971864009378664 0.01015625 0.009378663540445486
0 0.218359375 0.07327080890973037 0.00859375 0.0023446658851113715
