0 0.657421875 0.7763774912075029 0.01015625 0.0076201641266119575
0 0.670703125 0.7558616647127784 0.01015625 0.008792497069167644
0 0.284375 0.7520515826494725 0.0109375 0.009378663540445486
0 0.760546875 0.7508792497069168 0.01171875 0.008206330597889801
0 0.26328125 0.7458968347010551 0.0125 0.00996483001172333
0 0.6046875 0.742672919109027 0.0109375 0.009378663540445486
0 0.504296875 0.7403282532239156 0.01015625 0.008206330597889801
0 0.1890625 0.7291910902696366 0.0109375 0.009378663540445486
0 0.603515625 0.7271395076201641 0.01015625 0.008792497069167644
0 0.704296875 0.7212778429073857 0.01171875 0.008792497069167644
0 0.337890625 0.7215709261430246 0.01171875 0.009378663540445486
0 0.424609375 0.7168815943728019 0.01015625 0.009378663540445486
0 0.376171875 0.7139507620164126 0.01171875 0.009378663540445486
0 0.657421875 0.712778429073857 0.01015625 0.008206330597889801
0 0.439453125 0.7042790152403282 0.01015625 0.008792497069167644
0 0.483984375 0.6957796014067995 0.01015625 0.008206330597889801
0 0.421484375 0.6946072684642438 0.01171875 0.008206330597889801
0 0.660546875 0.6925556858147714 0.01015625 0.008792497069167644
0 0.75234375 0.6890386869871044 0.0109375 0.0076201641266119575
0 0.3921875 0.6872801875732708 0.0109375 0.008792497069167644
0 0.33984375 0.6843493552168816 0.0109375 0.008792497069167644
0 0.471875 0.6817116060961314 0.009375 0.008206330597889801
0 0.380859375 0.671746776084408 0.01015625 0.009378663540445486
0 0.725390625 0.6685228604923799 0.01015625 0.0076201641266119575
0 0.618359375 0.6676436107854631 0.01015625 0.008206330597889801
0 0.6828125 0.6655920281359906 0.0109375 0.0076201641266119575
0 0.66796875 0.6544548651817116 0.0109375 0.0076201641266119575
0 0.221875 0.6450762016412661 0.0125 0.008792497069167644
0 0.6515625 0.6436107854630715 0.0109375 0.008206330597889801
0 0.700390625 0.6333528722157092 0.01015625 0.0076201641266119575
0 0.280078125 0.6274912075029309 0.01171875 0.008792497069167644
0 0.2375 0.6163540445486518 0.0125 0.008792497069167644
0 0.751171875 0.5929073856975381 0.01015625 0.0076201641266119575
0 0.248828125 0.589390386869871 0.01171875 0.008792497069167644
0 0.284375 0.5864595545134819 0.0125 0.008792497069167644
0 0.216015625 0.585873388042204 0.01328125 0.008792497069167644
0 0.30703125 0.5838218053927315 0.0109375 0.008206330597889801
0 0.576953125 0.5779601406799532 0.01015625 0.007033997655334115
0 0.2328125 0.5694607268464243 0.0125 0.008792497069167644
0 0.630859375 0.5653575615474795 0.01015625 0.0076201641266119575
0 0.375 0.5644783118405627 0.0109375 0.008206330597889801
0 0.57109375 0.5624267291910903 0.0109375 0.0076201641266119575
0 0.312890625 0.5606682297772567 0.01171875 0.008792497069167644
0 0.2515625 0.5580304806565064 0.0125 0.009378663540445486
0 0.2890625 0.555978898007034 0.0109375 0.008792497069167644
0 0.758984375 0.5474794841735052 0.01015625 0.007033997655334115
0 0.225 0.5468933177022274 0.0125 0.009378663540445486
0 0.4421875 0.5427901524032825 0.0109375 0.007033997655334115
0 0.30546875 0.5436694021101993 0.0125 0.008792497069167644
0 0.326953125 0.5378077373974208 0.01171875 0.008792497069167644
0 0.70390625 0.5351699882766706 0.0109375 0.007033997655334115
0 0.734375 0.5334114888628371 0.0109375 0.007033997655334115
0 0.29921875 0.526084407971864 0.0125 0.008792497069167644
0 0.20546875 0.5234466588511137 0.0140625 0.009378663540445486
0 0.119921875 0.522567409144197 0.01328125 0.008792497069167644
0 0.687109375 0.5196365767878077 0.01015625 0.0076201641266119575
0 0.584765625 0.5140679953106683 0.01015625 0.007033997655334115
0 0.25 0.5137749120750293 0.0125 0.008792497069167644
0 0.378125 0.5117233294255569 0.0109375 0.008206330597889801
0 0.616796875 0.4991207502930832 0.01015625 0.0076201641266119575
0 0.156640625 0.4944314185228605 0.01328125 0.008792497069167644
0 0.340625 0.4803634232121923 0.0109375 0.008792497069167644
0 0.205078125 0.47889800703399765 0.01328125 0.009378663540445486
0 0.160546875 0.47362250879249707 0.01328125 0.008206330597889801
0 0.728125 0.4657092614302462 0.0109375 0.0076201641266119575
0 0.221484375 0.46512309495896836 0.01171875 0.008792497069167644
0 0.241015625 0.45574443141852283 0.00078125 0.0005861664712778429
0 0.246875 0.45926143024618993 0.009375 0.008792497069167644
0 0.61640625 0.45515826494724504 0.0109375 0.0076201641266119575
0 0.366796875 0.45545134818288396 0.01171875 0.008206330597889801
0 0.24140625 0.4416764361078546 0.0125 0.008792497069167644
0 0.64921875 0.43786635404454866 0.0109375 0.007033997655334115
0 0.376953125 0.4381594372801876 0.01171875 0.008792497069167644
0 0.293359375 0.4358147713950762 0.01171875 0.008792497069167644
0 0.18125 0.4317116060961313 0.0125 0.008792497069167644
0 0.45703125 0.43024618991793667 0.0109375 0.008206330597889801
0 0.42734375 0.42672919109026963 0.0109375 0.008206330597889801
0 0.311328125 0.42467760844079716 0.01171875 0.008792497069167644
0 0.352734375 0.4191090269636577 0.01171875 0.008206330597889801
0 0.79765625 0.41500586166471276 0.0109375 0.008206330597889801
0 0.16796875 0.4123681125439625 0.009375 0.008792497069167644
0 0.416015625 0.41178194607268465 0.01171875 0.008792497069167644
0 0.26015625 0.41207502930832357 0.0125 0.009378663540445486
0 0.18984375 0.40416178194607266 0.0125 0.008792497069167644
0 0.382421875 0.39976553341148885 0.01171875 0.008206330597889801
0 0.752734375 0.3939038686987104 0.01015625 0.008206330597889801
0 0.479296875 0.3851113716295428 0.01171875 0.008206330597889801
0 0.356640625 0.3795427901524033 0.01171875 0.008792497069167644
0 0.67265625 0.37250879249706914 0.0109375 0.0076201641266119575
0 0.51015625 0.37280187573270807 0.0109375 0.008206330597889801
0 0.21796875 0.369284876905041 0.0125 0.009378663540445486
0 0.411328125 0.36430246189917936 0.01171875 0.008792497069167644
0 0.5421875 0.3590269636576788 0.0109375 0.008792497069167644
0 0.3171875 0.35844079718640093 0.0125 0.008792497069167644
0 0.56484375 0.35550996483001174 0.0109375 0.008792497069167644
0 0.631640625 0.35345838218053927 0.01015625 0.008206330597889801
0 0.125 0.34378663540445487 0.0125 0.008792497069167644
0 0.598046875 0.3420281359906213 0.01015625 0.0076201641266119575
0 0.221484375 0.3347010550996483 0.01171875 0.009378663540445486
0 0.5 0.33264947245017584 0.0109375 0.008792497069167644
0 0.460546875 0.32942555685814773 0.01171875 0.008206330597889801
0 0.312109375 0.3300117233294256 0.01171875 0.009378663540445486
0 0.37265625 0.3291324736225088 0.0109375 0.008792497069167644
0 0.608984375 0.3226846424384525 0.01015625 0.008792497069167644
0 0.531640625 0.3223915592028136 0.01015625 0.009378663540445486
0 0.390234375 0.31887456037514655 0.01171875 0.009378663540445486
0 0.362890625 0.3138921453692849 0.01171875 0.00996483001172333
0 0.333984375 0.30890973036342323 0.01171875 0.009378663540445486
0 0.408984375 0.3083235638921454 0.01171875 0.009378663540445486
0 0.526171875 0.3062719812426729 0.01171875 0.008792497069167644
0 0.505078125 0.3042203985932005 0.01171875 0.009378663540445486
0 0.485546875 0.29279015240328254 0.01171875 0.008792497069167644
0 0.63125 0.29073856975381007 0.0109375 0.008206330597889801
0 0.3921875 0.2895662368112544 0.0125 0.009378663540445486
0 0.59765625 0.28399765533411486 0.0109375 0.008792497069167644
0 0.328125 0.2842907385697538 0.0125 0.009378663540445486
0 0.458984375 0.2825322391559203 0.01171875 0.009378663540445486
0 0.478125 0.27432590855803046 0.0109375 0.009378663540445486
0 0.29765625 0.2731535756154748 0.0125 0.009378663540445486
0 0.406640625 0.26875732708089095 0.01171875 0.00996483001172333
0 0.59921875 0.2675849941383353 0.0109375 0.008792497069167644
0 0.32265625 0.26670574443141853 0.0125 0.010550996483001172
0 0.448828125 0.26582649472450176 0.01171875 0.00996483001172333
0 0.210546875 0.2620164126611958 0.01328125 0.009378663540445486
0 0.42734375 0.2593786635404455 0.0109375 0.008792497069167644
0 0.58125 0.2567409144196952 0.0109375 0.008206330597889801
0 0.338671875 0.2555685814771395 0.00859375 0.009378663540445486
0 0.703125 0.25351699882766704 0.0109375 0.0076201641266119575
0 0.364453125 0.25175849941383355 0.01171875 0.008792497069167644
0 0.447265625 0.24794841735052756 0.01171875 0.009378663540445486
0 0.736328125 0.2403282532239156 0.01015625 0.008206330597889801
0 0.265625 0.235052754982415 0.0125 0.009378663540445486
0 0.422265625 0.23388042203985931 0.01171875 0.009378663540445486
0 0.63203125 0.23182883939038687 0.0109375 0.008792497069167644
0 0.5140625 0.22889800703399765 0.0109375 0.008792497069167644
0 0.334765625 0.22596717467760843 0.01171875 0.0076201641266119575
0 0.441796875 0.21951934349355218 0.01171875 0.00996483001172333
0 0.410546875 0.21483001172332944 0.01171875 0.011137162954279016
0 0.6078125 0.20134818288393905 0.0109375 0.0076201641266119575
0 0.394921875 0.20193434935521687 0.01171875 0.008792497069167644
0 0.417578125 0.19783118405627198 0.01171875 0.0076201641266119575
0 0.496875 0.18347010550996484 0.0109375 0.009378663540445486
0 0.705078125 0.17614302461899178 0.00703125 0.005275498241500586
0 0.609375 0.17291910902696367 0.0109375 0.008206330597889801
0 0.673828125 0.16647127784290738 0.01015625 0.008206330597889801
0 0.3890625 0.16705744431418523 0.0125 0.009378663540445486
0 0.52890625 0.16647127784290738 0.0109375 0.009378663540445486
0 0.791015625 0.16471277842907386 0.01015625 0.008206330597889801
0 0.843359375 0.16002344665885113 0.01015625 0.008206330597889801
0 0.409765625 0.15914419695193435 0.01171875 0.00996483001172333
0 0.524609375 0.14830011723329425 0.01015625 0.009378663540445486
0 0.5015625 0.1477139507620164 0.0109375 0.009378663540445486
0 0.773046875 0.14126611957796015 0.01015625 0.008206330597889801
0 0.558984375 0.13481828839390386 0.01015625 0.009378663540445486
0 0.538671875 0.13042203985932005 0.00390625 0.0029308323563892145
0 0.605078125 0.13218053927315357 0.01015625 0.008792497069167644
0 0.449609375 0.12104337631887456 0.01171875 0.00996483001172333
0 0.553515625 0.1160609613130129 0.00703125 0.005861664712778429
0 0.525 0.11371629542790153 0.0109375 0.007033997655334115
0 0.20234375 0.11107854630715124 0.003125 0.0017584994138335288
0 0.658984375 0.11400937866354044 0.01015625 0.008792497069167644
0 0.5703125 0.10550996483001172 0.0078125 0.005861664712778429
0 0.53984375 0.10169988276670575 0.009375 0.0076201641266119575
0 0.520703125 0.09026963657678781 0.01015625 0.005861664712778429
0 0.6515625 0.08851113716295428 0.0078125 0.008206330597889801
0 0.580859375 0.08616647127784291 0.01015625 0.009378663540445486
