0 0.376171875 0.8434935521688159 0.01015625 0.007033997655334115
0 0.31171875 0.8367526377491208 0.0109375 0.00996483001172333
0 0.43984375 0.8329425556858148 0.00625 0.005861664712778429
0 0.4203125 0.8223915592028136 0.009375 0.007033997655334115
0 0.723828125 0.8147713950762017 0.00234375 0.0011723329425556857
0 0.387890625 0.8185814771395076 0.01171875 0.008792497069167644
0 0.146875 0.8165298944900352 0.0125 0.009378663540445486
0 0.693359375 0.8083235638921453 0.01171875 0.009378663540445486
0 0.403515625 0.806271981242673 0.00703125 0.0076201641266119575
0 0.43515625 0.8065650644783119 0.0109375 0.009378663540445486
0 0.5171875 0.7936694021101993 0.0109375 0.009378663540445486
0 0.417578125 0.7907385697538101 0.00546875 0.004689331770222743
0 0.16171875 0.7933763188745604 0.015625 0.00996483001172333
0 0.14140625 0.7901524032825322 0.015625 0.009378663540445486
0 0.10703125 0.7901524032825322 0.0125 0.009378663540445486
0 0.395703125 0.7866354044548651 0.01015625 0.009378663540445486
0 0.3484375 0.7839976553341149 0.0109375 0.008792497069167644
0 0.432421875 0.7699296600234466 0.01015625 0.0076201641266119575
0 0.4578125 0.7681711606096131 0.0109375 0.008792497069167644
0 0.2671875 0.7599648300117233 0.0125 0.008792497069167644
0 0.425 0.7491207502930832 0.009375 0.009378663540445486
0 0.15078125 0.7485345838218054 0.0125 0.008206330597889801
0 0.490234375 0.7476553341148886 0.01015625 0.0076201641266119575
0 0.337109375 0.7476553341148886 0.01171875 0.008792497069167644
0 0.580078125 0.738862837045721 0.01015625 0.008792497069167644
0 0.23203125 0.7376905041031653 0.0125 0.008792497069167644
0 0.467578125 0.7356389214536928 0.01171875 0.009378663540445486
0 0.551953125 0.7294841735052755 0.01171875 0.0076201641266119575
0 0.471875 0.7165885111371629 0.0109375 0.008792497069167644
0 0.3359375 0.7160023446658851 0.0109375 0.008792497069167644
0 0.180859375 0.708968347010551 0.01328125 0.008792497069167644
0 0.57109375 0.7025205158264948 0.0109375 0.008792497069167644
0 0.462109375 0.6884525205158265 0.01171875 0.008792497069167644
0 0.294140625 0.6878663540445487 0.01171875 0.008792497069167644
0 0.551171875 0.6869871043376319 0.01171875 0.009378663540445486
0 0.5171875 0.6837631887456037 0.0109375 0.008792497069167644
0 0.221484375 0.682590855803048 0.01328125 0.00996483001172333
0 0.1921875 0.6805392731535757 0.0125 0.008206330597889801
0 0.308203125 0.6726260257913247 0.01171875 0.008792497069167644
0 0.22734375 0.6661781946072685 0.0125 0.00996483001172333
0 0.542578125 0.6652989449003517 0.01171875 0.009378663540445486
0 0.3421875 0.6647127784290738 0.0125 0.008206330597889801
0 0.517578125 0.6635404454865181 0.01171875 0.009378663540445486
0 0.716015625 0.6585580304806565 0.01171875 0.008792497069167644
0 0.096875 0.6553341148886284 0.0125 0.008206330597889801
0 0.3671875 0.6550410316529894 0.0125 0.008792497069167644
0 0.84296875 0.6544548651817116 0.0140625 0.00996483001172333
0 0.45 0.6500586166471278 0.0109375 0.008206330597889801
0 0.290234375 0.6488862837045721 0.01171875 0.008206330597889801
0 0.50234375 0.6483001172332943 0.0125 0.009378663540445486
0 0.39140625 0.6477139507620164 0.0109375 0.008206330597889801
0 0.167578125 0.6465416178194607 0.01328125 0.009378663540445486
0 0.69609375 0.6444900351699883 0.0125 0.008792497069167644
0 0.48125 0.6374560375146542 0.0109375 0.008792497069167644
0 0.184765625 0.6333528722157092 0.01328125 0.008792497069167644
0 0.659765625 0.6327667057444314 0.01328125 0.008792497069167644
0 0.35 0.6239742086752638 0.0109375 0.0076201641266119575
0 0.295703125 0.6233880422039859 0.01171875 0.0076201641266119575
0 0.542578125 0.6233880422039859 0.01171875 0.008792497069167644
0 0.433984375 0.623094958968347 0.01171875 0.009378663540445486
0 0.639453125 0.6216295427901524 0.01171875 0.0076201641266119575
0 0.472265625 0.6192848769050411 0.01171875 0.008792497069167644
0 0.519140625 0.6166471277842908 0.01171875 0.008206330597889801
0 0.36796875 0.6066822977725674 0.0125 0.008206330597889801
0 0.344140625 0.6060961313012896 0.01171875 0.007033997655334115
0 0.576953125 0.6060961313012896 0.01171875 0.009378663540445486
0 0.441796875 0.6052168815943728 0.01171875 0.008792497069167644
0 0.478515625 0.6008206330597889 0.01171875 0.009378663540445486
0 0.420703125 0.5967174677608441 0.01015625 0.008206330597889801
0 0.54609375 0.5952520515826495 0.0109375 0.008792497069167644
0 0.310546875 0.5917350527549824 0.01171875 0.008792497069167644
0 0.6453125 0.5911488862837045 0.0125 0.008792497069167644
0 0.619921875 0.5870457209847597 0.01171875 0.008792497069167644
0 0.6703125 0.5867526377491208 0.0125 0.009378663540445486
0 0.36328125 0.5844079718640094 0.0109375 0.008206330597889801
0 0.45703125 0.5829425556858148 0.0125 0.008792497069167644
0 0.48125 0.5817702227432591 0.0125 0.008792497069167644
0 0.28984375 0.5817702227432591 0.0109375 0.008792497069167644
0 0.329296875 0.5803048065650644 0.01171875 0.008206330597889801
0 0.3953125 0.5791324736225087 0.0125 0.008206330597889801
0 0.425390625 0.5764947245017585 0.01171875 0.008792497069167644
0 0.575 0.5662368112543963 0.0125 0.009378663540445486
0 0.543359375 0.5647713950762017 0.01171875 0.008792497069167644
0 0.214453125 0.5618405627198124 0.01328125 0.008792497069167644
0 0.464453125 0.5606682297772567 0.01171875 0.008792497069167644
0 0.159765625 0.5580304806565064 0.01171875 0.008206330597889801
0 0.241796875 0.5545134818288394 0.01484375 0.008206330597889801
0 0.60390625 0.5533411488862837 0.0125 0.008206330597889801
0 0.262890625 0.5533411488862837 0.01328125 0.008206330597889801
0 0.68125 0.5518757327080891 0.0125 0.008792497069167644
0 0.33046875 0.5509964830011723 0.0109375 0.008206330597889801
0 0.562109375 0.5489449003516998 0.01171875 0.008792497069167644
0 0.637109375 0.5480656506447831 0.01171875 0.008206330597889801
0 0.530859375 0.5451348182883939 0.01171875 0.008206330597889801
0 0.405078125 0.5436694021101993 0.01171875 0.008792497069167644
0 0.4796875 0.5398593200468933 0.0109375 0.008206330597889801
0 0.436328125 0.5322391559202814 0.01171875 0.008206330597889801
0 0.351171875 0.5307737397420867 0.01171875 0.0076201641266119575
0 0.6484375 0.5310668229777257 0.0125 0.009378663540445486
0 0.5609375 0.5272567409144197 0.0125 0.008792497069167644
0 0.4140625 0.5263774912075029 0.0125 0.008206330597889801
0 0.6234375 0.5254982415005862 0.0125 0.008792497069167644
0 0.526171875 0.5249120750293084 0.01171875 0.008792497069167644
0 0.219140625 0.522274325908558 0.01484375 0.008206330597889801
0 0.681640625 0.5213950762016413 0.01328125 0.008792497069167644
0 0.36875 0.5181711606096131 0.0109375 0.008206330597889801
0 0.5890625 0.514947245017585 0.0125 0.008792497069167644
0 0.397265625 0.5137749120750293 0.01171875 0.0076201641266119575
0 0.333984375 0.5140679953106683 0.01171875 0.008206330597889801
0 0.2390625 0.5140679953106683 0.0125 0.008206330597889801
0 0.6296875 0.507327080890973 0.0125 0.008792497069167644
0 0.5265625 0.5061547479484173 0.0109375 0.008792497069167644
0 0.184375 0.5043962485345839 0.009375 0.006447831184056272
0 0.261328125 0.5029308323563892 0.01171875 0.007033997655334115
0 0.490234375 0.5029308323563892 0.01171875 0.008206330597889801
0 0.566796875 0.5020515826494725 0.01171875 0.008792497069167644
0 0.3484375 0.49941383352872215 0.0125 0.007033997655334115
0 0.089453125 0.49794841735052753 0.01328125 0.008792497069167644
0 0.612890625 0.49296600234466587 0.01171875 0.008206330597889801
0 0.67265625 0.4912075029308324 0.0125 0.008206330597889801
0 0.325 0.4900351699882767 0.0109375 0.009378663540445486
0 0.134765625 0.48739742086752635 0.01328125 0.008792497069167644
0 0.524609375 0.48446658851113716 0.01171875 0.008792497069167644
0 0.588671875 0.48300117233294254 0.01171875 0.008206330597889801
0 0.56328125 0.4827080890973036 0.0125 0.008792497069167644
0 0.747265625 0.48212192262602577 0.01328125 0.008792497069167644
0 0.7125 0.4768464243845252 0.0125 0.008792497069167644
0 0.65546875 0.47567409144196954 0.0125 0.008792497069167644
0 0.302734375 0.4727432590855803 0.01328125 0.0076201641266119575
0 0.615625 0.4727432590855803 0.0125 0.008792497069167644
0 0.324609375 0.47245017584994137 0.01328125 0.008206330597889801
0 0.460546875 0.4718640093786635 0.01171875 0.008206330597889801
0 0.5078125 0.4706916764361079 0.0125 0.008206330597889801
0 0.48359375 0.47010550996483 0.0125 0.007033997655334115
0 0.131640625 0.47039859320046895 0.01171875 0.008792497069167644
0 0.5453125 0.47010550996483 0.0109375 0.009378663540445486
0 0.10546875 0.4695193434935522 0.0140625 0.008206330597889801
0 0.16953125 0.46160609613130127 0.0109375 0.0076201641266119575
0 0.594921875 0.46160609613130127 0.01328125 0.008792497069167644
0 0.7015625 0.4598475967174678 0.0125 0.008792497069167644
0 0.36953125 0.45926143024618993 0.0125 0.0076201641266119575
0 0.57109375 0.4586752637749121 0.0125 0.008792497069167644
0 0.21875 0.4577960140679953 0.0140625 0.008206330597889801
0 0.2625 0.45427901524032827 0.0125 0.008206330597889801
0 0.521484375 0.45427901524032827 0.01171875 0.009378663540445486
0 0.240625 0.4533997655334115 0.015625 0.0076201641266119575
0 0.623828125 0.45281359906213364 0.01171875 0.008792497069167644
0 0.323828125 0.45193434935521687 0.01171875 0.008206330597889801
0 0.494921875 0.4504689331770223 0.01171875 0.008792497069167644
0 0.295703125 0.4437280187573271 0.01328125 0.008206330597889801
0 0.11328125 0.4428487690504103 0.0125 0.008792497069167644
0 0.6890625 0.4425556858147714 0.0125 0.009378663540445486
0 0.579296875 0.4413833528722157 0.01171875 0.008206330597889801
0 0.476171875 0.43903868698710435 0.01171875 0.008206330597889801
0 0.14375 0.4372801875732708 0.0125 0.007033997655334115
0 0.452734375 0.43757327080890973 0.01171875 0.008792497069167644
0 0.259375 0.4372801875732708 0.0109375 0.008206330597889801
0 0.52421875 0.4361078546307151 0.0125 0.008206330597889801
0 0.664453125 0.43552168815943726 0.01328125 0.009378663540445486
0 0.315625 0.43464243845252054 0.0125 0.008792497069167644
0 0.603125 0.43259085580304807 0.0125 0.009378663540445486
0 0.499609375 0.4320046893317702 0.01171875 0.008206330597889801
0 0.63984375 0.42995310668229775 0.0125 0.008792497069167644
0 0.846484375 0.42907385697538103 0.01484375 0.009378663540445486
0 0.405078125 0.42790152403282533 0.01171875 0.008206330597889801
0 0.434765625 0.425263774912075 0.01171875 0.008792497069167644
0 0.54140625 0.4220398593200469 0.0109375 0.009378663540445486
0 0.464453125 0.42145369284876905 0.01171875 0.008206330597889801
0 0.683203125 0.42145369284876905 0.01171875 0.009378663540445486
0 0.585546875 0.4196951934349355 0.01171875 0.009378663540445486
0 0.71640625 0.4188159437280188 0.0125 0.008792497069167644
0 0.61875 0.41822977725674093 0.0125 0.008792497069167644
0 0.23125 0.4164712778429074 0.0125 0.0076201641266119575
0 0.825 0.4167643610785463 0.0140625 0.009378663540445486
0 0.321875 0.40650644783118406 0.0109375 0.0076201641266119575
0 0.516015625 0.40650644783118406 0.01171875 0.008792497069167644
0 0.846875 0.4047479484173505 0.0140625 0.00996483001172333
0 0.653125 0.40386869871043374 0.0125 0.009378663540445486
0 0.60234375 0.40386869871043374 0.0125 0.009378663540445486
0 0.53984375 0.40386869871043374 0.0125 0.009378663540445486
0 0.487890625 0.40357561547479487 0.01171875 0.008792497069167644
0 0.678515625 0.4026963657678781 0.01328125 0.009378663540445486
0 0.422265625 0.39800703399765536 0.01171875 0.008206330597889801
0 0.571484375 0.39654161781946073 0.01171875 0.008792497069167644
0 0.635546875 0.388042203985932 0.01171875 0.009378663540445486
0 0.696875 0.38716295427901526 0.0125 0.008792497069167644
0 0.55078125 0.3865767878077374 0.0125 0.008792497069167644
0 0.364453125 0.38364595545134816 0.01171875 0.0076201641266119575
0 0.12890625 0.38188745603751467 0.0125 0.008792497069167644
0 0.659375 0.38159437280187575 0.0125 0.009378663540445486
0 0.613671875 0.3754396248534584 0.01171875 0.00996483001172333
0 0.78828125 0.3733880422039859 0.0140625 0.009378663540445486
0 0.51171875 0.3710433763188746 0.0109375 0.009378663540445486
0 0.7640625 0.3675263774912075 0.0125 0.009378663540445486
0 0.55859375 0.3637162954279015 0.0125 0.008792497069167644
0 0.2078125 0.3634232121922626 0.0125 0.009378663540445486
0 0.645703125 0.3625439624853458 0.01328125 0.00996483001172333
0 0.670703125 0.36107854630715125 0.01328125 0.009378663540445486
0 0.53515625 0.3607854630715123 0.0125 0.008792497069167644
0 0.620703125 0.3578546307151231 0.01328125 0.00996483001172333
0 0.596875 0.3552168815943728 0.0125 0.009378663540445486
0 0.291015625 0.35433763188745604 0.01171875 0.008792497069167644
0 0.70703125 0.34906213364595545 0.0140625 0.00996483001172333
0 0.51640625 0.34788980070339975 0.0109375 0.008792497069167644
0 0.683203125 0.3440797186400938 0.01328125 0.009378663540445486
0 0.64140625 0.3429073856975381 0.0125 0.009378663540445486
0 0.612109375 0.33411488862837047 0.01171875 0.009378663540445486
0 0.66328125 0.33147713950762014 0.0125 0.00996483001172333
0 0.5484375 0.3311840562719812 0.0125 0.009378663540445486
0 0.591796875 0.32180539273153574 0.01171875 0.009378663540445486
0 0.201953125 0.31770222743259086 0.01171875 0.012895662368112544
0 0.6296875 0.31477139507620167 0.0125 0.009378663540445486
0 0.716015625 0.3138921453692849 0.01328125 0.00996483001172333
0 0.684375 0.31330597889800704 0.0125 0.00996483001172333
0 0.302734375 0.30978898007034 0.01171875 0.00996483001172333
0 0.65390625 0.3083235638921454 0.0125 0.009378663540445486
0 0.405859375 0.30773739742086753 0.01171875 0.009378663540445486
0 0.080859375 0.30568581477139506 0.01171875 0.008792497069167644
0 0.537890625 0.3042203985932005 0.01171875 0.009378663540445486
0 0.2015625 0.3030480656506448 0.0125 0.012895662368112544
0 0.634765625 0.29689331770222743 0.01171875 0.00996483001172333
0 0.676953125 0.2922039859320047 0.01328125 0.00996483001172333
0 0.6625 0.27754982415005863 0.0125 0.00996483001172333
0 0.691015625 0.2746189917936694 0.01328125 0.00996483001172333
0 0.84921875 0.2734466588511137 0.0140625 0.00996483001172333
0 0.212109375 0.27960140679953105 0.02265625 0.0246189917936694
0 0.33984375 0.26817116060961316 0.0125 0.00996483001172333
0 0.786328125 0.26465416178194606 0.01328125 0.00996483001172333
0 0.5734375 0.26465416178194606 0.0125 0.00996483001172333
0 0.878125 0.25908558030480655 0.0140625 0.010550996483001172
0 0.6015625 0.2584994138335287 0.0125 0.010550996483001172
0 0.134765625 0.2473622508792497 0.01328125 0.009378663540445486
0 0.090625 0.2447245017584994 0.0125 0.008792497069167644
0 0.21015625 0.2458968347010551 0.0328125 0.013481828839390387
0 0.62109375 0.24091441969519342 0.0125 0.010550996483001172
0 0.60546875 0.22713950762016413 0.0125 0.011137162954279016
0 0.162890625 0.22069167643610785 0.01328125 0.00996483001172333
0 0.54375 0.22069167643610785 0.0125 0.011137162954279016
0 0.625390625 0.2160023446658851 0.01484375 0.011137162954279016
0 0.87109375 0.20867526377491208 0.0140625 0.010550996483001172
0 0.650390625 0.20808909730363423 0.01328125 0.011723329425556858
0 0.5015625 0.20310668229777257 0.0125 0.011137162954279016
0 0.529296875 0.20017584994138335 0.01328125 0.011137162954279016
0 0.63359375 0.19460726846424384 0.009375 0.010550996483001172
0 0.421875 0.1943141852286049 0.0125 0.011137162954279016
0 0.486328125 0.1899179366940211 0.01015625 0.009378663540445486
0 0.378515625 0.19079718640093787 0.01171875 0.011137162954279016
0 0.667578125 0.1846424384525205 0.01328125 0.010550996483001172
0 0.56953125 0.17584994138335286 0.0125 0.007033997655334115
0 0.25859375 0.17672919109026963 0.0125 0.00996483001172333
0 0.74921875 0.17526377491207504 0.0125 0.010550996483001172
0 0.5296875 0.17555685814771396 0.0125 0.011137162954279016
0 0.64140625 0.17145369284876905 0.0125 0.008792497069167644
0 0.27734375 0.1667643610785463 0.0125 0.011137162954279016
0 0.49921875 0.1611957796014068 0.0078125 0.011723329425556858
0 0.233984375 0.15943728018757328 0.01328125 0.009378663540445486
0 0.47890625 0.1541617819460727 0.009375 0.005861664712778429
0 0.58125 0.15064478311840562 0.0109375 0.010550996483001172
0 0.2078125 0.14712778429073858 0.0140625 0.008206330597889801
0 0.26171875 0.14243845252051582 0.009375 0.007033997655334115
0 0.22890625 0.1406799531066823 0.00625 0.0035169988276670576
0 0.517578125 0.1365767878077374 0.00546875 0.0035169988276670576
0 0.812109375 0.1395076201641266 0.01328125 0.010550996483001172
0 0.740625 0.13335287221570927 0.0125 0.00996483001172333
0 0.590625 0.12749120750293083 0.0125 0.008792497069167644
0 0.63671875 0.12749120750293083 0.0125 0.011137162954279016
0 0.844140625 0.12661195779601406 0.01328125 0.010550996483001172
0 0.29140625 0.1257327080890973 0.0125 0.011137162954279016
0 0.530078125 0.11723329425556858 0.01015625 0.007033997655334115
0 0.33359375 0.11899179366940212 0.0125 0.010550996483001172
0 0.22734375 0.11371629542790153 0.0125 0.008206330597889801
0 0.265234375 0.10023446658851114 0.00546875 0.004689331770222743
0 0.2046875 0.0984759671746776 0.0328125 0.016412661195779603
0 0.234375 0.0914419695193435 0.003125 0.0035169988276670576
