0 0.768359375 0.8411458333333334 0.00859375 0.011458333333333333
0 0.672265625 0.8380208333333333 0.00859375 0.011458333333333333
0 0.82421875 0.834375 0.009375 0.0125
0 0.690234375 0.8354166666666667 0.00703125 0.014583333333333334
0 0.644140625 0.8338541666666667 0.00859375 0.013541666666666667
0 0.806640625 0.8317708333333333 0.00859375 0.011458333333333333
0 0.71328125 0.8322916666666667 0.0078125 0.0125
0 0.60703125 0.8317708333333333 0.0078125 0.013541666666666667
0 0.84921875 0.8291666666666667 0.009375 0.0125
0 0.569140625 0.8276041666666667 0.00859375 0.011458333333333333
0 0.62890625 0.8260416666666667 0.009375 0.0125
0 0.584765625 0.8223958333333333 0.00859375 0.011458333333333333
0 0.776953125 0.8197916666666667 0.00859375 0.0125
0 0.733203125 0.8302083333333333 0.01015625 0.035416666666666666
0 0.4265625 0.8171875 0.0078125 0.011458333333333333
0 0.684375 0.8177083333333334 0.0078125 0.014583333333333334
0 0.363671875 0.8140625 0.00703125 0.011458333333333333
0 0.642578125 0.8125 0.00859375 0.0125
0 0.408203125 0.8119791666666667 0.00859375 0.011458333333333333
0 0.615234375 0.8125 0.00859375 0.014583333333333334
0 0.476953125 0.8072916666666666 0.00703125 0.0125
0 0.8234375 0.80625 0.009375 0.0125
0 0.698828125 0.8052083333333333 0.00859375 0.0125
0 0.727734375 0.8010416666666667 0.00859375 0.014583333333333334
0 0.673046875 0.7994791666666666 0.00859375 0.011458333333333333
0 0.2953125 0.8 0.009375 0.0125
0 0.65625 0.7989583333333333 0.0078125 0.0125
0 0.39453125 0.7927083333333333 0.0078125 0.010416666666666666
0 0.844921875 0.7921875 0.01015625 0.011458333333333333
0 0.610546875 0.7932291666666667 0.00859375 0.015625
0 0.590234375 0.7875 0.00859375 0.0125
0 0.758203125 0.7807291666666667 0.00859375 0.011458333333333333
0 0.496484375 0.7911458333333333 0.00859375 0.03229166666666667
0 0.376171875 0.7802083333333333 0.00859375 0.010416666666666666
0 0.7921875 0.7796875 0.009375 0.011458333333333333
0 0.72265625 0.7776041666666667 0.009375 0.011458333333333333
0 0.315625 0.7875 0.0109375 0.03333333333333333
0 0.602734375 0.7755208333333333 0.00859375 0.013541666666666667
0 0.20546875 0.775 0.0078125 0.0125
0 0.852734375 0.7729166666666667 0.01015625 0.0125
0 0.6296875 0.7703125 0.0078125 0.011458333333333333
0 0.398046875 0.7682291666666666 0.00859375 0.011458333333333333
0 0.690625 0.7671875 0.0078125 0.011458333333333333
0 0.301953125 0.7666666666666667 0.00859375 0.0125
0 0.458203125 0.7651041666666667 0.00859375 0.011458333333333333
0 0.585546875 0.7640625 0.00859375 0.011458333333333333
0 0.2765625 0.7619791666666667 0.009375 0.011458333333333333
0 0.772265625 0.7614583333333333 0.00859375 0.0125
0 0.357421875 0.771875 0.01015625 0.03333333333333333
0 0.740625 0.7588541666666667 0.0078125 0.011458333333333333
0 0.472265625 0.7557291666666667 0.00859375 0.011458333333333333
0 0.8421875 0.7526041666666666 0.009375 0.007291666666666667
0 0.23671875 0.7484375 0.009375 0.011458333333333333
0 0.503125 0.7432291666666667 0.0078125 0.011458333333333333
0 0.373046875 0.7359375 0.00859375 0.011458333333333333
0 0.683984375 0.734375 0.00859375 0.0125
0 0.787109375 0.7338541666666667 0.01015625 0.013541666666666667
0 0.751171875 0.7322916666666667 0.00859375 0.014583333333333334
0 0.344140625 0.7317708333333334 0.00859375 0.013541666666666667
0 0.84921875 0.7296875 0.00625 0.011458333333333333
0 0.70625 0.7286458333333333 0.0078125 0.011458333333333333
0 0.814453125 0.725 0.01015625 0.0125
0 0.83125 0.7171875 0.0078125 0.007291666666666667
0 0.311328125 0.7208333333333333 0.00859375 0.014583333333333334
0 0.777734375 0.7177083333333333 0.00859375 0.0125
0 0.743359375 0.715625 0.00859375 0.014583333333333334
0 0.34296875 0.7119791666666667 0.009375 0.013541666666666667
0 0.2484375 0.7072916666666667 0.009375 0.0125
0 0.180859375 0.7067708333333333 0.01015625 0.011458333333333333
0 0.661328125 0.7026041666666667 0.00859375 0.011458333333333333
0 0.315625 0.7020833333333333 0.009375 0.0125
0 0.705078125 0.6963541666666667 0.00859375 0.011458333333333333
0 0.680078125 0.6927083333333334 0.00859375 0.0125
0 0.2125 0.7020833333333333 0.0109375 0.03125
0 0.781640625 0.6916666666666667 0.01015625 0.0125
0 0.74296875 0.6901041666666666 0.009375 0.013541666666666667
0 0.85625 0.6875 0.009375 0.010416666666666666
0 0.40546875 0.6854166666666667 0.0078125 0.010416666666666666
0 0.765234375 0.6854166666666667 0.00703125 0.0125
0 0.269140625 0.6791666666666667 0.01015625 0.0125
0 0.733203125 0.675 0.00859375 0.0125
0 0.193359375 0.671875 0.01015625 0.010416666666666666
0 0.75078125 0.6713541666666667 0.009375 0.011458333333333333
0 0.81796875 0.6708333333333333 0.009375 0.0125
0 0.225 0.6671875 0.00625 0.005208333333333333
0 0.240234375 0.6755208333333333 0.01640625 0.03229166666666667
0 0.715234375 0.6630208333333333 0.00859375 0.011458333333333333
0 0.676171875 0.6609375 0.00859375 0.011458333333333333
0 0.553125 0.6609375 0.0078125 0.011458333333333333
0 0.774609375 0.6567708333333333 0.00859375 0.011458333333333333
0 0.8765625 0.6552083333333333 0.009375 0.010416666666666666
0 0.80703125 0.6536458333333334 0.009375 0.011458333333333333
0 0.7390625 0.6515625 0.009375 0.011458333333333333
0 0.2796875 0.6484375 0.009375 0.011458333333333333
0 0.790234375 0.6458333333333334 0.00859375 0.010416666666666666
0 0.164453125 0.6447916666666667 0.00859375 0.010416666666666666
0 0.240625 0.6458333333333334 0.009375 0.014583333333333334
0 0.215625 0.6432291666666666 0.009375 0.011458333333333333
0 0.709375 0.6354166666666666 0.0078125 0.010416666666666666
0 0.547265625 0.6348958333333333 0.00859375 0.011458333333333333
0 0.14375 0.6291666666666667 0.0078125 0.010416666666666666
0 0.80234375 0.6260416666666667 0.0078125 0.010416666666666666
0 0.24296875 0.6244791666666667 0.009375 0.011458333333333333
0 0.7640625 0.6223958333333334 0.009375 0.009375
0 0.783984375 0.6223958333333334 0.00859375 0.011458333333333333
0 0.13359375 0.6098958333333333 0.0109375 0.009375
0 0.211328125 0.60625 0.01015625 0.008333333333333333
0 0.812109375 0.6067708333333334 0.00859375 0.011458333333333333
0 0.772265625 0.6015625 0.00703125 0.007291666666666667
0 0.796484375 0.6 0.00703125 0.008333333333333333
0 0.83671875 0.5979166666666667 0.00625 0.00625
0 0.815234375 0.5848958333333333 0.00703125 0.007291666666666667
0 0.782421875 0.5822916666666667 0.00859375 0.008333333333333333
0 0.800390625 0.5755208333333334 0.00390625 0.003125
0 0.24765625 0.5796875 0.009375 0.011458333333333333
0 0.26484375 0.5744791666666667 0.009375 0.011458333333333333
0 0.829296875 0.5666666666666667 0.00703125 0.008333333333333333
0 0.7765625 0.5598958333333334 0.0078125 0.009375
0 0.756640625 0.5567708333333333 0.00859375 0.011458333333333333
0 0.812890625 0.5546875 0.00703125 0.009375
0 0.794140625 0.5515625 0.00859375 0.007291666666666667
0 0.8390625 0.5484375 0.00625 0.005208333333333333
0 0.26171875 0.5510416666666667 0.009375 0.0125
0 0.860546875 0.5442708333333334 0.00546875 0.005208333333333333
0 0.6421875 0.5458333333333333 0.0078125 0.010416666666666666
0 0.821875 0.5375 0.0046875 0.004166666666666667
0 0.780859375 0.5364583333333334 0.00703125 0.010416666666666666
0 0.20625 0.5369791666666667 0.0078125 0.011458333333333333
0 0.76328125 0.5296875 0.0078125 0.009375
0 0.885546875 0.5291666666666667 0.00703125 0.010416666666666666
0 0.848046875 0.5265625 0.00703125 0.007291666666666667
0 0.6328125 0.5270833333333333 0.0078125 0.010416666666666666
0 0.13359375 0.528125 0.0109375 0.0125
0 0.615234375 0.5197916666666667 0.00859375 0.010416666666666666
0 0.814453125 0.5161458333333333 0.00703125 0.005208333333333333
0 0.833203125 0.5130208333333334 0.00703125 0.009375
0 0.863671875 0.5104166666666666 0.00546875 0.00625
0 0.778125 0.5114583333333333 0.0078125 0.008333333333333333
0 0.659765625 0.5125 0.00859375 0.010416666666666666
0 0.798046875 0.5067708333333333 0.00390625 0.005208333333333333
0 0.43671875 0.5083333333333333 0.0078125 0.010416666666666666
0 0.094140625 0.5046875 0.01171875 0.009375
0 0.76015625 0.5015625 0.0078125 0.011458333333333333
0 0.63671875 0.49635416666666665 0.009375 0.011458333333333333
0 0.835546875 0.48854166666666665 0.00234375 0.004166666666666667
0 0.41875 0.4901041666666667 0.0078125 0.011458333333333333
0 0.855078125 0.4864583333333333 0.00546875 0.010416666666666666
0 0.79140625 0.48489583333333336 0.0078125 0.007291666666666667
0 0.76640625 0.478125 0.0046875 0.004166666666666667
0 0.211328125 0.4765625 0.01171875 0.011458333333333333
0 0.565234375 0.4744791666666667 0.00859375 0.011458333333333333
0 0.80703125 0.4671875 0.0046875 0.003125
0 0.672265625 0.4708333333333333 0.00859375 0.010416666666666666
0 0.728125 0.4671875 0.009375 0.009375
0 0.46015625 0.4671875 0.0078125 0.011458333333333333
0 0.224609375 0.465625 0.01015625 0.0125
0 0.84609375 0.4625 0.009375 0.0125
0 0.7859375 0.46145833333333336 0.0078125 0.010416666666666666
0 0.550390625 0.46145833333333336 0.00859375 0.010416666666666666
0 0.82734375 0.4583333333333333 0.0078125 0.010416666666666666
0 0.199609375 0.4583333333333333 0.01015625 0.0125
0 0.470703125 0.4505208333333333 0.00859375 0.011458333333333333
0 0.653515625 0.44947916666666665 0.00859375 0.011458333333333333
0 0.45390625 0.44635416666666666 0.0078125 0.011458333333333333
0 0.799609375 0.44375 0.00703125 0.010416666666666666
0 0.73359375 0.44427083333333334 0.009375 0.011458333333333333
0 0.70703125 0.4421875 0.009375 0.011458333333333333
0 0.85546875 0.440625 0.009375 0.010416666666666666
0 0.617578125 0.4401041666666667 0.00703125 0.011458333333333333
0 0.233203125 0.4395833333333333 0.01015625 0.0125
0 0.583984375 0.4375 0.00859375 0.010416666666666666
0 0.4375 0.43802083333333336 0.0078125 0.011458333333333333
0 0.265625 0.43802083333333336 0.0109375 0.011458333333333333
0 0.373046875 0.4359375 0.00859375 0.011458333333333333
0 0.085546875 0.43072916666666666 0.00234375 0.005208333333333333
0 0.25078125 0.4317708333333333 0.009375 0.009375
0 0.327734375 0.43020833333333336 0.00859375 0.010416666666666666
0 0.755859375 0.4270833333333333 0.00859375 0.008333333333333333
0 0.601171875 0.42916666666666664 0.00859375 0.0125
0 0.6578125 0.4244791666666667 0.009375 0.011458333333333333
0 0.639453125 0.4239583333333333 0.00859375 0.0125
0 0.21640625 0.4203125 0.0078125 0.005208333333333333
0 0.71875 0.4197916666666667 0.0078125 0.010416666666666666
0 0.560546875 0.4203125 0.00859375 0.011458333333333333
0 0.515234375 0.4171875 0.00859375 0.011458333333333333
0 0.45 0.4171875 0.009375 0.011458333333333333
0 0.62265625 0.4161458333333333 0.0078125 0.011458333333333333
0 0.58203125 0.41354166666666664 0.009375 0.0125
0 0.273828125 0.4109375 0.00703125 0.007291666666666667
0 0.74296875 0.41041666666666665 0.009375 0.008333333333333333
0 0.422265625 0.4114583333333333 0.00859375 0.010416666666666666
0 0.36953125 0.4125 0.009375 0.0125
0 0.7734375 0.4078125 0.0078125 0.009375
0 0.490234375 0.4088541666666667 0.00859375 0.011458333333333333
0 0.603515625 0.40625 0.00859375 0.0125
0 0.255078125 0.40572916666666664 0.01015625 0.011458333333333333
0 0.791796875 0.403125 0.00859375 0.008333333333333333
0 0.471875 0.40260416666666665 0.0078125 0.011458333333333333
0 0.531640625 0.3984375 0.00859375 0.011458333333333333
0 0.234765625 0.39375 0.00703125 0.00625
0 0.51015625 0.3953125 0.0078125 0.011458333333333333
0 0.62265625 0.3927083333333333 0.00625 0.010416666666666666
0 0.758203125 0.3927083333333333 0.00859375 0.0125
0 0.642578125 0.3921875 0.00859375 0.011458333333333333
0 0.589453125 0.3921875 0.00859375 0.011458333333333333
0 0.7296875 0.39114583333333336 0.009375 0.011458333333333333
0 0.553515625 0.390625 0.00859375 0.010416666666666666
0 0.70390625 0.3875 0.0046875 0.00625
0 0.212890625 0.38958333333333334 0.01015625 0.0125
0 0.434375 0.38697916666666665 0.009375 0.011458333333333333
0 0.571484375 0.3859375 0.00859375 0.011458333333333333
0 0.165234375 0.384375 0.01171875 0.0125
0 0.103515625 0.384375 0.01171875 0.0125
0 0.269921875 0.3828125 0.00859375 0.011458333333333333
0 0.483984375 0.38229166666666664 0.00859375 0.0125
0 0.248828125 0.38229166666666664 0.01015625 0.0125
0 0.674609375 0.3796875 0.00859375 0.011458333333333333
0 0.797265625 0.3776041666666667 0.00703125 0.011458333333333333
0 0.744921875 0.3765625 0.00859375 0.011458333333333333
0 0.519140625 0.37604166666666666 0.00859375 0.010416666666666666
0 0.656640625 0.375 0.00859375 0.0125
0 0.603125 0.375 0.009375 0.0125
0 0.500390625 0.37447916666666664 0.00859375 0.011458333333333333
0 0.449609375 0.375 0.00859375 0.0125
0 0.2203125 0.3697916666666667 0.009375 0.0125
0 0.54375 0.36822916666666666 0.009375 0.011458333333333333
0 0.6203125 0.3671875 0.009375 0.011458333333333333
0 0.565234375 0.3640625 0.00859375 0.011458333333333333
0 0.426953125 0.3640625 0.00859375 0.011458333333333333
0 0.5875 0.3625 0.009375 0.0125
0 0.734765625 0.359375 0.00859375 0.008333333333333333
0 0.6421875 0.359375 0.009375 0.0125
0 0.2671875 0.35833333333333334 0.009375 0.0125
0 0.679296875 0.35625 0.00859375 0.0125
0 0.480859375 0.35572916666666665 0.00859375 0.011458333333333333
0 0.5296875 0.35520833333333335 0.0078125 0.0125
0 0.51015625 0.35520833333333335 0.009375 0.0125
0 0.3921875 0.3546875 0.0078125 0.011458333333333333
0 0.70234375 0.3515625 0.009375 0.011458333333333333
0 0.462890625 0.3515625 0.00859375 0.011458333333333333
0 0.661328125 0.35104166666666664 0.00859375 0.0125
0 0.251171875 0.35 0.01015625 0.0125
0 0.55234375 0.346875 0.009375 0.0125
0 0.4078125 0.34322916666666664 0.009375 0.011458333333333333
0 0.79921875 0.3416666666666667 0.009375 0.010416666666666666
0 0.7546875 0.3411458333333333 0.009375 0.011458333333333333
0 0.444140625 0.3411458333333333 0.00859375 0.011458333333333333
0 0.59375 0.33958333333333335 0.009375 0.0125
0 0.367578125 0.3390625 0.00859375 0.011458333333333333
0 0.34453125 0.3390625 0.009375 0.011458333333333333
0 0.6125 0.3380208333333333 0.009375 0.011458333333333333
0 0.648046875 0.33541666666666664 0.00859375 0.0125
0 0.7390625 0.33177083333333335 0.00625 0.007291666666666667
0 0.519140625 0.3333333333333333 0.00859375 0.0125
0 0.473046875 0.33229166666666665 0.00859375 0.0125
0 0.39296875 0.32916666666666666 0.009375 0.0125
0 0.666796875 0.328125 0.00859375 0.0125
0 0.50078125 0.328125 0.009375 0.0125
0 0.243359375 0.328125 0.01015625 0.0125
0 0.628125 0.325 0.009375 0.0125
0 0.45625 0.32395833333333335 0.009375 0.0125
0 0.684765625 0.31979166666666664 0.00859375 0.008333333333333333
0 0.354296875 0.31979166666666664 0.00859375 0.0125
0 0.430078125 0.3177083333333333 0.00859375 0.0125
0 0.371875 0.31666666666666665 0.009375 0.0125
0 0.596875 0.315625 0.009375 0.0125
0 0.485546875 0.3145833333333333 0.00859375 0.0125
0 0.545703125 0.3140625 0.00703125 0.013541666666666667
0 0.651171875 0.31145833333333334 0.00859375 0.0125
0 0.70234375 0.3104166666666667 0.0078125 0.0125
0 0.515234375 0.3098958333333333 0.00859375 0.011458333333333333
0 0.2984375 0.3104166666666667 0.009375 0.0125
0 0.61796875 0.30572916666666666 0.009375 0.011458333333333333
0 0.394140625 0.30520833333333336 0.00859375 0.0125
0 0.865234375 0.3026041666666667 0.01015625 0.011458333333333333
0 0.465234375 0.303125 0.00859375 0.0125
0 0.233203125 0.3015625 0.01015625 0.011458333333333333
0 0.444921875 0.2994791666666667 0.00703125 0.011458333333333333
0 0.718359375 0.29635416666666664 0.00859375 0.011458333333333333
0 0.530859375 0.296875 0.00703125 0.0125
0 0.500390625 0.29635416666666664 0.00703125 0.011458333333333333
0 0.37578125 0.29375 0.009375 0.0125
0 0.552734375 0.29270833333333335 0.00859375 0.0125
0 0.358984375 0.29270833333333335 0.00703125 0.0125
0 0.480859375 0.2916666666666667 0.00859375 0.0125
0 0.3109375 0.2869791666666667 0.009375 0.013541666666666667
0 0.85625 0.2828125 0.009375 0.009375
0 0.59921875 0.284375 0.009375 0.0125
0 0.515234375 0.2833333333333333 0.00859375 0.0125
0 0.6359375 0.28125 0.009375 0.0125
0 0.6171875 0.2796875 0.009375 0.013541666666666667
0 0.57265625 0.2791666666666667 0.009375 0.0125
0 0.702734375 0.275 0.00390625 0.00625
0 0.450390625 0.27708333333333335 0.00859375 0.0125
0 0.43046875 0.2760416666666667 0.009375 0.0125
0 0.494140625 0.27395833333333336 0.00859375 0.0125
0 0.53671875 0.2734375 0.0078125 0.013541666666666667
0 0.26171875 0.271875 0.009375 0.0125
0 0.346875 0.26979166666666665 0.009375 0.0125
0 0.27890625 0.26666666666666666 0.009375 0.0125
0 0.4625 0.2578125 0.009375 0.013541666666666667
0 0.86640625 0.2515625 0.003125 0.005208333333333333
0 0.7171875 0.2546875 0.009375 0.011458333333333333
0 0.56328125 0.2546875 0.009375 0.013541666666666667
0 0.780078125 0.24947916666666667 0.00859375 0.007291666666666667
0 0.54609375 0.2520833333333333 0.0078125 0.0125
0 0.526171875 0.2526041666666667 0.00859375 0.013541666666666667
0 0.4328125 0.2526041666666667 0.009375 0.013541666666666667
0 0.3296875 0.2484375 0.009375 0.013541666666666667
0 0.496875 0.24322916666666666 0.009375 0.011458333333333333
0 0.358984375 0.24375 0.00859375 0.0125
0 0.601953125 0.23854166666666668 0.00703125 0.0125
0 0.180078125 0.23802083333333332 0.01015625 0.011458333333333333
0 0.515234375 0.2328125 0.00859375 0.013541666666666667
0 0.5578125 0.23125 0.009375 0.0125
0 0.61875 0.23020833333333332 0.009375 0.0125
0 0.684765625 0.22708333333333333 0.00859375 0.0125
0 0.3265625 0.22447916666666667 0.009375 0.013541666666666667
0 0.303515625 0.2234375 0.01015625 0.013541666666666667
0 0.262890625 0.22239583333333332 0.01015625 0.013541666666666667
0 0.3703125 0.2203125 0.009375 0.011458333333333333
0 0.08359375 0.20989583333333334 0.0046875 0.007291666666666667
0 0.5078125 0.2109375 0.009375 0.013541666666666667
0 0.2171875 0.209375 0.0109375 0.0125
0 0.55 0.20885416666666667 0.009375 0.013541666666666667
0 0.11171875 0.20677083333333332 0.0109375 0.013541666666666667
0 0.244140625 0.20364583333333333 0.00703125 0.009375
0 0.344140625 0.2015625 0.00859375 0.013541666666666667
0 0.3671875 0.19635416666666666 0.009375 0.013541666666666667
0 0.184765625 0.19114583333333332 0.00234375 0.007291666666666667
0 0.467578125 0.18645833333333334 0.00859375 0.0125
0 0.259765625 0.18541666666666667 0.00859375 0.0125
0 0.215625 0.18489583333333334 0.0109375 0.013541666666666667
0 0.3015625 0.1828125 0.009375 0.013541666666666667
0 0.35078125 0.17760416666666667 0.0078125 0.013541666666666667
0 0.24140625 0.17760416666666667 0.009375 0.013541666666666667
0 0.31875 0.17604166666666668 0.009375 0.0125
0 0.49921875 0.16927083333333334 0.009375 0.013541666666666667
0 0.173828125 0.165625 0.01015625 0.0125
0 0.673828125 0.1640625 0.01015625 0.013541666666666667
0 0.20625 0.16197916666666667 0.0109375 0.013541666666666667
0 0.6328125 0.1609375 0.009375 0.013541666666666667
0 0.33046875 0.15625 0.009375 0.014583333333333334
0 0.2328125 0.15416666666666667 0.009375 0.014583333333333334
0 0.348828125 0.15260416666666668 0.01015625 0.013541666666666667
0 0.49375 0.14375 0.009375 0.014583333333333334
0 0.194140625 0.14114583333333333 0.01015625 0.011458333333333333
0 0.5171875 0.140625 0.00625 0.0125
0 0.45625 0.13385416666666666 0.009375 0.013541666666666667
0 0.372265625 0.13385416666666666 0.01015625 0.013541666666666667
0 0.717578125 0.13333333333333333 0.01015625 0.014583333333333334
0 0.326953125 0.13125 0.01015625 0.014583333333333334
0 0.30859375 0.12395833333333334 0.009375 0.014583333333333334
0 0.503515625 0.121875 0.01015625 0.014583333333333334
0 0.440234375 0.12135416666666667 0.00703125 0.013541666666666667
0 0.483984375 0.12083333333333333 0.00859375 0.014583333333333334
0 0.21015625 0.11822916666666666 0.0109375 0.013541666666666667
0 0.34140625 0.11614583333333334 0.009375 0.013541666666666667
0 0.466796875 0.1125 0.00703125 0.014583333333333334
