0 0.25703125 0.9346424384525205 0.009375 0.005275498241500586
0 0.28515625 0.9284876905041032 0.00625 0.005861664712778429
0 0.228125 0.9258499413833529 0.0046875 0.004103165298944901
0 0.248828125 0.9173505275498242 0.01328125 0.008206330597889801
0 0.375 0.9114888628370457 0.0015625 0.0023446658851113715
0 0.550390625 0.9021101992966002 0.01171875 0.011723329425556858
0 0.212890625 0.8968347010550997 0.01328125 0.007033997655334115
0 0.7015625 0.8900937866354045 0.0125 0.011137162954279016
0 0.37578125 0.8859906213364596 0.003125 0.0029308323563892145
0 0.366015625 0.8845252051582649 0.00234375 0.0011723329425556857
0 0.6 0.8833528722157092 0.0125 0.010550996483001172
0 0.40703125 0.8774912075029309 0.0015625 0.0023446658851113715
0 0.562109375 0.8801289566236812 0.01171875 0.011137162954279016
0 0.63359375 0.8789566236811255 0.0125 0.00996483001172333
0 0.39765625 0.8748534583821805 0.003125 0.0017584994138335288
0 0.665234375 0.8751465416178195 0.01171875 0.010550996483001172
0 0.21875 0.8675263774912075 0.0046875 0.0023446658851113715
0 0.44921875 0.8698710433763188 0.00625 0.010550996483001172
0 0.61171875 0.8669402110199297 0.0078125 0.009378663540445486
0 0.36953125 0.8672332942555686 0.0125 0.00996483001172333
0 0.3390625 0.8675263774912075 0.0125 0.010550996483001172
0 0.267578125 0.8637162954279015 0.01015625 0.004103165298944901
0 0.24453125 0.858440797186401 0.0125 0.005275498241500586
0 0.4078125 0.8590269636576788 0.0125 0.00996483001172333
0 0.509375 0.85052754982415 0.0125 0.010550996483001172
0 0.4796875 0.8499413833528722 0.0109375 0.010550996483001172
0 0.66171875 0.8493552168815943 0.0125 0.010550996483001172
0 0.616796875 0.8478898007033998 0.00859375 0.0076201641266119575
0 0.323046875 0.8414419695193435 0.00078125 0.0005861664712778429
0 0.3296875 0.8411488862837045 0.0125 0.004689331770222743
0 0.28515625 0.8399765533411488 0.0109375 0.009378663540445486
0 0.4609375 0.8396834701055099 0.0125 0.011137162954279016
0 0.37578125 0.8382180539273154 0.0078125 0.009378663540445486
0 0.49453125 0.835873388042204 0.0125 0.010550996483001172
0 0.626171875 0.8300117233294255 0.01171875 0.009378663540445486
0 0.7015625 0.8294255568581477 0.0125 0.009378663540445486
0 0.305078125 0.828253223915592 0.00859375 0.007033997655334115
0 0.331640625 0.8232708089097304 0.01328125 0.00996483001172333
0 0.24296875 0.8197538100820633 0.0078125 0.005275498241500586
0 0.21328125 0.8138921453692849 0.0015625 0.0005861664712778429
0 0.67578125 0.8182883939038686 0.0125 0.010550996483001172
0 0.639453125 0.8115474794841735 0.00078125 0.0005861664712778429
0 0.71796875 0.8147713950762017 0.0109375 0.009378663540445486
0 0.651171875 0.8103751465416178 0.00078125 0.0005861664712778429
0 0.348828125 0.80978898007034 0.00078125 0.0005861664712778429
0 0.56171875 0.813305978898007 0.0125 0.011137162954279016
0 0.697265625 0.8106682297772567 0.00703125 0.007033997655334115
0 0.3578125 0.8077373974208675 0.0078125 0.0035169988276670576
0 0.6453125 0.8080304806565064 0.0109375 0.005275498241500586
0 0.31640625 0.8080304806565064 0.0125 0.00996483001172333
0 0.2328125 0.8050996483001173 0.0078125 0.005275498241500586
0 0.619140625 0.8042203985932005 0.01171875 0.010550996483001172
0 0.715234375 0.7968933177022274 0.00703125 0.006447831184056272
0 0.48828125 0.7980656506447831 0.0125 0.011137162954279016
0 0.26015625 0.7971864009378663 0.0109375 0.009378663540445486
0 0.53125 0.7945486518171161 0.0125 0.006447831184056272
0 0.284375 0.7924970691676436 0.0125 0.008206330597889801
0 0.351953125 0.7919109026963658 0.01328125 0.009378663540445486
0 0.573828125 0.7919109026963658 0.01171875 0.010550996483001172
0 0.66015625 0.7913247362250879 0.0125 0.010550996483001172
0 0.225390625 0.7860492379835874 0.00390625 0.007033997655334115
0 0.377734375 0.7857561547479485 0.00546875 0.0076201641266119575
0 0.639453125 0.7854630715123095 0.01171875 0.010550996483001172
0 0.183984375 0.7848769050410317 0.01171875 0.009378663540445486
0 0.42890625 0.7834114888628371 0.0125 0.00996483001172333
0 0.514453125 0.7822391559202814 0.00859375 0.008792497069167644
0 0.401171875 0.7825322391559203 0.01171875 0.009378663540445486
0 0.736328125 0.7822391559202814 0.01328125 0.00996483001172333
0 0.2515625 0.7807737397420867 0.009375 0.009378663540445486
0 0.7109375 0.7784290738569754 0.0125 0.009378663540445486
0 0.280859375 0.7749120750293084 0.01015625 0.008206330597889801
0 0.83515625 0.7752051582649473 0.0125 0.00996483001172333
0 0.780859375 0.7746189917936694 0.01171875 0.00996483001172333
0 0.65703125 0.7705158264947245 0.0125 0.008792497069167644
0 0.328515625 0.768757327080891 0.01171875 0.0076201641266119575
0 0.760546875 0.7655334114888629 0.00078125 0.0023446658851113715
0 0.759765625 0.7634818288393904 0.00078125 0.0005861664712778429
0 0.30390625 0.7681711606096131 0.0109375 0.00996483001172333
0 0.2375 0.7664126611957796 0.0078125 0.006447831184056272
0 0.3703125 0.7669988276670574 0.0125 0.00996483001172333
0 0.503125 0.7658264947245017 0.0109375 0.00996483001172333
0 0.75390625 0.7620164126611958 0.0109375 0.0035169988276670576
0 0.264453125 0.761430246189918 0.00546875 0.005861664712778429
0 0.3953125 0.7602579132473622 0.0109375 0.007033997655334115
0 0.628125 0.7605509964830012 0.0125 0.00996483001172333
0 0.72109375 0.7596717467760844 0.0125 0.010550996483001172
0 0.41875 0.7549824150058617 0.0125 0.005861664712778429
0 0.35 0.7564478311840562 0.0125 0.00996483001172333
0 0.2859375 0.7555685814771395 0.0125 0.009378663540445486
0 0.653125 0.7529308323563892 0.0109375 0.008792497069167644
0 0.6890625 0.7526377491207503 0.0125 0.009378663540445486
0 0.31796875 0.7511723329425557 0.0109375 0.0076201641266119575
0 0.21484375 0.7491207502930832 0.009375 0.008206330597889801
0 0.244921875 0.7485345838218054 0.01171875 0.009378663540445486
0 0.75546875 0.7458968347010551 0.0125 0.0076201641266119575
0 0.636328125 0.7417936694021102 0.01171875 0.00996483001172333
0 0.678515625 0.7373974208675264 0.01171875 0.009378663540445486
0 0.422265625 0.7371043376318874 0.01171875 0.008792497069167644
0 0.838671875 0.7368112543962485 0.01328125 0.009378663540445486
0 0.335546875 0.734759671746776 0.00859375 0.006447831184056272
0 0.230859375 0.7341735052754983 0.01171875 0.0076201641266119575
0 0.27734375 0.7344665885111371 0.0125 0.009378663540445486
0 0.202734375 0.731242672919109 0.01171875 0.0076201641266119575
0 0.657421875 0.7303634232121923 0.01171875 0.010550996483001172
0 0.788671875 0.7280187573270809 0.01328125 0.009378663540445486
0 0.54609375 0.7283118405627198 0.0125 0.00996483001172333
0 0.309375 0.727725674091442 0.0125 0.008792497069167644
0 0.38828125 0.7212778429073857 0.0125 0.00996483001172333
0 0.245703125 0.7192262602579133 0.01328125 0.008206330597889801
0 0.7703125 0.7174677608440797 0.0125 0.008206330597889801
0 0.2203125 0.7160023446658851 0.0125 0.0076201641266119575
0 0.2703125 0.7118991793669402 0.0125 0.0076201641266119575
0 0.81953125 0.7116060961313013 0.0125 0.009378663540445486
0 0.182421875 0.7092614302461899 0.01015625 0.008206330597889801
0 0.645703125 0.7066236811254396 0.01171875 0.00996483001172333
0 0.33203125 0.7054513481828839 0.0125 0.00996483001172333
0 0.79609375 0.7033997655334114 0.0109375 0.009378663540445486
0 0.35703125 0.7025205158264948 0.0125 0.00996483001172333
0 0.205859375 0.7022274325908558 0.01171875 0.009378663540445486
0 0.251171875 0.7007620164126612 0.01328125 0.008792497069167644
0 0.7703125 0.6992966002344666 0.0125 0.008206330597889801
0 0.73671875 0.6995896834701055 0.0125 0.008792497069167644
0 0.512890625 0.6981242672919109 0.01171875 0.009378663540445486
0 0.22890625 0.6922626025791325 0.0125 0.009378663540445486
0 0.8140625 0.6916764361078547 0.0125 0.009378663540445486
0 0.38359375 0.69021101992966 0.0125 0.00996483001172333
0 0.757421875 0.6858147713950762 0.00859375 0.008206330597889801
0 0.3390625 0.686400937866354 0.0125 0.009378663540445486
0 0.298046875 0.6843493552168816 0.01328125 0.008792497069167644
0 0.726171875 0.6840562719812426 0.01171875 0.009378663540445486
0 0.20703125 0.682590855803048 0.0125 0.00996483001172333
0 0.678125 0.6799531066822978 0.0125 0.009378663540445486
0 0.791796875 0.6787807737397421 0.01328125 0.009378663540445486
0 0.251171875 0.6784876905041032 0.01328125 0.008792497069167644
0 0.3203125 0.6758499413833529 0.0125 0.009378663540445486
0 0.276171875 0.6746776084407972 0.01328125 0.009378663540445486
0 0.769140625 0.6711606096131302 0.01171875 0.009378663540445486
0 0.7453125 0.6702813599062134 0.0109375 0.008792497069167644
0 0.230078125 0.6661781946072685 0.01328125 0.00996483001172333
0 0.192578125 0.6652989449003517 0.01328125 0.008206330597889801
0 0.304296875 0.6614888628370457 0.01328125 0.008792497069167644
0 0.815234375 0.6611957796014069 0.01171875 0.009378663540445486
0 0.61796875 0.6597303634232122 0.0125 0.008792497069167644
0 0.359375 0.6600234466588512 0.0125 0.009378663540445486
0 0.728125 0.6582649472450176 0.0125 0.008206330597889801
0 0.253515625 0.6591441969519344 0.01328125 0.00996483001172333
0 0.32890625 0.6582649472450176 0.0125 0.009378663540445486
0 0.2796875 0.6559202813599062 0.0140625 0.009378663540445486
0 0.793359375 0.652696365767878 0.01171875 0.008792497069167644
0 0.2125 0.652696365767878 0.0125 0.008792497069167644
0 0.849609375 0.6500586166471278 0.01484375 0.009378663540445486
0 0.18125 0.64947245017585 0.0125 0.009378663540445486
0 0.753125 0.6485932004689332 0.0125 0.008792497069167644
0 0.237109375 0.6450762016412661 0.01328125 0.00996483001172333
0 0.263671875 0.6427315357561547 0.01328125 0.006447831184056272
0 0.832421875 0.6424384525205158 0.01328125 0.008206330597889801
0 0.34765625 0.6430246189917936 0.0125 0.009378663540445486
0 0.298828125 0.6430246189917936 0.01328125 0.009378663540445486
0 0.7203125 0.641559202813599 0.0125 0.008792497069167644
0 0.323828125 0.6362837045720985 0.01328125 0.006447831184056272
0 0.215625 0.6339390386869871 0.0125 0.008792497069167644
0 0.775390625 0.6301289566236812 0.01171875 0.008206330597889801
0 0.749609375 0.6301289566236812 0.01171875 0.008206330597889801
0 0.187109375 0.6292497069167644 0.01171875 0.006447831184056272
0 0.246875 0.6280773739742087 0.0125 0.00996483001172333
0 0.82890625 0.6257327080890973 0.0078125 0.0076201641266119575
0 0.272265625 0.6236811254396248 0.01328125 0.008206330597889801
0 0.61796875 0.6198710433763188 0.0125 0.008792497069167644
0 0.31953125 0.6178194607268465 0.0125 0.007033997655334115
0 0.20546875 0.6172332942555686 0.0125 0.009378663540445486
0 0.753515625 0.6143024618991794 0.00703125 0.004689331770222743
0 0.29453125 0.6148886283704572 0.0140625 0.009378663540445486
0 0.230859375 0.6125439624853458 0.01171875 0.005861664712778429
0 0.818359375 0.6096131301289566 0.01171875 0.008206330597889801
0 0.256640625 0.6090269636576788 0.01328125 0.008206330597889801
0 0.589453125 0.6081477139507621 0.01171875 0.008792497069167644
0 0.1734375 0.6075615474794842 0.0140625 0.0076201641266119575
0 0.783984375 0.6069753810082064 0.00859375 0.0076201641266119575
0 0.3515625 0.6063892145369285 0.0125 0.00996483001172333
0 0.763671875 0.5975967174677609 0.01171875 0.0076201641266119575
0 0.2875 0.597303634232122 0.0125 0.009378663540445486
0 0.212890625 0.5958382180539273 0.01171875 0.0076201641266119575
0 0.2390625 0.5955451348182884 0.0125 0.008206330597889801
0 0.329296875 0.5940797186400938 0.01328125 0.006447831184056272
0 0.263671875 0.5905627198124267 0.01328125 0.00996483001172333
0 0.721484375 0.5890973036342321 0.01171875 0.008206330597889801
0 0.58125 0.5896834701055099 0.0109375 0.009378663540445486
0 0.189453125 0.5885111371629543 0.01328125 0.007033997655334115
0 0.31015625 0.5808909730363423 0.0125 0.009378663540445486
0 0.833203125 0.5788393903868698 0.01171875 0.008792497069167644
0 0.1984375 0.5741500586166471 0.0015625 0.0005861664712778429
0 0.196484375 0.5735638921453693 0.00078125 0.0005861664712778429
0 0.738671875 0.5767878077373975 0.01015625 0.008206330597889801
0 0.24453125 0.5759085580304807 0.0109375 0.006447831184056272
0 0.28046875 0.5759085580304807 0.0140625 0.0076201641266119575
0 0.194140625 0.5723915592028136 0.00234375 0.0017584994138335288
0 0.205078125 0.5720984759671747 0.00234375 0.0023446658851113715
0 0.173828125 0.5735638921453693 0.01328125 0.0076201641266119575
0 0.716796875 0.5715123094958968 0.01171875 0.009378663540445486
0 0.3 0.563305978898007 0.0125 0.007033997655334115
0 0.34609375 0.5615474794841735 0.0125 0.009378663540445486
0 0.221875 0.5600820633059789 0.0078125 0.006447831184056272
0 0.25625 0.55978898007034 0.0140625 0.007033997655334115
0 0.776953125 0.5592028135990621 0.01171875 0.007033997655334115
0 0.185546875 0.5545134818288394 0.00078125 0.0011723329425556857
0 0.28046875 0.5539273153575616 0.0140625 0.007033997655334115
0 0.6671875 0.5524618991793669 0.0125 0.0076201641266119575
0 0.319921875 0.5527549824150059 0.01328125 0.009378663540445486
0 0.70078125 0.5504103165298945 0.0125 0.008206330597889801
0 0.610546875 0.5489449003516998 0.01171875 0.005275498241500586
0 0.2390625 0.5463071512309496 0.0140625 0.007033997655334115
0 0.587109375 0.5442555685814772 0.01171875 0.008792497069167644
0 0.432421875 0.5436694021101993 0.01171875 0.0076201641266119575
0 0.21328125 0.5427901524032825 0.0125 0.007033997655334115
0 0.827734375 0.537221570926143 0.00859375 0.0076201641266119575
0 0.328125 0.5366354044548651 0.0125 0.006447831184056272
0 0.26484375 0.5357561547479485 0.0140625 0.009378663540445486
0 0.303125 0.5331184056271981 0.0140625 0.008792497069167644
0 0.806640625 0.5293083235638921 0.01171875 0.008206330597889801
0 0.424609375 0.5266705744431418 0.01171875 0.0076201641266119575
0 0.59140625 0.5266705744431418 0.0125 0.008792497069167644
0 0.38515625 0.5228604923798359 0.0125 0.009378663540445486
0 0.191015625 0.5219812426729191 0.01328125 0.0076201641266119575
0 0.317578125 0.5205158264947245 0.01171875 0.005861664712778429
0 0.323828125 0.5167057444314185 0.00078125 0.0005861664712778429
0 0.283984375 0.5213950762016413 0.01328125 0.00996483001172333
0 0.216796875 0.5196365767878077 0.01328125 0.006447831184056272
0 0.34375 0.5172919109026963 0.0125 0.008792497069167644
0 0.258984375 0.5175849941383353 0.01328125 0.009378663540445486
0 0.3671875 0.5117233294255569 0.0125 0.005861664712778429
0 0.8203125 0.5117233294255569 0.0109375 0.008206330597889801
0 0.298828125 0.5061547479484173 0.01328125 0.008792497069167644
0 0.18203125 0.5041031652989449 0.0140625 0.007033997655334115
0 0.39296875 0.5043962485345839 0.0125 0.00996483001172333
0 0.76328125 0.5032239155920282 0.0109375 0.008792497069167644
0 0.273828125 0.5020515826494725 0.01328125 0.0076201641266119575
0 0.32265625 0.5002930832356389 0.0125 0.008792497069167644
0 0.248828125 0.5 0.01328125 0.008206330597889801
0 0.2171875 0.49824150058616645 0.0078125 0.004689331770222743
0 0.34765625 0.4988276670574443 0.0125 0.009378663540445486
0 0.716015625 0.4947245017584994 0.01171875 0.009378663540445486
0 0.845703125 0.49296600234466587 0.01328125 0.008206330597889801
0 0.4375 0.492379835873388 0.0125 0.008206330597889801
0 0.56953125 0.49208675263774915 0.0125 0.008792497069167644
0 0.37421875 0.4915005861664713 0.0125 0.008792497069167644
0 0.41328125 0.4894490035169988 0.0125 0.009378663540445486
0 0.3 0.48739742086752635 0.0140625 0.008792497069167644
0 0.771484375 0.48651817116060964 0.01171875 0.008206330597889801
0 0.32578125 0.48300117233294254 0.0015625 0.0011723329425556857
0 0.31875 0.4806565064478312 0.0015625 0.0011723329425556857
0 0.230859375 0.48300117233294254 0.01328125 0.007033997655334115
0 0.2578125 0.4824150058616647 0.0140625 0.008206330597889801
0 0.35 0.4783118405627198 0.0125 0.005861664712778429
0 0.8046875 0.47772567409144195 0.0125 0.008206330597889801
0 0.515625 0.47450175849941384 0.0125 0.008792497069167644
0 0.84375 0.47332942555685814 0.0125 0.0076201641266119575
0 0.466015625 0.47039859320046895 0.00234375 0.0017584994138335288
0 0.484375 0.47362250879249707 0.0125 0.009378663540445486
0 0.423828125 0.4712778429073857 0.01171875 0.005861664712778429
0 0.3734375 0.47332942555685814 0.0125 0.00996483001172333
0 0.280078125 0.4712778429073857 0.01328125 0.007033997655334115
0 0.305078125 0.4706916764361079 0.01328125 0.007033997655334115
0 0.396484375 0.4674677608440797 0.01328125 0.005275498241500586
0 0.21796875 0.46600234466588514 0.003125 0.0023446658851113715
0 0.225390625 0.46688159437280186 0.00703125 0.006447831184056272
0 0.335546875 0.4642438452520516 0.01328125 0.008206330597889801
0 0.248828125 0.4645369284876905 0.01328125 0.008792497069167644
0 0.866015625 0.46277842907385697 0.01171875 0.008792497069167644
0 0.823828125 0.46277842907385697 0.01171875 0.008792497069167644
0 0.19765625 0.45955451348182885 0.0140625 0.007033997655334115
0 0.733984375 0.4586752637749121 0.01171875 0.008792497069167644
0 0.358984375 0.45720984759671746 0.01328125 0.007033997655334115
0 0.845703125 0.45545134818288396 0.01015625 0.008206330597889801
0 0.49609375 0.45603751465416176 0.0125 0.009378663540445486
0 0.287890625 0.4533997655334115 0.01171875 0.006447831184056272
0 0.38203125 0.45281359906213364 0.0125 0.006447831184056272
0 0.4171875 0.4536928487690504 0.0125 0.009378663540445486
0 0.7984375 0.4522274325908558 0.0125 0.008792497069167644
0 0.315234375 0.4522274325908558 0.01328125 0.008792497069167644
0 0.180078125 0.44841735052754983 0.01484375 0.007033997655334115
0 0.4546875 0.44753810082063306 0.0125 0.0076201641266119575
0 0.7171875 0.44636576787807736 0.0109375 0.0076201641266119575
0 0.338671875 0.4466588511137163 0.01328125 0.009378663540445486
0 0.74765625 0.44460726846424387 0.0125 0.008792497069167644
0 0.2359375 0.44431418522860494 0.0140625 0.010550996483001172
0 0.830078125 0.4428487690504103 0.01328125 0.008792497069167644
0 0.857421875 0.44021101992966 0.01328125 0.008206330597889801
0 0.508984375 0.4405041031652989 0.01171875 0.008792497069167644
0 0.362109375 0.43991793669402113 0.01328125 0.008792497069167644
0 0.262109375 0.43874560375146543 0.01328125 0.006447831184056272
0 0.695703125 0.4381594372801876 0.01171875 0.008792497069167644
0 0.409375 0.43347010550996484 0.003125 0.0005861664712778429
0 0.7703125 0.4369871043376319 0.0109375 0.008792497069167644
0 0.412109375 0.432883939038687 0.00078125 0.0005861664712778429
0 0.413671875 0.43229777256740914 0.00078125 0.0005861664712778429
0 0.66484375 0.4361078546307151 0.0125 0.009378663540445486
0 0.414453125 0.43112543962485345 0.00078125 0.0005861664712778429
0 0.201171875 0.43552168815943726 0.01484375 0.009378663540445486
0 0.4390625 0.4343493552168816 0.0125 0.009378663540445486
0 0.315234375 0.4340562719812427 0.01328125 0.00996483001172333
0 0.38515625 0.43259085580304807 0.0125 0.009378663540445486
0 0.751171875 0.42790152403282533 0.01171875 0.005861664712778429
0 0.290625 0.4287807737397421 0.0140625 0.00996483001172333
0 0.342578125 0.42819460726846426 0.01328125 0.00996483001172333
0 0.24296875 0.4249706916764361 0.0140625 0.010550996483001172
0 0.49921875 0.42379835873388044 0.0125 0.009378663540445486
0 0.366015625 0.4208675263774912 0.01171875 0.008206330597889801
0 0.677734375 0.42057444314185227 0.01171875 0.008792497069167644
0 0.59765625 0.42028135990621335 0.0125 0.009378663540445486
0 0.77265625 0.4194021101992966 0.0125 0.008792497069167644
0 0.322265625 0.41735052754982416 0.01328125 0.005861664712778429
0 0.2703125 0.41822977725674093 0.0140625 0.0076201641266119575
0 0.4328125 0.4155920281359906 0.0125 0.007033997655334115
0 0.520703125 0.4144196951934349 0.01171875 0.005861664712778429
0 0.199609375 0.4164712778429074 0.01484375 0.00996483001172333
0 0.869921875 0.414126611957796 0.01328125 0.008792497069167644
0 0.407421875 0.41295427901524034 0.01328125 0.0076201641266119575
0 0.8109375 0.41295427901524034 0.0125 0.008792497069167644
0 0.34609375 0.4097303634232122 0.0125 0.009378663540445486
0 0.29765625 0.40943728018757325 0.0140625 0.00996483001172333
0 0.383203125 0.40767878077373976 0.01328125 0.0076201641266119575
0 0.18046875 0.40386869871043374 0.0125 0.009378663540445486
0 0.259375 0.3994724501758499 0.0140625 0.00996483001172333
0 0.852734375 0.3983001172332943 0.01328125 0.008792497069167644
0 0.207421875 0.3988862837045721 0.01328125 0.00996483001172333
0 0.7640625 0.39771395076201643 0.0109375 0.008792497069167644
0 0.432421875 0.39654161781946073 0.01171875 0.0076201641266119575
0 0.316796875 0.3974208675263775 0.01328125 0.009378663540445486
0 0.786328125 0.39683470105509966 0.01171875 0.009378663540445486
0 0.741015625 0.39654161781946073 0.01171875 0.008792497069167644
0 0.234375 0.39654161781946073 0.0140625 0.00996483001172333
0 0.809375 0.39536928487690504 0.0125 0.008792497069167644
0 0.456640625 0.3947831184056272 0.01171875 0.0076201641266119575
0 0.28359375 0.3936107854630715 0.0140625 0.00996483001172333
0 0.366015625 0.39243845252051585 0.01328125 0.00996483001172333
0 0.341015625 0.3909730363423212 0.01328125 0.009378663540445486
0 0.39140625 0.39009378663540445 0.0125 0.00996483001172333
0 0.48515625 0.3877491207502931 0.0125 0.0076201641266119575
0 0.509765625 0.3877491207502931 0.01171875 0.00996483001172333
0 0.177734375 0.3830597889800703 0.00078125 0.0005861664712778429
0 0.830078125 0.3801289566236811 0.00078125 0.0005861664712778429
0 0.863671875 0.3830597889800703 0.01328125 0.008792497069167644
0 0.184765625 0.38364595545134816 0.01328125 0.00996483001172333
0 0.414453125 0.3824736225087925 0.01328125 0.008792497069167644
0 0.44765625 0.38042203985932005 0.0078125 0.005861664712778429
0 0.440234375 0.37807737397420865 0.00078125 0.0011723329425556857
0 0.836328125 0.3795427901524033 0.01171875 0.005275498241500586
0 0.755078125 0.3813012895662368 0.01171875 0.008792497069167644
0 0.786328125 0.3789566236811254 0.01171875 0.008792497069167644
0 0.2109375 0.3798358733880422 0.0140625 0.010550996483001172
0 0.73203125 0.3783704572098476 0.0125 0.008792497069167644
0 0.32109375 0.3786635404454865 0.0125 0.009378663540445486
0 0.262890625 0.3786635404454865 0.01328125 0.010550996483001172
0 0.8109375 0.37749120750293086 0.0125 0.009378663540445486
0 0.528125 0.3754396248534584 0.0125 0.0076201641266119575
0 0.2953125 0.3766119577960141 0.0140625 0.00996483001172333
0 0.23671875 0.3766119577960141 0.0140625 0.00996483001172333
0 0.594140625 0.37397420867526376 0.01171875 0.005861664712778429
0 0.3765625 0.3745603751465416 0.0125 0.009378663540445486
0 0.3515625 0.37368112543962484 0.0125 0.008792497069167644
0 0.570703125 0.3698710433763189 0.01171875 0.008206330597889801
0 0.4890625 0.3689917936694021 0.0125 0.008792497069167644
0 0.64921875 0.3675263774912075 0.0125 0.008206330597889801
0 0.852734375 0.3675263774912075 0.01328125 0.009378663540445486
0 0.39921875 0.3675263774912075 0.0125 0.009378663540445486
0 0.702734375 0.36400937866354044 0.01171875 0.009378663540445486
0 0.194921875 0.3645955451348183 0.01484375 0.010550996483001172
0 0.796484375 0.361957796014068 0.01015625 0.006447831184056272
0 0.75703125 0.36313012895662367 0.0125 0.008792497069167644
0 0.276953125 0.36313012895662367 0.01328125 0.00996483001172333
0 0.433984375 0.3622508792497069 0.01171875 0.009378663540445486
0 0.821484375 0.3613716295427902 0.01171875 0.008792497069167644
0 0.33125 0.3616647127784291 0.0125 0.009378663540445486
0 0.25078125 0.36107854630715125 0.0140625 0.010550996483001172
0 0.461328125 0.3578546307151231 0.01171875 0.008792497069167644
0 0.529296875 0.3563892145369285 0.01171875 0.007033997655334115
0 0.37734375 0.3549237983587339 0.0125 0.008792497069167644
0 0.225390625 0.35580304806565066 0.01484375 0.010550996483001172
0 0.633984375 0.3525791324736225 0.01171875 0.008792497069167644
0 0.308203125 0.3528722157092614 0.01328125 0.009378663540445486
0 0.57265625 0.35199296600234464 0.0125 0.008792497069167644
0 0.35234375 0.3511137162954279 0.0125 0.008206330597889801
0 0.83984375 0.3511137162954279 0.0125 0.009378663540445486
0 0.814453125 0.34671746776084406 0.00078125 0.0005861664712778429
0 0.48359375 0.350820633059789 0.0125 0.00996483001172333
0 0.508203125 0.34876905041031653 0.01171875 0.009378663540445486
0 0.4 0.3484759671746776 0.0125 0.008792497069167644
0 0.867578125 0.34671746776084406 0.01328125 0.008792497069167644
0 0.825390625 0.3420281359906213 0.00078125 0.0005861664712778429
0 0.814453125 0.3420281359906213 0.00078125 0.0005861664712778429
0 0.7953125 0.3452520515826495 0.0125 0.008206330597889801
0 0.764453125 0.34583821805392734 0.01171875 0.009378663540445486
0 0.698828125 0.34583821805392734 0.01171875 0.009378663540445486
0 0.266015625 0.34583821805392734 0.01328125 0.010550996483001172
0 0.546484375 0.34378663540445487 0.01171875 0.0076201641266119575
0 0.42421875 0.34466588511137164 0.0125 0.009378663540445486
0 0.186328125 0.3452520515826495 0.01484375 0.010550996483001172
0 0.820703125 0.33968347010551 0.00546875 0.0017584994138335288
0 0.671875 0.34349355216881594 0.0125 0.009378663540445486
0 0.3296875 0.34261430246189917 0.0125 0.008792497069167644
0 0.28984375 0.33909730363423213 0.0140625 0.00996483001172333
0 0.241015625 0.3388042203985932 0.01484375 0.009378663540445486
0 0.648828125 0.3385111371629543 0.01171875 0.00996483001172333
0 0.73203125 0.3361664712778429 0.009375 0.0076201641266119575
0 0.209765625 0.33675263774912073 0.01484375 0.00996483001172333
0 0.618359375 0.335873388042204 0.01171875 0.009378663540445486
0 0.445703125 0.3355803048065651 0.01171875 0.008792497069167644
0 0.85 0.33528722157092616 0.0125 0.009378663540445486
0 0.59453125 0.3344079718640094 0.0125 0.00996483001172333
0 0.52421875 0.33411488862837047 0.0125 0.009378663540445486
0 0.35234375 0.3323563892145369 0.0109375 0.008206330597889801
0 0.77890625 0.3308909730363423 0.0125 0.008792497069167644
0 0.481640625 0.33147713950762014 0.01171875 0.00996483001172333
0 0.403125 0.32942555685814773 0.0125 0.008206330597889801
0 0.805078125 0.3291324736225088 0.01328125 0.008792497069167644
0 0.709765625 0.3288393903868699 0.01171875 0.008206330597889801
0 0.87109375 0.32854630715123095 0.0125 0.008792497069167644
0 0.568359375 0.3291324736225088 0.01171875 0.00996483001172333
0 0.378515625 0.3279601406799531 0.00703125 0.0076201641266119575
0 0.313671875 0.32737397420867526 0.01328125 0.00996483001172333
0 0.26796875 0.3267878077373974 0.0140625 0.00996483001172333
0 0.178125 0.32590855803048063 0.0140625 0.010550996483001172
0 0.681640625 0.32327080890973037 0.00859375 0.006447831184056272
0 0.542578125 0.3223915592028136 0.01171875 0.009378663540445486
0 0.637890625 0.3215123094958968 0.01171875 0.008792497069167644
0 0.503515625 0.3215123094958968 0.01171875 0.00996483001172333
0 0.425390625 0.3212192262602579 0.01171875 0.009378663540445486
0 0.253515625 0.3168229777256741 0.00078125 0.0005861664712778429
0 0.837890625 0.3191676436107855 0.01171875 0.008792497069167644
0 0.226953125 0.3150644783118406 0.00078125 0.0005861664712778429
0 0.749609375 0.3179953106682298 0.00859375 0.008792497069167644
0 0.61171875 0.3179953106682298 0.0109375 0.008792497069167644
0 0.291015625 0.3182883939038687 0.01328125 0.009378663540445486
0 0.449609375 0.317116060961313 0.01171875 0.008206330597889801
0 0.203515625 0.3179953106682298 0.01171875 0.00996483001172333
0 0.865234375 0.31213364595545134 0.00078125 0.0005861664712778429
0 0.726953125 0.31623681125439623 0.00859375 0.008792497069167644
0 0.5859375 0.3150644783118406 0.0109375 0.008792497069167644
0 0.863671875 0.3106682297772567 0.00234375 0.0011723329425556857
0 0.3421875 0.31477139507620167 0.0109375 0.009378663540445486
0 0.86015625 0.30978898007034 0.003125 0.0005861664712778429
0 0.8171875 0.3138921453692849 0.0109375 0.008792497069167644
0 0.793359375 0.3138921453692849 0.01171875 0.008792497069167644
0 0.77109375 0.31359906213364597 0.0109375 0.008206330597889801
0 0.474609375 0.31330597889800704 0.00859375 0.0076201641266119575
0 0.699609375 0.3130128956623681 0.01015625 0.008206330597889801
0 0.39296875 0.3127198124267292 0.009375 0.008792497069167644
0 0.369921875 0.30978898007034 0.00546875 0.005275498241500586
0 0.5625 0.3103751465416178 0.0109375 0.0076201641266119575
0 0.2515625 0.31096131301289565 0.0125 0.008792497069167644
0 0.5265625 0.30978898007034 0.00625 0.0076201641266119575
0 0.225390625 0.30978898007034 0.01328125 0.00996483001172333
0 0.318359375 0.30773739742086753 0.01171875 0.008206330597889801
0 0.678125 0.30568581477139506 0.009375 0.0076201641266119575
0 0.65078125 0.30539273153575613 0.009375 0.009378663540445486
0 0.177734375 0.3009964830011723 0.00078125 0.0005861664712778429
0 0.49453125 0.30363423212192264 0.0109375 0.008206330597889801
0 0.184375 0.3050996483001172 0.0109375 0.011137162954279016
0 0.626171875 0.3033411488862837 0.01171875 0.008792497069167644
0 0.416796875 0.3033411488862837 0.00859375 0.008792497069167644
0 0.8328125 0.30158264947245017 0.0125 0.0076201641266119575
0 0.85703125 0.29835873388042206 0.0015625 0.0023446658851113715
0 0.740234375 0.3007033997655334 0.00703125 0.008206330597889801
0 0.60234375 0.3007033997655334 0.0109375 0.008206330597889801
0 0.294140625 0.2995310668229777 0.01171875 0.005861664712778429
0 0.440234375 0.2995310668229777 0.01015625 0.009378663540445486
0 0.868359375 0.29454865181711604 0.00078125 0.0005861664712778429
0 0.80703125 0.2951348182883939 0.00625 0.0017584994138335288
0 0.782421875 0.29835873388042206 0.01171875 0.008206330597889801
0 0.715625 0.29806565064478313 0.0078125 0.0076201641266119575
0 0.543359375 0.2989449003516999 0.01171875 0.009378663540445486
0 0.26875 0.2989449003516999 0.0140625 0.010550996483001172
0 0.579296875 0.2974794841735053 0.01015625 0.008792497069167644
0 0.465234375 0.29601406799531066 0.00546875 0.005861664712778429
0 0.865234375 0.2924970691676436 0.00546875 0.0023446658851113715
0 0.336328125 0.29484173505275496 0.01171875 0.007033997655334115
0 0.75859375 0.29073856975381007 0.003125 0.0011723329425556857
0 0.363671875 0.29161781946072685 0.00546875 0.005275498241500586
0 0.513671875 0.2924970691676436 0.01171875 0.008206330597889801
0 0.23828125 0.29396248534583824 0.0140625 0.011137162954279016
0 0.665234375 0.29073856975381007 0.00859375 0.008206330597889801
0 0.38984375 0.29073856975381007 0.0109375 0.008206330597889801
0 0.641796875 0.2881008206330598 0.00859375 0.0076201641266119575
0 0.313671875 0.2866354044548652 0.01015625 0.009378663540445486
0 0.844140625 0.2857561547479484 0.01171875 0.008792497069167644
0 0.82109375 0.28634232121922626 0.0125 0.00996483001172333
0 0.560546875 0.2854630715123095 0.01015625 0.008206330597889801
0 0.48984375 0.2854630715123095 0.00625 0.008206330597889801
0 0.61875 0.283704572098476 0.0078125 0.005861664712778429
0 0.414453125 0.2842907385697538 0.01015625 0.008206330597889801
0 0.730859375 0.28341148886283707 0.00859375 0.0076201641266119575
0 0.594140625 0.28311840562719814 0.01015625 0.008206330597889801
0 0.79375 0.2828253223915592 0.0109375 0.008792497069167644
0 0.282421875 0.28194607268464245 0.01328125 0.009378663540445486
0 0.18515625 0.2828253223915592 0.0140625 0.011137162954279016
0 0.534375 0.2801875732708089 0.0078125 0.007033997655334115
0 0.707421875 0.2801875732708089 0.01015625 0.008206330597889801
0 0.43984375 0.2801875732708089 0.0078125 0.008206330597889801
0 0.773046875 0.2784290738569754 0.00859375 0.008206330597889801
0 0.344140625 0.27667057444314186 0.01015625 0.008206330597889801
0 0.51015625 0.2746189917936694 0.00625 0.005275498241500586
0 0.4640625 0.27520515826494724 0.00625 0.0076201641266119575
0 0.855078125 0.27227432590855805 0.00234375 0.004103165298944901
0 0.7515625 0.27403282532239154 0.00625 0.008792497069167644
0 0.682421875 0.2734466588511137 0.00859375 0.0076201641266119575
0 0.37734375 0.27403282532239154 0.0078125 0.008792497069167644
0 0.855859375 0.2693434935521688 0.00078125 0.0005861664712778429
0 0.65703125 0.2734466588511137 0.00625 0.008792497069167644
0 0.861328125 0.26699882766705746 0.00234375 0.0005861664712778429
0 0.832421875 0.2708089097303634 0.01171875 0.009378663540445486
0 0.575390625 0.2702227432590856 0.01015625 0.008206330597889801
0 0.810546875 0.2705158264947245 0.01171875 0.00996483001172333
0 0.7265625 0.2664126611957796 0.0046875 0.004103165298944901
0 0.552734375 0.2675849941383353 0.00859375 0.0076201641266119575
0 0.399609375 0.26817116060961316 0.01015625 0.008792497069167644
0 0.485546875 0.26582649472450176 0.00390625 0.005275498241500586
0 0.301171875 0.26787807737397423 0.01171875 0.009378663540445486
0 0.62109375 0.26582649472450176 0.0078125 0.0076201641266119575
0 0.788671875 0.26318874560375144 0.00859375 0.004689331770222743
0 0.42421875 0.2637749120750293 0.0109375 0.008206330597889801
0 0.52890625 0.2620164126611958 0.00625 0.005861664712778429
0 0.265234375 0.26436107854630714 0.01328125 0.010550996483001172
0 0.7015625 0.26260257913247365 0.0078125 0.008206330597889801
0 0.326171875 0.26260257913247365 0.01171875 0.008206330597889801
0 0.765234375 0.2608440797186401 0.01015625 0.008206330597889801
0 0.3609375 0.25908558030480655 0.0046875 0.004689331770222743
0 0.64375 0.25791324736225085 0.00625 0.005861664712778429
0 0.59921875 0.25908558030480655 0.0078125 0.008206330597889801
0 0.840234375 0.25468933177022274 0.00078125 0.0005861664712778429
0 0.67265625 0.257620164126612 0.0078125 0.0076201641266119575
0 0.452734375 0.2582063305978898 0.00859375 0.008792497069167644
0 0.88203125 0.25732708089097306 0.0125 0.009378663540445486
0 0.849609375 0.2529308323563892 0.00078125 0.0005861664712778429
0 0.846875 0.2523446658851114 0.003125 0.0005861664712778429
0 0.744921875 0.25615474794841736 0.00703125 0.008206330597889801
0 0.50390625 0.25498241500586166 0.0078125 0.008206330597889801
0 0.822265625 0.25468933177022274 0.01171875 0.00996483001172333
0 0.38203125 0.25351699882766704 0.0109375 0.0076201641266119575
0 0.285546875 0.2529308323563892 0.01328125 0.00996483001172333
0 0.4078125 0.24970691676436108 0.0078125 0.005861664712778429
0 0.801171875 0.2502930832356389 0.01171875 0.009378663540445486
0 0.62109375 0.24765533411488863 0.0046875 0.005275498241500586
0 0.71640625 0.2485345838218054 0.0078125 0.008206330597889801
0 0.5765625 0.24765533411488863 0.0078125 0.008792497069167644
0 0.476953125 0.24765533411488863 0.01171875 0.008792497069167644
0 0.779296875 0.246189917936694 0.00703125 0.007033997655334115
0 0.309765625 0.24706916764361078 0.01171875 0.008792497069167644
0 0.431640625 0.24648300117233293 0.01015625 0.008792497069167644
0 0.69296875 0.24531066822977726 0.0078125 0.0076201641266119575
0 0.3390625 0.246189917936694 0.0109375 0.009378663540445486
0 0.865625 0.2456037514654162 0.0125 0.009378663540445486
0 0.522265625 0.24325908558030482 0.01015625 0.007033997655334115
0 0.178515625 0.2391559202813599 0.00390625 0.0011723329425556857
0 0.755859375 0.24091441969519342 0.00859375 0.008206330597889801
0 0.646484375 0.24003516998827668 0.00859375 0.0076201641266119575
0 0.67265625 0.23856975381008205 0.0046875 0.005861664712778429
0 0.83828125 0.2391559202813599 0.0109375 0.009378663540445486
0 0.598828125 0.23886283704572098 0.00703125 0.008792497069167644
0 0.366796875 0.23827667057444316 0.00859375 0.008792497069167644
0 0.45625 0.23798358733880423 0.009375 0.009378663540445486
0 0.734375 0.2365181711606096 0.0078125 0.0076201641266119575
0 0.553515625 0.2365181711606096 0.01015625 0.0076201641266119575
0 0.49921875 0.23622508792497068 0.009375 0.008206330597889801
0 0.81640625 0.23622508792497068 0.0109375 0.009378663540445486
0 0.389453125 0.2347596717467761 0.01171875 0.0076201641266119575
0 0.18046875 0.23329425556858147 0.0109375 0.009378663540445486
0 0.7125 0.23007033997655335 0.0078125 0.0076201641266119575
0 0.858984375 0.2283118405627198 0.01328125 0.008792497069167644
0 0.773046875 0.22655334114888628 0.00859375 0.005275498241500586
0 0.574609375 0.2283118405627198 0.01015625 0.008792497069167644
0 0.47734375 0.22801875732708088 0.009375 0.008206330597889801
0 0.688671875 0.22713950762016413 0.00859375 0.0076201641266119575
0 0.336328125 0.22655334114888628 0.00859375 0.006447831184056272
0 0.6203125 0.2268464243845252 0.00625 0.008206330597889801
0 0.43203125 0.2268464243845252 0.0109375 0.008206330597889801
0 0.52578125 0.2250879249706917 0.0109375 0.008206330597889801
0 0.64296875 0.22186400937866355 0.00625 0.005275498241500586
0 0.74921875 0.2227432590855803 0.0078125 0.008206330597889801
0 0.833203125 0.21834701055099648 0.00078125 0.0017584994138335288
0 0.18046875 0.21834701055099648 0.0046875 0.0017584994138335288
0 0.833984375 0.21658851113716296 0.00078125 0.0005861664712778429
0 0.666015625 0.2198124267291911 0.00859375 0.007033997655334115
0 0.878515625 0.22010550996483 0.01171875 0.00996483001172333
0 0.358203125 0.21922626025791325 0.01171875 0.008206330597889801
0 0.409765625 0.21834701055099648 0.00859375 0.0076201641266119575
0 0.596875 0.21776084407971863 0.009375 0.0076201641266119575
0 0.551953125 0.21658851113716296 0.00546875 0.005275498241500586
0 0.840625 0.21512309495896834 0.009375 0.0035169988276670576
0 0.813671875 0.21834701055099648 0.01328125 0.00996483001172333
0 0.498046875 0.2174677608440797 0.01015625 0.008206330597889801
0 0.453515625 0.2174677608440797 0.01171875 0.008206330597889801
0 0.728125 0.21629542790152403 0.00625 0.008206330597889801
0 0.38359375 0.2160023446658851 0.0109375 0.008792497069167644
0 0.78984375 0.2142438452520516 0.009375 0.008792497069167644
0 0.176171875 0.20955451348182885 0.00078125 0.0005861664712778429
0 0.1828125 0.21219226260257915 0.0109375 0.008206330597889801
0 0.856640625 0.20662368112543963 0.00078125 0.0005861664712778429
0 0.575390625 0.20955451348182885 0.00859375 0.0076201641266119575
0 0.86171875 0.20691676436107856 0.0078125 0.0035169988276670576
0 0.296875 0.20984759671746775 0.0109375 0.009378663540445486
0 0.768359375 0.20838218053927315 0.00703125 0.0076201641266119575
0 0.684375 0.20838218053927315 0.0078125 0.0076201641266119575
0 0.4765625 0.208968347010551 0.0078125 0.008792497069167644
0 0.33203125 0.20691676436107856 0.0046875 0.004689331770222743
0 0.519921875 0.20662368112543963 0.00546875 0.005275498241500586
0 0.653515625 0.205158264947245 0.00546875 0.005861664712778429
0 0.74765625 0.2033997655334115 0.0046875 0.004689331770222743
0 0.427734375 0.2048651817116061 0.01015625 0.008792497069167644
0 0.706640625 0.20369284876905042 0.01015625 0.0076201641266119575
0 0.887109375 0.20281359906213364 0.01328125 0.009378663540445486
0 0.36328125 0.2007620164126612 0.009375 0.0076201641266119575
0 0.825390625 0.2007620164126612 0.01171875 0.00996483001172333
0 0.80234375 0.19988276670574442 0.0109375 0.009378663540445486
0 0.601171875 0.19900351699882768 0.00703125 0.0076201641266119575
0 0.541015625 0.1981242672919109 0.00703125 0.007033997655334115
0 0.49765625 0.19871043376318875 0.00625 0.008206330597889801
0 0.451171875 0.1981242672919109 0.01015625 0.008206330597889801
0 0.38828125 0.19753810082063306 0.0078125 0.007033997655334115
0 0.78046875 0.194021101992966 0.009375 0.009378663540445486
0 0.726171875 0.19196951934349354 0.00546875 0.006447831184056272
0 0.562890625 0.19226260257913247 0.00859375 0.008206330597889801
0 0.868359375 0.19226260257913247 0.01328125 0.009378663540445486
0 0.622265625 0.1910902696365768 0.00703125 0.007033997655334115
0 0.474609375 0.18933177022274325 0.00390625 0.0035169988276670576
0 0.68671875 0.19021101992966002 0.009375 0.006447831184056272
0 0.517578125 0.18815943728018758 0.00703125 0.007033997655334115
0 0.426171875 0.18610785463071514 0.00859375 0.0076201641266119575
0 0.58515625 0.1846424384525205 0.00625 0.005861664712778429
0 0.747265625 0.1843493552168816 0.00390625 0.006447831184056272
0 0.708203125 0.17995310668229778 0.00390625 0.004689331770222743
0 0.767578125 0.1802461899179367 0.00703125 0.0076201641266119575
0 0.4953125 0.17936694021101993 0.0046875 0.005861664712778429
0 0.401171875 0.18053927315357562 0.01015625 0.008206330597889801
0 0.449609375 0.17936694021101993 0.01015625 0.007033997655334115
0 0.5390625 0.17848769050410315 0.00625 0.0076201641266119575
0 0.606640625 0.17790152403282533 0.00703125 0.0076201641266119575
0 0.73046875 0.1720398593200469 0.003125 0.0029308323563892145
0 0.5640625 0.17321219226260257 0.00625 0.0076201641266119575
0 0.790625 0.1708675263774912 0.009375 0.004103165298944901
0 0.473046875 0.17028135990621338 0.00390625 0.0029308323563892145
0 0.378125 0.17233294255568582 0.0078125 0.007033997655334115
0 0.8359375 0.17145369284876905 0.0078125 0.0076201641266119575
0 0.517578125 0.16910902696365768 0.00703125 0.006447831184056272
0 0.840234375 0.1655920281359906 0.00234375 0.0005861664712778429
0 0.751953125 0.1655920281359906 0.00546875 0.005275498241500586
0 0.5859375 0.1655920281359906 0.0046875 0.005275498241500586
0 0.766015625 0.1597303634232122 0.00078125 0.0005861664712778429
0 0.64765625 0.16324736225087924 0.00625 0.0076201641266119575
0 0.620703125 0.16031652989449002 0.00390625 0.0017584994138335288
0 0.797265625 0.15914419695193435 0.00078125 0.0005861664712778429
0 0.700390625 0.16178194607268465 0.00546875 0.007033997655334115
0 0.798046875 0.15797186400937865 0.00078125 0.0005861664712778429
0 0.774609375 0.15797186400937865 0.00078125 0.0005861664712778429
0 0.768359375 0.15797186400937865 0.00078125 0.0005861664712778429
0 0.548046875 0.15943728018757328 0.00390625 0.0035169988276670576
0 0.451953125 0.15738569753810083 0.00390625 0.0017584994138335288
0 0.330078125 0.15943728018757328 0.00703125 0.007033997655334115
0 0.8046875 0.15621336459554513 0.009375 0.004103165298944901
0 0.71953125 0.15357561547479484 0.009375 0.007033997655334115
0 0.834375 0.1515240328253224 0.0125 0.00996483001172333
0 0.52421875 0.1503516998827667 0.0078125 0.0076201641266119575
0 0.599609375 0.14917936694021103 0.00546875 0.006447831184056272
0 0.498828125 0.1488862837045721 0.00859375 0.007033997655334115
0 0.56328125 0.1462485345838218 0.0078125 0.004103165298944901
0 0.751953125 0.14712778429073858 0.00859375 0.007033997655334115
0 0.39453125 0.14595545134818289 0.00625 0.005861664712778429
0 0.77265625 0.14243845252051582 0.0109375 0.008206330597889801
0 0.425 0.14097303634232122 0.00625 0.006447831184056272
0 0.617578125 0.1368698710433763 0.00390625 0.0029308323563892145
0 0.864453125 0.14009378663540445 0.01328125 0.010550996483001172
0 0.831640625 0.13628370457209849 0.00234375 0.0029308323563892145
0 0.72890625 0.13569753810082064 0.00625 0.006447831184056272
0 0.650390625 0.13452520515826494 0.00703125 0.0076201641266119575
0 0.838671875 0.12954279015240328 0.00546875 0.0011723329425556857
0 0.673046875 0.13012895662368112 0.00703125 0.005861664712778429
0 0.550390625 0.1298358733880422 0.00546875 0.005275498241500586
0 0.7921875 0.13159437280187572 0.0125 0.00996483001172333
0 0.525390625 0.12778429073856976 0.00390625 0.004689331770222743
0 0.32578125 0.12895662368112543 0.009375 0.007033997655334115
0 0.815625 0.12690504103165298 0.0125 0.011137162954279016
0 0.5828125 0.1228018757327081 0.009375 0.006447831184056272
0 0.29921875 0.11811254396248534 0.0125 0.008792497069167644
0 0.76875 0.11635404454865182 0.00625 0.006447831184056272
0 0.695703125 0.1134232121922626 0.01015625 0.0076201641266119575
0 0.3609375 0.11019929660023446 0.00625 0.005861664712778429
0 0.633984375 0.10990621336459555 0.00859375 0.006447831184056272
0 0.323046875 0.10961313012895663 0.00859375 0.005861664712778429
0 0.272265625 0.10638921453692848 0.00078125 0.0005861664712778429
0 0.269140625 0.10580304806565065 0.00390625 0.0005861664712778429
0 0.5890625 0.10463071512309496 0.0046875 0.0029308323563892145
0 0.532421875 0.10580304806565065 0.00546875 0.005275498241500586
0 0.673046875 0.10609613130128957 0.00703125 0.007033997655334115
0 0.505859375 0.10082063305978899 0.00703125 0.007033997655334115
0 0.215625 0.09320046893317702 0.009375 0.009378663540445486
0 0.212890625 0.08645955451348183 0.00703125 0.0017584994138335288
