0 0.246484375 0.9419695193434936 0.01015625 0.0035169988276670576
0 0.270703125 0.9372801875732708 0.01171875 0.007033997655334115
0 0.210546875 0.9317116060961314 0.00703125 0.0029308323563892145
0 0.2390625 0.9270222743259086 0.009375 0.006447831184056272
0 0.3578125 0.9214536928487691 0.0109375 0.005861664712778429
0 0.535546875 0.9100234466588512 0.01171875 0.011137162954279016
0 0.684765625 0.8983001172332943 0.01171875 0.011137162954279016
0 0.358203125 0.895662368112544 0.01171875 0.008206330597889801
0 0.584375 0.8918522860492379 0.0125 0.00996483001172333
0 0.61796875 0.888335287221571 0.0125 0.0076201641266119575
0 0.392578125 0.8856975381008206 0.00390625 0.0023446658851113715
0 0.654296875 0.8830597889800703 0.00078125 0.0005861664712778429
0 0.547265625 0.888042203985932 0.01171875 0.010550996483001172
0 0.3859375 0.8845252051582649 0.0078125 0.0035169988276670576
0 0.65078125 0.8801289566236812 0.00625 0.004103165298944901
0 0.2953125 0.8771981242672919 0.0015625 0.0017584994138335288
0 0.434765625 0.8789566236811255 0.00859375 0.0076201641266119575
0 0.2109375 0.8771981242672919 0.0125 0.006447831184056272
0 0.595703125 0.8763188745603752 0.00703125 0.007033997655334115
0 0.634375 0.8733880422039859 0.003125 0.0035169988276670576
0 0.35703125 0.8754396248534584 0.0125 0.00996483001172333
0 0.3265625 0.8760257913247362 0.0125 0.011137162954279016
0 0.256640625 0.873094958968347 0.01171875 0.006447831184056272
0 0.39453125 0.8672332942555686 0.0125 0.00996483001172333
0 0.464453125 0.8596131301289566 0.00859375 0.0076201641266119575
0 0.4953125 0.8593200468933178 0.0125 0.010550996483001172
0 0.6453125 0.8578546307151231 0.0125 0.00996483001172333
0 0.6 0.8552168815943728 0.0109375 0.008206330597889801
0 0.3171875 0.8496483001172332 0.0125 0.005275498241500586
0 0.273828125 0.8487690504103166 0.01171875 0.008206330597889801
0 0.447265625 0.8481828839390387 0.01171875 0.010550996483001172
0 0.365234375 0.8461313012895663 0.01328125 0.00996483001172333
0 0.480859375 0.8443728018757327 0.01171875 0.00996483001172333
0 0.612890625 0.8405627198124267 0.00546875 0.004689331770222743
0 0.684375 0.8379249706916765 0.0125 0.00996483001172333
0 0.29296875 0.8364595545134819 0.0078125 0.007033997655334115
0 0.31953125 0.8314771395076201 0.0125 0.00996483001172333
0 0.22890625 0.8303048065650644 0.0125 0.008792497069167644
0 0.208984375 0.8259085580304807 0.00078125 0.0023446658851113715
0 0.659375 0.8270808909730364 0.0109375 0.010550996483001172
0 0.201171875 0.8220984759671747 0.00390625 0.0017584994138335288
0 0.70078125 0.8229777256740914 0.0109375 0.009378663540445486
0 0.546484375 0.8220984759671747 0.01171875 0.011137162954279016
0 0.34296875 0.8191676436107854 0.0125 0.0076201641266119575
0 0.629296875 0.8194607268464243 0.01171875 0.010550996483001172
0 0.68046875 0.8177022274325909 0.0078125 0.008206330597889801
0 0.3046875 0.8171160609613131 0.0125 0.010550996483001172
0 0.602734375 0.8147713950762017 0.01171875 0.007033997655334115
0 0.221875 0.813599062133646 0.0078125 0.005861664712778429
0 0.698046875 0.8056858147713951 0.00859375 0.006447831184056272
0 0.47421875 0.8068581477139508 0.0125 0.011137162954279016
0 0.249609375 0.805978898007034 0.01171875 0.009378663540445486
0 0.516796875 0.8056858147713951 0.01171875 0.011137162954279016
0 0.273046875 0.8015826494724502 0.01171875 0.0076201641266119575
0 0.558203125 0.8007033997655334 0.01171875 0.010550996483001172
0 0.340234375 0.8001172332942555 0.01171875 0.009378663540445486
0 0.64375 0.8001172332942555 0.0125 0.010550996483001172
0 0.363671875 0.794841735052755 0.00703125 0.007033997655334115
0 0.2140625 0.794841735052755 0.0109375 0.007033997655334115
0 0.623828125 0.7942555685814772 0.01171875 0.010550996483001172
0 0.17421875 0.7936694021101993 0.0125 0.009378663540445486
0 0.500390625 0.7913247362250879 0.00703125 0.008206330597889801
0 0.415234375 0.7922039859320047 0.01171875 0.00996483001172333
0 0.719140625 0.791031652989449 0.01171875 0.00996483001172333
0 0.387109375 0.791031652989449 0.01015625 0.00996483001172333
0 0.239453125 0.7898593200468933 0.01171875 0.008792497069167644
0 0.69375 0.787221570926143 0.0125 0.009378663540445486
0 0.2703125 0.783704572098476 0.009375 0.008206330597889801
0 0.81640625 0.7839976553341149 0.0125 0.00996483001172333
0 0.762890625 0.7834114888628371 0.01171875 0.00996483001172333
0 0.640234375 0.779601406799531 0.01171875 0.008206330597889801
0 0.316796875 0.7775498241500586 0.01171875 0.008792497069167644
0 0.291796875 0.7769636576787807 0.01015625 0.00996483001172333
0 0.225390625 0.7754982415005862 0.01171875 0.008206330597889801
0 0.358203125 0.7757913247362251 0.01171875 0.00996483001172333
0 0.488671875 0.7752051582649473 0.01171875 0.00996483001172333
0 0.252734375 0.7711019929660023 0.00390625 0.0029308323563892145
0 0.737109375 0.7737397420867527 0.01171875 0.009378663540445486
0 0.382421875 0.7690504103165299 0.00703125 0.007033997655334115
0 0.6125 0.7696365767878077 0.0125 0.010550996483001172
0 0.70390625 0.768757327080891 0.0125 0.00996483001172333
0 0.40703125 0.7643610785463072 0.009375 0.005861664712778429
0 0.337890625 0.765240328253224 0.01171875 0.00996483001172333
0 0.274609375 0.7646541617819461 0.01171875 0.008792497069167644
0 0.636328125 0.7623094958968347 0.01015625 0.008792497069167644
0 0.67265625 0.7617233294255569 0.0125 0.00996483001172333
0 0.304296875 0.7605509964830012 0.01015625 0.008792497069167644
0 0.23515625 0.757327080890973 0.0125 0.008206330597889801
0 0.205078125 0.7576201641266119 0.01171875 0.008792497069167644
0 0.7375 0.7558616647127784 0.0125 0.008792497069167644
0 0.619921875 0.7508792497069168 0.01171875 0.009378663540445486
0 0.662109375 0.7467760844079718 0.01171875 0.009378663540445486
0 0.409765625 0.746189917936694 0.01171875 0.008206330597889801
0 0.81953125 0.746189917936694 0.0125 0.009378663540445486
0 0.3234375 0.7441383352872216 0.0078125 0.0076201641266119575
0 0.22109375 0.7432590855803048 0.0109375 0.008206330597889801
0 0.266796875 0.7429660023446659 0.01171875 0.008792497069167644
0 0.19296875 0.7409144196951934 0.0125 0.009378663540445486
0 0.64140625 0.7400351699882767 0.0109375 0.00996483001172333
0 0.770703125 0.7373974208675264 0.01328125 0.009378663540445486
0 0.531640625 0.7376905041031653 0.01171875 0.00996483001172333
0 0.29765625 0.7373974208675264 0.0125 0.009378663540445486
0 0.37578125 0.7300703399765534 0.0125 0.008792497069167644
0 0.23515625 0.7280187573270809 0.0125 0.007033997655334115
0 0.751953125 0.7268464243845252 0.01171875 0.008206330597889801
0 0.210546875 0.7262602579132473 0.01328125 0.009378663540445486
0 0.259375 0.7209847596717468 0.0109375 0.007033997655334115
0 0.8 0.7209847596717468 0.0125 0.009378663540445486
0 0.173828125 0.7186400937866354 0.01171875 0.009378663540445486
0 0.629296875 0.716295427901524 0.01171875 0.009378663540445486
0 0.32109375 0.7148300117233294 0.0125 0.00996483001172333
0 0.778125 0.7133645955451349 0.009375 0.009378663540445486
0 0.758203125 0.7083821805392732 0.00078125 0.0005861664712778429
0 0.747265625 0.7083821805392732 0.00078125 0.0005861664712778429
0 0.3453125 0.7118991793669402 0.0125 0.00996483001172333
0 0.195703125 0.7116060961313013 0.01171875 0.009378663540445486
0 0.240625 0.7101406799531067 0.0125 0.008792497069167644
0 0.753515625 0.7057444314185228 0.00546875 0.0023446658851113715
0 0.719140625 0.708968347010551 0.01171875 0.008792497069167644
0 0.498828125 0.7075029308323564 0.01171875 0.009378663540445486
0 0.218359375 0.7019343493552169 0.01171875 0.008792497069167644
0 0.7953125 0.7013481828839391 0.0125 0.008792497069167644
0 0.287890625 0.6969519343493552 0.00234375 0.0011723329425556857
0 0.290625 0.6960726846424384 0.0015625 0.0005861664712778429
0 0.371484375 0.6998827667057445 0.01171875 0.009378663540445486
0 0.281640625 0.6943141852286049 0.00078125 0.0005861664712778429
0 0.737890625 0.6954865181711606 0.01171875 0.008792497069167644
0 0.328125 0.6960726846424384 0.0125 0.00996483001172333
0 0.708984375 0.693728018757327 0.01171875 0.008792497069167644
0 0.197265625 0.6919695193434936 0.01328125 0.00996483001172333
0 0.661328125 0.6899179366940211 0.01171875 0.009378663540445486
0 0.773046875 0.6890386869871044 0.01328125 0.00996483001172333
0 0.241015625 0.6881594372801876 0.01328125 0.009378663540445486
0 0.308984375 0.6858147713950762 0.01328125 0.009378663540445486
0 0.266015625 0.6843493552168816 0.01328125 0.008792497069167644
0 0.751171875 0.6811254396248535 0.01171875 0.009378663540445486
0 0.72734375 0.6802461899179367 0.0109375 0.008792497069167644
0 0.2203125 0.6758499413833529 0.0125 0.009378663540445486
0 0.183203125 0.6758499413833529 0.01328125 0.009378663540445486
0 0.79609375 0.6714536928487691 0.0125 0.008792497069167644
0 0.293359375 0.6711606096131302 0.01171875 0.009378663540445486
0 0.60234375 0.6696951934349356 0.0109375 0.008792497069167644
0 0.348046875 0.6691090269636577 0.01171875 0.0076201641266119575
0 0.7109375 0.6682297772567409 0.0109375 0.008206330597889801
0 0.243359375 0.6691090269636577 0.01328125 0.00996483001172333
0 0.31796875 0.6682297772567409 0.0125 0.009378663540445486
0 0.269140625 0.6658851113716295 0.01328125 0.009378663540445486
0 0.774609375 0.6632473622508792 0.01171875 0.008792497069167644
0 0.203125 0.6629542790152403 0.0125 0.008206330597889801
0 0.830078125 0.660609613130129 0.01484375 0.009378663540445486
0 0.821484375 0.6562133645955451 0.00078125 0.0005861664712778429
0 0.73515625 0.6588511137162955 0.0109375 0.008206330597889801
0 0.172265625 0.6591441969519344 0.01328125 0.008792497069167644
0 0.2265625 0.6553341148886284 0.0125 0.009378663540445486
0 0.253125 0.6532825322391559 0.0125 0.006447831184056272
0 0.81328125 0.652989449003517 0.0140625 0.008206330597889801
0 0.287890625 0.6535756154747948 0.01328125 0.009378663540445486
0 0.3359375 0.652989449003517 0.0125 0.009378663540445486
0 0.702734375 0.6521101992966002 0.01171875 0.008792497069167644
0 0.312109375 0.6471277842907386 0.01171875 0.005861664712778429
0 0.20625 0.6436107854630715 0.0125 0.008206330597889801
0 0.75625 0.6409730363423212 0.0125 0.008792497069167644
0 0.731640625 0.6406799531066822 0.01171875 0.008206330597889801
0 0.178125 0.6406799531066822 0.0125 0.009378663540445486
0 0.236328125 0.638335287221571 0.01171875 0.009378663540445486
0 0.80859375 0.6362837045720985 0.009375 0.0076201641266119575
0 0.26171875 0.6336459554513482 0.0125 0.008206330597889801
0 0.60234375 0.63042203985932 0.0109375 0.008792497069167644
0 0.195703125 0.6280773739742087 0.01171875 0.00996483001172333
0 0.30859375 0.6263188745603752 0.0125 0.00996483001172333
0 0.283984375 0.6254396248534584 0.01328125 0.009378663540445486
0 0.22109375 0.623094958968347 0.0109375 0.005861664712778429
0 0.733203125 0.6233880422039859 0.01171875 0.008792497069167644
0 0.574609375 0.6207502930832356 0.01171875 0.004689331770222743
0 0.79921875 0.6207502930832356 0.0125 0.008206330597889801
0 0.246484375 0.61957796014068 0.01328125 0.008206330597889801
0 0.164453125 0.6181125439624854 0.01328125 0.0076201641266119575
0 0.765625 0.6181125439624854 0.0078125 0.008792497069167644
0 0.340625 0.6160609613130129 0.0125 0.008206330597889801
0 0.745703125 0.6090269636576788 0.01015625 0.008206330597889801
0 0.27734375 0.6072684642438453 0.0125 0.008206330597889801
0 0.204296875 0.6060961313012896 0.01015625 0.007033997655334115
0 0.248046875 0.6022860492379836 0.00078125 0.0005861664712778429
0 0.22890625 0.6060961313012896 0.0125 0.008206330597889801
0 0.247265625 0.6011137162954279 0.00078125 0.0005861664712778429
0 0.25703125 0.6016998827667057 0.00625 0.005275498241500586
0 0.318359375 0.6031652989449003 0.01171875 0.009378663540445486
0 0.70390625 0.6002344665885111 0.0109375 0.008206330597889801
0 0.56640625 0.60052754982415 0.0109375 0.008792497069167644
0 0.18125 0.5990621336459554 0.0125 0.007033997655334115
0 0.299609375 0.5920281359906213 0.01328125 0.009378663540445486
0 0.813671875 0.5902696365767878 0.01171875 0.008206330597889801
0 0.7203125 0.5882180539273154 0.0109375 0.008792497069167644
0 0.270703125 0.5873388042203986 0.01328125 0.008206330597889801
0 0.23359375 0.5867526377491208 0.0125 0.007033997655334115
0 0.165625 0.5855803048065651 0.0125 0.009378663540445486
0 0.699609375 0.5829425556858148 0.01171875 0.008792497069167644
0 0.19140625 0.582063305978898 0.0140625 0.007033997655334115
0 0.334765625 0.5741500586166471 0.01171875 0.005275498241500586
0 0.289453125 0.5744431418522861 0.01015625 0.007033997655334115
0 0.21171875 0.570926143024619 0.0109375 0.005861664712778429
0 0.75859375 0.5712192262602579 0.0109375 0.0076201641266119575
0 0.246875 0.5715123094958968 0.0140625 0.008206330597889801
0 0.1828125 0.5644783118405627 0.0125 0.007033997655334115
0 0.650390625 0.5644783118405627 0.01171875 0.008206330597889801
0 0.270703125 0.5644783118405627 0.01328125 0.009378663540445486
0 0.309375 0.5638921453692849 0.0125 0.009378663540445486
0 0.683984375 0.5621336459554513 0.01171875 0.008206330597889801
0 0.59453125 0.5586166471277842 0.0109375 0.008206330597889801
0 0.2296875 0.5580304806565064 0.0140625 0.008206330597889801
0 0.572265625 0.555978898007034 0.01171875 0.008792497069167644
0 0.420703125 0.5550996483001173 0.01171875 0.007033997655334115
0 0.204296875 0.5542203985932005 0.01328125 0.0076201641266119575
0 0.80703125 0.5495310668229777 0.0109375 0.0076201641266119575
0 0.317578125 0.5477725674091442 0.01171875 0.006447831184056272
0 0.255078125 0.5468933177022274 0.01328125 0.009378663540445486
0 0.293359375 0.5439624853458382 0.01328125 0.007033997655334115
0 0.7875 0.5413247362250879 0.0109375 0.008792497069167644
0 0.5765625 0.5389800703399765 0.0109375 0.008792497069167644
0 0.4125 0.5386869871043376 0.0109375 0.008206330597889801
0 0.37421875 0.5339976553341149 0.0125 0.008206330597889801
0 0.183203125 0.5334114888628371 0.01328125 0.007033997655334115
0 0.3078125 0.5310668229777257 0.0125 0.005861664712778429
0 0.274609375 0.5331184056271981 0.01328125 0.00996483001172333
0 0.20859375 0.5328253223915592 0.0140625 0.009378663540445486
0 0.3328125 0.5290152403282532 0.0125 0.008792497069167644
0 0.249609375 0.5293083235638921 0.01328125 0.009378663540445486
0 0.800390625 0.5240328253223916 0.01171875 0.008206330597889801
0 0.355859375 0.522274325908558 0.01171875 0.009378663540445486
0 0.2890625 0.5181711606096131 0.0125 0.009378663540445486
0 0.173828125 0.5164126611957796 0.01328125 0.008206330597889801
0 0.74453125 0.5158264947245017 0.0109375 0.008206330597889801
0 0.380859375 0.5158264947245017 0.01171875 0.008206330597889801
0 0.26484375 0.5140679953106683 0.0125 0.008206330597889801
0 0.3125 0.5123094958968347 0.0125 0.009378663540445486
0 0.23984375 0.511430246189918 0.0125 0.0076201641266119575
0 0.33671875 0.5108440797186401 0.0125 0.008792497069167644
0 0.205859375 0.5093786635404455 0.01328125 0.007033997655334115
0 0.4265625 0.5058616647127784 0.0078125 0.0035169988276670576
0 0.698828125 0.5070339976553341 0.01171875 0.008206330597889801
0 0.82578125 0.5058616647127784 0.0125 0.008206330597889801
0 0.555078125 0.5041031652989449 0.01171875 0.008206330597889801
0 0.36328125 0.503810082063306 0.0125 0.008792497069167644
0 0.4015625 0.5014654161781946 0.0125 0.0076201641266119575
0 0.752734375 0.49941383352872215 0.01171875 0.008206330597889801
0 0.290234375 0.5 0.01328125 0.009378663540445486
0 0.221875 0.4958968347010551 0.0125 0.008206330597889801
0 0.34453125 0.4912075029308324 0.0015625 0.0011723329425556857
0 0.2484375 0.4947245017584994 0.0140625 0.008206330597889801
0 0.31328125 0.49267291910902694 0.009375 0.006447831184056272
0 0.785546875 0.4912075029308324 0.01171875 0.008206330597889801
0 0.363671875 0.48710433763188743 0.01015625 0.004689331770222743
0 0.501953125 0.48710433763188743 0.01171875 0.008206330597889801
0 0.8234375 0.48651817116060964 0.0125 0.008206330597889801
0 0.471484375 0.4859320046893318 0.01171875 0.008206330597889801
0 0.412109375 0.4838804220398593 0.01015625 0.006447831184056272
0 0.270703125 0.4847596717467761 0.01328125 0.009378663540445486
0 0.44921875 0.48212192262602577 0.0109375 0.006447831184056272
0 0.295703125 0.4824150058616647 0.01328125 0.009378663540445486
0 0.23984375 0.47889800703399765 0.0140625 0.005861664712778429
0 0.214453125 0.4797772567409144 0.01328125 0.0076201641266119575
0 0.804296875 0.4780187573270809 0.01171875 0.005275498241500586
0 0.38515625 0.4794841735052755 0.0125 0.009378663540445486
0 0.325390625 0.47772567409144195 0.01328125 0.009378663540445486
0 0.84609375 0.47596717467760846 0.0109375 0.008206330597889801
0 0.348046875 0.4727432590855803 0.01328125 0.006447831184056272
0 0.18984375 0.4730363423212192 0.0140625 0.008206330597889801
0 0.716015625 0.47215709261430244 0.01171875 0.008792497069167644
0 0.825390625 0.46922626025791325 0.01015625 0.0076201641266119575
0 0.483203125 0.46893317702227433 0.01171875 0.009378663540445486
0 0.305859375 0.4671746776084408 0.01328125 0.005861664712778429
0 0.279296875 0.46600234466588514 0.01328125 0.007033997655334115
0 0.40546875 0.46600234466588514 0.0125 0.008206330597889801
0 0.77890625 0.4657092614302462 0.0125 0.008792497069167644
0 0.37109375 0.4642438452520516 0.0125 0.009378663540445486
0 0.442578125 0.46131301289566234 0.01171875 0.008206330597889801
0 0.699609375 0.4604337631887456 0.01015625 0.0076201641266119575
0 0.328515625 0.45955451348182885 0.01328125 0.009378663540445486
0 0.729296875 0.45838218053927315 0.01171875 0.008206330597889801
0 0.17265625 0.45926143024618993 0.0140625 0.00996483001172333
0 0.81015625 0.45691676436107853 0.0125 0.008792497069167644
0 0.495703125 0.45545134818288396 0.01171875 0.005861664712778429
0 0.227734375 0.45720984759671746 0.01328125 0.009378663540445486
0 0.678515625 0.4533997655334115 0.01171875 0.005275498241500586
0 0.837109375 0.45398593200468934 0.01171875 0.0076201641266119575
0 0.253125 0.45281359906213364 0.0125 0.0076201641266119575
0 0.3515625 0.4525205158264947 0.0125 0.008206330597889801
0 0.751171875 0.45076201641266117 0.01171875 0.008206330597889801
0 0.426953125 0.44958968347010553 0.01171875 0.005861664712778429
0 0.648046875 0.44958968347010553 0.01171875 0.008206330597889801
0 0.19375 0.44871043376318875 0.0140625 0.00996483001172333
0 0.305859375 0.44724501758499413 0.01328125 0.009378663540445486
0 0.373828125 0.4451934349355217 0.01171875 0.0076201641266119575
0 0.3984375 0.444021101992966 0.0109375 0.006447831184056272
0 0.732421875 0.44226260257913247 0.01171875 0.005275498241500586
0 0.281640625 0.44226260257913247 0.01328125 0.00996483001172333
0 0.33203125 0.4413833528722157 0.0125 0.009378663540445486
0 0.485546875 0.43757327080890973 0.01171875 0.008792497069167644
0 0.234375 0.4381594372801876 0.0140625 0.00996483001172333
0 0.660546875 0.43464243845252054 0.01171875 0.008792497069167644
0 0.355078125 0.43376318874560377 0.01171875 0.007033997655334115
0 0.582421875 0.4340562719812427 0.01171875 0.008792497069167644
0 0.75390625 0.43347010550996484 0.0125 0.008792497069167644
0 0.26171875 0.4320046893317702 0.0140625 0.007033997655334115
0 0.50703125 0.4287807737397421 0.0109375 0.006447831184056272
0 0.421484375 0.4287807737397421 0.01171875 0.006447831184056272
0 0.312890625 0.42936694021101995 0.01328125 0.008792497069167644
0 0.1921875 0.42995310668229775 0.0140625 0.00996483001172333
0 0.848828125 0.4284876905041032 0.01328125 0.008206330597889801
0 0.79140625 0.4276084407971864 0.0125 0.008792497069167644
0 0.39609375 0.4264361078546307 0.0125 0.0076201641266119575
0 0.3359375 0.4235052754982415 0.0125 0.00996483001172333
0 0.288671875 0.4232121922626026 0.01328125 0.009378663540445486
0 0.37265625 0.4211606096131301 0.0125 0.006447831184056272
0 0.17265625 0.4176436107854631 0.0125 0.008792497069167644
0 0.832421875 0.41324736225087927 0.01171875 0.008206330597889801
0 0.7890625 0.4114888628370457 0.0125 0.005861664712778429
0 0.251171875 0.4135404454865182 0.01328125 0.00996483001172333
0 0.7453125 0.4123681125439625 0.0109375 0.008792497069167644
0 0.2 0.4123681125439625 0.0125 0.00996483001172333
0 0.766796875 0.4111957796014068 0.01171875 0.008792497069167644
0 0.722265625 0.41090269636576787 0.01171875 0.008206330597889801
0 0.4203125 0.4111957796014068 0.0125 0.008792497069167644
0 0.307421875 0.4111957796014068 0.01328125 0.008792497069167644
0 0.226171875 0.41060961313012895 0.01328125 0.00996483001172333
0 0.44453125 0.40943728018757325 0.0109375 0.008792497069167644
0 0.274609375 0.40738569753810083 0.01328125 0.009378663540445486
0 0.35546875 0.406799531066823 0.0125 0.009378663540445486
0 0.33046875 0.4047479484173505 0.0125 0.008792497069167644
0 0.38046875 0.40357561547479487 0.0125 0.0076201641266119575
0 0.471875 0.4015240328253224 0.0109375 0.007033997655334115
0 0.49609375 0.4018171160609613 0.0109375 0.008792497069167644
0 0.842578125 0.39771395076201643 0.01328125 0.008792497069167644
0 0.402734375 0.39654161781946073 0.01171875 0.0076201641266119575
0 0.178515625 0.39683470105509966 0.01171875 0.008206330597889801
0 0.815625 0.39654161781946073 0.0125 0.008792497069167644
0 0.736328125 0.39654161781946073 0.01015625 0.008792497069167644
0 0.766796875 0.39419695193434934 0.01171875 0.008792497069167644
0 0.714453125 0.3930246189917937 0.01015625 0.008792497069167644
0 0.43359375 0.39331770222743256 0.0125 0.009378663540445486
0 0.311328125 0.39331770222743256 0.01328125 0.009378663540445486
0 0.203515625 0.3936107854630715 0.01484375 0.00996483001172333
0 0.791015625 0.39243845252051585 0.01171875 0.008792497069167644
0 0.254296875 0.3930246189917937 0.01328125 0.00996483001172333
0 0.5140625 0.3903868698710434 0.0109375 0.007033997655334115
0 0.286328125 0.3909730363423212 0.01328125 0.009378663540445486
0 0.22890625 0.3906799531066823 0.0140625 0.00996483001172333
0 0.366015625 0.3886283704572098 0.01328125 0.008206330597889801
0 0.34140625 0.3883352872215709 0.0125 0.008792497069167644
0 0.579296875 0.3877491207502931 0.01171875 0.008792497069167644
0 0.556640625 0.384232121922626 0.01015625 0.006447831184056272
0 0.476171875 0.384232121922626 0.01171875 0.008792497069167644
0 0.83203125 0.3830597889800703 0.0125 0.008792497069167644
0 0.633203125 0.38188745603751467 0.01015625 0.006447831184056272
0 0.772265625 0.3789566236811254 0.00078125 0.0017584994138335288
0 0.38828125 0.3821805392731536 0.0125 0.009378663540445486
0 0.781640625 0.3754396248534584 0.00078125 0.0005861664712778429
0 0.684765625 0.37924970691676435 0.01171875 0.008206330597889801
0 0.7765625 0.37602579132473624 0.0078125 0.0029308323563892145
0 0.738671875 0.3783704572098476 0.01171875 0.008792497069167644
0 0.1875 0.3789566236811254 0.0140625 0.00996483001172333
0 0.801171875 0.376905041031653 0.01171875 0.008206330597889801
0 0.422265625 0.37719812426729193 0.01171875 0.008792497069167644
0 0.268359375 0.37778429073856973 0.01328125 0.00996483001172333
0 0.32109375 0.3766119577960141 0.0125 0.008792497069167644
0 0.24296875 0.3757327080890973 0.0140625 0.010550996483001172
0 0.515625 0.37221570926143027 0.0109375 0.007033997655334115
0 0.448828125 0.3733880422039859 0.01171875 0.009378663540445486
0 0.36640625 0.3701641266119578 0.0125 0.008792497069167644
0 0.21796875 0.37075029308323565 0.0140625 0.00996483001172333
0 0.61796875 0.3678194607268464 0.0109375 0.008792497069167644
0 0.298828125 0.3678194607268464 0.01328125 0.008792497069167644
0 0.183984375 0.3637162954279015 0.00078125 0.0005861664712778429
0 0.558203125 0.36723329425556855 0.01171875 0.008792497069167644
0 0.81953125 0.36664712778429076 0.0125 0.008792497069167644
0 0.3421875 0.3669402110199297 0.0125 0.009378663540445486
0 0.47109375 0.3660609613130129 0.0125 0.008792497069167644
0 0.494921875 0.3645955451348183 0.01171875 0.009378663540445486
0 0.3890625 0.3634232121922626 0.0125 0.008206330597889801
0 0.846484375 0.3622508792497069 0.01328125 0.008206330597889801
0 0.805078125 0.3578546307151231 0.00078125 0.0005861664712778429
0 0.794140625 0.3578546307151231 0.00078125 0.0005861664712778429
0 0.745703125 0.361957796014068 0.01171875 0.008792497069167644
0 0.775390625 0.36107854630715125 0.01171875 0.008206330597889801
0 0.680859375 0.3616647127784291 0.01171875 0.009378663540445486
0 0.531640625 0.35990621336459555 0.01171875 0.008206330597889801
0 0.412890625 0.35990621336459555 0.01171875 0.008206330597889801
0 0.2578125 0.3607854630715123 0.0140625 0.00996483001172333
0 0.180078125 0.3590269636576788 0.01171875 0.0076201641266119575
0 0.801171875 0.35550996483001174 0.00546875 0.0017584994138335288
0 0.6546875 0.3590269636576788 0.0109375 0.008792497069167644
0 0.319921875 0.35726846424384523 0.01328125 0.0076201641266119575
0 0.195703125 0.35140679953106685 0.00078125 0.0005861664712778429
0 0.823828125 0.350820633059789 0.00078125 0.0005861664712778429
0 0.632421875 0.3540445486518171 0.01171875 0.008206330597889801
0 0.835546875 0.3496483001172333 0.00078125 0.0005861664712778429
0 0.824609375 0.3496483001172333 0.00078125 0.0005861664712778429
0 0.281640625 0.35433763188745604 0.01328125 0.00996483001172333
0 0.23359375 0.35433763188745604 0.0140625 0.00996483001172333
0 0.71328125 0.35228604923798357 0.009375 0.007033997655334115
0 0.825390625 0.3484759671746776 0.00078125 0.0005861664712778429
0 0.826953125 0.34788980070339975 0.00078125 0.0005861664712778429
0 0.60234375 0.35199296600234464 0.0109375 0.008792497069167644
0 0.8296875 0.3473036342321219 0.003125 0.0005861664712778429
0 0.43359375 0.35140679953106685 0.0109375 0.008792497069167644
0 0.202734375 0.3516998827667057 0.01328125 0.009378663540445486
0 0.5796875 0.35023446658851115 0.0109375 0.008792497069167644
0 0.1734375 0.34613130128956626 0.0015625 0.0005861664712778429
0 0.510546875 0.34906213364595545 0.01171875 0.0076201641266119575
0 0.34296875 0.34788980070339975 0.009375 0.0076201641266119575
0 0.758984375 0.3473036342321219 0.01171875 0.008792497069167644
0 0.46875 0.34759671746776083 0.0109375 0.009378663540445486
0 0.785546875 0.3455451348182884 0.01171875 0.008792497069167644
0 0.6921875 0.3452520515826495 0.0109375 0.008206330597889801
0 0.391796875 0.3452520515826495 0.01171875 0.008206330597889801
0 0.367578125 0.3440797186400938 0.00859375 0.005861664712778429
0 0.85234375 0.3429073856975381 0.0078125 0.004689331770222743
0 0.553515625 0.34495896834701056 0.01171875 0.008792497069167644
0 0.3046875 0.3429073856975381 0.0125 0.009378663540445486
0 0.259765625 0.3420281359906213 0.01328125 0.00996483001172333
0 0.66484375 0.33939038686987105 0.0078125 0.005861664712778429
0 0.171484375 0.33909730363423213 0.01015625 0.006447831184056272
0 0.621484375 0.3385111371629543 0.01171875 0.008792497069167644
0 0.528515625 0.3373388042203986 0.01171875 0.0076201641266119575
0 0.490234375 0.3373388042203986 0.01171875 0.008792497069167644
0 0.413671875 0.3373388042203986 0.01171875 0.008792497069167644
0 0.81796875 0.3355803048065651 0.0125 0.008792497069167644
0 0.7296875 0.3344079718640094 0.0109375 0.008792497069167644
0 0.595703125 0.3344079718640094 0.01171875 0.008792497069167644
0 0.28203125 0.33411488862837047 0.0125 0.009378663540445486
0 0.4375 0.33294255568581477 0.0109375 0.008206330597889801
0 0.19453125 0.33382180539273154 0.0125 0.00996483001172333
0 0.707421875 0.33264947245017584 0.01015625 0.008792497069167644
0 0.5703125 0.33147713950762014 0.0109375 0.008792497069167644
0 0.7734375 0.3308909730363423 0.0125 0.008792497069167644
0 0.751953125 0.3308909730363423 0.01171875 0.008792497069167644
0 0.837890625 0.3303048065650645 0.01328125 0.008792497069167644
0 0.796875 0.3303048065650645 0.0109375 0.008792497069167644
0 0.4609375 0.32942555685814773 0.009375 0.007033997655334115
0 0.332421875 0.3300117233294256 0.01171875 0.008206330597889801
0 0.68203125 0.32942555685814773 0.009375 0.008206330597889801
0 0.382421875 0.3288393903868699 0.00859375 0.007033997655334115
0 0.358984375 0.32708089097303633 0.00390625 0.0035169988276670576
0 0.2484375 0.32737397420867526 0.003125 0.005275498241500586
0 0.17734375 0.32532239155920284 0.003125 0.0011723329425556857
0 0.54765625 0.32708089097303633 0.0109375 0.008206330597889801
0 0.5125 0.3264947245017585 0.00625 0.008206330597889801
0 0.24140625 0.3238569753810082 0.009375 0.0029308323563892145
0 0.217578125 0.3256154747948417 0.01328125 0.00996483001172333
0 0.169140625 0.3203399765533411 0.00078125 0.0005861664712778429
0 0.30859375 0.3238569753810082 0.0125 0.008792497069167644
0 0.6609375 0.3223915592028136 0.009375 0.008206330597889801
0 0.169921875 0.31858147713950763 0.00078125 0.0005861664712778429
0 0.633984375 0.3215123094958968 0.01015625 0.0076201641266119575
0 0.610546875 0.32004689331770225 0.01015625 0.008206330597889801
0 0.481640625 0.32004689331770225 0.01015625 0.008206330597889801
0 0.4046875 0.3194607268464244 0.0109375 0.008206330597889801
0 0.176953125 0.3191676436107855 0.01171875 0.0076201641266119575
0 0.8125 0.3182883939038687 0.0125 0.008206330597889801
0 0.2859375 0.31652989449003516 0.0125 0.004689331770222743
0 0.835546875 0.31447831184056274 0.00078125 0.0017584994138335288
0 0.720703125 0.31740914419695193 0.01015625 0.008792497069167644
0 0.58671875 0.317116060961313 0.0109375 0.008206330597889801
0 0.787109375 0.3127198124267292 0.00703125 0.0029308323563892145
0 0.763671875 0.3156506447831184 0.01015625 0.008792497069167644
0 0.53046875 0.3159437280187573 0.0078125 0.009378663540445486
0 0.428515625 0.3156506447831184 0.01015625 0.008792497069167644
0 0.69609375 0.31477139507620167 0.009375 0.008206330597889801
0 0.5640625 0.3141852286049238 0.009375 0.008206330597889801
0 0.260546875 0.31477139507620167 0.01328125 0.009378663540445486
0 0.844921875 0.30978898007034 0.00078125 0.0005861664712778429
0 0.84140625 0.30920281359906215 0.0046875 0.0005861664712778429
0 0.741015625 0.3115474794841735 0.01015625 0.008792497069167644
0 0.45234375 0.31125439624853457 0.009375 0.008206330597889801
0 0.32734375 0.3115474794841735 0.0109375 0.008792497069167644
0 0.50078125 0.30978898007034 0.009375 0.0076201641266119575
0 0.35234375 0.3083235638921454 0.0046875 0.004689331770222743
0 0.230859375 0.30978898007034 0.01328125 0.00996483001172333
0 0.648046875 0.30773739742086753 0.00859375 0.008206330597889801
0 0.3796875 0.30685814771395076 0.0109375 0.008792497069167644
0 0.625390625 0.3050996483001172 0.00859375 0.0076201641266119575
0 0.60234375 0.3018757327080891 0.0078125 0.004689331770222743
0 0.8234375 0.3033411488862837 0.0109375 0.008792497069167644
0 0.800390625 0.30363423212192264 0.01171875 0.009378663540445486
0 0.30390625 0.3030480656506448 0.0125 0.008206330597889801
0 0.545703125 0.30246189917936694 0.01015625 0.008206330597889801
0 0.475390625 0.302168815943728 0.01015625 0.008792497069167644
0 0.712109375 0.3007033997655334 0.00859375 0.008206330597889801
0 0.403125 0.30128956623681125 0.0109375 0.009378663540445486
0 0.578515625 0.30011723329425555 0.01015625 0.008206330597889801
0 0.77421875 0.2998241500586166 0.0109375 0.008792497069167644
0 0.521875 0.29806565064478313 0.0046875 0.005275498241500586
0 0.690234375 0.2977725674091442 0.00859375 0.008206330597889801
0 0.27421875 0.29806565064478313 0.0125 0.008792497069167644
0 0.18125 0.298651817116061 0.009375 0.00996483001172333
0 0.837109375 0.2933763188745604 0.00078125 0.0005861664712778429
0 0.426953125 0.29718640093786636 0.01015625 0.008206330597889801
0 0.75234375 0.29601406799531066 0.009375 0.008206330597889801
0 0.334375 0.2936694021101993 0.0109375 0.008206330597889801
0 0.45078125 0.2922039859320047 0.009375 0.006447831184056272
0 0.497265625 0.29161781946072685 0.00546875 0.006447831184056272
0 0.83359375 0.28927315357561545 0.0015625 0.0029308323563892145
0 0.73125 0.2913247362250879 0.009375 0.008206330597889801
0 0.664453125 0.2913247362250879 0.01015625 0.008206330597889801
0 0.834765625 0.2869284876905041 0.00078125 0.0005861664712778429
0 0.638671875 0.29073856975381007 0.01015625 0.008206330597889801
0 0.36484375 0.29073856975381007 0.0109375 0.009378663540445486
0 0.83984375 0.2845838218053927 0.0015625 0.0005861664712778429
0 0.8125 0.28868698710433766 0.0109375 0.008792497069167644
0 0.56015625 0.2881008206330598 0.0109375 0.0076201641266119575
0 0.78984375 0.2881008206330598 0.0109375 0.008792497069167644
0 0.537890625 0.28516998827667056 0.00859375 0.0076201641266119575
0 0.38828125 0.2857561547479484 0.0109375 0.008792497069167644
0 0.7078125 0.283704572098476 0.00625 0.005861664712778429
0 0.472265625 0.28311840562719814 0.00546875 0.005861664712778429
0 0.29296875 0.2845838218053927 0.0125 0.008792497069167644
0 0.6046875 0.28341148886283707 0.009375 0.0076201641266119575
0 0.767578125 0.2787221570926143 0.00078125 0.0005861664712778429
0 0.41328125 0.2816529894490035 0.009375 0.008792497069167644
0 0.5140625 0.27989449003517 0.0078125 0.006447831184056272
0 0.257421875 0.2813599062133646 0.01328125 0.009378663540445486
0 0.6828125 0.2804806565064478 0.009375 0.008792497069167644
0 0.3171875 0.27960140679953105 0.0109375 0.008206330597889801
0 0.746484375 0.2790152403282532 0.01015625 0.009378663540445486
0 0.62734375 0.276084407971864 0.0046875 0.005861664712778429
0 0.583984375 0.2769636576787808 0.00703125 0.0076201641266119575
0 0.35078125 0.2749120750293083 0.0046875 0.005861664712778429
0 0.43984375 0.27549824150058616 0.0109375 0.008206330597889801
0 0.86015625 0.27520515826494724 0.0125 0.008792497069167644
0 0.828515625 0.27110199296600235 0.00078125 0.0005861664712778429
0 0.82109375 0.2719812426729191 0.003125 0.0023446658851113715
0 0.6546875 0.2746189917936694 0.0078125 0.0076201641266119575
0 0.72421875 0.27432590855803046 0.0109375 0.008206330597889801
0 0.825390625 0.2702227432590856 0.00390625 0.0011723329425556857
0 0.490234375 0.2731535756154748 0.00859375 0.008206330597889801
0 0.801953125 0.27256740914419697 0.01171875 0.009378663540445486
0 0.371875 0.2705158264947245 0.0109375 0.008792497069167644
0 0.39765625 0.26787807737397423 0.00625 0.004689331770222743
0 0.27734375 0.2702227432590856 0.0125 0.009378663540445486
0 0.780859375 0.26817116060961316 0.01015625 0.008792497069167644
0 0.60546875 0.26582649472450176 0.0046875 0.005275498241500586
0 0.696875 0.2664126611957796 0.009375 0.0076201641266119575
0 0.56171875 0.26553341148886284 0.0078125 0.008206330597889801
0 0.464453125 0.26465416178194606 0.01171875 0.0076201641266119575
0 0.301171875 0.26436107854630714 0.01015625 0.008206330597889801
0 0.75859375 0.2637749120750293 0.009375 0.008206330597889801
0 0.675 0.2637749120750293 0.0078125 0.008206330597889801
0 0.419921875 0.2637749120750293 0.01015625 0.008206330597889801
0 0.84375 0.2637749120750293 0.0125 0.009378663540445486
0 0.330078125 0.26318874560375144 0.01015625 0.008206330597889801
0 0.508984375 0.2620164126611958 0.01015625 0.008206330597889801
0 0.73671875 0.25908558030480655 0.009375 0.008206330597889801
0 0.630859375 0.25791324736225085 0.00703125 0.007033997655334115
0 0.654296875 0.2567409144196952 0.00703125 0.005861664712778429
0 0.81796875 0.25791324736225085 0.0109375 0.009378663540445486
0 0.583203125 0.25703399765533413 0.00703125 0.008792497069167644
0 0.715625 0.2555685814771395 0.0078125 0.008206330597889801
0 0.443359375 0.25586166471277844 0.01015625 0.008792497069167644
0 0.35546875 0.25586166471277844 0.0109375 0.008792497069167644
0 0.5390625 0.25498241500586166 0.0109375 0.008206330597889801
0 0.487109375 0.25468933177022274 0.00859375 0.0076201641266119575
0 0.795703125 0.25468933177022274 0.01015625 0.008792497069167644
0 0.3796875 0.2529308323563892 0.009375 0.008792497069167644
0 0.830859375 0.24765533411488863 0.00078125 0.0005861664712778429
0 0.77421875 0.25058616647127785 0.0109375 0.008792497069167644
0 0.174609375 0.25175849941383355 0.01015625 0.011137162954279016
0 0.693359375 0.2488276670574443 0.00859375 0.0076201641266119575
0 0.8390625 0.24413833528722156 0.0078125 0.0029308323563892145
0 0.7546875 0.246189917936694 0.00625 0.007033997655334115
0 0.5609375 0.24677608440797186 0.0078125 0.008206330597889801
0 0.4640625 0.246189917936694 0.0109375 0.008206330597889801
0 0.671875 0.24531066822977726 0.0078125 0.0076201641266119575
0 0.603515625 0.24531066822977726 0.00859375 0.0076201641266119575
0 0.32734375 0.2444314185228605 0.00625 0.005861664712778429
0 0.42109375 0.24501758499413834 0.0109375 0.008206330597889801
0 0.512109375 0.24355216881594371 0.01015625 0.0076201641266119575
0 0.7296875 0.2417936694021102 0.009375 0.008792497069167644
0 0.626953125 0.24003516998827668 0.00546875 0.005275498241500586
0 0.648828125 0.23886283704572098 0.00859375 0.0076201641266119575
0 0.85625 0.2391559202813599 0.0125 0.009378663540445486
0 0.3484375 0.23739742086752638 0.0109375 0.008206330597889801
0 0.818359375 0.23710433763188746 0.01328125 0.008792497069167644
0 0.79296875 0.23739742086752638 0.0125 0.009378663540445486
0 0.3984375 0.23710433763188746 0.009375 0.008792497069167644
0 0.58125 0.23622508792497068 0.009375 0.008206330597889801
0 0.4421875 0.23563892145369286 0.009375 0.007033997655334115
0 0.707421875 0.23534583821805394 0.01015625 0.0076201641266119575
0 0.484375 0.23563892145369286 0.0109375 0.008206330597889801
0 0.373046875 0.2347596717467761 0.01171875 0.0076201641266119575
0 0.537890625 0.2335873388042204 0.00546875 0.0076201641266119575
0 0.76953125 0.23300117233294257 0.009375 0.008792497069167644
0 0.832421875 0.22977725674091443 0.00390625 0.005861664712778429
0 0.175 0.23124267291910902 0.0140625 0.00996483001172333
0 0.836328125 0.22538100820633059 0.00078125 0.0005861664712778429
0 0.748828125 0.22772567409144198 0.00703125 0.0076201641266119575
0 0.66640625 0.22772567409144198 0.009375 0.0076201641266119575
0 0.559765625 0.22772567409144198 0.00859375 0.0076201641266119575
0 0.28828125 0.22801875732708088 0.0109375 0.008206330597889801
0 0.506640625 0.22626025791324736 0.00546875 0.005861664712778429
0 0.4640625 0.22743259085580306 0.0078125 0.009378663540445486
0 0.32421875 0.2250879249706917 0.0046875 0.004689331770222743
0 0.636328125 0.22362250879249707 0.00546875 0.006447831184056272
0 0.728125 0.22215709261430247 0.0046875 0.005861664712778429
0 0.6890625 0.22303634232121922 0.009375 0.0076201641266119575
0 0.416796875 0.22332942555685814 0.01015625 0.008206330597889801
0 0.86484375 0.2224501758499414 0.0125 0.008792497069167644
0 0.35390625 0.21951934349355218 0.009375 0.0076201641266119575
0 0.805078125 0.2198124267291911 0.01171875 0.009378663540445486
0 0.781640625 0.21951934349355218 0.01171875 0.008792497069167644
0 0.583984375 0.21834701055099648 0.01015625 0.0076201641266119575
0 0.526953125 0.2174677608440797 0.00703125 0.008206330597889801
0 0.483984375 0.2171746776084408 0.00859375 0.0076201641266119575
0 0.440234375 0.2171746776084408 0.00859375 0.0076201641266119575
0 0.378125 0.21541617819460726 0.009375 0.0076201641266119575
0 0.759765625 0.21365767878077374 0.01171875 0.008792497069167644
0 0.54921875 0.21189917936694022 0.00625 0.0076201641266119575
0 0.84609375 0.21219226260257915 0.0125 0.009378663540445486
0 0.60703125 0.21101992966002345 0.00625 0.007033997655334115
0 0.705859375 0.21101992966002345 0.00859375 0.008206330597889801
0 0.461328125 0.20867526377491208 0.00390625 0.0035169988276670576
0 0.669921875 0.20984759671746775 0.00859375 0.007033997655334115
0 0.50390625 0.20720984759671746 0.0078125 0.006447831184056272
0 0.728125 0.205158264947245 0.0046875 0.004689331770222743
0 0.415234375 0.2048651817116061 0.00859375 0.006447831184056272
0 0.56953125 0.20369284876905042 0.0078125 0.0076201641266119575
0 0.6890625 0.1995896834701055 0.00625 0.006447831184056272
0 0.482421875 0.19900351699882768 0.00546875 0.005275498241500586
0 0.3921875 0.1995896834701055 0.0078125 0.0076201641266119575
0 0.746484375 0.19929660023446658 0.01015625 0.008206330597889801
0 0.814453125 0.19490035169988276 0.00078125 0.0005861664712778429
0 0.525 0.19783118405627198 0.0078125 0.006447831184056272
0 0.4375 0.19871043376318875 0.0109375 0.008206330597889801
0 0.812109375 0.19314185228604924 0.00078125 0.0005861664712778429
0 0.591015625 0.19665885111371628 0.00703125 0.0076201641266119575
0 0.811328125 0.19138335287221572 0.00078125 0.0017584994138335288
0 0.769921875 0.18962485345838218 0.00234375 0.0005861664712778429
0 0.548828125 0.1925556858147714 0.00859375 0.0076201641266119575
0 0.36875 0.19167643610785462 0.0078125 0.005861664712778429
0 0.71171875 0.19079718640093787 0.003125 0.005275498241500586
0 0.458984375 0.18933177022274325 0.00703125 0.004689331770222743
0 0.81953125 0.18640093786635403 0.003125 0.0011723329425556857
0 0.504296875 0.1884525205158265 0.00703125 0.0076201641266119575
0 0.7328125 0.18698710433763188 0.0046875 0.005861664712778429
0 0.569921875 0.1846424384525205 0.00703125 0.007033997655334115
0 0.680859375 0.18229777256740914 0.00859375 0.007033997655334115
0 0.63125 0.182883939038687 0.00625 0.008206330597889801
0 0.748828125 0.17848769050410315 0.00078125 0.0005861664712778429
0 0.751953125 0.17790152403282533 0.00390625 0.0005861664712778429
0 0.604296875 0.17995310668229778 0.00546875 0.004689331770222743
0 0.43984375 0.17731535756154748 0.0015625 0.0005861664712778429
0 0.533984375 0.17848769050410315 0.00390625 0.005275498241500586
0 0.784375 0.17995310668229778 0.009375 0.009378663540445486
0 0.321875 0.17878077373974208 0.0078125 0.007033997655334115
0 0.70078125 0.17438452520515826 0.009375 0.0076201641266119575
0 0.81328125 0.17233294255568582 0.0125 0.009378663540445486
0 0.510546875 0.17057444314185227 0.00859375 0.007033997655334115
0 0.582421875 0.16998827667057445 0.00859375 0.007033997655334115
0 0.486328125 0.1694021101992966 0.00859375 0.007033997655334115
0 0.731640625 0.16852286049237983 0.01015625 0.0076201641266119575
0 0.384375 0.1655920281359906 0.0046875 0.0029308323563892145
0 0.54921875 0.1655920281359906 0.00625 0.006447831184056272
0 0.752734375 0.1638335287221571 0.01015625 0.008792497069167644
0 0.4140625 0.16148886283704572 0.00625 0.006447831184056272
0 0.8421875 0.16090269636576787 0.0125 0.00996483001172333
0 0.6015625 0.1570926143024619 0.003125 0.005861664712778429
0 0.709375 0.1570926143024619 0.0078125 0.007033997655334115
0 0.63359375 0.15562719812426729 0.00625 0.0076201641266119575
0 0.816015625 0.15474794841735054 0.01171875 0.009378663540445486
0 0.65546875 0.15240328253223914 0.0078125 0.008206330597889801
0 0.771875 0.15269636576787807 0.0125 0.00996483001172333
0 0.53515625 0.15064478311840562 0.0078125 0.007033997655334115
0 0.512109375 0.14859320046893318 0.00546875 0.005275498241500586
0 0.316796875 0.14947245017584995 0.00859375 0.008206330597889801
0 0.794921875 0.14800703399765533 0.01171875 0.00996483001172333
0 0.568359375 0.1444900351699883 0.00859375 0.006447831184056272
0 0.262109375 0.13628370457209849 0.00234375 0.0005861664712778429
0 0.746484375 0.13774912075029308 0.01015625 0.005861664712778429
0 0.29140625 0.13892145369284878 0.0125 0.008206330597889801
0 0.677734375 0.13452520515826494 0.01015625 0.006447831184056272
0 0.268359375 0.13130128956623682 0.00078125 0.0023446658851113715
0 0.617578125 0.13218053927315357 0.00859375 0.0076201641266119575
0 0.352734375 0.13159437280187572 0.00546875 0.006447831184056272
0 0.314453125 0.13042203985932005 0.01015625 0.006447831184056272
0 0.26171875 0.12690504103165298 0.003125 0.0005861664712778429
0 0.65546875 0.1283704572098476 0.0078125 0.007033997655334115
0 0.51953125 0.1271981242672919 0.0046875 0.004689331770222743
0 0.5734375 0.12602579132473624 0.00625 0.004689331770222743
0 0.493359375 0.12221570926143024 0.00703125 0.006447831184056272
0 0.210546875 0.11518171160609614 0.00859375 0.0076201641266119575
0 0.212890625 0.11049237983587339 0.00078125 0.0005861664712778429
0 0.206640625 0.10814771395076202 0.00859375 0.0017584994138335288
