0 0.344921875 0.9078125 0.00703125 0.009375
0 0.259375 0.9072916666666667 0.0109375 0.014583333333333334
0 0.239453125 0.9046875 0.00859375 0.009375
0 0.396875 0.903125 0.009375 0.0125
0 0.32421875 0.9026041666666667 0.009375 0.013541666666666667
0 0.651953125 0.9010416666666666 0.00546875 0.0125
0 0.36328125 0.9005208333333333 0.009375 0.013541666666666667
0 0.633203125 0.896875 0.00546875 0.008333333333333333
0 0.46328125 0.9010416666666666 0.0109375 0.016666666666666666
0 0.304296875 0.9 0.01015625 0.014583333333333334
0 0.505859375 0.8984375 0.01015625 0.013541666666666667
0 0.559765625 0.8947916666666667 0.00546875 0.010416666666666666
0 0.411328125 0.8916666666666667 0.00546875 0.010416666666666666
0 0.608984375 0.8911458333333333 0.00546875 0.011458333333333333
0 0.590625 0.8916666666666667 0.00625 0.0125
0 0.542578125 0.8921875 0.00859375 0.013541666666666667
0 0.38046875 0.8911458333333333 0.009375 0.013541666666666667
0 0.669921875 0.8875 0.00546875 0.008333333333333333
0 0.478515625 0.8885416666666667 0.01015625 0.0125
0 0.693359375 0.8864583333333333 0.00703125 0.010416666666666666
0 0.336328125 0.8838541666666667 0.00703125 0.005208333333333333
0 0.123046875 0.8770833333333333 0.00078125 0.0020833333333333333
0 0.710546875 0.8796875 0.00546875 0.009375
0 0.574609375 0.8802083333333334 0.00703125 0.010416666666666666
0 0.1328125 0.8760416666666667 0.0015625 0.004166666666666667
0 0.495703125 0.8786458333333333 0.01015625 0.011458333333333333
0 0.451171875 0.8786458333333333 0.00546875 0.011458333333333333
0 0.123828125 0.8734375 0.00078125 0.0010416666666666667
0 0.72890625 0.8744791666666667 0.0046875 0.009375
0 0.78359375 0.8723958333333334 0.0046875 0.007291666666666667
0 0.746484375 0.8697916666666666 0.00390625 0.0020833333333333333
0 0.619921875 0.871875 0.00546875 0.00625
0 0.39765625 0.8755208333333333 0.009375 0.013541666666666667
0 0.3546875 0.8760416666666667 0.009375 0.014583333333333334
0 0.127734375 0.8697916666666666 0.00546875 0.004166666666666667
0 0.655859375 0.8703125 0.00546875 0.007291666666666667
0 0.896484375 0.8682291666666667 0.00390625 0.005208333333333333
0 0.598828125 0.8671875 0.00390625 0.003125
0 0.552734375 0.8697916666666666 0.00703125 0.010416666666666666
0 0.765234375 0.8666666666666667 0.00390625 0.00625
0 0.679296875 0.86875 0.00546875 0.010416666666666666
0 0.428515625 0.8708333333333333 0.01015625 0.014583333333333334
0 0.637890625 0.8666666666666667 0.00546875 0.010416666666666666
0 0.814453125 0.8640625 0.00546875 0.007291666666666667
0 0.511328125 0.8666666666666667 0.01015625 0.0125
0 0.376171875 0.8661458333333333 0.01015625 0.013541666666666667
0 0.326171875 0.8645833333333334 0.00390625 0.010416666666666666
0 0.46953125 0.8651041666666667 0.009375 0.013541666666666667
0 0.6984375 0.8614583333333333 0.00625 0.008333333333333333
0 0.8734375 0.8572916666666667 0.0046875 0.0020833333333333333
0 0.328515625 0.8572916666666667 0.00234375 0.0020833333333333333
0 0.928515625 0.8578125 0.00390625 0.005208333333333333
0 0.56796875 0.8552083333333333 0.003125 0.0020833333333333333
0 0.71640625 0.8536458333333333 0.00625 0.009375
0 0.528125 0.8546875 0.009375 0.011458333333333333
0 0.616796875 0.8484375 0.00234375 0.0010416666666666667
0 0.49140625 0.8536458333333333 0.009375 0.011458333333333333
0 0.415234375 0.8546875 0.01015625 0.013541666666666667
0 0.736328125 0.8489583333333334 0.00546875 0.00625
0 0.778515625 0.8473958333333333 0.00546875 0.005208333333333333
0 0.39140625 0.8510416666666667 0.009375 0.014583333333333334
0 0.66796875 0.8479166666666667 0.00625 0.010416666666666666
0 0.756640625 0.8447916666666667 0.00546875 0.008333333333333333
0 0.648046875 0.8453125 0.00546875 0.009375
0 0.3140625 0.8479166666666667 0.0078125 0.014583333333333334
0 0.545703125 0.8463541666666666 0.01015625 0.013541666666666667
0 0.359765625 0.8463541666666666 0.01015625 0.013541666666666667
0 0.686328125 0.8432291666666667 0.00546875 0.009375
0 0.59921875 0.8421875 0.0046875 0.007291666666666667
0 0.45703125 0.8442708333333333 0.0078125 0.013541666666666667
0 0.581640625 0.8390625 0.00390625 0.005208333333333333
0 0.82109375 0.8395833333333333 0.0078125 0.008333333333333333
0 0.860546875 0.8354166666666667 0.00234375 0.0020833333333333333
0 0.506640625 0.8401041666666667 0.00703125 0.013541666666666667
0 0.475 0.8395833333333333 0.0078125 0.014583333333333334
0 0.333203125 0.8369791666666667 0.01015625 0.013541666666666667
0 0.63125 0.8338541666666667 0.00625 0.009375
0 0.3765625 0.8369791666666667 0.009375 0.015625
0 0.701953125 0.83125 0.00703125 0.010416666666666666
0 0.72421875 0.8307291666666666 0.00625 0.011458333333333333
0 0.5578125 0.83125 0.00625 0.0125
0 0.91953125 0.8270833333333333 0.0015625 0.00625
0 0.765625 0.825 0.0015625 0.0020833333333333333
0 0.411328125 0.8296875 0.01015625 0.011458333333333333
0 0.793359375 0.8265625 0.00703125 0.007291666666666667
0 0.5265625 0.8276041666666667 0.009375 0.011458333333333333
0 0.660546875 0.8255208333333334 0.00546875 0.009375
0 0.4921875 0.8276041666666667 0.009375 0.013541666666666667
0 0.611328125 0.8234375 0.00390625 0.009375
0 0.940625 0.8208333333333333 0.00625 0.00625
0 0.746875 0.821875 0.00625 0.008333333333333333
0 0.393359375 0.825 0.01015625 0.014583333333333334
0 0.4625 0.8213541666666667 0.00625 0.009375
0 0.679296875 0.8208333333333333 0.00546875 0.010416666666666666
0 0.59375 0.8197916666666667 0.00625 0.008333333333333333
0 0.288671875 0.8229166666666666 0.01015625 0.014583333333333334
0 0.14453125 0.8161458333333333 0.0015625 0.0010416666666666667
0 0.540234375 0.8182291666666667 0.00234375 0.007291666666666667
0 0.362890625 0.8208333333333333 0.01015625 0.0125
0 0.319140625 0.8203125 0.01015625 0.011458333333333333
0 0.344921875 0.8197916666666667 0.00859375 0.0125
0 0.42890625 0.81875 0.009375 0.014583333333333334
0 0.866015625 0.8135416666666667 0.00859375 0.00625
0 0.5421875 0.8119791666666667 0.0015625 0.003125
0 0.5109375 0.8145833333333333 0.009375 0.0125
0 0.633203125 0.8109375 0.00546875 0.009375
0 0.69140625 0.8052083333333333 0.003125 0.0020833333333333333
0 0.558203125 0.80625 0.00546875 0.010416666666666666
0 0.303125 0.8072916666666666 0.0078125 0.0125
0 0.4828125 0.8052083333333333 0.009375 0.014583333333333334
0 0.407421875 0.8046875 0.01015625 0.013541666666666667
0 0.376953125 0.8052083333333333 0.01015625 0.014583333333333334
0 0.772265625 0.8015625 0.00703125 0.009375
0 0.651171875 0.8026041666666667 0.00703125 0.011458333333333333
0 0.580859375 0.8026041666666667 0.00546875 0.011458333333333333
0 0.278515625 0.8036458333333333 0.01015625 0.013541666666666667
0 0.52734375 0.8015625 0.0078125 0.013541666666666667
0 0.147265625 0.7958333333333333 0.00078125 0.0020833333333333333
0 0.83828125 0.7947916666666667 0.003125 0.0020833333333333333
0 0.790625 0.7984375 0.0046875 0.009375
0 0.337109375 0.7984375 0.00703125 0.009375
0 0.60234375 0.7963541666666667 0.00625 0.007291666666666667
0 0.321484375 0.7963541666666667 0.00390625 0.007291666666666667
0 0.460546875 0.7927083333333333 0.00234375 0.0020833333333333333
0 0.35625 0.7984375 0.009375 0.013541666666666667
0 0.928515625 0.796875 0.00703125 0.0125
0 0.4375 0.796875 0.0078125 0.014583333333333334
0 0.2359375 0.7953125 0.009375 0.013541666666666667
0 0.675390625 0.7932291666666667 0.00546875 0.011458333333333333
0 0.392578125 0.7927083333333333 0.00859375 0.010416666666666666
0 0.152734375 0.7921875 0.01015625 0.009375
0 0.620703125 0.7921875 0.00390625 0.011458333333333333
0 0.751171875 0.7895833333333333 0.00703125 0.010416666666666666
0 0.5671875 0.7864583333333334 0.0046875 0.004166666666666667
0 0.5125 0.7890625 0.0078125 0.011458333333333333
0 0.4203125 0.7895833333333333 0.009375 0.0125
0 0.4953125 0.7875 0.009375 0.014583333333333334
0 0.290234375 0.7854166666666667 0.01015625 0.0125
0 0.68984375 0.7807291666666667 0.0046875 0.005208333333333333
0 0.658984375 0.7833333333333333 0.00703125 0.010416666666666666
0 0.7328125 0.7833333333333333 0.00625 0.0125
0 0.537890625 0.7828125 0.00546875 0.011458333333333333
0 0.82421875 0.7770833333333333 0.003125 0.0020833333333333333
0 0.5890625 0.778125 0.00625 0.008333333333333333
0 0.766796875 0.7786458333333334 0.00703125 0.011458333333333333
0 0.268359375 0.7791666666666667 0.01015625 0.0125
0 0.477734375 0.7791666666666667 0.00859375 0.014583333333333334
0 0.36484375 0.7770833333333333 0.009375 0.0125
0 0.3078125 0.7776041666666667 0.009375 0.013541666666666667
0 0.346484375 0.775 0.00859375 0.0125
0 0.144140625 0.7729166666666667 0.00859375 0.0125
0 0.328515625 0.7708333333333334 0.00703125 0.0125
0 0.16328125 0.7703125 0.009375 0.011458333333333333
0 0.628125 0.7697916666666667 0.00625 0.0125
0 0.409765625 0.7697916666666667 0.00859375 0.0125
0 0.460546875 0.7692708333333333 0.00859375 0.013541666666666667
0 0.233984375 0.7645833333333333 0.00546875 0.004166666666666667
0 0.72421875 0.7625 0.003125 0.0020833333333333333
0 0.4421875 0.7682291666666666 0.009375 0.013541666666666667
0 0.39140625 0.7677083333333333 0.0078125 0.0125
0 0.507421875 0.7661458333333333 0.01015625 0.011458333333333333
0 0.806640625 0.7645833333333333 0.00859375 0.010416666666666666
0 0.881640625 0.759375 0.00078125 0.0020833333333333333
0 0.705859375 0.7645833333333333 0.00703125 0.0125
0 0.252734375 0.759375 0.00390625 0.004166666666666667
0 0.21640625 0.7630208333333334 0.0078125 0.011458333333333333
0 0.648828125 0.7625 0.00703125 0.0125
0 0.525 0.7630208333333334 0.00625 0.013541666666666667
0 0.54609375 0.7609375 0.00625 0.011458333333333333
0 0.5640625 0.7604166666666666 0.0046875 0.0125
0 0.28828125 0.7598958333333333 0.009375 0.011458333333333333
0 0.4890625 0.7567708333333333 0.0046875 0.007291666666666667
0 0.376171875 0.7578125 0.00859375 0.011458333333333333
0 0.666015625 0.7572916666666667 0.00546875 0.0125
0 0.315625 0.7557291666666667 0.0078125 0.011458333333333333
0 0.822265625 0.7510416666666667 0.00390625 0.004166666666666667
0 0.35625 0.7536458333333333 0.0078125 0.009375
0 0.2703125 0.7546875 0.0078125 0.011458333333333333
0 0.753125 0.7541666666666667 0.00625 0.0125
0 0.588671875 0.7536458333333333 0.00703125 0.013541666666666667
0 0.83984375 0.7505208333333333 0.0046875 0.009375
0 0.473046875 0.7515625 0.00859375 0.013541666666666667
0 0.4234375 0.7505208333333333 0.0078125 0.013541666666666667
0 0.606640625 0.7494791666666667 0.00703125 0.013541666666666667
0 0.6875 0.746875 0.009375 0.0125
0 0.401953125 0.746875 0.01015625 0.0125
0 0.332421875 0.7463541666666667 0.00703125 0.011458333333333333
0 0.630859375 0.7453125 0.00859375 0.011458333333333333
0 0.86484375 0.7411458333333333 0.0078125 0.007291666666666667
0 0.737109375 0.74375 0.00703125 0.0125
0 0.4546875 0.7442708333333333 0.009375 0.013541666666666667
0 0.715234375 0.7395833333333334 0.00546875 0.008333333333333333
0 0.299609375 0.7416666666666667 0.00703125 0.0125
0 0.5015625 0.740625 0.00625 0.0125
0 0.28203125 0.7380208333333333 0.003125 0.007291666666666667
0 0.14375 0.7385416666666667 0.00625 0.010416666666666666
0 0.574609375 0.7385416666666667 0.00859375 0.0125
0 0.529296875 0.7385416666666667 0.00859375 0.0125
0 0.24609375 0.7364583333333333 0.0078125 0.0125
0 0.54609375 0.7348958333333333 0.00625 0.013541666666666667
0 0.4375 0.734375 0.009375 0.0125
0 0.372265625 0.7338541666666667 0.00859375 0.011458333333333333
0 0.31640625 0.7291666666666666 0.0015625 0.0020833333333333333
0 0.77265625 0.7328125 0.00625 0.011458333333333333
0 0.659375 0.7328125 0.0078125 0.011458333333333333
0 0.227734375 0.7322916666666667 0.00859375 0.010416666666666666
0 0.450390625 0.7255208333333333 0.00078125 0.0010416666666666667
0 0.263671875 0.7291666666666666 0.00703125 0.008333333333333333
0 0.4671875 0.728125 0.00625 0.0125
0 0.4109375 0.7270833333333333 0.0078125 0.0125
0 0.355078125 0.7265625 0.00546875 0.011458333333333333
0 0.335546875 0.7203125 0.00234375 0.003125
0 0.742578125 0.7192708333333333 0.00546875 0.009375
0 0.201171875 0.7197916666666667 0.00703125 0.010416666666666666
0 0.451953125 0.7192708333333333 0.00390625 0.011458333333333333
0 0.388671875 0.7197916666666667 0.00859375 0.0125
0 0.516796875 0.7171875 0.00859375 0.011458333333333333
0 0.3015625 0.7161458333333334 0.0046875 0.009375
0 0.498828125 0.7161458333333334 0.00859375 0.011458333333333333
0 0.86484375 0.7114583333333333 0.009375 0.00625
0 0.27578125 0.7130208333333333 0.00625 0.009375
0 0.242578125 0.7109375 0.00546875 0.009375
0 0.8859375 0.7114583333333333 0.009375 0.0125
0 0.833984375 0.7046875 0.00078125 0.0010416666666666667
0 0.36875 0.709375 0.0046875 0.010416666666666666
0 0.176953125 0.7046875 0.00078125 0.0010416666666666667
0 0.783984375 0.7046875 0.00234375 0.003125
0 0.225 0.70625 0.00625 0.00625
0 0.801953125 0.7057291666666666 0.00546875 0.011458333333333333
0 0.32109375 0.7046875 0.00625 0.009375
0 0.260546875 0.7020833333333333 0.00390625 0.004166666666666667
0 0.404296875 0.7052083333333333 0.00859375 0.0125
0 0.46328125 0.7036458333333333 0.00625 0.011458333333333333
0 0.7546875 0.7015625 0.0078125 0.011458333333333333
0 0.290625 0.6984375 0.00625 0.011458333333333333
0 0.210546875 0.6953125 0.00390625 0.005208333333333333
0 0.35390625 0.6942708333333333 0.0046875 0.005208333333333333
0 0.387890625 0.6947916666666667 0.00859375 0.010416666666666666
0 0.71171875 0.6947916666666667 0.009375 0.0125
0 0.510546875 0.69375 0.00859375 0.0125
0 0.33671875 0.6921875 0.00625 0.009375
0 0.3078125 0.690625 0.00625 0.00625
0 0.276171875 0.6875 0.00234375 0.0020833333333333333
0 0.243359375 0.6854166666666667 0.00703125 0.00625
0 0.734765625 0.6833333333333333 0.00703125 0.0125
0 0.79921875 0.6817708333333333 0.0078125 0.011458333333333333
0 0.778515625 0.6770833333333334 0.00546875 0.00625
0 0.463671875 0.6802083333333333 0.00859375 0.0125
0 0.325 0.6770833333333334 0.00625 0.00625
0 0.8359375 0.678125 0.0078125 0.010416666666666666
0 0.40234375 0.6786458333333333 0.00625 0.011458333333333333
0 0.17265625 0.6744791666666666 0.0046875 0.005208333333333333
0 0.21328125 0.6723958333333333 0.0046875 0.005208333333333333
0 0.36875 0.6729166666666667 0.00625 0.010416666666666666
0 0.23046875 0.6697916666666667 0.00625 0.004166666666666667
0 0.34453125 0.671875 0.00625 0.0125
0 0.387890625 0.66875 0.00859375 0.0125
0 0.269140625 0.6651041666666667 0.00703125 0.007291666666666667
0 0.252734375 0.6651041666666667 0.00390625 0.007291666666666667
0 0.2890625 0.6635416666666667 0.0078125 0.00625
0 0.717578125 0.6645833333333333 0.00859375 0.0125
0 0.586328125 0.6598958333333333 0.00546875 0.011458333333333333
0 0.413671875 0.6604166666666667 0.00859375 0.0125
0 0.3078125 0.65625 0.0078125 0.00625
0 0.32734375 0.6526041666666667 0.0078125 0.005208333333333333
0 0.20859375 0.6510416666666666 0.0046875 0.00625
0 0.453125 0.6520833333333333 0.009375 0.0125
0 0.2265625 0.646875 0.0046875 0.004166666666666667
0 0.262109375 0.64375 0.00546875 0.00625
0 0.389453125 0.6447916666666667 0.00859375 0.010416666666666666
0 0.24453125 0.6432291666666666 0.00625 0.007291666666666667
0 0.2828125 0.6411458333333333 0.00625 0.005208333333333333
0 0.676171875 0.6427083333333333 0.00703125 0.010416666666666666
0 0.4125 0.6375 0.00625 0.010416666666666666
0 0.340234375 0.6369791666666667 0.00859375 0.011458333333333333
0 0.3171875 0.6328125 0.0046875 0.005208333333333333
0 0.29921875 0.6328125 0.00625 0.005208333333333333
0 0.217578125 0.6286458333333333 0.00078125 0.0010416666666666667
0 0.19921875 0.6302083333333334 0.0015625 0.004166666666666667
0 0.644921875 0.6276041666666666 0.00703125 0.011458333333333333
0 0.540234375 0.6276041666666666 0.00859375 0.011458333333333333
0 0.234765625 0.6244791666666667 0.00546875 0.005208333333333333
0 0.25390625 0.6234375 0.00625 0.007291666666666667
0 0.273828125 0.6213541666666667 0.00703125 0.007291666666666667
0 0.83515625 0.6192708333333333 0.0078125 0.011458333333333333
0 0.290625 0.6140625 0.0046875 0.003125
0 0.559375 0.6171875 0.0078125 0.011458333333333333
0 0.32890625 0.615625 0.0078125 0.008333333333333333
0 0.787890625 0.6161458333333333 0.00859375 0.011458333333333333
0 0.309765625 0.6125 0.00546875 0.00625
0 0.3515625 0.6130208333333333 0.009375 0.011458333333333333
0 0.209765625 0.6067708333333334 0.00234375 0.003125
0 0.226953125 0.6046875 0.00546875 0.005208333333333333
0 0.26328125 0.6036458333333333 0.00625 0.007291666666666667
0 0.244921875 0.6046875 0.00703125 0.009375
0 0.766796875 0.6036458333333333 0.00859375 0.011458333333333333
0 0.19296875 0.6010416666666667 0.0046875 0.00625
0 0.1359375 0.6015625 0.003125 0.007291666666666667
0 0.5296875 0.5963541666666666 0.0046875 0.011458333333333333
0 0.3015625 0.5916666666666667 0.003125 0.004166666666666667
0 0.28359375 0.5927083333333333 0.00625 0.00625
0 0.436328125 0.5901041666666667 0.00859375 0.011458333333333333
0 0.216796875 0.5854166666666667 0.00390625 0.00625
0 0.234765625 0.5828125 0.00234375 0.003125
0 0.355078125 0.5833333333333334 0.00546875 0.00625
0 0.1828125 0.5828125 0.003125 0.005208333333333333
0 0.25234375 0.5817708333333333 0.00625 0.005208333333333333
0 0.269921875 0.5817708333333333 0.00703125 0.009375
0 0.201953125 0.5776041666666667 0.00390625 0.005208333333333333
0 0.140625 0.5760416666666667 0.003125 0.004166666666666667
0 0.31484375 0.5765625 0.0078125 0.007291666666666667
0 0.291015625 0.5713541666666667 0.00546875 0.007291666666666667
0 0.33203125 0.5708333333333333 0.0078125 0.008333333333333333
0 0.525390625 0.5713541666666667 0.00703125 0.011458333333333333
0 0.433203125 0.5666666666666667 0.00390625 0.008333333333333333
0 0.225390625 0.5645833333333333 0.00546875 0.00625
0 0.349609375 0.5630208333333333 0.00859375 0.009375
0 0.260546875 0.5614583333333333 0.00703125 0.00625
0 0.1625 0.5588541666666667 0.003125 0.003125
0 0.21015625 0.5572916666666666 0.003125 0.004166666666666667
0 0.386328125 0.5567708333333333 0.00703125 0.011458333333333333
0 0.24609375 0.5463541666666667 0.0046875 0.003125
0 0.280078125 0.5484375 0.00703125 0.009375
0 0.176953125 0.5447916666666667 0.00390625 0.004166666666666667
0 0.403515625 0.5458333333333333 0.00859375 0.010416666666666666
0 0.221875 0.540625 0.0046875 0.004166666666666667
0 0.297265625 0.5421875 0.00703125 0.009375
0 0.20078125 0.5380208333333333 0.0046875 0.003125
0 0.791796875 0.5401041666666667 0.01015625 0.011458333333333333
0 0.419140625 0.5401041666666667 0.00703125 0.011458333333333333
0 0.824609375 0.5359375 0.01015625 0.007291666666666667
0 0.26328125 0.5354166666666667 0.00625 0.00625
0 0.69765625 0.5364583333333334 0.009375 0.010416666666666666
0 0.88828125 0.5364583333333334 0.0109375 0.0125
0 0.314453125 0.5348958333333333 0.00703125 0.009375
0 0.23671875 0.5286458333333334 0.00625 0.005208333333333333
0 0.1671875 0.528125 0.0046875 0.004166666666666667
0 0.286328125 0.525 0.00703125 0.00625
0 0.385546875 0.5234375 0.00859375 0.011458333333333333
0 0.339453125 0.5203125 0.00859375 0.011458333333333333
0 0.220703125 0.5171875 0.00390625 0.005208333333333333
0 0.201171875 0.5166666666666667 0.00546875 0.00625
0 0.803125 0.5140625 0.009375 0.011458333333333333
0 0.1859375 0.5088541666666667 0.0015625 0.003125
0 0.262109375 0.5072916666666667 0.00703125 0.004166666666666667
0 0.244140625 0.5083333333333333 0.00546875 0.00625
0 0.5140625 0.5046875 0.0078125 0.011458333333333333
0 0.230078125 0.4979166666666667 0.00390625 0.004166666666666667
0 0.2125 0.4973958333333333 0.003125 0.003125
0 0.382421875 0.5005208333333333 0.00859375 0.011458333333333333
0 0.34609375 0.49895833333333334 0.0078125 0.010416666666666666
0 0.53125 0.49375 0.0078125 0.010416666666666666
0 0.272265625 0.48802083333333335 0.00078125 0.003125
0 0.25390625 0.4890625 0.00625 0.007291666666666667
0 0.878515625 0.4864583333333333 0.00859375 0.0125
0 0.221875 0.4786458333333333 0.0015625 0.0010416666666666667
0 0.203515625 0.4786458333333333 0.00078125 0.0010416666666666667
0 0.764453125 0.48072916666666665 0.00859375 0.011458333333333333
0 0.23984375 0.47760416666666666 0.003125 0.005208333333333333
0 0.659765625 0.4796875 0.00859375 0.011458333333333333
0 0.287109375 0.4744791666666667 0.00546875 0.005208333333333333
0 0.319921875 0.47291666666666665 0.00859375 0.010416666666666666
0 0.84140625 0.4708333333333333 0.0046875 0.008333333333333333
0 0.255078125 0.4666666666666667 0.00390625 0.0020833333333333333
0 0.1890625 0.46770833333333334 0.0046875 0.00625
0 0.727734375 0.4661458333333333 0.00859375 0.011458333333333333
0 0.272265625 0.4630208333333333 0.00546875 0.007291666666666667
0 0.82265625 0.46145833333333336 0.00625 0.00625
0 0.17265625 0.46197916666666666 0.0046875 0.007291666666666667
0 0.788671875 0.46041666666666664 0.00390625 0.00625
0 0.75390625 0.46197916666666666 0.0078125 0.011458333333333333
0 0.771875 0.459375 0.00625 0.008333333333333333
0 0.232421875 0.45729166666666665 0.00234375 0.004166666666666667
0 0.20546875 0.45625 0.0046875 0.004166666666666667
0 0.7125 0.4557291666666667 0.009375 0.011458333333333333
0 0.87421875 0.4515625 0.00625 0.009375
0 0.286328125 0.4515625 0.00703125 0.009375
0 0.246484375 0.4479166666666667 0.00546875 0.00625
0 0.190625 0.44583333333333336 0.0046875 0.00625
0 0.2203125 0.4432291666666667 0.0046875 0.005208333333333333
0 0.26328125 0.4390625 0.0046875 0.003125
0 0.74453125 0.4395833333333333 0.0078125 0.00625
0 0.3015625 0.4390625 0.00625 0.005208333333333333
0 0.805078125 0.44114583333333335 0.01015625 0.011458333333333333
0 0.766015625 0.4390625 0.00703125 0.011458333333333333
0 0.236328125 0.4328125 0.00546875 0.007291666666666667
0 0.178125 0.4317708333333333 0.00625 0.005208333333333333
0 0.5796875 0.43072916666666666 0.0046875 0.009375
0 0.5546875 0.43125 0.0046875 0.010416666666666666
0 0.4546875 0.43020833333333336 0.0078125 0.010416666666666666
0 0.348828125 0.43072916666666666 0.00859375 0.011458333333333333
0 0.781640625 0.4270833333333333 0.00703125 0.008333333333333333
0 0.84296875 0.4276041666666667 0.0109375 0.011458333333333333
0 0.253125 0.4244791666666667 0.00625 0.007291666666666667
0 0.21484375 0.42135416666666664 0.003125 0.003125
0 0.2921875 0.42291666666666666 0.00625 0.008333333333333333
0 0.27265625 0.42135416666666664 0.00625 0.005208333333333333
0 0.868359375 0.421875 0.01015625 0.008333333333333333
0 0.1921875 0.41822916666666665 0.003125 0.003125
0 0.308984375 0.42083333333333334 0.00703125 0.010416666666666666
0 0.537109375 0.4166666666666667 0.00859375 0.010416666666666666
0 0.730078125 0.4161458333333333 0.00859375 0.011458333333333333
0 0.566796875 0.41510416666666666 0.00859375 0.011458333333333333
0 0.811328125 0.41458333333333336 0.00859375 0.0125
0 0.230859375 0.4119791666666667 0.00703125 0.007291666666666667
0 0.76640625 0.41302083333333334 0.009375 0.011458333333333333
0 0.597265625 0.4125 0.00859375 0.010416666666666666
0 0.415625 0.41041666666666665 0.0078125 0.010416666666666666
0 0.16796875 0.4083333333333333 0.0046875 0.00625
0 0.3328125 0.4083333333333333 0.0078125 0.010416666666666666
0 0.7828125 0.4015625 0.0015625 0.0010416666666666667
0 0.259375 0.40520833333333334 0.00625 0.008333333333333333
0 0.2765625 0.4005208333333333 0.00625 0.007291666666666667
0 0.184765625 0.4005208333333333 0.00546875 0.007291666666666667
0 0.203515625 0.3932291666666667 0.00078125 0.0010416666666666667
0 0.24296875 0.39427083333333335 0.00625 0.005208333333333333
0 0.219921875 0.39427083333333335 0.00390625 0.005208333333333333
0 0.54453125 0.3963541666666667 0.0078125 0.011458333333333333
0 0.40546875 0.3932291666666667 0.0078125 0.011458333333333333
0 0.29375 0.3875 0.0046875 0.004166666666666667
0 0.821875 0.38958333333333334 0.009375 0.010416666666666666
0 0.881640625 0.3875 0.01015625 0.0125
0 0.765625 0.38697916666666665 0.009375 0.011458333333333333
0 0.26171875 0.3828125 0.00625 0.007291666666666667
0 0.78515625 0.3802083333333333 0.003125 0.004166666666666667
0 0.310546875 0.38177083333333334 0.00703125 0.009375
0 0.27890625 0.37864583333333335 0.00625 0.007291666666666667
0 0.212109375 0.375 0.00546875 0.004166666666666667
0 0.803515625 0.3776041666666667 0.01015625 0.011458333333333333
0 0.230078125 0.3734375 0.00390625 0.003125
0 0.19609375 0.3729166666666667 0.003125 0.0020833333333333333
0 0.24609375 0.3734375 0.0046875 0.005208333333333333
0 0.178515625 0.37083333333333335 0.00390625 0.004166666666666667
0 0.655859375 0.3734375 0.00859375 0.011458333333333333
0 0.681640625 0.371875 0.00703125 0.010416666666666666
0 0.526953125 0.3723958333333333 0.00859375 0.011458333333333333
0 0.298828125 0.36770833333333336 0.00859375 0.008333333333333333
0 0.268359375 0.3625 0.00703125 0.00625
0 0.493359375 0.36302083333333335 0.00859375 0.011458333333333333
0 0.38515625 0.3614583333333333 0.0078125 0.010416666666666666
0 0.151171875 0.3578125 0.00390625 0.003125
0 0.514453125 0.3609375 0.00546875 0.011458333333333333
0 0.775390625 0.3578125 0.01015625 0.009375
0 0.23828125 0.35520833333333335 0.0046875 0.004166666666666667
0 0.20859375 0.35520833333333335 0.0046875 0.004166666666666667
0 0.666015625 0.3572916666666667 0.00859375 0.010416666666666666
0 0.693359375 0.3567708333333333 0.00703125 0.011458333333333333
0 0.642578125 0.3567708333333333 0.00859375 0.011458333333333333
0 0.28515625 0.35520833333333335 0.0078125 0.008333333333333333
0 0.191015625 0.3536458333333333 0.00390625 0.005208333333333333
0 0.41484375 0.3546875 0.0078125 0.011458333333333333
0 0.175 0.35 0.0046875 0.004166666666666667
0 0.32734375 0.35104166666666664 0.0078125 0.010416666666666666
0 0.255859375 0.34791666666666665 0.00234375 0.004166666666666667
0 0.591015625 0.3489583333333333 0.00859375 0.010416666666666666
0 0.3984375 0.3489583333333333 0.0078125 0.010416666666666666
0 0.2234375 0.3463541666666667 0.0046875 0.005208333333333333
0 0.308984375 0.3463541666666667 0.00703125 0.009375
0 0.679296875 0.34322916666666664 0.00703125 0.009375
0 0.630078125 0.34322916666666664 0.00859375 0.011458333333333333
0 0.740625 0.3421875 0.009375 0.011458333333333333
0 0.27109375 0.3390625 0.00625 0.005208333333333333
0 0.37734375 0.340625 0.0078125 0.010416666666666666
0 0.241015625 0.33489583333333334 0.00546875 0.005208333333333333
0 0.209765625 0.334375 0.00546875 0.00625
0 0.3390625 0.33541666666666664 0.0078125 0.010416666666666666
0 0.2875 0.3338541666666667 0.00625 0.007291666666666667
0 0.163671875 0.33229166666666665 0.00546875 0.004166666666666667
0 0.665234375 0.3338541666666667 0.00859375 0.011458333333333333
0 0.51328125 0.3328125 0.0078125 0.011458333333333333
0 0.581640625 0.33177083333333335 0.00859375 0.011458333333333333
0 0.49296875 0.33125 0.0078125 0.010416666666666666
0 0.320703125 0.3302083333333333 0.00703125 0.008333333333333333
0 0.6921875 0.3302083333333333 0.0078125 0.010416666666666666
0 0.709375 0.3296875 0.0078125 0.011458333333333333
0 0.25625 0.3260416666666667 0.00625 0.00625
0 0.3546875 0.3265625 0.0078125 0.011458333333333333
0 0.1890625 0.3223958333333333 0.003125 0.003125
0 0.40703125 0.325 0.0078125 0.010416666666666666
0 0.226171875 0.3234375 0.00703125 0.007291666666666667
0 0.649609375 0.32395833333333335 0.00859375 0.010416666666666666
0 0.302734375 0.321875 0.00703125 0.00625
0 0.272265625 0.31875 0.00703125 0.008333333333333333
0 0.766796875 0.31614583333333335 0.01015625 0.011458333333333333
0 0.243359375 0.3140625 0.00703125 0.007291666666666667
0 0.207421875 0.31354166666666666 0.00703125 0.00625
0 0.331640625 0.3145833333333333 0.00859375 0.010416666666666666
0 0.159375 0.31302083333333336 0.00625 0.007291666666666667
0 0.28828125 0.3125 0.00625 0.008333333333333333
0 0.523828125 0.31302083333333336 0.00859375 0.011458333333333333
0 0.721484375 0.3109375 0.00859375 0.011458333333333333
0 0.673828125 0.3104166666666667 0.00859375 0.010416666666666666
0 0.39296875 0.3104166666666667 0.0078125 0.010416666666666666
0 0.376171875 0.309375 0.00703125 0.010416666666666666
0 0.415625 0.3072916666666667 0.0078125 0.010416666666666666
0 0.31484375 0.3072916666666667 0.0078125 0.010416666666666666
0 0.259765625 0.30572916666666666 0.00703125 0.007291666666666667
0 0.609765625 0.30625 0.00859375 0.010416666666666666
0 0.697265625 0.30520833333333336 0.00859375 0.010416666666666666
0 0.551171875 0.30520833333333336 0.00859375 0.010416666666666666
0 0.360546875 0.30520833333333336 0.00859375 0.010416666666666666
0 0.648046875 0.3026041666666667 0.00859375 0.011458333333333333
0 0.345703125 0.2953125 0.00703125 0.011458333333333333
0 0.27734375 0.2953125 0.0078125 0.011458333333333333
0 0.24609375 0.29322916666666665 0.0046875 0.007291666666666667
0 0.403515625 0.2942708333333333 0.00859375 0.011458333333333333
0 0.328125 0.29375 0.0078125 0.010416666666666666
0 0.1671875 0.29270833333333335 0.0078125 0.008333333333333333
0 0.486328125 0.29270833333333335 0.00859375 0.010416666666666666
0 0.294140625 0.29270833333333335 0.00703125 0.010416666666666666
0 0.23046875 0.29270833333333335 0.0078125 0.010416666666666666
0 0.6859375 0.2869791666666667 0.0078125 0.007291666666666667
0 0.370703125 0.2869791666666667 0.00859375 0.011458333333333333
0 0.215234375 0.28541666666666665 0.00703125 0.010416666666666666
0 0.705078125 0.28072916666666664 0.00859375 0.007291666666666667
0 0.6390625 0.28177083333333336 0.0078125 0.011458333333333333
0 0.4578125 0.28125 0.0078125 0.010416666666666666
0 0.621875 0.2796875 0.0078125 0.009375
0 0.393359375 0.2786458333333333 0.00859375 0.011458333333333333
0 0.33828125 0.2765625 0.0078125 0.009375
0 0.309375 0.275 0.0078125 0.010416666666666666
0 0.44296875 0.27239583333333334 0.0078125 0.011458333333333333
0 0.575390625 0.2713541666666667 0.00859375 0.011458333333333333
0 0.426171875 0.26927083333333335 0.00859375 0.011458333333333333
0 0.409375 0.26927083333333335 0.0078125 0.011458333333333333
0 0.17265625 0.26875 0.009375 0.010416666666666666
0 0.294140625 0.26875 0.00859375 0.0125
0 0.55078125 0.2671875 0.0078125 0.011458333333333333
0 0.36484375 0.2671875 0.0078125 0.011458333333333333
0 0.235546875 0.26614583333333336 0.00859375 0.011458333333333333
0 0.766796875 0.2640625 0.01015625 0.011458333333333333
0 0.252734375 0.2640625 0.00859375 0.011458333333333333
0 0.72890625 0.2630208333333333 0.009375 0.011458333333333333
0 0.328125 0.26145833333333335 0.0078125 0.010416666666666666
0 0.2203125 0.26197916666666665 0.009375 0.011458333333333333
0 0.269921875 0.2598958333333333 0.00859375 0.011458333333333333
0 0.396484375 0.25677083333333334 0.00859375 0.011458333333333333
0 0.34375 0.2552083333333333 0.0078125 0.010416666666666666
0 0.61640625 0.2520833333333333 0.00625 0.010416666666666666
0 0.2859375 0.2526041666666667 0.0078125 0.013541666666666667
0 0.276953125 0.24270833333333333 0.00078125 0.0020833333333333333
0 0.242578125 0.24635416666666668 0.00859375 0.009375
0 0.58515625 0.24635416666666668 0.0078125 0.011458333333333333
0 0.42109375 0.24635416666666668 0.0078125 0.011458333333333333
0 0.316796875 0.24583333333333332 0.00859375 0.010416666666666666
0 0.375 0.24375 0.0078125 0.0125
0 0.358203125 0.24322916666666666 0.00859375 0.011458333333333333
0 0.3328125 0.23958333333333334 0.0078125 0.010416666666666666
0 0.408984375 0.2328125 0.00859375 0.011458333333333333
0 0.201171875 0.21822916666666667 0.00859375 0.011458333333333333
0 0.420703125 0.209375 0.00859375 0.0125
