0 0.49296875 0.7296875 0.0078125 0.011458333333333333
0 0.546484375 0.7265625 0.00703125 0.011458333333333333
0 0.5953125 0.7223958333333333 0.0078125 0.009375
0 0.658203125 0.721875 0.00859375 0.010416666666666666
0 0.50703125 0.721875 0.0078125 0.010416666666666666
0 0.23046875 0.7171875 0.0078125 0.011458333333333333
0 0.643359375 0.7161458333333334 0.00859375 0.011458333333333333
0 0.3546875 0.715625 0.0078125 0.010416666666666666
0 0.520703125 0.7140625 0.00703125 0.011458333333333333
0 0.6109375 0.7119791666666667 0.0078125 0.011458333333333333
0 0.56015625 0.7104166666666667 0.0078125 0.010416666666666666
0 0.79140625 0.7098958333333333 0.009375 0.011458333333333333
0 0.627734375 0.7083333333333334 0.00859375 0.010416666666666666
0 0.585546875 0.7005208333333334 0.00859375 0.011458333333333333
0 0.600390625 0.6979166666666666 0.00703125 0.010416666666666666
0 0.483203125 0.6979166666666666 0.00703125 0.010416666666666666
0 0.54140625 0.696875 0.0078125 0.010416666666666666
0 0.707421875 0.6953125 0.00859375 0.011458333333333333
0 0.6390625 0.6947916666666667 0.0078125 0.010416666666666666
0 0.68125 0.6942708333333333 0.0078125 0.011458333333333333
0 0.6171875 0.69375 0.0078125 0.010416666666666666
0 0.5265625 0.6932291666666667 0.0078125 0.011458333333333333
0 0.57109375 0.6895833333333333 0.0078125 0.010416666666666666
0 0.387890625 0.6875 0.00859375 0.010416666666666666
0 0.665234375 0.6854166666666667 0.00859375 0.010416666666666666
0 0.49609375 0.6854166666666667 0.0078125 0.010416666666666666
0 0.455859375 0.684375 0.00703125 0.010416666666666666
0 0.434375 0.6848958333333334 0.0078125 0.011458333333333333
0 0.692578125 0.6833333333333333 0.00859375 0.010416666666666666
0 0.75859375 0.6817708333333333 0.009375 0.009375
0 0.557421875 0.6822916666666666 0.00859375 0.010416666666666666
0 0.812109375 0.68125 0.01015625 0.0125
0 0.586328125 0.6791666666666667 0.00859375 0.010416666666666666
0 0.630078125 0.678125 0.00859375 0.010416666666666666
0 0.60078125 0.678125 0.0078125 0.010416666666666666
0 0.677734375 0.6760416666666667 0.00859375 0.010416666666666666
0 0.6515625 0.6760416666666667 0.0078125 0.010416666666666666
0 0.778125 0.6713541666666667 0.009375 0.009375
0 0.530859375 0.6697916666666667 0.00859375 0.010416666666666666
0 0.6140625 0.66875 0.0078125 0.010416666666666666
0 0.54609375 0.6692708333333334 0.0078125 0.011458333333333333
0 0.440234375 0.6666666666666666 0.00703125 0.010416666666666666
0 0.381640625 0.6666666666666666 0.00703125 0.010416666666666666
0 0.641015625 0.6614583333333334 0.00859375 0.010416666666666666
0 0.396875 0.6614583333333334 0.0078125 0.010416666666666666
0 0.488671875 0.659375 0.00703125 0.010416666666666666
0 0.417578125 0.65625 0.00703125 0.008333333333333333
0 0.625 0.6557291666666667 0.0078125 0.011458333333333333
0 0.7765625 0.6515625 0.009375 0.011458333333333333
0 0.55234375 0.6515625 0.0078125 0.011458333333333333
0 0.371875 0.6510416666666666 0.0078125 0.010416666666666666
0 0.74375 0.65 0.009375 0.010416666666666666
0 0.658984375 0.65 0.00703125 0.010416666666666666
0 0.3578125 0.6458333333333334 0.0078125 0.010416666666666666
0 0.494921875 0.6416666666666667 0.00703125 0.010416666666666666
0 0.509375 0.6385416666666667 0.0078125 0.010416666666666666
0 0.53984375 0.6364583333333333 0.0078125 0.010416666666666666
0 0.477734375 0.634375 0.00703125 0.010416666666666666
0 0.453125 0.634375 0.0078125 0.010416666666666666
0 0.421484375 0.63125 0.00703125 0.010416666666666666
0 0.36875 0.6302083333333334 0.0078125 0.010416666666666666
0 0.350390625 0.628125 0.00703125 0.010416666666666666
0 0.526171875 0.6260416666666667 0.00703125 0.010416666666666666
0 0.323828125 0.6239583333333333 0.00859375 0.010416666666666666
0 0.43515625 0.6229166666666667 0.0078125 0.010416666666666666
0 0.63828125 0.6203125 0.0078125 0.009375
0 0.76953125 0.6182291666666667 0.009375 0.011458333333333333
0 0.591796875 0.6171875 0.00703125 0.009375
0 0.541015625 0.6161458333333333 0.00703125 0.011458333333333333
0 0.73203125 0.6145833333333334 0.009375 0.010416666666666666
0 0.4953125 0.6140625 0.0078125 0.009375
0 0.294921875 0.609375 0.00859375 0.010416666666666666
0 0.42578125 0.6072916666666667 0.0078125 0.010416666666666666
0 0.398828125 0.6072916666666667 0.00703125 0.010416666666666666
0 0.7453125 0.6052083333333333 0.009375 0.010416666666666666
0 0.324609375 0.6041666666666666 0.00703125 0.010416666666666666
0 0.545703125 0.5979166666666667 0.00703125 0.010416666666666666
0 0.413671875 0.596875 0.00859375 0.010416666666666666
0 0.38203125 0.5942708333333333 0.0078125 0.009375
0 0.448828125 0.59375 0.00703125 0.010416666666666666
0 0.28828125 0.5916666666666667 0.0078125 0.010416666666666666
0 0.3359375 0.5901041666666667 0.0078125 0.009375
0 0.303125 0.5880208333333333 0.0078125 0.009375
0 0.504296875 0.5854166666666667 0.00703125 0.010416666666666666
0 0.35078125 0.5854166666666667 0.0078125 0.010416666666666666
0 0.466015625 0.5807291666666666 0.00703125 0.009375
0 0.751171875 0.5791666666666667 0.01015625 0.010416666666666666
0 0.771875 0.5770833333333333 0.00625 0.010416666666666666
0 0.517578125 0.5760416666666667 0.00703125 0.010416666666666666
0 0.35703125 0.5671875 0.0078125 0.009375
0 0.33984375 0.5640625 0.0078125 0.009375
0 0.759375 0.5630208333333333 0.009375 0.009375
0 0.519140625 0.5572916666666666 0.00703125 0.010416666666666666
0 0.2546875 0.5578125 0.0078125 0.011458333333333333
0 0.484765625 0.55 0.00703125 0.008333333333333333
0 0.394140625 0.5505208333333333 0.00703125 0.009375
0 0.500390625 0.5484375 0.00703125 0.009375
0 0.37109375 0.546875 0.0078125 0.010416666666666666
0 0.5109375 0.5359375 0.00625 0.009375
0 0.739453125 0.5354166666666667 0.00859375 0.010416666666666666
0 0.427734375 0.5260416666666666 0.00703125 0.008333333333333333
0 0.316015625 0.5260416666666666 0.00703125 0.010416666666666666
0 0.751171875 0.525 0.00859375 0.010416666666666666
0 0.3984375 0.525 0.0078125 0.010416666666666666
0 0.29375 0.525 0.0078125 0.010416666666666666
0 0.500390625 0.5234375 0.00703125 0.009375
0 0.33828125 0.5213541666666667 0.0078125 0.009375
0 0.5203125 0.5171875 0.00625 0.009375
0 0.36875 0.5140625 0.0078125 0.009375
0 0.276953125 0.5125 0.00703125 0.010416666666666666
0 0.412109375 0.5098958333333333 0.00703125 0.009375
0 0.78984375 0.5067708333333333 0.009375 0.011458333333333333
0 0.39765625 0.5067708333333333 0.0078125 0.011458333333333333
0 0.384375 0.4984375 0.0078125 0.009375
0 0.22890625 0.4973958333333333 0.0078125 0.009375
0 0.42109375 0.49375 0.0078125 0.010416666666666666
0 0.27734375 0.49322916666666666 0.0078125 0.009375
0 0.2484375 0.49375 0.0078125 0.010416666666666666
0 0.437890625 0.49166666666666664 0.00703125 0.010416666666666666
0 0.29296875 0.4895833333333333 0.0078125 0.010416666666666666
0 0.261328125 0.4828125 0.00703125 0.009375
0 0.2375 0.4817708333333333 0.0078125 0.009375
0 0.426953125 0.47708333333333336 0.00703125 0.010416666666666666
0 0.250390625 0.4708333333333333 0.00859375 0.010416666666666666
0 0.26484375 0.4640625 0.0078125 0.009375
0 0.416015625 0.4609375 0.00703125 0.009375
0 0.54375 0.4557291666666667 0.00625 0.009375
0 0.24140625 0.45625 0.0078125 0.010416666666666666
0 0.44296875 0.4546875 0.0078125 0.009375
0 0.369140625 0.4510416666666667 0.00703125 0.008333333333333333
0 0.633203125 0.4505208333333333 0.00859375 0.009375
0 0.405078125 0.4484375 0.00859375 0.009375
0 0.646484375 0.4453125 0.00703125 0.009375
0 0.2234375 0.4453125 0.0078125 0.009375
0 0.453515625 0.42916666666666664 0.00703125 0.008333333333333333
0 0.409375 0.43020833333333336 0.0078125 0.010416666666666666
0 0.36171875 0.4296875 0.0078125 0.009375
0 0.2625 0.4244791666666667 0.0078125 0.009375
0 0.32265625 0.42239583333333336 0.0078125 0.009375
0 0.29765625 0.42083333333333334 0.0078125 0.010416666666666666
0 0.782421875 0.4203125 0.02109375 0.011458333333333333
0 0.396484375 0.41875 0.00703125 0.008333333333333333
0 0.415234375 0.4140625 0.00703125 0.009375
0 0.7234375 0.4114583333333333 0.009375 0.010416666666666666
0 0.52265625 0.40677083333333336 0.00625 0.009375
0 0.591015625 0.403125 0.00703125 0.010416666666666666
0 0.426953125 0.40260416666666665 0.00703125 0.009375
0 0.348046875 0.4015625 0.00703125 0.009375
0 0.382421875 0.39947916666666666 0.00703125 0.009375
0 0.63515625 0.39895833333333336 0.0078125 0.010416666666666666
0 0.51015625 0.3963541666666667 0.0078125 0.009375
0 0.458984375 0.3963541666666667 0.00703125 0.009375
0 0.745703125 0.3958333333333333 0.00859375 0.010416666666666666
0 0.224609375 0.38645833333333335 0.00703125 0.010416666666666666
0 0.587109375 0.38333333333333336 0.00703125 0.010416666666666666
0 0.24609375 0.37916666666666665 0.0078125 0.010416666666666666
0 0.81953125 0.3776041666666667 0.009375 0.009375
0 0.570703125 0.3776041666666667 0.00703125 0.009375
0 0.7625 0.37604166666666666 0.00625 0.008333333333333333
0 0.012890625 0.3703125 0.00078125 0.0010416666666666667
0 0.748828125 0.3729166666666667 0.00859375 0.010416666666666666
0 0.474609375 0.3671875 0.00703125 0.009375
0 0.291015625 0.365625 0.00703125 0.010416666666666666
0 0.021484375 0.35989583333333336 0.00078125 0.0010416666666666667
0 0.805859375 0.3619791666666667 0.02265625 0.013541666666666667
0 0.511328125 0.3578125 0.00703125 0.009375
0 0.716796875 0.35989583333333336 0.01796875 0.023958333333333335
0 0.02109375 0.34010416666666665 0.0015625 0.0010416666666666667
0 0.5359375 0.3421875 0.00625 0.009375
0 0.476953125 0.3411458333333333 0.00703125 0.009375
0 0.366015625 0.340625 0.00703125 0.010416666666666666
0 0.300390625 0.340625 0.00703125 0.010416666666666666
0 0.446484375 0.33541666666666664 0.00703125 0.010416666666666666
0 0.769140625 0.334375 0.00859375 0.010416666666666666
0 0.741015625 0.33125 0.00859375 0.010416666666666666
0 0.653125 0.328125 0.0078125 0.010416666666666666
0 0.547265625 0.3171875 0.00703125 0.009375
0 0.353515625 0.31197916666666664 0.00703125 0.011458333333333333
0 0.392578125 0.3072916666666667 0.00703125 0.010416666666666666
0 0.498828125 0.30416666666666664 0.00703125 0.010416666666666666
0 0.487109375 0.2953125 0.00703125 0.009375
0 0.740234375 0.29375 0.00859375 0.010416666666666666
0 0.702734375 0.28958333333333336 0.00859375 0.010416666666666666
0 0.669140625 0.2859375 0.00859375 0.011458333333333333
0 0.65078125 0.284375 0.0078125 0.010416666666666666
0 0.26875 0.28229166666666666 0.0078125 0.0125
0 0.304296875 0.2760416666666667 0.00703125 0.010416666666666666
0 0.716796875 0.271875 0.00859375 0.010416666666666666
0 0.27265625 0.26614583333333336 0.0078125 0.011458333333333333
0 0.36796875 0.2604166666666667 0.0078125 0.010416666666666666
0 0.50234375 0.25833333333333336 0.0078125 0.010416666666666666
0 0.4921875 0.24791666666666667 0.0078125 0.010416666666666666
0 0.273828125 0.23958333333333334 0.00703125 0.010416666666666666
