0 0.23828125 0.9443141852286049 0.0125 0.007033997655334115
0 0.24609375 0.9164712778429074 0.0109375 0.008792497069167644
0 0.4921875 0.9147127784290738 0.0125 0.006447831184056272
0 0.529296875 0.9114888628370457 0.00859375 0.008206330597889801
0 0.297265625 0.9056271981242673 0.00078125 0.0011723329425556857
0 0.41796875 0.9070926143024619 0.009375 0.008792497069167644
0 0.549609375 0.9009378663540446 0.01171875 0.010550996483001172
0 0.341796875 0.8988862837045721 0.01171875 0.008792497069167644
0 0.244921875 0.8971277842907386 0.01328125 0.0076201641266119575
0 0.50625 0.8962485345838218 0.0078125 0.010550996483001172
0 0.632421875 0.8912661195779601 0.00859375 0.006447831184056272
0 0.37734375 0.8895076201641267 0.0125 0.0076201641266119575
0 0.723046875 0.8859906213364596 0.01171875 0.008792497069167644
0 0.6625 0.8780773739742087 0.00625 0.0035169988276670576
0 0.407421875 0.8745603751465416 0.00546875 0.007033997655334115
0 0.688671875 0.86957796014068 0.00859375 0.0076201641266119575
0 0.383203125 0.8701641266119577 0.00546875 0.008792497069167644
0 0.475390625 0.8707502930832356 0.01171875 0.011137162954279016
0 0.430078125 0.8669402110199297 0.00859375 0.007033997655334115
0 0.646875 0.8631301289566237 0.0015625 0.0017584994138335288
0 0.67109375 0.8622508792497069 0.0015625 0.0011723329425556857
0 0.321484375 0.8563892145369285 0.00859375 0.005861664712778429
0 0.622265625 0.8540445486518171 0.01171875 0.009378663540445486
0 0.240234375 0.8499413833528722 0.00546875 0.0035169988276670576
0 0.445703125 0.8467174677608441 0.00078125 0.0005861664712778429
0 0.6453125 0.8452520515826495 0.00625 0.007033997655334115
0 0.687109375 0.8455451348182884 0.00703125 0.00996483001172333
0 0.378125 0.8437866354044549 0.0125 0.0076201641266119575
0 0.29765625 0.8423212192262602 0.009375 0.008206330597889801
0 0.495703125 0.8414419695193435 0.01171875 0.008792497069167644
0 0.254296875 0.8361664712778429 0.01015625 0.0076201641266119575
0 0.228515625 0.8347010550996483 0.01171875 0.007033997655334115
0 0.475 0.8347010550996483 0.009375 0.008206330597889801
0 0.423828125 0.8276670574443142 0.00234375 0.0023446658851113715
0 0.541015625 0.8294255568581477 0.01171875 0.007033997655334115
0 0.4328125 0.8279601406799532 0.0046875 0.004103165298944901
0 0.426171875 0.8262016412661196 0.00078125 0.0005861664712778429
0 0.726953125 0.8267878077373975 0.00546875 0.005275498241500586
0 0.39140625 0.8256154747948418 0.009375 0.0076201641266119575
0 0.29609375 0.8238569753810082 0.0125 0.0076201641266119575
0 0.602734375 0.8218053927315357 0.00859375 0.005861664712778429
0 0.510546875 0.8235638921453693 0.01171875 0.009378663540445486
0 0.540625 0.813599062133646 0.0015625 0.0011723329425556857
0 0.497265625 0.813305978898007 0.00078125 0.0017584994138335288
0 0.74296875 0.8153575615474795 0.0078125 0.007033997655334115
0 0.2484375 0.8165298944900352 0.0109375 0.009378663540445486
0 0.698828125 0.8150644783118406 0.01015625 0.008792497069167644
0 0.487890625 0.8109613130128956 0.00078125 0.0005861664712778429
0 0.3703125 0.8147713950762017 0.0109375 0.011723329425556858
0 0.43515625 0.8106682297772567 0.0109375 0.009378663540445486
0 0.279296875 0.8100820633059789 0.00703125 0.008206330597889801
0 0.64375 0.8050996483001173 0.0015625 0.0005861664712778429
0 0.666015625 0.8065650644783119 0.00859375 0.008206330597889801
0 0.3515625 0.8053927315357562 0.0125 0.008206330597889801
0 0.391796875 0.8030480656506448 0.01171875 0.008206330597889801
0 0.741015625 0.7974794841735052 0.00078125 0.0005861664712778429
0 0.258203125 0.7971864009378663 0.00078125 0.0011723329425556857
0 0.416015625 0.8012895662368112 0.01171875 0.010550996483001172
0 0.5203125 0.7986518171160609 0.0109375 0.0076201641266119575
0 0.56171875 0.7995310668229777 0.009375 0.010550996483001172
0 0.230078125 0.7966002344665886 0.01015625 0.007033997655334115
0 0.29453125 0.7951348182883939 0.0109375 0.0076201641266119575
0 0.591796875 0.7954279015240329 0.01171875 0.010550996483001172
0 0.68203125 0.7936694021101993 0.0078125 0.008206330597889801
0 0.629296875 0.7922039859320047 0.00859375 0.0076201641266119575
0 0.501953125 0.7878077373974208 0.00078125 0.0011723329425556857
0 0.38125 0.7875146541617819 0.0015625 0.0017584994138335288
0 0.322265625 0.7898593200468933 0.01015625 0.0076201641266119575
0 0.543359375 0.7883939038686987 0.01015625 0.009378663540445486
0 0.35546875 0.7863423212192263 0.009375 0.006447831184056272
0 0.4375 0.786928487690504 0.0125 0.00996483001172333
0 0.728515625 0.7834114888628371 0.00859375 0.005275498241500586
0 0.664453125 0.7842907385697538 0.00859375 0.007033997655334115
0 0.76015625 0.77989449003517 0.00625 0.006447831184056272
0 0.782421875 0.77989449003517 0.00703125 0.0076201641266119575
0 0.273828125 0.7801875732708089 0.00859375 0.009378663540445486
0 0.220703125 0.77989449003517 0.01171875 0.008792497069167644
0 0.6421875 0.7781359906213364 0.0046875 0.006447831184056272
0 0.244921875 0.7790152403282532 0.00859375 0.009378663540445486
0 0.300390625 0.7766705744431418 0.00703125 0.007033997655334115
0 0.337109375 0.7749120750293084 0.01328125 0.008206330597889801
0 0.706640625 0.7752051582649473 0.00859375 0.00996483001172333
0 0.60703125 0.772567409144197 0.0046875 0.004689331770222743
0 0.555859375 0.7737397420867527 0.01171875 0.008206330597889801
0 0.86015625 0.7716881594372802 0.00625 0.006447831184056272
0 0.68515625 0.772567409144197 0.0078125 0.009378663540445486
0 0.38984375 0.7705158264947245 0.009375 0.006447831184056272
0 0.417578125 0.7667057444314185 0.00078125 0.0011723329425556857
0 0.741796875 0.768757327080891 0.00703125 0.008792497069167644
0 0.666015625 0.7646541617819461 0.00546875 0.0076201641266119575
0 0.512109375 0.765240328253224 0.01015625 0.008792497069167644
0 0.7734375 0.7634818288393904 0.00625 0.0076201641266119575
0 0.53671875 0.7640679953106683 0.009375 0.00996483001172333
0 0.3171875 0.7620164126611958 0.00625 0.005861664712778429
0 0.26484375 0.7623094958968347 0.0109375 0.008792497069167644
0 0.823828125 0.761137162954279 0.01015625 0.008792497069167644
0 0.633984375 0.7608440797186401 0.01015625 0.009378663540445486
0 0.599609375 0.757327080890973 0.00390625 0.004689331770222743
0 0.84765625 0.7567409144196952 0.00625 0.009378663540445486
0 0.239453125 0.7541031652989449 0.00703125 0.005275498241500586
0 0.559765625 0.7549824150058617 0.01015625 0.009378663540445486
0 0.871484375 0.7520515826494725 0.00546875 0.005861664712778429
0 0.76015625 0.7505861664712778 0.00625 0.0076201641266119575
0 0.780859375 0.7456037514654161 0.00703125 0.005861664712778429
0 0.617578125 0.7473622508792497 0.01171875 0.010550996483001172
0 0.688671875 0.7444314185228605 0.01171875 0.009378663540445486
0 0.317578125 0.7417936694021102 0.00703125 0.006447831184056272
0 0.545703125 0.7417936694021102 0.00546875 0.0076201641266119575
0 0.28515625 0.7412075029308324 0.0109375 0.006447831184056272
0 0.208203125 0.7391559202813599 0.00859375 0.007033997655334115
0 0.4125 0.7379835873388042 0.0046875 0.007033997655334115
0 0.261328125 0.7373974208675264 0.00703125 0.005861664712778429
0 0.802734375 0.7365181711606096 0.01015625 0.0076201641266119575
0 0.341796875 0.7324150058616647 0.00078125 0.0005861664712778429
0 0.23359375 0.734759671746776 0.0078125 0.006447831184056272
0 0.523046875 0.734759671746776 0.01171875 0.00996483001172333
0 0.38203125 0.7324150058616647 0.009375 0.006447831184056272
0 0.759765625 0.731242672919109 0.01171875 0.008792497069167644
0 0.434765625 0.7291910902696366 0.01171875 0.007033997655334115
0 0.734375 0.7288980070339977 0.0125 0.008792497069167644
0 0.49453125 0.7262602579132473 0.0109375 0.005861664712778429
0 0.7828125 0.7271395076201641 0.009375 0.008792497069167644
0 0.694921875 0.7268464243845252 0.01171875 0.009378663540445486
0 0.27265625 0.7218640093786636 0.009375 0.005275498241500586
0 0.198828125 0.7206916764361079 0.01015625 0.006447831184056272
0 0.81484375 0.7209847596717468 0.009375 0.008206330597889801
0 0.248828125 0.7195193434935522 0.00859375 0.005275498241500586
0 0.3609375 0.7198124267291911 0.0078125 0.007033997655334115
0 0.844921875 0.7165885111371629 0.00546875 0.004103165298944901
0 0.330078125 0.7151230949589683 0.00859375 0.004689331770222743
0 0.223828125 0.7160023446658851 0.01015625 0.006447831184056272
0 0.570703125 0.713071512309496 0.00859375 0.008792497069167644
0 0.3078125 0.7060375146541618 0.009375 0.006447831184056272
0 0.2640625 0.7048651817116061 0.009375 0.005275498241500586
0 0.37890625 0.7048651817116061 0.0125 0.006447831184056272
0 0.6484375 0.7039859320046893 0.0125 0.009378663540445486
0 0.20703125 0.7028135990621337 0.0109375 0.007033997655334115
0 0.811328125 0.7004689331770223 0.00546875 0.004689331770222743
0 0.2390625 0.7013481828839391 0.009375 0.006447831184056272
0 0.84140625 0.6984173505275498 0.0015625 0.0017584994138335288
0 0.7875 0.7013481828839391 0.0078125 0.0076201641266119575
0 0.40625 0.7001758499413834 0.009375 0.006447831184056272
0 0.746875 0.6987104337631888 0.0125 0.009378663540445486
0 0.35703125 0.6960726846424384 0.0125 0.006447831184056272
0 0.33046875 0.6957796014067995 0.0109375 0.007033997655334115
0 0.2875 0.6946072684642438 0.0046875 0.004689331770222743
0 0.860546875 0.6896248534583822 0.00859375 0.0076201641266119575
0 0.223046875 0.6884525205158265 0.00703125 0.006447831184056272
0 0.26640625 0.6869871043376319 0.0109375 0.004689331770222743
0 0.1953125 0.686400937866354 0.0109375 0.005861664712778429
0 0.80078125 0.6855216881594373 0.009375 0.006447831184056272
0 0.884765625 0.6861078546307151 0.01171875 0.008792497069167644
0 0.77890625 0.6843493552168816 0.0078125 0.008792497069167644
0 0.759375 0.6820046893317703 0.003125 0.004103165298944901
0 0.558203125 0.6843493552168816 0.01171875 0.008792497069167644
0 0.316796875 0.682590855803048 0.01171875 0.005275498241500586
0 0.834375 0.6805392731535757 0.009375 0.007033997655334115
0 0.244140625 0.6781946072684643 0.01171875 0.007033997655334115
0 0.374609375 0.6737983587338804 0.01171875 0.006447831184056272
0 0.209765625 0.6720398593200468 0.01015625 0.006447831184056272
0 0.2921875 0.6714536928487691 0.0109375 0.006447831184056272
0 0.67265625 0.6714536928487691 0.009375 0.008792497069167644
0 0.858203125 0.6705744431418523 0.01328125 0.008206330597889801
0 0.2671875 0.6676436107854631 0.0109375 0.005861664712778429
0 0.75 0.6650058616647128 0.0078125 0.0076201641266119575
0 0.831640625 0.664126611957796 0.01015625 0.007033997655334115
0 0.315625 0.6632473622508792 0.0125 0.006447831184056272
0 0.77265625 0.6632473622508792 0.009375 0.008792497069167644
0 0.232421875 0.6623681125439624 0.01171875 0.007033997655334115
0 0.56796875 0.6614888628370457 0.0109375 0.0076201641266119575
0 0.544140625 0.6614888628370457 0.01171875 0.0076201641266119575
0 0.19296875 0.6600234466588512 0.0109375 0.005861664712778429
0 0.43515625 0.6600234466588512 0.0125 0.009378663540445486
0 0.593359375 0.6576787807737398 0.00703125 0.005861664712778429
0 0.884765625 0.656799531066823 0.00546875 0.0076201641266119575
0 0.631640625 0.6570926143024619 0.01171875 0.008206330597889801
0 0.804296875 0.6556271981242673 0.01171875 0.008792497069167644
0 0.662890625 0.6547479484173505 0.01171875 0.008206330597889801
0 0.2578125 0.6512309495896834 0.0109375 0.008206330597889801
0 0.215625 0.6497655334114889 0.009375 0.005275498241500586
0 0.301953125 0.6491793669402111 0.01015625 0.005275498241500586
0 0.74296875 0.6488862837045721 0.0078125 0.005861664712778429
0 0.70859375 0.6483001172332943 0.00625 0.004689331770222743
0 0.859765625 0.6488862837045721 0.00859375 0.008206330597889801
0 0.83671875 0.6474208675263775 0.009375 0.0076201641266119575
0 0.787109375 0.6447831184056272 0.00859375 0.008206330597889801
0 0.38046875 0.6424384525205158 0.0125 0.004689331770222743
0 0.1921875 0.6409730363423212 0.0046875 0.0029308323563892145
0 0.35234375 0.641559202813599 0.0125 0.006447831184056272
0 0.239453125 0.6400937866354045 0.01171875 0.004689331770222743
0 0.67890625 0.6406799531066822 0.009375 0.007033997655334115
0 0.280078125 0.6406799531066822 0.01171875 0.007033997655334115
0 0.324609375 0.6398007033997656 0.01328125 0.006447831184056272
0 0.7625 0.6392145369284877 0.0078125 0.008792497069167644
0 0.811328125 0.6368698710433763 0.00859375 0.008792497069167644
0 0.216796875 0.6313012895662368 0.01015625 0.004689331770222743
0 0.73671875 0.6310082063305978 0.0109375 0.0076201641266119575
0 0.708984375 0.6295427901524033 0.00703125 0.005861664712778429
0 0.303515625 0.6298358733880423 0.01015625 0.006447831184056272
0 0.260546875 0.6292497069167644 0.01171875 0.005275498241500586
0 0.832421875 0.6301289566236812 0.00703125 0.008206330597889801
0 0.8546875 0.6283704572098476 0.0078125 0.007033997655334115
0 0.892578125 0.6257327080890973 0.01328125 0.008792497069167644
0 0.3828125 0.6245603751465416 0.0125 0.006447831184056272
0 0.686328125 0.6242672919109027 0.01171875 0.008206330597889801
0 0.41015625 0.6222157092614302 0.0078125 0.004103165298944901
0 0.19453125 0.623094958968347 0.009375 0.005861664712778429
0 0.240625 0.6207502930832356 0.0046875 0.0035169988276670576
0 0.325390625 0.6204572098475967 0.01171875 0.006447831184056272
0 0.2828125 0.61957796014068 0.0125 0.005861664712778429
0 0.76875 0.6181125439624854 0.009375 0.0076201641266119575
0 0.870703125 0.6160609613130129 0.00703125 0.007033997655334115
0 0.802734375 0.6154747948417351 0.00703125 0.007033997655334115
0 0.216015625 0.6128370457209847 0.01015625 0.005275498241500586
0 0.261328125 0.6113716295427901 0.01171875 0.005861664712778429
0 0.825390625 0.6113716295427901 0.00703125 0.007033997655334115
0 0.84609375 0.6110785463071512 0.009375 0.0076201641266119575
0 0.345703125 0.6096131301289566 0.01328125 0.007033997655334115
0 0.3046875 0.6087338804220399 0.0125 0.005275498241500586
0 0.78671875 0.6055099648300117 0.003125 0.0035169988276670576
0 0.37890625 0.6072684642438453 0.0125 0.008206330597889801
0 0.42265625 0.6058030480656507 0.0125 0.0076201641266119575
0 0.193359375 0.6049237983587339 0.01171875 0.005861664712778429
0 0.237890625 0.6028722157092614 0.00703125 0.004103165298944901
0 0.282421875 0.6011137162954279 0.01171875 0.006447831184056272
0 0.88359375 0.6008206330597889 0.0078125 0.007033997655334115
0 0.862109375 0.5987690504103166 0.00703125 0.0076201641266119575
0 0.811328125 0.5981828839390387 0.00703125 0.006447831184056272
0 0.32734375 0.5952520515826495 0.0109375 0.006447831184056272
0 0.21484375 0.5943728018757327 0.0109375 0.004689331770222743
0 0.74609375 0.5937866354044549 0.009375 0.007033997655334115
0 0.259765625 0.5934935521688159 0.01171875 0.0076201641266119575
0 0.3890625 0.5896834701055099 0.0125 0.005861664712778429
0 0.303515625 0.5896834701055099 0.01171875 0.005861664712778429
0 0.7921875 0.5888042203985931 0.0078125 0.006447831184056272
0 0.3640625 0.5890973036342321 0.0125 0.007033997655334115
0 0.8453125 0.5879249706916765 0.0078125 0.008206330597889801
0 0.191796875 0.5852872215709262 0.01015625 0.006447831184056272
0 0.2375 0.5835287221570926 0.0078125 0.005275498241500586
0 0.82109375 0.582063305978898 0.0078125 0.005861664712778429
0 0.280859375 0.582063305978898 0.01171875 0.007033997655334115
0 0.343359375 0.5808909730363423 0.01171875 0.005861664712778429
0 0.86796875 0.5803048065650644 0.009375 0.008206330597889801
0 0.655078125 0.5764947245017585 0.01171875 0.006447831184056272
0 0.2140625 0.5759085580304807 0.0125 0.005275498241500586
0 0.50078125 0.5759085580304807 0.0109375 0.006447831184056272
0 0.31875 0.5753223915592028 0.0125 0.006447831184056272
0 0.25859375 0.5735638921453693 0.0125 0.006447831184056272
0 0.388671875 0.570926143024619 0.00390625 0.0035169988276670576
0 0.362109375 0.5700468933177022 0.01171875 0.006447831184056272
0 0.79375 0.5694607268464243 0.0109375 0.008792497069167644
0 0.536328125 0.567409144196952 0.01171875 0.007033997655334115
0 0.296484375 0.5677022274325909 0.01328125 0.0076201641266119575
0 0.636328125 0.5677022274325909 0.01171875 0.008792497069167644
0 0.443359375 0.5671160609613131 0.01171875 0.0076201641266119575
0 0.410546875 0.5665298944900352 0.01171875 0.006447831184056272
0 0.8828125 0.5665298944900352 0.0125 0.008792497069167644
0 0.2359375 0.563305978898007 0.0078125 0.005861664712778429
0 0.341015625 0.5624267291910903 0.01328125 0.006447831184056272
0 0.855078125 0.5609613130128956 0.00859375 0.008206330597889801
0 0.18671875 0.5600820633059789 0.0125 0.006447831184056272
0 0.2734375 0.5592028135990621 0.0125 0.007033997655334115
0 0.212890625 0.5571512309495897 0.01171875 0.006447831184056272
0 0.3171875 0.5571512309495897 0.0125 0.008792497069167644
0 0.37578125 0.5542203985932005 0.0125 0.006447831184056272
0 0.8359375 0.5533411488862837 0.009375 0.008206330597889801
0 0.40859375 0.5486518171160609 0.0125 0.007033997655334115
0 0.254296875 0.5480656506447831 0.01015625 0.005861664712778429
0 0.29453125 0.5489449003516998 0.0140625 0.008792497069167644
0 0.887890625 0.5480656506447831 0.00546875 0.008206330597889801
0 0.335546875 0.5439624853458382 0.01171875 0.005861664712778429
0 0.228515625 0.5422039859320047 0.01171875 0.005861664712778429
0 0.19609375 0.5419109026963658 0.0078125 0.005275498241500586
0 0.358984375 0.5407385697538101 0.01015625 0.006447831184056272
0 0.706640625 0.5407385697538101 0.00859375 0.0076201641266119575
0 0.274609375 0.5366354044548651 0.01328125 0.006447831184056272
0 0.87265625 0.5345838218053928 0.0109375 0.008206330597889801
0 0.501171875 0.5345838218053928 0.01171875 0.008206330597889801
0 0.835546875 0.5331184056271981 0.00859375 0.0076201641266119575
0 0.3078125 0.5334114888628371 0.0109375 0.008206330597889801
0 0.372265625 0.5290152403282532 0.00078125 0.0005861664712778429
0 0.38203125 0.5293083235638921 0.0046875 0.0035169988276670576
0 0.4125 0.5307737397420867 0.0125 0.0076201641266119575
0 0.57109375 0.5290152403282532 0.0109375 0.006447831184056272
0 0.815625 0.5272567409144197 0.0046875 0.004103165298944901
0 0.213671875 0.5281359906213364 0.01015625 0.005861664712778429
0 0.33203125 0.5252051582649473 0.0078125 0.004689331770222743
0 0.2390625 0.5257913247362251 0.0125 0.005861664712778429
0 0.186328125 0.5252051582649473 0.01171875 0.005861664712778429
0 0.6328125 0.522274325908558 0.0109375 0.008206330597889801
0 0.287890625 0.5213950762016413 0.01171875 0.006447831184056272
0 0.85546875 0.5213950762016413 0.00625 0.0076201641266119575
0 0.35625 0.5211019929660023 0.0125 0.007033997655334115
0 0.262890625 0.5193434935521688 0.01328125 0.007033997655334115
0 0.68671875 0.5190504103165299 0.0109375 0.008792497069167644
0 0.7921875 0.5178780773739742 0.0078125 0.0076201641266119575
0 0.65546875 0.5172919109026963 0.0109375 0.006447831184056272
0 0.87890625 0.5172919109026963 0.009375 0.008792497069167644
0 0.396484375 0.5158264947245017 0.01171875 0.007033997655334115
0 0.31171875 0.5140679953106683 0.0125 0.005861664712778429
0 0.833984375 0.5146541617819461 0.00859375 0.008206330597889801
0 0.81328125 0.5102579132473622 0.0078125 0.0076201641266119575
0 0.373828125 0.5096717467760844 0.01328125 0.0076201641266119575
0 0.209765625 0.5084994138335287 0.00859375 0.005275498241500586
0 0.3359375 0.5079132473622509 0.0125 0.006447831184056272
0 0.55390625 0.507327080890973 0.0109375 0.006447831184056272
0 0.236328125 0.5070339976553341 0.01328125 0.007033997655334115
0 0.183203125 0.5064478311840562 0.01171875 0.005861664712778429
0 0.576953125 0.5055685814771395 0.01171875 0.006447831184056272
0 0.443359375 0.5052754982415005 0.01015625 0.005861664712778429
0 0.8640625 0.5052754982415005 0.009375 0.008206330597889801
0 0.278125 0.5046893317702228 0.0125 0.007033997655334115
0 0.6328125 0.5023446658851114 0.0109375 0.007033997655334115
0 0.797265625 0.4988276670574443 0.00390625 0.004689331770222743
0 0.4171875 0.4997069167643611 0.0125 0.006447831184056272
0 0.30078125 0.4970691676436108 0.0125 0.005861664712778429
0 0.355859375 0.49648300117233296 0.01328125 0.007033997655334115
0 0.8453125 0.49648300117233296 0.009375 0.008206330597889801
0 0.65859375 0.49531066822977726 0.0109375 0.005861664712778429
0 0.25625 0.49501758499413834 0.0125 0.005275498241500586
0 0.88359375 0.4958968347010551 0.009375 0.008206330597889801
0 0.823828125 0.49501758499413834 0.00859375 0.0076201641266119575
0 0.20078125 0.4915005861664713 0.0109375 0.006447831184056272
0 0.768359375 0.49091441969519345 0.01171875 0.006447831184056272
0 0.3796875 0.4903282532239156 0.009375 0.005275498241500586
0 0.325 0.4906213364595545 0.0125 0.005861664712778429
0 0.226953125 0.4894490035169988 0.01171875 0.005861664712778429
0 0.689453125 0.4859320046893318 0.00703125 0.004689331770222743
0 0.864453125 0.48651817116060964 0.00703125 0.008206330597889801
0 0.455078125 0.48563892145369286 0.01171875 0.006447831184056272
0 0.402734375 0.4847596717467761 0.01171875 0.005861664712778429
0 0.276953125 0.48417350527549824 0.01328125 0.005861664712778429
0 0.42734375 0.48446658851113716 0.0125 0.008792497069167644
0 0.344921875 0.48007033997655335 0.01328125 0.007033997655334115
0 0.839453125 0.4797772567409144 0.00859375 0.0076201641266119575
0 0.816015625 0.47860492379835873 0.00546875 0.006447831184056272
0 0.301171875 0.47860492379835873 0.01328125 0.006447831184056272
0 0.181640625 0.4783118405627198 0.01328125 0.005861664712778429
0 0.8828125 0.4783118405627198 0.0109375 0.008206330597889801
0 0.253515625 0.4768464243845252 0.01328125 0.006447831184056272
0 0.673828125 0.47332942555685814 0.00703125 0.005275498241500586
0 0.224609375 0.47215709261430244 0.00390625 0.0029308323563892145
0 0.705859375 0.4730363423212192 0.00859375 0.005861664712778429
0 0.2328125 0.4718640093786635 0.0046875 0.0035169988276670576
0 0.5671875 0.4718640093786635 0.0109375 0.005861664712778429
0 0.543359375 0.47215709261430244 0.01171875 0.006447831184056272
0 0.398828125 0.4695193434935522 0.00234375 0.0011723329425556857
0 0.36640625 0.4718640093786635 0.0109375 0.005861664712778429
0 0.474609375 0.47039859320046895 0.01171875 0.006447831184056272
0 0.390625 0.46805392731535755 0.0015625 0.0017584994138335288
0 0.794140625 0.4695193434935522 0.00859375 0.007033997655334115
0 0.857421875 0.46922626025791325 0.00859375 0.0076201641266119575
0 0.322265625 0.46805392731535755 0.01328125 0.006447831184056272
0 0.203515625 0.466295427901524 0.01328125 0.005275498241500586
0 0.27421875 0.46600234466588514 0.0125 0.005861664712778429
0 0.445703125 0.46395076201641267 0.01015625 0.005275498241500586
0 0.496875 0.4633645955451348 0.0109375 0.006447831184056272
0 0.813671875 0.46160609613130127 0.01015625 0.0076201641266119575
0 0.25390625 0.45955451348182885 0.0078125 0.004689331770222743
0 0.245703125 0.4575029308323564 0.00078125 0.0005861664712778429
0 0.734375 0.458968347010551 0.0046875 0.004689331770222743
0 0.17734375 0.4601406799531067 0.0140625 0.007033997655334115
0 0.878125 0.45926143024618993 0.009375 0.006447831184056272
0 0.421875 0.458968347010551 0.0125 0.005861664712778429
0 0.6953125 0.4577960140679953 0.0109375 0.007033997655334115
0 0.66484375 0.45720984759671746 0.009375 0.005861664712778429
0 0.3421875 0.45603751465416176 0.0078125 0.004689331770222743
0 0.29765625 0.45603751465416176 0.009375 0.004689331770222743
0 0.376171875 0.45545134818288396 0.01171875 0.005861664712778429
0 0.8453125 0.45515826494724504 0.00625 0.006447831184056272
0 0.59296875 0.4548651817116061 0.0109375 0.005861664712778429
0 0.569921875 0.4536928487690504 0.01015625 0.005861664712778429
0 0.225390625 0.45164126611957794 0.01015625 0.005275498241500586
0 0.4 0.4492966002344666 0.0125 0.006447831184056272
0 0.20078125 0.4501758499413834 0.0140625 0.008206330597889801
0 0.784375 0.4492966002344666 0.009375 0.0076201641266119575
0 0.274609375 0.44724501758499413 0.01328125 0.005861664712778429
0 0.424609375 0.44343493552168817 0.00234375 0.0017584994138335288
0 0.321875 0.44607268464243843 0.0125 0.008206330597889801
0 0.865234375 0.4454865181711606 0.00859375 0.008206330597889801
0 0.80703125 0.4449003516998828 0.0078125 0.008206330597889801
0 0.426953125 0.44109026963657677 0.00078125 0.0005861664712778429
0 0.41640625 0.4416764361078546 0.0015625 0.0017584994138335288
0 0.830078125 0.44314185228604924 0.00859375 0.008206330597889801
0 0.359765625 0.44226260257913247 0.01171875 0.006447831184056272
0 0.765234375 0.44196951934349354 0.00859375 0.007033997655334115
0 0.676953125 0.44079718640093785 0.00859375 0.005861664712778429
0 0.48359375 0.4405041031652989 0.0109375 0.006447831184056272
0 0.175 0.44226260257913247 0.0125 0.00996483001172333
0 0.89453125 0.44109026963657677 0.0125 0.008792497069167644
0 0.744140625 0.43786635404454866 0.00546875 0.005861664712778429
0 0.719921875 0.43903868698710435 0.00859375 0.008206330597889801
0 0.298046875 0.43786635404454866 0.01328125 0.005861664712778429
0 0.507421875 0.43669402110199296 0.00859375 0.004689331770222743
0 0.787890625 0.4340562719812427 0.00078125 0.0005861664712778429
0 0.46015625 0.43640093786635403 0.0125 0.006447831184056272
0 0.7921875 0.43464243845252054 0.00625 0.004103165298944901
0 0.53046875 0.43464243845252054 0.0109375 0.006447831184056272
0 0.385546875 0.4340562719812427 0.01171875 0.006447831184056272
0 0.230078125 0.4331770222743259 0.01015625 0.005861664712778429
0 0.850390625 0.4320046893317702 0.00703125 0.005861664712778429
0 0.338671875 0.4320046893317702 0.01328125 0.005861664712778429
0 0.699609375 0.42995310668229775 0.01015625 0.006447831184056272
0 0.195703125 0.4305392731535756 0.01328125 0.00996483001172333
0 0.43828125 0.4276084407971864 0.0125 0.005275498241500586
0 0.276171875 0.42819460726846426 0.01328125 0.006447831184056272
0 0.880078125 0.42819460726846426 0.01171875 0.008792497069167644
0 0.815234375 0.42702227432590856 0.01015625 0.008792497069167644
0 0.315234375 0.42555685814771393 0.01328125 0.008206330597889801
0 0.364453125 0.42467760844079716 0.01328125 0.0076201641266119575
0 0.6015625 0.4235052754982415 0.0109375 0.006447831184056272
0 0.408984375 0.42291910902696367 0.01328125 0.006447831184056272
0 0.251171875 0.4232121922626026 0.01328125 0.007033997655334115
0 0.551171875 0.42145369284876905 0.01171875 0.005861664712778429
0 0.775 0.42145369284876905 0.00625 0.007033997655334115
0 0.745703125 0.4199882766705744 0.00859375 0.005275498241500586
0 0.723046875 0.4211606096131301 0.01015625 0.0076201641266119575
0 0.578515625 0.42028135990621335 0.01171875 0.005861664712778429
0 0.496484375 0.4196951934349355 0.00546875 0.004689331770222743
0 0.471875 0.4194021101992966 0.009375 0.005275498241500586
0 0.6609375 0.417936694021102 0.0078125 0.004689331770222743
0 0.519140625 0.41822977725674093 0.00703125 0.005275498241500586
0 0.862890625 0.41705744431418523 0.00703125 0.004103165298944901
0 0.83515625 0.41822977725674093 0.009375 0.008792497069167644
0 0.2171875 0.417936694021102 0.0140625 0.009378663540445486
0 0.79765625 0.41588511137162953 0.0109375 0.0076201641266119575
0 0.387109375 0.41500586166471276 0.01015625 0.005861664712778429
0 0.293359375 0.41471277842907384 0.01328125 0.006447831184056272
0 0.343359375 0.41500586166471276 0.01328125 0.009378663540445486
0 0.428515625 0.41060961313012895 0.01015625 0.005275498241500586
0 0.888671875 0.4111957796014068 0.00859375 0.0076201641266119575
0 0.809375 0.4059202813599062 0.0015625 0.0005861664712778429
0 0.63515625 0.40855803048065653 0.0125 0.005861664712778429
0 0.26796875 0.4097303634232122 0.0125 0.008206330597889801
0 0.18515625 0.41031652989449 0.0125 0.010550996483001172
0 0.452734375 0.4079718640093787 0.01171875 0.007033997655334115
0 0.536328125 0.40621336459554513 0.01015625 0.005861664712778429
0 0.594140625 0.40621336459554513 0.01015625 0.007033997655334115
0 0.365234375 0.4056271981242673 0.01328125 0.005861664712778429
0 0.319921875 0.40621336459554513 0.01328125 0.007033997655334115
0 0.8171875 0.40416178194607266 0.009375 0.004103165298944901
0 0.5625 0.40386869871043374 0.0046875 0.0035169988276670576
0 0.713671875 0.40504103165298944 0.00859375 0.007033997655334115
0 0.76484375 0.40533411488862836 0.009375 0.008792497069167644
0 0.848828125 0.4044548651817116 0.01015625 0.008206330597889801
0 0.741796875 0.40357561547479487 0.01015625 0.008792497069167644
0 0.48203125 0.4018171160609613 0.0078125 0.005275498241500586
0 0.404296875 0.40240328253223917 0.01171875 0.006447831184056272
0 0.65625 0.40093786635404455 0.0125 0.007033997655334115
0 0.87109375 0.4000586166471278 0.009375 0.008792497069167644
0 0.787109375 0.39976553341148885 0.01171875 0.008206330597889801
0 0.2328125 0.39800703399765536 0.0109375 0.005861664712778429
0 0.207421875 0.3974208675263775 0.01328125 0.004689331770222743
0 0.50703125 0.39566236811254396 0.009375 0.004689331770222743
0 0.623046875 0.3939038686987104 0.01015625 0.005861664712778429
0 0.28359375 0.3939038686987104 0.0125 0.005861664712778429
0 0.89140625 0.3936107854630715 0.0125 0.006447831184056272
0 0.43828125 0.3930246189917937 0.0125 0.006447831184056272
0 0.57890625 0.3930246189917937 0.0109375 0.0076201641266119575
0 0.341015625 0.391852286049238 0.01328125 0.0076201641266119575
0 0.69921875 0.3906799531066823 0.009375 0.006447831184056272
0 0.258984375 0.39155920281359907 0.01328125 0.008206330597889801
0 0.83359375 0.39126611957796015 0.009375 0.008792497069167644
0 0.72578125 0.39126611957796015 0.009375 0.008792497069167644
0 0.67578125 0.3898007033997655 0.009375 0.005861664712778429
0 0.808984375 0.3892145369284877 0.01015625 0.008206330597889801
0 0.540625 0.38892145369284875 0.0109375 0.0076201641266119575
0 0.466796875 0.3877491207502931 0.01171875 0.005275498241500586
0 0.309375 0.3886283704572098 0.0125 0.007033997655334115
0 0.855078125 0.3874560375146542 0.01171875 0.008206330597889801
0 0.603515625 0.3865767878077374 0.00703125 0.006447831184056272
0 0.3671875 0.38716295427901526 0.0125 0.0076201641266119575
0 0.64296875 0.3862837045720985 0.0109375 0.007033997655334115
0 0.391796875 0.38686987104337633 0.01171875 0.008206330597889801
0 0.416796875 0.384232121922626 0.01171875 0.006447831184056272
0 0.76640625 0.38481828839390386 0.009375 0.008792497069167644
0 0.491015625 0.3821805392731536 0.01171875 0.007033997655334115
0 0.78828125 0.3824736225087925 0.0109375 0.008792497069167644
0 0.74609375 0.380715123094959 0.00625 0.006447831184056272
0 0.21640625 0.3821805392731536 0.0125 0.009378663540445486
0 0.559765625 0.3798358733880422 0.01171875 0.008206330597889801
0 0.891015625 0.3757327080890973 0.00703125 0.005861664712778429
0 0.621484375 0.3766119577960141 0.01171875 0.0076201641266119575
0 0.447265625 0.3766119577960141 0.01171875 0.0076201641266119575
0 0.241796875 0.37778429073856973 0.01328125 0.00996483001172333
0 0.714453125 0.3757327080890973 0.00859375 0.007033997655334115
0 0.663671875 0.3757327080890973 0.01015625 0.007033997655334115
0 0.515234375 0.3745603751465416 0.01171875 0.005861664712778429
0 0.824609375 0.3745603751465416 0.01015625 0.008206330597889801
0 0.348828125 0.37397420867526376 0.01171875 0.007033997655334115
0 0.325390625 0.3733880422039859 0.00859375 0.005861664712778429
0 0.293359375 0.37368112543962484 0.01171875 0.0076201641266119575
0 0.68671875 0.37280187573270807 0.009375 0.007033997655334115
0 0.193359375 0.37250879249706914 0.01328125 0.006447831184056272
0 0.867578125 0.373094958968347 0.01015625 0.008792497069167644
0 0.267578125 0.3733880422039859 0.01328125 0.009378663540445486
0 0.5828125 0.37075029308323565 0.009375 0.005275498241500586
0 0.8453125 0.3716295427901524 0.0109375 0.008206330597889801
0 0.47109375 0.3698710433763189 0.0109375 0.005861664712778429
0 0.378125 0.3713364595545135 0.0125 0.008792497069167644
0 0.53828125 0.3689917936694021 0.0125 0.0076201641266119575
0 0.402734375 0.3689917936694021 0.01171875 0.0076201641266119575
0 0.641796875 0.36811254396248533 0.01171875 0.007033997655334115
0 0.759765625 0.36723329425556855 0.01015625 0.008792497069167644
0 0.4953125 0.3637162954279015 0.003125 0.0029308323563892145
0 0.80546875 0.365767878077374 0.0109375 0.008206330597889801
0 0.604296875 0.3648886283704572 0.00859375 0.0076201641266119575
0 0.42734375 0.36430246189917936 0.0125 0.006447831184056272
0 0.782421875 0.3645955451348183 0.01015625 0.008206330597889801
0 0.736328125 0.36430246189917936 0.01015625 0.0076201641266119575
0 0.223828125 0.3637162954279015 0.01328125 0.00996483001172333
0 0.5625 0.36107854630715125 0.0125 0.007033997655334115
0 0.671484375 0.3578546307151231 0.00390625 0.0029308323563892145
0 0.45234375 0.358147713950762 0.0109375 0.007033997655334115
0 0.309375 0.3578546307151231 0.0109375 0.006447831184056272
0 0.71484375 0.35726846424384523 0.009375 0.006447831184056272
0 0.360546875 0.358147713950762 0.01171875 0.008206330597889801
0 0.88828125 0.3560961313012896 0.0078125 0.005275498241500586
0 0.515234375 0.3569753810082063 0.01171875 0.008206330597889801
0 0.28125 0.3560961313012896 0.0125 0.006447831184056272
0 0.86171875 0.3560961313012896 0.009375 0.0076201641266119575
0 0.692578125 0.3552168815943728 0.00859375 0.007033997655334115
0 0.624609375 0.35199296600234464 0.00078125 0.0005861664712778429
0 0.837890625 0.3549237983587339 0.01015625 0.0076201641266119575
0 0.58359375 0.3528722157092614 0.0125 0.007033997655334115
0 0.474609375 0.35199296600234464 0.01171875 0.0076201641266119575
0 0.383984375 0.35140679953106685 0.01015625 0.0076201641266119575
0 0.81796875 0.3505275498241501 0.0078125 0.007033997655334115
0 0.6484375 0.350820633059789 0.009375 0.0076201641266119575
0 0.408984375 0.350820633059789 0.01015625 0.0076201641266119575
0 0.537109375 0.3499413833528722 0.01171875 0.007033997655334115
0 0.25625 0.350820633059789 0.0140625 0.00996483001172333
0 0.794921875 0.3499413833528722 0.01015625 0.009378663540445486
0 0.749609375 0.3496483001172333 0.00859375 0.008792497069167644
0 0.77265625 0.34906213364595545 0.009375 0.008792497069167644
0 0.33828125 0.34788980070339975 0.0109375 0.0076201641266119575
0 0.43359375 0.347010550996483 0.009375 0.008206330597889801
0 0.496875 0.34495896834701056 0.0109375 0.0076201641266119575
0 0.561328125 0.3420281359906213 0.00390625 0.005275498241500586
0 0.219140625 0.3429073856975381 0.01328125 0.007033997655334115
0 0.874609375 0.34144196951934347 0.01015625 0.006447831184056272
0 0.296484375 0.3420281359906213 0.01171875 0.0076201641266119575
0 0.602734375 0.3408558030480657 0.01015625 0.006447831184056272
0 0.722265625 0.33968347010551 0.00859375 0.006447831184056272
0 0.850390625 0.3399765533411489 0.01015625 0.008206330597889801
0 0.455078125 0.3402696365767878 0.01015625 0.008792497069167644
0 0.36484375 0.33821805392731535 0.00625 0.005861664712778429
0 0.519921875 0.3388042203985932 0.01015625 0.008206330597889801
0 0.698046875 0.33675263774912073 0.00859375 0.005275498241500586
0 0.67265625 0.33528722157092616 0.009375 0.005861664712778429
0 0.581640625 0.33528722157092616 0.00859375 0.008206330597889801
0 0.32109375 0.3344079718640094 0.009375 0.006447831184056272
0 0.272265625 0.33499413833528724 0.01328125 0.008792497069167644
0 0.82890625 0.33147713950762014 0.0078125 0.0029308323563892145
0 0.64140625 0.3335287221570926 0.009375 0.007033997655334115
0 0.241015625 0.33499413833528724 0.01328125 0.00996483001172333
0 0.784765625 0.33382180539273154 0.01015625 0.008792497069167644
0 0.478125 0.3332356389214537 0.009375 0.0076201641266119575
0 0.436328125 0.3308909730363423 0.00859375 0.004103165298944901
0 0.388671875 0.33147713950762014 0.00546875 0.006447831184056272
0 0.762890625 0.3311840562719812 0.00859375 0.007033997655334115
0 0.5421875 0.3303048065650645 0.009375 0.006447831184056272
0 0.808984375 0.32620164126611956 0.00078125 0.0005861664712778429
0 0.804296875 0.32708089097303633 0.00703125 0.0035169988276670576
0 0.73984375 0.32942555685814773 0.009375 0.008206330597889801
0 0.4125 0.32737397420867526 0.003125 0.004103165298944901
0 0.7140625 0.3250293083235639 0.0015625 0.0005861664712778429
0 0.61875 0.3276670574443142 0.009375 0.007033997655334115
0 0.5015625 0.32737397420867526 0.0078125 0.006447831184056272
0 0.907421875 0.32737397420867526 0.01015625 0.008792497069167644
0 0.3453125 0.32532239155920284 0.009375 0.007033997655334115
0 0.88515625 0.3250293083235639 0.009375 0.0076201641266119575
0 0.20859375 0.3223915592028136 0.00625 0.0023446658851113715
0 0.3 0.3235638921453693 0.0078125 0.005861664712778429
0 0.4609375 0.32209847596717467 0.00625 0.006447831184056272
0 0.686328125 0.3215123094958968 0.01015625 0.0076201641266119575
0 0.595703125 0.3212192262602579 0.01171875 0.007033997655334115
0 0.66015625 0.32004689331770225 0.009375 0.007033997655334115
0 0.8640625 0.31740914419695193 0.009375 0.0029308323563892145
0 0.523046875 0.32004689331770225 0.01015625 0.008206330597889801
0 0.324609375 0.3168229777256741 0.00234375 0.0029308323563892145
0 0.226953125 0.3156506447831184 0.00078125 0.0005861664712778429
0 0.57109375 0.31740914419695193 0.009375 0.0076201641266119575
0 0.84140625 0.3168229777256741 0.009375 0.0076201641266119575
0 0.7765625 0.317116060961313 0.009375 0.008206330597889801
0 0.37421875 0.3159437280187573 0.009375 0.007033997655334115
0 0.754296875 0.31535756154747946 0.00859375 0.007033997655334115
0 0.548046875 0.31330597889800704 0.00390625 0.0029308323563892145
0 0.48359375 0.3150644783118406 0.00625 0.006447831184056272
0 0.6375 0.3141852286049238 0.009375 0.005861664712778429
0 0.231640625 0.31242672919109027 0.00546875 0.0023446658851113715
0 0.81953125 0.31477139507620167 0.009375 0.008206330597889801
0 0.399609375 0.31125439624853457 0.00390625 0.0023446658851113715
0 0.73046875 0.3127198124267292 0.009375 0.0076201641266119575
0 0.444140625 0.31330597889800704 0.00703125 0.008792497069167644
0 0.796484375 0.3118405627198124 0.01171875 0.009378663540445486
0 0.898828125 0.31096131301289565 0.00859375 0.008792497069167644
0 0.2859375 0.3086166471277843 0.003125 0.004103165298944901
0 0.61640625 0.30920281359906215 0.0078125 0.0076201641266119575
0 0.506640625 0.30890973036342323 0.00546875 0.007033997655334115
0 0.256640625 0.30920281359906215 0.01328125 0.008792497069167644
0 0.8796875 0.30568581477139506 0.0046875 0.0029308323563892145
0 0.352734375 0.3074443141852286 0.00546875 0.006447831184056272
0 0.70546875 0.30568581477139506 0.00625 0.006447831184056272
0 0.680859375 0.30392731535756157 0.00546875 0.006447831184056272
0 0.59453125 0.3030480656506448 0.0078125 0.005861664712778429
0 0.8578125 0.302168815943728 0.0046875 0.005275498241500586
0 0.658203125 0.302168815943728 0.00546875 0.0076201641266119575
0 0.527734375 0.3018757327080891 0.00703125 0.007033997655334115
0 0.3296875 0.298651817116061 0.0015625 0.0029308323563892145
0 0.215625 0.30041031652989447 0.0109375 0.006447831184056272
0 0.76796875 0.30041031652989447 0.0078125 0.0076201641266119575
0 0.748046875 0.29689331770222743 0.00078125 0.0005861664712778429
0 0.833203125 0.30011723329425555 0.00859375 0.008206330597889801
0 0.44453125 0.29806565064478313 0.00625 0.004103165298944901
0 0.569140625 0.298651817116061 0.00859375 0.006447831184056272
0 0.46875 0.29835873388042206 0.0078125 0.008206330597889801
0 0.30390625 0.2963071512309496 0.00625 0.004103165298944901
0 0.63515625 0.29718640093786636 0.00625 0.007033997655334115
0 0.8109375 0.2974794841735053 0.009375 0.008792497069167644
0 0.372265625 0.29689331770222743 0.00546875 0.0076201641266119575
0 0.7890625 0.2954279015240328 0.009375 0.009378663540445486
0 0.49296875 0.29308323563892147 0.0046875 0.004689331770222743
0 0.72265625 0.2933763188745604 0.0046875 0.006447831184056272
0 0.397265625 0.2913247362250879 0.00390625 0.0035169988276670576
0 0.546875 0.29191090269636577 0.0078125 0.008206330597889801
0 0.273828125 0.291031652989449 0.01015625 0.006447831184056272
0 0.61171875 0.291031652989449 0.0078125 0.0076201641266119575
0 0.42109375 0.29044548651817115 0.0078125 0.006447831184056272
0 0.892578125 0.28839390386869873 0.00703125 0.0035169988276670576
0 0.698046875 0.2889800703399766 0.00546875 0.007033997655334115
0 0.349609375 0.28751465416178196 0.00703125 0.005275498241500586
0 0.869140625 0.28604923798358733 0.00859375 0.004689331770222743
0 0.67421875 0.28634232121922626 0.00625 0.006447831184056272
0 0.651953125 0.283704572098476 0.00390625 0.0023446658851113715
0 0.84609375 0.2854630715123095 0.0078125 0.008206330597889801
0 0.590234375 0.28516998827667056 0.00703125 0.0076201641266119575
0 0.519921875 0.28399765533411486 0.00546875 0.006447831184056272
0 0.758984375 0.2842907385697538 0.00859375 0.008206330597889801
0 0.56796875 0.28106682297772567 0.0046875 0.004103165298944901
0 0.31875 0.2801875732708089 0.003125 0.0023446658851113715
0 0.82265625 0.2787221570926143 0.003125 0.0005861664712778429
0 0.737109375 0.28106682297772567 0.00703125 0.006447831184056272
0 0.448828125 0.2816529894490035 0.00859375 0.0076201641266119575
0 0.21953125 0.2816529894490035 0.0109375 0.008792497069167644
0 0.4734375 0.27960140679953105 0.0078125 0.007033997655334115
0 0.716015625 0.2772567409144197 0.00546875 0.004689331770222743
0 0.3765625 0.2784290738569754 0.0078125 0.007033997655334115
0 0.497265625 0.27403282532239154 0.00390625 0.0029308323563892145
0 0.780078125 0.27227432590855805 0.00078125 0.0005861664712778429
0 0.630078125 0.2757913247362251 0.00703125 0.0076201641266119575
0 0.539453125 0.27403282532239154 0.00390625 0.004103165298944901
0 0.409375 0.2737397420867526 0.00625 0.005861664712778429
0 0.690625 0.27227432590855805 0.00625 0.006447831184056272
0 0.605859375 0.27256740914419697 0.00859375 0.007033997655334115
0 0.859765625 0.2693434935521688 0.00859375 0.006447831184056272
0 0.837890625 0.268464243845252 0.00703125 0.007033997655334115
0 0.33671875 0.26817116060961316 0.0078125 0.006447831184056272
0 0.519140625 0.264947245017585 0.00390625 0.0035169988276670576
0 0.43203125 0.26699882766705746 0.009375 0.0076201641266119575
0 0.649609375 0.2652403282532239 0.00859375 0.006447831184056272
0 0.584375 0.26553341148886284 0.00625 0.007033997655334115
0 0.301171875 0.26465416178194606 0.00546875 0.005275498241500586
0 0.814453125 0.26553341148886284 0.01015625 0.008206330597889801
0 0.458203125 0.2640679953106682 0.00703125 0.0076201641266119575
0 0.5609375 0.2620164126611958 0.00625 0.004689331770222743
0 0.36171875 0.26318874560375144 0.00625 0.007033997655334115
0 0.730859375 0.2620164126611958 0.00546875 0.005861664712778429
0 0.673828125 0.26025791324736225 0.00390625 0.0035169988276670576
0 0.79296875 0.26143024618991795 0.009375 0.008206330597889801
0 0.38984375 0.2599648300117233 0.0046875 0.005275498241500586
0 0.705078125 0.2582063305978898 0.00546875 0.006447831184056272
0 0.770703125 0.25791324736225085 0.01015625 0.008206330597889801
0 0.619140625 0.2564478311840563 0.00546875 0.006447831184056272
0 0.483984375 0.25703399765533413 0.00703125 0.0076201641266119575
0 0.538671875 0.2555685814771395 0.00703125 0.005861664712778429
0 0.4125 0.25498241500586166 0.00625 0.005861664712778429
0 0.874609375 0.2552754982415006 0.01015625 0.0076201641266119575
0 0.32109375 0.2529308323563892 0.00625 0.005275498241500586
0 0.439453125 0.24941383352872215 0.00546875 0.0029308323563892145
0 0.82890625 0.2508792497069168 0.0078125 0.008206330597889801
0 0.59609375 0.24970691676436108 0.0078125 0.007033997655334115
0 0.640625 0.24912075029308323 0.00625 0.007033997655334115
0 0.344921875 0.24824150058616648 0.00703125 0.005275498241500586
0 0.746484375 0.2488276670574443 0.00703125 0.0076201641266119575
0 0.687109375 0.246189917936694 0.00703125 0.007033997655334115
0 0.50625 0.24648300117233293 0.009375 0.0076201641266119575
0 0.4640625 0.2458968347010551 0.0078125 0.0076201641266119575
0 0.723828125 0.2444314185228605 0.00546875 0.005861664712778429
0 0.3703125 0.2447245017584994 0.00625 0.006447831184056272
0 0.557421875 0.24384525205158264 0.00703125 0.008206330597889801
0 0.783203125 0.2429660023446659 0.01015625 0.0076201641266119575
0 0.39453125 0.24120750293083235 0.00625 0.005275498241500586
0 0.6609375 0.2417936694021102 0.0078125 0.0076201641266119575
0 0.304296875 0.23856975381008205 0.00390625 0.0023446658851113715
0 0.217578125 0.2365181711606096 0.00078125 0.0005861664712778429
0 0.8875 0.24003516998827668 0.009375 0.008792497069167644
0 0.530078125 0.23798358733880423 0.00703125 0.004689331770222743
0 0.864453125 0.2391559202813599 0.00859375 0.008206330597889801
0 0.485546875 0.23827667057444316 0.00703125 0.006447831184056272
0 0.41875 0.2376905041031653 0.00625 0.005275498241500586
0 0.623046875 0.23798358733880423 0.00390625 0.007033997655334115
0 0.579296875 0.23710433763188746 0.00703125 0.006447831184056272
0 0.83828125 0.23124267291910902 0.0015625 0.0005861664712778429
0 0.70703125 0.23241500586166472 0.003125 0.0029308323563892145
0 0.840234375 0.23065650644783117 0.00078125 0.0005861664712778429
0 0.761328125 0.23388042203985931 0.00859375 0.007033997655334115
0 0.33046875 0.23182883939038687 0.0046875 0.0029308323563892145
0 0.73984375 0.23241500586166472 0.00625 0.006447831184056272
0 0.213671875 0.2321219226260258 0.01015625 0.007033997655334115
0 0.818359375 0.23153575615474795 0.01015625 0.008206330597889801
0 0.681640625 0.2283118405627198 0.00234375 0.0017584994138335288
0 0.600390625 0.22889800703399765 0.00703125 0.0076201641266119575
0 0.365234375 0.22538100820633059 0.00078125 0.0005861664712778429
0 0.50859375 0.22713950762016413 0.00625 0.006447831184056272
0 0.46484375 0.22772567409144198 0.0078125 0.0076201641266119575
0 0.903515625 0.22743259085580306 0.01171875 0.009378663540445486
0 0.558984375 0.2256740914419695 0.00703125 0.007033997655334115
0 0.43828125 0.22479484173505276 0.0078125 0.005275498241500586
0 0.653125 0.223915592028136 0.00625 0.007033997655334115
0 0.38984375 0.22157092614302462 0.00625 0.005861664712778429
0 0.72265625 0.21951934349355218 0.00625 0.005275498241500586
0 0.88203125 0.22039859320046892 0.0109375 0.008206330597889801
0 0.8546875 0.22039859320046892 0.0078125 0.008206330597889801
0 0.627734375 0.21951934349355218 0.00546875 0.006447831184056272
0 0.7765625 0.21922626025791325 0.009375 0.007033997655334115
0 0.58125 0.2171746776084408 0.0046875 0.0029308323563892145
0 0.48671875 0.21893317702227433 0.00625 0.006447831184056272
0 0.533984375 0.2186400937866354 0.00703125 0.007033997655334115
0 0.41484375 0.21805392731535755 0.00625 0.005861664712778429
0 0.7515625 0.2174677608440797 0.009375 0.005861664712778429
0 0.698828125 0.21483001172332944 0.00546875 0.006447831184056272
0 0.830859375 0.21512309495896834 0.00859375 0.009378663540445486
0 0.34765625 0.2116060961313013 0.0046875 0.0035169988276670576
0 0.808984375 0.21277842907385697 0.00703125 0.007033997655334115
0 0.67578125 0.21014067995310667 0.003125 0.0029308323563892145
0 0.215234375 0.21365767878077374 0.01171875 0.00996483001172333
0 0.606640625 0.21101992966002345 0.00546875 0.005861664712778429
0 0.45390625 0.20984759671746775 0.00625 0.007033997655334115
0 0.371484375 0.20662368112543963 0.00078125 0.0005861664712778429
0 0.553515625 0.20691676436107856 0.00234375 0.0023446658851113715
0 0.508203125 0.2077960140679953 0.00546875 0.006447831184056272
0 0.398046875 0.20398593200468934 0.00546875 0.0035169988276670576
0 0.766015625 0.20310668229777257 0.00390625 0.004103165298944901
0 0.65390625 0.20281359906213364 0.00625 0.004689331770222743
0 0.733984375 0.2033997655334115 0.01015625 0.007033997655334115
0 0.530078125 0.20105509964830012 0.00546875 0.004689331770222743
0 0.4765625 0.20105509964830012 0.00625 0.004689331770222743
0 0.630859375 0.20164126611957797 0.00546875 0.007033997655334115
0 0.85078125 0.20164126611957797 0.009375 0.008206330597889801
0 0.42265625 0.20017584994138335 0.00625 0.005275498241500586
0 0.71328125 0.1995896834701055 0.0046875 0.006447831184056272
0 0.574609375 0.19753810082063306 0.00390625 0.005861664712778429
0 0.8828125 0.19841735052754983 0.009375 0.008792497069167644
0 0.691015625 0.1943141852286049 0.00390625 0.0017584994138335288
0 0.807421875 0.19343493552168817 0.00859375 0.007033997655334115
0 0.83359375 0.1910902696365768 0.0046875 0.0035169988276670576
0 0.45234375 0.19021101992966002 0.0046875 0.004103165298944901
0 0.866015625 0.18786635404454866 0.00546875 0.005275498241500586
0 0.55 0.18757327080890973 0.0046875 0.004689331770222743
0 0.74453125 0.18815943728018758 0.0109375 0.007033997655334115
0 0.668359375 0.18669402110199296 0.00546875 0.004103165298944901
0 0.59453125 0.1858147713950762 0.0046875 0.004689331770222743
0 0.618359375 0.18200468933177022 0.00546875 0.004103165298944901
0 0.385546875 0.17936694021101993 0.00234375 0.0023446658851113715
0 0.7921875 0.18083235638921455 0.0078125 0.006447831184056272
0 0.711328125 0.18053927315357562 0.00546875 0.005861664712778429
0 0.572265625 0.17966002344665885 0.00546875 0.004103165298944901
0 0.64609375 0.17672919109026963 0.00625 0.005275498241500586
0 0.813671875 0.17379835873388041 0.00703125 0.004103165298944901
0 0.448046875 0.1708675263774912 0.00078125 0.0005861664712778429
0 0.84921875 0.1735052754982415 0.0078125 0.008206330597889801
0 0.871875 0.1708675263774912 0.009375 0.006447831184056272
0 0.5484375 0.1694021101992966 0.003125 0.0035169988276670576
0 0.6015625 0.16881594372801875 0.0046875 0.0035169988276670576
0 0.493359375 0.1667643610785463 0.00390625 0.0029308323563892145
0 0.671875 0.16588511137162953 0.0046875 0.0035169988276670576
0 0.833984375 0.16295427901524032 0.00390625 0.0023446658851113715
0 0.579296875 0.16031652989449002 0.00078125 0.0005861664712778429
0 0.797265625 0.1623681125439625 0.00859375 0.007033997655334115
0 0.40546875 0.15914419695193435 0.003125 0.0029308323563892145
0 0.6421875 0.15767878077373973 0.0046875 0.004689331770222743
0 0.618359375 0.15621336459554513 0.00390625 0.0029308323563892145
0 0.88984375 0.15885111371629543 0.0109375 0.009378663540445486
0 0.740234375 0.1559202813599062 0.00703125 0.008206330597889801
0 0.426171875 0.14830011723329425 0.00234375 0.0023446658851113715
0 0.859375 0.15123094958968347 0.009375 0.009378663540445486
0 0.70390625 0.1488862837045721 0.0046875 0.004689331770222743
0 0.779296875 0.14830011723329425 0.00859375 0.008206330597889801
0 0.556640625 0.14302461899179367 0.00390625 0.0035169988276670576
0 0.803125 0.14390386869871044 0.00625 0.0076201641266119575
0 0.63671875 0.13862837045720985 0.003125 0.004103165298944901
0 0.5984375 0.13862837045720985 0.0046875 0.004103165298944901
0 0.682421875 0.13862837045720985 0.00390625 0.005275498241500586
0 0.88984375 0.13862837045720985 0.00625 0.0076201641266119575
0 0.737890625 0.1368698710433763 0.01015625 0.0076201641266119575
0 0.823828125 0.13042203985932005 0.00078125 0.0005861664712778429
0 0.866015625 0.1310082063305979 0.01015625 0.004103165298944901
0 0.77109375 0.13042203985932005 0.00625 0.006447831184056272
0 0.7046875 0.12690504103165298 0.003125 0.0017584994138335288
0 0.84375 0.12778429073856976 0.009375 0.005861664712778429
0 0.615234375 0.12631887456037513 0.00546875 0.004103165298944901
0 0.219921875 0.1271981242672919 0.01171875 0.010550996483001172
0 0.337890625 0.12104337631887456 0.00234375 0.0005861664712778429
0 0.451953125 0.12075029308323564 0.00234375 0.0023446658851113715
0 0.80859375 0.11928487690504103 0.0046875 0.005275498241500586
0 0.807421875 0.11518171160609614 0.00078125 0.0005861664712778429
0 0.728125 0.11576787807737397 0.0046875 0.006447831184056272
0 0.814453125 0.1134232121922626 0.00859375 0.0029308323563892145
0 0.672265625 0.11137162954279015 0.00546875 0.004689331770222743
0 0.7046875 0.10756154747948417 0.0046875 0.005275498241500586
0 0.248046875 0.09202813599062133 0.00703125 0.007033997655334115
