0 0.546484375 0.8865767878077374 0.01171875 0.008792497069167644
0 0.313671875 0.8493552168815943 0.01015625 0.005861664712778429
0 0.5890625 0.7924970691676436 0.0125 0.009378663540445486
0 0.56796875 0.7678780773739742 0.0125 0.009378663540445486
0 0.4015625 0.7318288393903869 0.0125 0.008792497069167644
0 0.413671875 0.7168815943728019 0.01171875 0.009378663540445486
0 0.183984375 0.7139507620164126 0.01171875 0.008206330597889801
0 0.40390625 0.6439038686987104 0.0109375 0.008792497069167644
0 0.405078125 0.6260257913247362 0.01171875 0.008206330597889801
0 0.26796875 0.6031652989449003 0.0109375 0.008206330597889801
0 0.2546875 0.5835287221570926 0.0109375 0.0076201641266119575
0 0.561328125 0.5366354044548651 0.01171875 0.008792497069167644
0 0.158984375 0.473915592028136 0.01171875 0.0076201641266119575
0 0.4125 0.47362250879249707 0.0109375 0.008206330597889801
0 0.401171875 0.45955451348182885 0.01171875 0.008206330597889801
0 0.15390625 0.45603751465416176 0.0125 0.008206330597889801
0 0.388671875 0.3795427901524033 0.01171875 0.008792497069167644
0 0.223046875 0.37075029308323565 0.01171875 0.006447831184056272
0 0.3890625 0.3625439624853458 0.0125 0.0076201641266119575
0 0.846484375 0.35873388042203985 0.01484375 0.009378663540445486
0 0.23125 0.3563892145369285 0.0125 0.008206330597889801
0 0.8734375 0.33411488862837047 0.0140625 0.009378663540445486
0 0.494140625 0.24003516998827668 0.01171875 0.00996483001172333
0 0.442578125 0.15533411488862836 0.01171875 0.010550996483001172
0 0.884375 0.08147713950762016 0.00625 0.007033997655334115
