0 0.361328125 0.8885416666666667 0.01015625 0.014583333333333334
0 0.4609375 0.7927083333333333 0.009375 0.0125
0 0.7078125 0.7916666666666666 0.009375 0.0125
0 0.532421875 0.78125 0.00859375 0.0125
0 0.596484375 0.778125 0.00859375 0.0125
0 0.616796875 0.7744791666666667 0.00859375 0.011458333333333333
0 0.727734375 0.7723958333333333 0.01015625 0.011458333333333333
0 0.548828125 0.7723958333333333 0.00859375 0.011458333333333333
0 0.653125 0.771875 0.009375 0.0125
0 0.361328125 0.771875 0.00859375 0.0125
0 0.757421875 0.7671875 0.01015625 0.011458333333333333
0 0.71015625 0.7651041666666667 0.009375 0.013541666666666667
0 0.21953125 0.7651041666666667 0.009375 0.013541666666666667
0 0.565234375 0.7625 0.00859375 0.0125
0 0.883203125 0.7572916666666667 0.01015625 0.0125
0 0.691796875 0.75625 0.01015625 0.0125
0 0.58984375 0.7520833333333333 0.0078125 0.0125
0 0.658984375 0.75 0.00859375 0.0125
0 0.64140625 0.7489583333333333 0.009375 0.0125
0 0.5203125 0.7427083333333333 0.0078125 0.0125
0 0.784765625 0.7411458333333333 0.01015625 0.011458333333333333
0 0.70625 0.7395833333333334 0.009375 0.0125
0 0.6796875 0.7375 0.009375 0.0125
0 0.571484375 0.7375 0.00859375 0.0125
0 0.61015625 0.7364583333333333 0.009375 0.0125
0 0.62734375 0.7338541666666667 0.009375 0.011458333333333333
0 0.735546875 0.7302083333333333 0.00859375 0.010416666666666666
0 0.535546875 0.7276041666666667 0.00859375 0.011458333333333333
0 0.84453125 0.7260416666666667 0.0109375 0.010416666666666666
0 0.462109375 0.7270833333333333 0.00859375 0.0125
0 0.7671875 0.7260416666666667 0.0109375 0.0125
0 0.426953125 0.7244791666666667 0.00859375 0.011458333333333333
0 0.906640625 0.7239583333333334 0.01171875 0.0125
0 0.660546875 0.7229166666666667 0.01015625 0.0125
0 0.64296875 0.721875 0.009375 0.0125
0 0.69453125 0.7197916666666667 0.009375 0.0125
0 0.483203125 0.7197916666666667 0.00859375 0.0125
0 0.74921875 0.7171875 0.009375 0.011458333333333333
0 0.719921875 0.7166666666666667 0.00859375 0.010416666666666666
0 0.391796875 0.7161458333333334 0.00859375 0.011458333333333333
0 0.6765625 0.7140625 0.009375 0.011458333333333333
0 0.579296875 0.7125 0.00859375 0.010416666666666666
0 0.866796875 0.7130208333333333 0.01015625 0.013541666666666667
0 0.734375 0.7046875 0.009375 0.011458333333333333
0 0.469140625 0.7046875 0.00859375 0.011458333333333333
0 0.6515625 0.7015625 0.009375 0.011458333333333333
0 0.61484375 0.7020833333333333 0.009375 0.0125
0 0.594921875 0.7010416666666667 0.00859375 0.0125
0 0.50703125 0.7005208333333334 0.009375 0.011458333333333333
0 0.70703125 0.7 0.009375 0.0125
0 0.558203125 0.6994791666666667 0.00859375 0.011458333333333333
0 0.5265625 0.6973958333333333 0.0078125 0.011458333333333333
0 0.6875 0.6963541666666667 0.009375 0.011458333333333333
0 0.403515625 0.6958333333333333 0.00859375 0.0125
0 0.668359375 0.6890625 0.01015625 0.011458333333333333
0 0.865234375 0.6885416666666667 0.01171875 0.0125
0 0.82734375 0.6869791666666667 0.0109375 0.011458333333333333
0 0.3875 0.6854166666666667 0.009375 0.0125
0 0.73203125 0.6817708333333333 0.009375 0.011458333333333333
0 0.623828125 0.6817708333333333 0.00859375 0.011458333333333333
0 0.602734375 0.6802083333333333 0.00859375 0.0125
0 0.51484375 0.6796875 0.0078125 0.011458333333333333
0 0.369140625 0.6802083333333333 0.00859375 0.0125
0 0.585546875 0.6760416666666667 0.00859375 0.0125
0 0.551953125 0.6729166666666667 0.00859375 0.0125
0 0.483984375 0.6666666666666666 0.00859375 0.010416666666666666
0 0.531640625 0.6640625 0.00859375 0.011458333333333333
0 0.685546875 0.6619791666666667 0.00859375 0.011458333333333333
0 0.384375 0.6609375 0.009375 0.011458333333333333
0 0.362890625 0.6583333333333333 0.00859375 0.010416666666666666
0 0.571875 0.6578125 0.0078125 0.011458333333333333
0 0.330859375 0.6536458333333334 0.00859375 0.011458333333333333
0 0.55546875 0.65 0.0078125 0.010416666666666666
0 0.856640625 0.6489583333333333 0.01015625 0.0125
0 0.587890625 0.6453125 0.00859375 0.011458333333333333
0 0.812890625 0.6442708333333333 0.01015625 0.011458333333333333
0 0.4546875 0.6432291666666666 0.0078125 0.011458333333333333
0 0.51484375 0.6421875 0.0078125 0.011458333333333333
0 0.5328125 0.6411458333333333 0.0078125 0.011458333333333333
0 0.296484375 0.6359375 0.00859375 0.011458333333333333
0 0.679296875 0.6338541666666667 0.00859375 0.011458333333333333
0 0.41171875 0.6338541666666667 0.0078125 0.011458333333333333
0 0.828515625 0.6333333333333333 0.01015625 0.0125
0 0.471484375 0.6328125 0.00859375 0.011458333333333333
0 0.331640625 0.6302083333333334 0.00859375 0.0125
0 0.545703125 0.6244791666666667 0.00859375 0.011458333333333333
0 0.430078125 0.6244791666666667 0.00859375 0.011458333333333333
0 0.594140625 0.6229166666666667 0.00859375 0.0125
0 0.399609375 0.6171875 0.00859375 0.011458333333333333
0 0.28828125 0.6151041666666667 0.009375 0.011458333333333333
0 0.344921875 0.6130208333333333 0.00859375 0.011458333333333333
0 0.305859375 0.6098958333333333 0.00859375 0.011458333333333333
0 0.83671875 0.6046875 0.0078125 0.005208333333333333
0 0.578515625 0.6078125 0.00859375 0.011458333333333333
0 0.362890625 0.6078125 0.00859375 0.011458333333333333
0 0.860546875 0.5989583333333334 0.00390625 0.0020833333333333333
0 0.601171875 0.603125 0.00859375 0.010416666666666666
0 0.53359375 0.6036458333333333 0.0078125 0.011458333333333333
0 0.561328125 0.6026041666666667 0.00859375 0.011458333333333333
0 0.662890625 0.5901041666666667 0.00859375 0.011458333333333333
0 0.547265625 0.5880208333333333 0.00859375 0.011458333333333333
0 0.583203125 0.5854166666666667 0.00859375 0.010416666666666666
0 0.369921875 0.5848958333333333 0.00859375 0.011458333333333333
0 0.843359375 0.584375 0.01015625 0.0125
0 0.349609375 0.5817708333333333 0.00859375 0.011458333333333333
0 0.566796875 0.5776041666666667 0.00859375 0.011458333333333333
0 0.248046875 0.5739583333333333 0.00859375 0.010416666666666666
0 0.383203125 0.5692708333333333 0.00859375 0.011458333333333333
0 0.4515625 0.5572916666666666 0.0078125 0.008333333333333333
0 0.553125 0.5552083333333333 0.0078125 0.010416666666666666
0 0.53125 0.553125 0.0078125 0.010416666666666666
0 0.42890625 0.553125 0.0078125 0.010416666666666666
0 0.59296875 0.5510416666666667 0.0078125 0.010416666666666666
0 0.4734375 0.5510416666666667 0.0078125 0.010416666666666666
0 0.39375 0.5510416666666667 0.0078125 0.010416666666666666
0 0.819921875 0.55 0.00859375 0.010416666666666666
0 0.577734375 0.5390625 0.00859375 0.009375
0 0.836328125 0.5364583333333334 0.00703125 0.008333333333333333
0 0.508203125 0.5364583333333334 0.00703125 0.010416666666666666
0 0.321484375 0.5369791666666667 0.00859375 0.011458333333333333
0 0.4171875 0.5359375 0.0078125 0.011458333333333333
0 0.294921875 0.5348958333333333 0.00859375 0.011458333333333333
0 0.348046875 0.5307291666666667 0.00859375 0.011458333333333333
0 0.478125 0.5276041666666667 0.0078125 0.011458333333333333
0 0.451171875 0.525 0.00859375 0.010416666666666666
0 0.433984375 0.5244791666666667 0.00859375 0.011458333333333333
0 0.52109375 0.521875 0.0078125 0.010416666666666666
0 0.383984375 0.5223958333333333 0.00859375 0.011458333333333333
0 0.275390625 0.5203125 0.00859375 0.011458333333333333
0 0.87734375 0.515625 0.009375 0.008333333333333333
0 0.418359375 0.5140625 0.00859375 0.011458333333333333
0 0.40234375 0.5046875 0.0078125 0.011458333333333333
0 0.4359375 0.5010416666666667 0.0078125 0.010416666666666666
0 0.217578125 0.5010416666666667 0.00859375 0.010416666666666666
0 0.6390625 0.49895833333333334 0.0078125 0.010416666666666666
0 0.469921875 0.496875 0.00859375 0.010416666666666666
0 0.275390625 0.496875 0.00859375 0.010416666666666666
0 0.241015625 0.49635416666666665 0.00859375 0.011458333333333333
0 0.294140625 0.49270833333333336 0.00859375 0.010416666666666666
0 0.484765625 0.4859375 0.00859375 0.011458333333333333
0 0.44765625 0.48541666666666666 0.0078125 0.010416666666666666
0 0.256640625 0.4828125 0.00859375 0.007291666666666667
0 0.227734375 0.4822916666666667 0.00859375 0.010416666666666666
0 0.5796875 0.475 0.0078125 0.010416666666666666
0 0.243359375 0.46927083333333336 0.00859375 0.009375
0 0.54453125 0.46875 0.0078125 0.010416666666666666
0 0.468359375 0.4671875 0.00859375 0.011458333333333333
0 0.49609375 0.465625 0.0078125 0.010416666666666666
0 0.43828125 0.46145833333333336 0.0078125 0.010416666666666666
0 0.260546875 0.46197916666666666 0.00859375 0.011458333333333333
0 0.737109375 0.4546875 0.01015625 0.011458333333333333
0 0.232421875 0.45260416666666664 0.00859375 0.011458333333333333
0 0.695703125 0.44947916666666665 0.01015625 0.011458333333333333
0 0.384375 0.4479166666666667 0.0078125 0.010416666666666666
0 0.465625 0.44583333333333336 0.0078125 0.010416666666666666
0 0.426171875 0.4453125 0.00859375 0.011458333333333333
0 0.7109375 0.4432291666666667 0.0109375 0.011458333333333333
0 0.210546875 0.4395833333333333 0.00859375 0.010416666666666666
0 0.590625 0.43854166666666666 0.0078125 0.010416666666666666
0 0.431640625 0.42291666666666666 0.00703125 0.010416666666666666
0 0.375390625 0.421875 0.00859375 0.010416666666666666
0 0.56015625 0.41875 0.0078125 0.010416666666666666
0 0.859765625 0.415625 0.00703125 0.008333333333333333
0 0.87734375 0.4161458333333333 0.0109375 0.011458333333333333
0 0.47421875 0.41510416666666666 0.0078125 0.009375
0 0.45234375 0.4161458333333333 0.00625 0.011458333333333333
0 0.2578125 0.41510416666666666 0.0078125 0.011458333333333333
0 0.32890625 0.4125 0.0078125 0.010416666666666666
0 0.41640625 0.41041666666666665 0.0078125 0.010416666666666666
0 0.299609375 0.4109375 0.00859375 0.011458333333333333
0 0.490234375 0.4046875 0.00703125 0.011458333333333333
0 0.4390625 0.4041666666666667 0.0078125 0.010416666666666666
0 0.800390625 0.4036458333333333 0.01015625 0.011458333333333333
0 0.54921875 0.4010416666666667 0.0078125 0.010416666666666666
0 0.694921875 0.39427083333333335 0.00859375 0.011458333333333333
0 0.566015625 0.3927083333333333 0.00703125 0.010416666666666666
0 0.6453125 0.39166666666666666 0.0078125 0.010416666666666666
0 0.45234375 0.390625 0.0078125 0.010416666666666666
0 0.35859375 0.3885416666666667 0.0078125 0.010416666666666666
0 0.399609375 0.3875 0.00703125 0.010416666666666666
0 0.82578125 0.3859375 0.0109375 0.011458333333333333
0 0.490234375 0.38385416666666666 0.00703125 0.011458333333333333
0 0.61171875 0.38229166666666664 0.0078125 0.010416666666666666
0 0.640625 0.3697916666666667 0.0078125 0.010416666666666666
0 0.911328125 0.36614583333333334 0.00546875 0.005208333333333333
0 0.212890625 0.3692708333333333 0.00859375 0.011458333333333333
0 0.846875 0.3619791666666667 0.0078125 0.009375
0 0.49140625 0.3625 0.0078125 0.010416666666666666
0 0.54140625 0.3619791666666667 0.0078125 0.011458333333333333
0 0.238671875 0.3609375 0.00859375 0.011458333333333333
0 0.828515625 0.35989583333333336 0.01015625 0.011458333333333333
0 0.6265625 0.3578125 0.0078125 0.011458333333333333
0 0.78671875 0.3515625 0.009375 0.011458333333333333
0 0.894140625 0.3484375 0.02421875 0.015625
0 0.29140625 0.3458333333333333 0.0078125 0.010416666666666666
0 0.51171875 0.34479166666666666 0.0078125 0.010416666666666666
0 0.5484375 0.3416666666666667 0.0078125 0.010416666666666666
0 0.5734375 0.33958333333333335 0.0078125 0.0125
0 0.796484375 0.3359375 0.00703125 0.011458333333333333
0 0.58046875 0.3229166666666667 0.0078125 0.0125
0 0.510546875 0.31979166666666664 0.00703125 0.010416666666666666
0 0.3796875 0.3171875 0.0078125 0.011458333333333333
0 0.851953125 0.315625 0.01015625 0.010416666666666666
0 0.7234375 0.3171875 0.025 0.013541666666666667
0 0.30234375 0.31614583333333335 0.0078125 0.011458333333333333
0 0.475 0.31197916666666664 0.0078125 0.009375
0 0.818359375 0.30885416666666665 0.00859375 0.007291666666666667
0 0.593359375 0.2911458333333333 0.00703125 0.011458333333333333
0 0.365625 0.2833333333333333 0.0078125 0.010416666666666666
0 0.411328125 0.2786458333333333 0.00859375 0.011458333333333333
0 0.536328125 0.2755208333333333 0.00703125 0.009375
0 0.81796875 0.2671875 0.009375 0.011458333333333333
0 0.52265625 0.26510416666666664 0.0078125 0.009375
0 0.77421875 0.26145833333333335 0.009375 0.010416666666666666
0 0.735546875 0.25677083333333334 0.00859375 0.011458333333333333
0 0.7140625 0.25416666666666665 0.009375 0.010416666666666666
0 0.265625 0.24739583333333334 0.0078125 0.013541666666666667
0 0.790625 0.24114583333333334 0.009375 0.011458333333333333
0 0.307421875 0.24010416666666667 0.00859375 0.011458333333333333
0 0.269921875 0.228125 0.00703125 0.0125
0 0.38203125 0.22291666666666668 0.0078125 0.010416666666666666
0 0.541015625 0.221875 0.00703125 0.010416666666666666
0 0.527734375 0.20989583333333334 0.00859375 0.011458333333333333
0 0.271484375 0.19739583333333333 0.00859375 0.011458333333333333
