0 0.12109375 0.8971277842907386 0.00625 0.00996483001172333
0 0.698828125 0.8502344665885111 0.01171875 0.011137162954279016
0 0.575390625 0.8241500586166471 0.01171875 0.010550996483001172
0 0.54765625 0.7335873388042204 0.0125 0.008792497069167644
0 0.519921875 0.7330011723329426 0.01171875 0.00996483001172333
0 0.790625 0.7283118405627198 0.0125 0.008792497069167644
0 0.655078125 0.7209847596717468 0.01171875 0.009378663540445486
0 0.598828125 0.7180539273153576 0.01171875 0.009378663540445486
0 0.634765625 0.7124853458382181 0.01171875 0.00996483001172333
0 0.785546875 0.6852286049237983 0.01171875 0.009378663540445486
0 0.6390625 0.6661781946072685 0.0109375 0.008792497069167644
0 0.730859375 0.6591441969519344 0.01171875 0.008792497069167644
0 0.66875 0.6392145369284877 0.0109375 0.008792497069167644
0 0.13515625 0.6348182883939039 0.0109375 0.009378663540445486
0 0.6296875 0.6321805392731535 0.0109375 0.008792497069167644
0 0.16171875 0.6081477139507621 0.003125 0.006447831184056272
0 0.483984375 0.6037514654161782 0.01171875 0.009378663540445486
0 0.6578125 0.6002344665885111 0.0109375 0.008206330597889801
0 0.75859375 0.5920281359906213 0.0125 0.008206330597889801
0 0.647265625 0.5844079718640094 0.01328125 0.008206330597889801
0 0.626171875 0.5835287221570926 0.01171875 0.008792497069167644
0 0.6734375 0.5767878077373975 0.0109375 0.008206330597889801
0 0.5515625 0.5732708089097304 0.0109375 0.008206330597889801
0 0.63828125 0.5682883939038686 0.0109375 0.008792497069167644
0 0.36015625 0.5612543962485346 0.0125 0.008792497069167644
0 0.536328125 0.5600820633059789 0.01171875 0.008792497069167644
0 0.87265625 0.5158264947245017 0.0125 0.008206330597889801
0 0.37109375 0.5055685814771395 0.0125 0.008792497069167644
0 0.780078125 0.5023446658851114 0.01171875 0.008206330597889801
0 0.53125 0.5011723329425557 0.0125 0.008206330597889801
0 0.867578125 0.49736225087924973 0.01328125 0.008792497069167644
0 0.50546875 0.48827667057444313 0.0109375 0.009378663540445486
0 0.409375 0.473915592028136 0.0125 0.008792497069167644
0 0.446484375 0.46805392731535755 0.01171875 0.008792497069167644
0 0.663671875 0.46600234466588514 0.01171875 0.008206330597889801
0 0.474609375 0.46160609613130127 0.01171875 0.008792497069167644
0 0.755859375 0.45515826494724504 0.01171875 0.008792497069167644
0 0.485546875 0.44607268464243843 0.01171875 0.009378663540445486
0 0.401953125 0.4358147713950762 0.01171875 0.008792497069167644
0 0.63984375 0.41705744431418523 0.0125 0.008792497069167644
0 0.659765625 0.40943728018757325 0.01171875 0.008792497069167644
0 0.548828125 0.3883352872215709 0.01171875 0.008792497069167644
0 0.76953125 0.38276670574443145 0.0109375 0.008206330597889801
0 0.241796875 0.3795427901524033 0.01484375 0.00996483001172333
0 0.544140625 0.36547479484173506 0.01171875 0.008792497069167644
0 0.755859375 0.3616647127784291 0.01015625 0.007033997655334115
0 0.521484375 0.35433763188745604 0.01171875 0.008792497069167644
0 0.36875 0.32708089097303633 0.0125 0.009378663540445486
0 0.591015625 0.3226846424384525 0.01171875 0.008792497069167644
0 0.61953125 0.3115474794841735 0.0109375 0.008792497069167644
0 0.681640625 0.27403282532239154 0.01171875 0.008792497069167644
0 0.6265625 0.26992966002344665 0.0125 0.00996483001172333
0 0.56953125 0.2552754982415006 0.0109375 0.008792497069167644
0 0.842578125 0.24912075029308323 0.01171875 0.009378663540445486
0 0.60625 0.24384525205158264 0.0125 0.009378663540445486
0 0.7 0.23241500586166472 0.0125 0.008792497069167644
0 0.618359375 0.22860492379835873 0.01171875 0.008206330597889801
0 0.458984375 0.21688159437280188 0.01171875 0.009378663540445486
0 0.52578125 0.1336459554513482 0.0125 0.010550996483001172
0 0.708984375 0.10726846424384526 0.01171875 0.010550996483001172
0 0.39765625 0.08968347010550996 0.009375 0.010550996483001172
0 0.4703125 0.07004689331770222 0.0125 0.00996483001172333
