0 0.366015625 0.9078125 0.00078125 0.0010416666666666667
0 0.3484375 0.9083333333333333 0.0078125 0.010416666666666666
0 0.656640625 0.9078125 0.00703125 0.013541666666666667
0 0.26171875 0.9067708333333333 0.009375 0.013541666666666667
0 0.2421875 0.9046875 0.009375 0.013541666666666667
0 0.63828125 0.9026041666666667 0.0078125 0.011458333333333333
0 0.466796875 0.9036458333333334 0.01015625 0.013541666666666667
0 0.400390625 0.9041666666666667 0.01015625 0.014583333333333334
0 0.326171875 0.9036458333333334 0.00703125 0.013541666666666667
0 0.509375 0.9020833333333333 0.009375 0.014583333333333334
0 0.563671875 0.8989583333333333 0.00546875 0.010416666666666666
0 0.365625 0.9005208333333333 0.00625 0.013541666666666667
0 0.306640625 0.9005208333333333 0.01015625 0.013541666666666667
0 0.612890625 0.8973958333333333 0.00546875 0.011458333333333333
0 0.59453125 0.896875 0.00625 0.0125
0 0.6734375 0.8953125 0.00625 0.011458333333333333
0 0.54609375 0.896875 0.009375 0.014583333333333334
0 0.69765625 0.8942708333333333 0.0078125 0.011458333333333333
0 0.41640625 0.8932291666666666 0.009375 0.013541666666666667
0 0.384375 0.8932291666666666 0.009375 0.013541666666666667
0 0.482421875 0.890625 0.01015625 0.014583333333333334
0 0.716015625 0.8875 0.00703125 0.0125
0 0.340625 0.8854166666666666 0.009375 0.010416666666666666
0 0.578515625 0.884375 0.00703125 0.0125
0 0.732421875 0.8828125 0.00546875 0.011458333333333333
0 0.7875 0.88125 0.0046875 0.010416666666666666
0 0.75078125 0.8786458333333333 0.0046875 0.005208333333333333
0 0.625 0.8796875 0.00625 0.009375
0 0.499609375 0.88125 0.01015625 0.014583333333333334
0 0.660546875 0.8786458333333333 0.00546875 0.011458333333333333
0 0.470703125 0.8739583333333333 0.00078125 0.0020833333333333333
0 0.456640625 0.8796875 0.01015625 0.013541666666666667
0 0.900390625 0.878125 0.01015625 0.0125
0 0.76953125 0.8776041666666666 0.0046875 0.011458333333333333
0 0.603125 0.8744791666666667 0.0046875 0.005208333333333333
0 0.4015625 0.8776041666666666 0.009375 0.013541666666666667
0 0.358203125 0.878125 0.00859375 0.014583333333333334
0 0.683984375 0.8755208333333333 0.00703125 0.011458333333333333
0 0.5578125 0.8744791666666667 0.0078125 0.011458333333333333
0 0.819921875 0.8734375 0.00703125 0.011458333333333333
0 0.642578125 0.8729166666666667 0.00546875 0.0125
0 0.43203125 0.8734375 0.009375 0.013541666666666667
0 0.13046875 0.8723958333333334 0.0109375 0.013541666666666667
0 0.875390625 0.8697916666666666 0.01171875 0.010416666666666666
0 0.93359375 0.86875 0.0078125 0.010416666666666666
0 0.703515625 0.86875 0.00859375 0.010416666666666666
0 0.51484375 0.8697916666666666 0.009375 0.0125
0 0.8015625 0.8630208333333333 0.0046875 0.005208333333333333
0 0.47265625 0.8645833333333334 0.0078125 0.008333333333333333
0 0.380078125 0.8671875 0.01015625 0.013541666666666667
0 0.571484375 0.8604166666666667 0.00546875 0.00625
0 0.332421875 0.8625 0.01015625 0.014583333333333334
0 0.72109375 0.8598958333333333 0.00625 0.011458333333333333
0 0.62109375 0.8552083333333333 0.003125 0.00625
0 0.532421875 0.8583333333333333 0.01015625 0.0125
0 0.7421875 0.8572916666666667 0.0078125 0.0125
0 0.4953125 0.8572916666666667 0.009375 0.0125
0 0.78359375 0.8557291666666667 0.0078125 0.011458333333333333
0 0.419140625 0.8567708333333334 0.01015625 0.013541666666666667
0 0.762890625 0.8546875 0.00859375 0.011458333333333333
0 0.673046875 0.8546875 0.00703125 0.011458333333333333
0 0.508984375 0.8494791666666667 0.00078125 0.0010416666666666667
0 0.86640625 0.8479166666666667 0.003125 0.004166666666666667
0 0.653125 0.8520833333333333 0.0078125 0.0125
0 0.3953125 0.853125 0.009375 0.014583333333333334
0 0.82578125 0.8510416666666667 0.009375 0.0125
0 0.69140625 0.8505208333333333 0.00625 0.011458333333333333
0 0.60390625 0.8494791666666667 0.0046875 0.011458333333333333
0 0.5484375 0.8510416666666667 0.00625 0.014583333333333334
0 0.58515625 0.8442708333333333 0.0046875 0.007291666666666667
0 0.36328125 0.8473958333333333 0.009375 0.013541666666666667
0 0.3171875 0.8453125 0.00625 0.009375
0 0.46171875 0.846875 0.009375 0.014583333333333334
0 0.5328125 0.8380208333333333 0.0015625 0.0010416666666666667
0 0.511328125 0.8427083333333333 0.00703125 0.010416666666666666
0 0.922265625 0.840625 0.00859375 0.008333333333333333
0 0.636328125 0.8411458333333334 0.00703125 0.011458333333333333
0 0.52890625 0.8364583333333333 0.0015625 0.0020833333333333333
0 0.4796875 0.8427083333333333 0.009375 0.014583333333333334
0 0.7078125 0.8401041666666667 0.009375 0.013541666666666667
0 0.7296875 0.8385416666666666 0.0078125 0.0125
0 0.38046875 0.8385416666666666 0.009375 0.014583333333333334
0 0.33671875 0.8380208333333333 0.009375 0.013541666666666667
0 0.798046875 0.8359375 0.00703125 0.013541666666666667
0 0.56171875 0.8354166666666667 0.00625 0.0125
0 0.52734375 0.8317708333333333 0.0015625 0.005208333333333333
0 0.9421875 0.8322916666666667 0.0109375 0.008333333333333333
0 0.7703125 0.8317708333333333 0.003125 0.007291666666666667
0 0.665625 0.8317708333333333 0.00625 0.011458333333333333
0 0.415234375 0.8322916666666667 0.01015625 0.0125
0 0.529296875 0.8260416666666667 0.00078125 0.0020833333333333333
0 0.496484375 0.8317708333333333 0.00859375 0.013541666666666667
0 0.751953125 0.8286458333333333 0.00703125 0.011458333333333333
0 0.615625 0.8286458333333333 0.0046875 0.011458333333333333
0 0.68359375 0.8270833333333333 0.00625 0.0125
0 0.396875 0.8265625 0.009375 0.013541666666666667
0 0.59921875 0.825 0.0078125 0.0125
0 0.871875 0.8244791666666667 0.0109375 0.013541666666666667
0 0.468359375 0.8239583333333333 0.01015625 0.0125
0 0.546875 0.8229166666666666 0.00625 0.0125
0 0.2921875 0.8234375 0.009375 0.013541666666666667
0 0.365234375 0.821875 0.00703125 0.0125
0 0.4328125 0.8208333333333333 0.009375 0.014583333333333334
0 0.3484375 0.8203125 0.009375 0.013541666666666667
0 0.32265625 0.8203125 0.009375 0.013541666666666667
0 0.14921875 0.8171875 0.0078125 0.009375
0 0.637890625 0.8166666666666667 0.00546875 0.010416666666666666
0 0.515625 0.8177083333333334 0.009375 0.0125
0 0.697265625 0.8125 0.00546875 0.008333333333333333
0 0.776953125 0.8109375 0.00703125 0.011458333333333333
0 0.562890625 0.8098958333333334 0.00546875 0.011458333333333333
0 0.93359375 0.809375 0.0078125 0.0125
0 0.797265625 0.8098958333333334 0.00703125 0.013541666666666667
0 0.656640625 0.8098958333333334 0.00859375 0.013541666666666667
0 0.5859375 0.8078125 0.00625 0.011458333333333333
0 0.487109375 0.809375 0.01015625 0.014583333333333334
0 0.84296875 0.80625 0.00625 0.010416666666666666
0 0.610546875 0.8020833333333334 0.00078125 0.0020833333333333333
0 0.41171875 0.8078125 0.009375 0.013541666666666667
0 0.5328125 0.80625 0.009375 0.0125
0 0.38125 0.8067708333333333 0.009375 0.013541666666666667
0 0.307421875 0.8067708333333333 0.00859375 0.013541666666666667
0 0.28203125 0.8036458333333333 0.009375 0.013541666666666667
0 0.608203125 0.7953125 0.00078125 0.0010416666666666667
0 0.75703125 0.8 0.0078125 0.0125
0 0.680859375 0.8 0.00703125 0.0125
0 0.625390625 0.7994791666666666 0.00546875 0.013541666666666667
0 0.4421875 0.7994791666666666 0.009375 0.013541666666666667
0 0.36015625 0.7994791666666666 0.009375 0.013541666666666667
0 0.46796875 0.7979166666666667 0.009375 0.0125
0 0.341796875 0.7973958333333333 0.00859375 0.013541666666666667
0 0.150390625 0.7927083333333333 0.00078125 0.004166666666666667
0 0.396484375 0.7953125 0.00859375 0.011458333333333333
0 0.873828125 0.7901041666666667 0.00859375 0.005208333333333333
0 0.517578125 0.7932291666666667 0.00859375 0.011458333333333333
0 0.3234375 0.79375 0.0078125 0.0125
0 0.239453125 0.7942708333333334 0.01015625 0.013541666666666667
0 0.829296875 0.7885416666666667 0.00546875 0.004166666666666667
0 0.7390625 0.7927083333333333 0.009375 0.0125
0 0.57265625 0.7895833333333333 0.003125 0.008333333333333333
0 0.15546875 0.7890625 0.009375 0.007291666666666667
0 0.5 0.7911458333333333 0.009375 0.013541666666666667
0 0.694921875 0.7875 0.00546875 0.008333333333333333
0 0.6640625 0.7895833333333333 0.00625 0.0125
0 0.425 0.790625 0.009375 0.014583333333333334
0 0.7734375 0.7885416666666667 0.009375 0.0125
0 0.54296875 0.7864583333333334 0.00625 0.0125
0 0.59375 0.7848958333333333 0.00625 0.011458333333333333
0 0.29375 0.784375 0.009375 0.0125
0 0.4828125 0.7822916666666667 0.009375 0.014583333333333334
0 0.272265625 0.7791666666666667 0.01015625 0.0125
0 0.368359375 0.7770833333333333 0.00859375 0.0125
0 0.31171875 0.7776041666666667 0.009375 0.013541666666666667
0 0.88671875 0.7734375 0.00625 0.007291666666666667
0 0.812890625 0.7755208333333333 0.01015625 0.011458333333333333
0 0.63515625 0.7760416666666666 0.009375 0.0125
0 0.35078125 0.7760416666666666 0.009375 0.0125
0 0.729296875 0.7708333333333334 0.00390625 0.00625
0 0.71171875 0.7729166666666667 0.0078125 0.0125
0 0.46640625 0.7723958333333333 0.009375 0.013541666666666667
0 0.44609375 0.7708333333333334 0.0078125 0.0125
0 0.4140625 0.7713541666666667 0.009375 0.013541666666666667
0 0.333203125 0.7708333333333334 0.00859375 0.0125
0 0.14765625 0.7703125 0.009375 0.011458333333333333
0 0.512109375 0.7697916666666667 0.00859375 0.0125
0 0.39609375 0.7697916666666667 0.009375 0.0125
0 0.654296875 0.76875 0.00703125 0.0125
0 0.165625 0.7677083333333333 0.009375 0.0125
0 0.5703125 0.7661458333333333 0.0078125 0.011458333333333333
0 0.530859375 0.7671875 0.00859375 0.013541666666666667
0 0.673046875 0.7651041666666667 0.00859375 0.011458333333333333
0 0.551953125 0.765625 0.00859375 0.0125
0 0.238671875 0.7640625 0.00859375 0.011458333333333333
0 0.846484375 0.7630208333333334 0.00546875 0.011458333333333333
0 0.759765625 0.7635416666666667 0.00859375 0.0125
0 0.496875 0.7604166666666666 0.0046875 0.008333333333333333
0 0.8265625 0.7598958333333333 0.0078125 0.009375
0 0.220703125 0.7614583333333333 0.00859375 0.0125
0 0.594921875 0.7598958333333333 0.00859375 0.013541666666666667
0 0.38046875 0.7588541666666667 0.0078125 0.011458333333333333
0 0.291796875 0.759375 0.00859375 0.0125
0 0.255859375 0.7583333333333333 0.00703125 0.0125
0 0.359765625 0.75625 0.00703125 0.010416666666666666
0 0.6125 0.75625 0.009375 0.0125
0 0.3203125 0.7557291666666667 0.0078125 0.011458333333333333
0 0.69296875 0.7552083333333334 0.009375 0.0125
0 0.477734375 0.7552083333333334 0.00859375 0.0125
0 0.871875 0.7546875 0.0109375 0.013541666666666667
0 0.273828125 0.7541666666666667 0.00859375 0.0125
0 0.74375 0.7520833333333333 0.009375 0.0125
0 0.63671875 0.7515625 0.009375 0.011458333333333333
0 0.42890625 0.7526041666666666 0.009375 0.013541666666666667
0 0.72109375 0.7479166666666667 0.00625 0.010416666666666666
0 0.406640625 0.7489583333333333 0.00859375 0.0125
0 0.46015625 0.7473958333333334 0.009375 0.013541666666666667
0 0.3375 0.746875 0.0078125 0.0125
0 0.779296875 0.7432291666666667 0.00703125 0.011458333333333333
0 0.579296875 0.74375 0.00703125 0.0125
0 0.534765625 0.7432291666666667 0.00859375 0.011458333333333333
0 0.506640625 0.74375 0.00703125 0.0125
0 0.304296875 0.7416666666666667 0.00859375 0.0125
0 0.66640625 0.7395833333333334 0.009375 0.0125
0 0.552734375 0.7395833333333334 0.00859375 0.0125
0 0.4421875 0.7375 0.009375 0.0125
0 0.284375 0.7364583333333333 0.00625 0.010416666666666666
0 0.491015625 0.7317708333333334 0.00234375 0.003125
0 0.3765625 0.7354166666666667 0.0078125 0.0125
0 0.25 0.7354166666666667 0.0078125 0.0125
0 0.148046875 0.7348958333333333 0.00859375 0.011458333333333333
0 0.231640625 0.7317708333333334 0.00859375 0.011458333333333333
0 0.473046875 0.73125 0.00859375 0.0125
0 0.32109375 0.73125 0.0046875 0.0125
0 0.7484375 0.7291666666666666 0.00625 0.010416666666666666
0 0.267578125 0.7296875 0.00703125 0.011458333333333333
0 0.416015625 0.7291666666666666 0.00859375 0.0125
0 0.359375 0.7270833333333333 0.00625 0.0125
0 0.871484375 0.7239583333333334 0.01015625 0.0125
0 0.456640625 0.7234375 0.00859375 0.011458333333333333
0 0.89140625 0.7229166666666667 0.009375 0.0125
0 0.3390625 0.7192708333333333 0.0046875 0.005208333333333333
0 0.521484375 0.7208333333333333 0.00859375 0.0125
0 0.504296875 0.7203125 0.00859375 0.011458333333333333
0 0.394140625 0.7208333333333333 0.00859375 0.0125
0 0.840234375 0.7161458333333334 0.00546875 0.005208333333333333
0 0.2046875 0.7182291666666667 0.00625 0.009375
0 0.78984375 0.715625 0.0046875 0.008333333333333333
0 0.30625 0.7166666666666667 0.00625 0.010416666666666666
0 0.808984375 0.715625 0.00859375 0.0125
0 0.28125 0.7125 0.0078125 0.010416666666666666
0 0.24765625 0.7119791666666667 0.0078125 0.011458333333333333
0 0.76171875 0.7114583333333333 0.009375 0.0125
0 0.375390625 0.7104166666666667 0.00859375 0.0125
0 0.2296875 0.7072916666666667 0.00625 0.010416666666666666
0 0.469921875 0.7072916666666667 0.00859375 0.0125
0 0.408984375 0.7072916666666667 0.00859375 0.0125
0 0.32578125 0.70625 0.00625 0.010416666666666666
0 0.18046875 0.7020833333333333 0.003125 0.004166666666666667
0 0.264453125 0.7036458333333333 0.00703125 0.011458333333333333
0 0.71796875 0.703125 0.009375 0.0125
0 0.515625 0.6984375 0.0078125 0.011458333333333333
0 0.359375 0.6958333333333333 0.0046875 0.00625
0 0.2953125 0.6984375 0.0078125 0.011458333333333333
0 0.213671875 0.696875 0.00546875 0.008333333333333333
0 0.39375 0.6973958333333333 0.009375 0.011458333333333333
0 0.341796875 0.69375 0.00703125 0.010416666666666666
0 0.8046875 0.6921875 0.0078125 0.011458333333333333
0 0.312890625 0.6911458333333333 0.00703125 0.009375
0 0.784375 0.6901041666666666 0.00625 0.009375
0 0.74140625 0.6916666666666667 0.0078125 0.0125
0 0.279296875 0.6869791666666667 0.00390625 0.005208333333333333
0 0.843359375 0.6875 0.01015625 0.008333333333333333
0 0.24765625 0.6854166666666667 0.00625 0.008333333333333333
0 0.47109375 0.6833333333333333 0.0046875 0.0125
0 0.409765625 0.6817708333333333 0.00390625 0.011458333333333333
0 0.3296875 0.6786458333333333 0.0078125 0.011458333333333333
0 0.375 0.6755208333333333 0.0078125 0.011458333333333333
0 0.17578125 0.6739583333333333 0.0046875 0.008333333333333333
0 0.217578125 0.6729166666666667 0.00546875 0.008333333333333333
0 0.72421875 0.6729166666666667 0.009375 0.0125
0 0.350390625 0.6723958333333333 0.00859375 0.011458333333333333
0 0.235546875 0.6703125 0.00703125 0.009375
0 0.393359375 0.6703125 0.00859375 0.011458333333333333
0 0.273828125 0.6651041666666667 0.00703125 0.007291666666666667
0 0.255859375 0.665625 0.00703125 0.010416666666666666
0 0.59375 0.665625 0.0078125 0.0125
0 0.29375 0.6640625 0.0078125 0.009375
0 0.837109375 0.6640625 0.00703125 0.011458333333333333
0 0.419140625 0.6630208333333333 0.00859375 0.011458333333333333
0 0.312109375 0.6578125 0.00703125 0.009375
0 0.45859375 0.6557291666666667 0.0078125 0.011458333333333333
0 0.332421875 0.6552083333333333 0.00859375 0.0125
0 0.2125 0.6505208333333333 0.0078125 0.009375
0 0.191796875 0.6473958333333333 0.00390625 0.003125
0 0.684375 0.6505208333333333 0.009375 0.011458333333333333
0 0.23046875 0.6473958333333333 0.00625 0.009375
0 0.394921875 0.6473958333333333 0.00859375 0.011458333333333333
0 0.2671875 0.6442708333333333 0.0078125 0.009375
0 0.24921875 0.6432291666666666 0.0078125 0.009375
0 0.28828125 0.6427083333333333 0.0078125 0.010416666666666666
0 0.41953125 0.6395833333333333 0.0078125 0.010416666666666666
0 0.3453125 0.6380208333333334 0.0078125 0.011458333333333333
0 0.652734375 0.6354166666666666 0.00859375 0.010416666666666666
0 0.32265625 0.6348958333333333 0.0078125 0.009375
0 0.3046875 0.6338541666666667 0.00625 0.007291666666666667
0 0.546484375 0.6322916666666667 0.00859375 0.010416666666666666
0 0.20234375 0.6286458333333333 0.003125 0.003125
0 0.222265625 0.6270833333333333 0.00390625 0.004166666666666667
0 0.843359375 0.6302083333333334 0.01015625 0.0125
0 0.795703125 0.6265625 0.01015625 0.011458333333333333
0 0.240234375 0.6239583333333333 0.00703125 0.008333333333333333
0 0.259375 0.6234375 0.0078125 0.009375
0 0.565625 0.6223958333333334 0.0078125 0.011458333333333333
0 0.278515625 0.6213541666666667 0.00703125 0.009375
0 0.334765625 0.6177083333333333 0.00859375 0.010416666666666666
0 0.2953125 0.6135416666666667 0.00625 0.00625
0 0.316015625 0.6140625 0.00703125 0.009375
0 0.356640625 0.6135416666666667 0.00859375 0.010416666666666666
0 0.774609375 0.6130208333333333 0.01015625 0.011458333333333333
0 0.213671875 0.6057291666666667 0.00234375 0.005208333333333333
0 0.231640625 0.6041666666666666 0.00703125 0.008333333333333333
0 0.26875 0.6036458333333333 0.0078125 0.009375
0 0.248828125 0.603125 0.00703125 0.010416666666666666
0 0.53515625 0.6005208333333333 0.0078125 0.011458333333333333
0 0.139453125 0.5984375 0.00390625 0.007291666666666667
0 0.197265625 0.5973958333333333 0.00546875 0.007291666666666667
0 0.307421875 0.5921875 0.00546875 0.005208333333333333
0 0.28984375 0.59375 0.0078125 0.010416666666666666
0 0.444140625 0.5927083333333333 0.00546875 0.010416666666666666
0 0.361328125 0.5854166666666667 0.00703125 0.010416666666666666
0 0.2390625 0.5822916666666667 0.00625 0.004166666666666667
0 0.222265625 0.5838541666666667 0.00546875 0.007291666666666667
0 0.257421875 0.58125 0.00703125 0.008333333333333333
0 0.1859375 0.5796875 0.00625 0.005208333333333333
0 0.16484375 0.5796875 0.0046875 0.005208333333333333
0 0.275390625 0.58125 0.00703125 0.010416666666666666
0 0.320703125 0.578125 0.00859375 0.010416666666666666
0 0.205859375 0.5760416666666667 0.00546875 0.00625
0 0.532421875 0.5760416666666667 0.00859375 0.010416666666666666
0 0.14453125 0.5729166666666666 0.0046875 0.004166666666666667
0 0.298046875 0.5708333333333333 0.00703125 0.00625
0 0.33828125 0.571875 0.0078125 0.010416666666666666
0 0.4390625 0.5708333333333333 0.0078125 0.010416666666666666
0 0.355859375 0.5645833333333333 0.00859375 0.010416666666666666
0 0.230859375 0.5640625 0.00703125 0.009375
0 0.266015625 0.5625 0.00703125 0.010416666666666666
0 0.1953125 0.5583333333333333 0.0015625 0.0020833333333333333
0 0.1671875 0.55625 0.0046875 0.004166666666666667
0 0.39296875 0.5583333333333333 0.0078125 0.010416666666666666
0 0.2140625 0.5546875 0.0046875 0.005208333333333333
0 0.8 0.5494791666666666 0.009375 0.011458333333333333
0 0.896875 0.5484375 0.0109375 0.011458333333333333
0 0.833203125 0.5484375 0.01015625 0.011458333333333333
0 0.409765625 0.5479166666666667 0.00859375 0.010416666666666666
0 0.2859375 0.546875 0.0078125 0.008333333333333333
0 0.2515625 0.5453125 0.0046875 0.005208333333333333
0 0.18125 0.5421875 0.0046875 0.005208333333333333
0 0.70546875 0.5442708333333334 0.009375 0.011458333333333333
0 0.4265625 0.5427083333333333 0.0078125 0.010416666666666666
0 0.303515625 0.5416666666666666 0.00859375 0.008333333333333333
0 0.227734375 0.5390625 0.00546875 0.005208333333333333
0 0.205859375 0.5364583333333334 0.00703125 0.00625
0 0.26875 0.5348958333333333 0.00625 0.007291666666666667
0 0.319921875 0.534375 0.00703125 0.008333333333333333
0 0.2421875 0.5296875 0.0078125 0.009375
0 0.171484375 0.525 0.00390625 0.00625
0 0.2921875 0.5255208333333333 0.0078125 0.009375
0 0.391796875 0.525 0.00859375 0.010416666666666666
0 0.811328125 0.5244791666666667 0.01015625 0.011458333333333333
0 0.14375 0.5197916666666667 0.003125 0.004166666666666667
0 0.3453125 0.5208333333333334 0.0078125 0.010416666666666666
0 0.225390625 0.515625 0.00703125 0.00625
0 0.20703125 0.5130208333333334 0.0046875 0.005208333333333333
0 0.521484375 0.509375 0.00859375 0.010416666666666666
0 0.191015625 0.50625 0.00546875 0.004166666666666667
0 0.2671875 0.5067708333333333 0.00625 0.007291666666666667
0 0.25 0.5078125 0.0078125 0.009375
0 0.3890625 0.5020833333333333 0.0078125 0.010416666666666666
0 0.351953125 0.49895833333333334 0.00546875 0.010416666666666666
0 0.538671875 0.4979166666666667 0.00703125 0.010416666666666666
0 0.234375 0.496875 0.00625 0.008333333333333333
0 0.886328125 0.4979166666666667 0.01015625 0.0125
0 0.217578125 0.4942708333333333 0.00546875 0.005208333333333333
0 0.7734375 0.4901041666666667 0.009375 0.011458333333333333
0 0.27734375 0.4864583333333333 0.0046875 0.004166666666666667
0 0.259765625 0.4875 0.00703125 0.00625
0 0.869921875 0.4864583333333333 0.00546875 0.008333333333333333
0 0.668359375 0.4864583333333333 0.00859375 0.010416666666666666
0 0.849609375 0.48333333333333334 0.00859375 0.0125
0 0.208984375 0.47604166666666664 0.00390625 0.0020833333333333333
0 0.2453125 0.47604166666666664 0.00625 0.00625
0 0.228125 0.475 0.003125 0.004166666666666667
0 0.292578125 0.4744791666666667 0.00703125 0.007291666666666667
0 0.736328125 0.475 0.00859375 0.010416666666666666
0 0.832421875 0.471875 0.00859375 0.008333333333333333
0 0.326171875 0.47239583333333335 0.00859375 0.009375
0 0.7984375 0.4713541666666667 0.0078125 0.009375
0 0.780859375 0.46979166666666666 0.00703125 0.010416666666666666
0 0.762890625 0.46979166666666666 0.00859375 0.010416666666666666
0 0.261328125 0.465625 0.00546875 0.00625
0 0.19453125 0.46510416666666665 0.00625 0.007291666666666667
0 0.88203125 0.46510416666666665 0.009375 0.011458333333333333
0 0.72109375 0.4635416666666667 0.009375 0.010416666666666666
0 0.278515625 0.4630208333333333 0.00703125 0.009375
0 0.177734375 0.4578125 0.00546875 0.005208333333333333
0 0.238671875 0.45625 0.00390625 0.00625
0 0.2109375 0.45416666666666666 0.00625 0.00625
0 0.868359375 0.44947916666666665 0.00390625 0.003125
0 0.754296875 0.44895833333333335 0.00859375 0.00625
0 0.29296875 0.4505208333333333 0.0078125 0.009375
0 0.814453125 0.4510416666666667 0.01015625 0.0125
0 0.7765625 0.4479166666666667 0.009375 0.010416666666666666
0 0.253125 0.4473958333333333 0.00625 0.009375
0 0.196484375 0.4432291666666667 0.00703125 0.007291666666666667
0 0.226171875 0.4421875 0.00703125 0.009375
0 0.30859375 0.4395833333333333 0.0078125 0.008333333333333333
0 0.26953125 0.43802083333333336 0.0046875 0.005208333333333333
0 0.791796875 0.4390625 0.00859375 0.011458333333333333
0 0.85234375 0.43802083333333336 0.0109375 0.011458333333333333
0 0.58828125 0.43645833333333334 0.0046875 0.010416666666666666
0 0.5609375 0.43645833333333334 0.0078125 0.010416666666666666
0 0.877734375 0.4348958333333333 0.01015625 0.011458333333333333
0 0.4625 0.4322916666666667 0.0078125 0.010416666666666666
0 0.2421875 0.4296875 0.00625 0.007291666666666667
0 0.35546875 0.43020833333333336 0.0078125 0.010416666666666666
0 0.183203125 0.42916666666666664 0.00546875 0.008333333333333333
0 0.821875 0.4244791666666667 0.0109375 0.011458333333333333
0 0.740625 0.4239583333333333 0.009375 0.010416666666666666
0 0.259375 0.42291666666666666 0.00625 0.008333333333333333
0 0.298828125 0.42239583333333336 0.00703125 0.009375
0 0.27890625 0.4203125 0.0078125 0.007291666666666667
0 0.77578125 0.42135416666666664 0.009375 0.011458333333333333
0 0.5453125 0.42083333333333334 0.0078125 0.010416666666666666
0 0.220703125 0.41822916666666665 0.00390625 0.005208333333333333
0 0.577734375 0.4197916666666667 0.00390625 0.010416666666666666
0 0.316015625 0.4192708333333333 0.00703125 0.009375
0 0.60546875 0.41770833333333335 0.0078125 0.010416666666666666
0 0.197265625 0.4161458333333333 0.00546875 0.007291666666666667
0 0.79453125 0.4119791666666667 0.0078125 0.005208333333333333
0 0.42265625 0.4114583333333333 0.0078125 0.010416666666666666
0 0.23671875 0.40989583333333335 0.00625 0.007291666666666667
0 0.33984375 0.4078125 0.0078125 0.009375
0 0.173828125 0.4041666666666667 0.00546875 0.00625
0 0.265625 0.40260416666666665 0.00625 0.007291666666666667
0 0.553125 0.4 0.0078125 0.010416666666666666
0 0.283203125 0.39947916666666666 0.00703125 0.009375
0 0.83203125 0.4 0.0109375 0.0125
0 0.8921875 0.3984375 0.0109375 0.011458333333333333
0 0.190625 0.396875 0.00625 0.008333333333333333
0 0.775390625 0.3963541666666667 0.00859375 0.011458333333333333
0 0.248828125 0.3932291666666667 0.00703125 0.007291666666666667
0 0.41328125 0.39375 0.0078125 0.010416666666666666
0 0.225390625 0.3921875 0.00703125 0.007291666666666667
0 0.208203125 0.3890625 0.00390625 0.003125
0 0.795703125 0.39010416666666664 0.00703125 0.007291666666666667
0 0.3015625 0.38645833333333335 0.00625 0.00625
0 0.813671875 0.38697916666666665 0.01015625 0.011458333333333333
0 0.268359375 0.3807291666666667 0.00703125 0.007291666666666667
0 0.31796875 0.3807291666666667 0.0078125 0.009375
0 0.69140625 0.37864583333333335 0.00625 0.009375
0 0.665234375 0.37916666666666665 0.00859375 0.010416666666666666
0 0.285546875 0.3776041666666667 0.00703125 0.009375
0 0.5375 0.37604166666666666 0.0046875 0.010416666666666666
0 0.21953125 0.3729166666666667 0.00625 0.00625
0 0.252734375 0.3723958333333333 0.00546875 0.007291666666666667
0 0.236328125 0.37135416666666665 0.00546875 0.005208333333333333
0 0.2015625 0.3697916666666667 0.0046875 0.004166666666666667
0 0.184765625 0.3671875 0.00546875 0.007291666666666667
0 0.785546875 0.3671875 0.01015625 0.011458333333333333
0 0.30546875 0.36614583333333334 0.0078125 0.009375
0 0.5015625 0.365625 0.0078125 0.010416666666666666
0 0.521875 0.3645833333333333 0.0078125 0.010416666666666666
0 0.704296875 0.36354166666666665 0.00859375 0.010416666666666666
0 0.676171875 0.36354166666666665 0.00859375 0.010416666666666666
0 0.65234375 0.36302083333333335 0.0078125 0.011458333333333333
0 0.275390625 0.3614583333333333 0.00703125 0.008333333333333333
0 0.39296875 0.3614583333333333 0.0078125 0.010416666666666666
0 0.157421875 0.353125 0.00390625 0.004166666666666667
0 0.42265625 0.35520833333333335 0.0078125 0.010416666666666666
0 0.244921875 0.35260416666666666 0.00546875 0.005208333333333333
0 0.600390625 0.3536458333333333 0.00703125 0.009375
0 0.2921875 0.3536458333333333 0.0078125 0.009375
0 0.2140625 0.353125 0.00625 0.008333333333333333
0 0.197265625 0.35 0.00546875 0.00625
0 0.690234375 0.35104166666666664 0.00859375 0.010416666666666666
0 0.334765625 0.3494791666666667 0.00703125 0.009375
0 0.75078125 0.3494791666666667 0.009375 0.011458333333333333
0 0.639453125 0.3489583333333333 0.00859375 0.010416666666666666
0 0.40703125 0.3494791666666667 0.0078125 0.011458333333333333
0 0.180078125 0.34739583333333335 0.00546875 0.007291666666666667
0 0.262109375 0.3463541666666667 0.00546875 0.007291666666666667
0 0.316796875 0.34479166666666666 0.00703125 0.008333333333333333
0 0.230078125 0.34375 0.00546875 0.00625
0 0.38515625 0.34010416666666665 0.0078125 0.009375
0 0.675390625 0.34010416666666665 0.00859375 0.011458333333333333
0 0.277734375 0.3380208333333333 0.00703125 0.007291666666666667
0 0.719921875 0.33697916666666666 0.00703125 0.011458333333333333
0 0.70234375 0.33645833333333336 0.0078125 0.010416666666666666
0 0.59140625 0.33645833333333336 0.0078125 0.010416666666666666
0 0.522265625 0.33541666666666664 0.00703125 0.010416666666666666
0 0.346484375 0.334375 0.00703125 0.010416666666666666
0 0.24765625 0.3328125 0.00625 0.007291666666666667
0 0.5015625 0.3333333333333333 0.0078125 0.010416666666666666
0 0.2953125 0.33229166666666665 0.0078125 0.008333333333333333
0 0.216796875 0.33125 0.00703125 0.008333333333333333
0 0.328515625 0.3296875 0.00703125 0.009375
0 0.16953125 0.32760416666666664 0.00625 0.005208333333333333
0 0.659765625 0.3296875 0.00859375 0.011458333333333333
0 0.415234375 0.3255208333333333 0.00703125 0.009375
0 0.3625 0.3255208333333333 0.0078125 0.009375
0 0.26328125 0.32395833333333335 0.0078125 0.008333333333333333
0 0.777734375 0.32447916666666665 0.01015625 0.011458333333333333
0 0.31015625 0.3223958333333333 0.0078125 0.009375
0 0.2328125 0.32135416666666666 0.0078125 0.009375
0 0.196484375 0.31927083333333334 0.00546875 0.005208333333333333
0 0.73203125 0.3182291666666667 0.009375 0.011458333333333333
0 0.684375 0.3171875 0.0078125 0.011458333333333333
0 0.2796875 0.31614583333333335 0.0078125 0.009375
0 0.533203125 0.3151041666666667 0.00859375 0.011458333333333333
0 0.3390625 0.31354166666666666 0.0078125 0.010416666666666666
0 0.7078125 0.3104166666666667 0.0078125 0.00625
0 0.25078125 0.31197916666666664 0.0078125 0.009375
0 0.2140625 0.31145833333333334 0.0078125 0.008333333333333333
0 0.296484375 0.3109375 0.00859375 0.009375
0 0.6203125 0.3109375 0.0078125 0.011458333333333333
0 0.4015625 0.3104166666666667 0.0078125 0.010416666666666666
0 0.560546875 0.30885416666666665 0.00703125 0.009375
0 0.384765625 0.309375 0.00859375 0.010416666666666666
0 0.65859375 0.30833333333333335 0.0078125 0.010416666666666666
0 0.42421875 0.3078125 0.0078125 0.009375
0 0.166015625 0.3078125 0.00703125 0.009375
0 0.322265625 0.30572916666666666 0.00859375 0.011458333333333333
0 0.36875 0.30416666666666664 0.0078125 0.010416666666666666
0 0.2671875 0.30364583333333334 0.0078125 0.009375
0 0.696484375 0.2947916666666667 0.00859375 0.010416666666666666
0 0.4953125 0.2953125 0.0078125 0.011458333333333333
0 0.41171875 0.2947916666666667 0.0078125 0.010416666666666666
0 0.35390625 0.29375 0.0078125 0.010416666666666666
0 0.33671875 0.29270833333333335 0.0078125 0.010416666666666666
0 0.28515625 0.29270833333333335 0.0078125 0.010416666666666666
0 0.2546875 0.290625 0.009375 0.010416666666666666
0 0.716015625 0.28854166666666664 0.00859375 0.008333333333333333
0 0.3015625 0.28958333333333336 0.0078125 0.010416666666666666
0 0.2375 0.28958333333333336 0.0078125 0.010416666666666666
0 0.1734375 0.28854166666666664 0.0078125 0.010416666666666666
0 0.64921875 0.2875 0.0078125 0.010416666666666666
0 0.6328125 0.28489583333333335 0.0078125 0.011458333333333333
0 0.37890625 0.28541666666666665 0.0078125 0.0125
0 0.466796875 0.28229166666666666 0.00703125 0.010416666666666666
0 0.22265625 0.28125 0.009375 0.010416666666666666
0 0.401953125 0.278125 0.00859375 0.0125
0 0.5859375 0.275 0.0078125 0.010416666666666666
0 0.34609375 0.2755208333333333 0.0078125 0.011458333333333333
0 0.451953125 0.27291666666666664 0.00859375 0.010416666666666666
0 0.3171875 0.27291666666666664 0.0078125 0.010416666666666666
0 0.778125 0.27239583333333334 0.009375 0.011458333333333333
0 0.740625 0.2703125 0.009375 0.011458333333333333
0 0.5609375 0.2703125 0.0078125 0.011458333333333333
0 0.43515625 0.26927083333333335 0.0078125 0.011458333333333333
0 0.418359375 0.26927083333333335 0.00859375 0.011458333333333333
0 0.301953125 0.26666666666666666 0.00859375 0.010416666666666666
0 0.3734375 0.2671875 0.0078125 0.013541666666666667
0 0.24296875 0.2625 0.0078125 0.010416666666666666
0 0.178515625 0.2630208333333333 0.00859375 0.011458333333333333
0 0.3359375 0.2598958333333333 0.0078125 0.011458333333333333
0 0.259765625 0.2598958333333333 0.00859375 0.011458333333333333
0 0.627734375 0.25677083333333334 0.00859375 0.009375
0 0.226953125 0.2578125 0.00859375 0.011458333333333333
0 0.277734375 0.25677083333333334 0.00859375 0.011458333333333333
0 0.405078125 0.25625 0.00859375 0.0125
0 0.35234375 0.253125 0.0078125 0.010416666666666666
0 0.25390625 0.24791666666666667 0.0015625 0.0020833333333333333
0 0.5953125 0.24947916666666667 0.0078125 0.011458333333333333
0 0.29296875 0.24895833333333334 0.009375 0.0125
0 0.4296875 0.24583333333333332 0.0078125 0.010416666666666666
0 0.325 0.24427083333333333 0.0078125 0.011458333333333333
0 0.380859375 0.24114583333333334 0.00234375 0.007291666666666667
0 0.383203125 0.23697916666666666 0.00078125 0.0010416666666666667
0 0.366796875 0.2421875 0.00859375 0.011458333333333333
0 0.34140625 0.23854166666666668 0.0078125 0.010416666666666666
0 0.28125 0.2359375 0.009375 0.011458333333333333
0 0.417578125 0.23229166666666667 0.00859375 0.0125
0 0.208203125 0.21302083333333333 0.00859375 0.011458333333333333
0 0.430078125 0.20833333333333334 0.00859375 0.0125
