0 0.348828125 0.8885416666666667 0.00546875 0.010416666666666666
0 0.659375 0.8885416666666667 0.009375 0.014583333333333334
0 0.349609375 0.8817708333333333 0.00078125 0.0010416666666666667
0 0.566015625 0.8828125 0.00234375 0.005208333333333333
0 0.354296875 0.88125 0.00078125 0.0020833333333333333
0 0.263671875 0.8854166666666666 0.01015625 0.014583333333333334
0 0.468359375 0.8838541666666667 0.01015625 0.015625
0 0.401953125 0.8833333333333333 0.01015625 0.014583333333333334
0 0.327734375 0.8828125 0.00703125 0.013541666666666667
0 0.244921875 0.8828125 0.01015625 0.013541666666666667
0 0.640234375 0.8822916666666667 0.00859375 0.014583333333333334
0 0.511328125 0.8822916666666667 0.01015625 0.014583333333333334
0 0.36875 0.8802083333333334 0.009375 0.014583333333333334
0 0.308984375 0.8796875 0.01015625 0.013541666666666667
0 0.615625 0.878125 0.009375 0.0125
0 0.595703125 0.8770833333333333 0.00703125 0.0125
0 0.548046875 0.8770833333333333 0.01015625 0.014583333333333334
0 0.7 0.875 0.009375 0.0125
0 0.675390625 0.8755208333333333 0.00703125 0.013541666666666667
0 0.418359375 0.871875 0.00859375 0.014583333333333334
0 0.386328125 0.871875 0.01015625 0.014583333333333334
0 0.717578125 0.8692708333333333 0.00703125 0.013541666666666667
0 0.483984375 0.8703125 0.01015625 0.015625
0 0.733984375 0.8640625 0.00703125 0.011458333333333333
0 0.5796875 0.8651041666666667 0.00625 0.013541666666666667
0 0.342578125 0.8645833333333334 0.01015625 0.0125
0 0.7890625 0.8619791666666666 0.00625 0.009375
0 0.752734375 0.8604166666666667 0.00546875 0.008333333333333333
0 0.501171875 0.8619791666666666 0.01015625 0.013541666666666667
0 0.6265625 0.8604166666666667 0.0078125 0.0125
0 0.90078125 0.8604166666666667 0.009375 0.014583333333333334
0 0.771875 0.8588541666666667 0.00625 0.011458333333333333
0 0.45859375 0.859375 0.009375 0.014583333333333334
0 0.66328125 0.8583333333333333 0.009375 0.014583333333333334
0 0.60546875 0.8552083333333333 0.00625 0.008333333333333333
0 0.685546875 0.85625 0.00703125 0.0125
0 0.403515625 0.8572916666666667 0.01015625 0.014583333333333334
0 0.36015625 0.8572916666666667 0.009375 0.014583333333333334
0 0.82109375 0.8552083333333333 0.0078125 0.0125
0 0.93203125 0.8494791666666667 0.0015625 0.003125
0 0.559375 0.8536458333333333 0.0078125 0.013541666666666667
0 0.93359375 0.8463541666666666 0.0015625 0.0010416666666666667
0 0.87734375 0.8515625 0.0109375 0.011458333333333333
0 0.644921875 0.853125 0.00859375 0.014583333333333334
0 0.433984375 0.853125 0.01015625 0.014583333333333334
0 0.9359375 0.8453125 0.0015625 0.0010416666666666667
0 0.7046875 0.85 0.0078125 0.0125
0 0.1328125 0.8489583333333334 0.0109375 0.010416666666666666
0 0.803125 0.8458333333333333 0.0046875 0.00625
0 0.516796875 0.8494791666666667 0.01015625 0.013541666666666667
0 0.474609375 0.8479166666666667 0.00859375 0.014583333333333334
0 0.381640625 0.846875 0.01015625 0.014583333333333334
0 0.573046875 0.8421875 0.00546875 0.009375
0 0.72265625 0.8427083333333333 0.00625 0.0125
0 0.334765625 0.8427083333333333 0.01015625 0.014583333333333334
0 0.74375 0.8390625 0.0078125 0.013541666666666667
0 0.78515625 0.8375 0.0078125 0.0125
0 0.533984375 0.8385416666666666 0.01015625 0.014583333333333334
0 0.623046875 0.8354166666666667 0.00546875 0.010416666666666666
0 0.497265625 0.8369791666666667 0.01015625 0.013541666666666667
0 0.7625 0.8354166666666667 0.0078125 0.0125
0 0.676171875 0.8354166666666667 0.00859375 0.0125
0 0.480859375 0.8296875 0.00078125 0.0010416666666666667
0 0.420703125 0.8359375 0.01015625 0.015625
0 0.826171875 0.8328125 0.00703125 0.011458333333333333
0 0.655859375 0.8333333333333334 0.01015625 0.0125
0 0.69375 0.8322916666666667 0.0078125 0.0125
0 0.397265625 0.8333333333333334 0.01015625 0.014583333333333334
0 0.5515625 0.8317708333333333 0.009375 0.013541666666666667
0 0.605859375 0.8302083333333333 0.00703125 0.0125
0 0.867578125 0.8286458333333333 0.01171875 0.011458333333333333
0 0.463671875 0.8276041666666667 0.01015625 0.013541666666666667
0 0.5875 0.825 0.00625 0.010416666666666666
0 0.365234375 0.8270833333333333 0.01015625 0.014583333333333334
0 0.320703125 0.8270833333333333 0.01015625 0.014583333333333334
0 0.923046875 0.8213541666666667 0.00546875 0.005208333333333333
0 0.513671875 0.8244791666666667 0.01015625 0.013541666666666667
0 0.63828125 0.821875 0.0078125 0.0125
0 0.48125 0.8223958333333333 0.009375 0.013541666666666667
0 0.70859375 0.8213541666666667 0.0078125 0.013541666666666667
0 0.944921875 0.8177083333333334 0.01015625 0.008333333333333333
0 0.73046875 0.8197916666666667 0.0078125 0.0125
0 0.800390625 0.8182291666666667 0.00859375 0.013541666666666667
0 0.771484375 0.8151041666666666 0.00390625 0.007291666666666667
0 0.382421875 0.8177083333333334 0.01015625 0.014583333333333334
0 0.338671875 0.8171875 0.01015625 0.013541666666666667
0 0.565234375 0.8161458333333333 0.01015625 0.013541666666666667
0 0.66875 0.8130208333333333 0.009375 0.011458333333333333
0 0.533203125 0.8119791666666667 0.01015625 0.013541666666666667
0 0.4984375 0.8119791666666667 0.009375 0.013541666666666667
0 0.753515625 0.8098958333333334 0.00703125 0.011458333333333333
0 0.417578125 0.8114583333333333 0.01015625 0.014583333333333334
0 0.61796875 0.8098958333333334 0.00625 0.013541666666666667
0 0.6859375 0.8078125 0.0078125 0.013541666666666667
0 0.8734375 0.8067708333333333 0.0109375 0.013541666666666667
0 0.6015625 0.80625 0.009375 0.0125
0 0.154296875 0.8005208333333333 0.00078125 0.0010416666666666667
0 0.398828125 0.80625 0.01015625 0.014583333333333334
0 0.4703125 0.8036458333333333 0.009375 0.013541666666666667
0 0.54921875 0.8026041666666667 0.0078125 0.013541666666666667
0 0.29453125 0.8026041666666667 0.009375 0.013541666666666667
0 0.36875 0.8015625 0.009375 0.013541666666666667
0 0.434765625 0.8010416666666667 0.01015625 0.014583333333333334
0 0.35078125 0.7994791666666666 0.009375 0.013541666666666667
0 0.325 0.7994791666666666 0.009375 0.013541666666666667
0 0.147265625 0.7932291666666667 0.00078125 0.0010416666666666667
0 0.14921875 0.7921875 0.0015625 0.0010416666666666667
0 0.64140625 0.7973958333333333 0.009375 0.013541666666666667
0 0.5171875 0.7973958333333333 0.009375 0.013541666666666667
0 0.698046875 0.79375 0.00546875 0.008333333333333333
0 0.77890625 0.79375 0.0078125 0.0125
0 0.937109375 0.7921875 0.01171875 0.011458333333333333
0 0.798828125 0.7916666666666666 0.00703125 0.014583333333333334
0 0.658203125 0.7911458333333333 0.00859375 0.013541666666666667
0 0.56484375 0.790625 0.00625 0.0125
0 0.845703125 0.7890625 0.00859375 0.011458333333333333
0 0.589453125 0.7885416666666667 0.01015625 0.0125
0 0.4890625 0.7895833333333333 0.009375 0.014583333333333334
0 0.534765625 0.7869791666666667 0.01015625 0.013541666666666667
0 0.413671875 0.7869791666666667 0.01015625 0.013541666666666667
0 0.383203125 0.7869791666666667 0.01015625 0.013541666666666667
0 0.309375 0.7859375 0.009375 0.013541666666666667
0 0.609375 0.7822916666666667 0.00625 0.0125
0 0.284375 0.7828125 0.009375 0.013541666666666667
0 0.758984375 0.7817708333333333 0.00703125 0.013541666666666667
0 0.68203125 0.7817708333333333 0.0078125 0.013541666666666667
0 0.627734375 0.7802083333333333 0.00703125 0.0125
0 0.44453125 0.7796875 0.009375 0.013541666666666667
0 0.362109375 0.7796875 0.01015625 0.013541666666666667
0 0.469921875 0.7776041666666667 0.00859375 0.011458333333333333
0 0.830078125 0.7713541666666667 0.00078125 0.0010416666666666667
0 0.34375 0.7776041666666667 0.009375 0.013541666666666667
0 0.876953125 0.7729166666666667 0.00703125 0.00625
0 0.832421875 0.7703125 0.00234375 0.0010416666666666667
0 0.39921875 0.775 0.009375 0.0125
0 0.741015625 0.7739583333333333 0.01015625 0.0125
0 0.51953125 0.7734375 0.009375 0.011458333333333333
0 0.325390625 0.7734375 0.00859375 0.013541666666666667
0 0.241796875 0.7734375 0.01015625 0.013541666666666667
0 0.574609375 0.7703125 0.00546875 0.009375
0 0.697265625 0.7697916666666667 0.00703125 0.010416666666666666
0 0.66640625 0.7708333333333334 0.0078125 0.0125
0 0.5015625 0.7713541666666667 0.009375 0.013541666666666667
0 0.775390625 0.7697916666666667 0.01015625 0.0125
0 0.4265625 0.7708333333333334 0.009375 0.014583333333333334
0 0.157421875 0.7703125 0.01015625 0.013541666666666667
0 0.545703125 0.7682291666666666 0.00703125 0.013541666666666667
0 0.596875 0.7661458333333333 0.009375 0.013541666666666667
0 0.29609375 0.7640625 0.009375 0.013541666666666667
0 0.484375 0.7625 0.009375 0.014583333333333334
0 0.88984375 0.7552083333333334 0.00625 0.00625
0 0.814453125 0.7583333333333333 0.01015625 0.0125
0 0.63671875 0.7572916666666667 0.009375 0.0125
0 0.37109375 0.7572916666666667 0.009375 0.0125
0 0.313671875 0.7572916666666667 0.01015625 0.0125
0 0.274609375 0.7578125 0.01015625 0.013541666666666667
0 0.732421875 0.7541666666666667 0.00703125 0.008333333333333333
0 0.7140625 0.7546875 0.009375 0.011458333333333333
0 0.353125 0.7557291666666667 0.009375 0.013541666666666667
0 0.46796875 0.7526041666666666 0.009375 0.013541666666666667
0 0.4484375 0.7515625 0.009375 0.013541666666666667
0 0.335546875 0.7510416666666667 0.00859375 0.0125
0 0.656640625 0.75 0.00859375 0.0125
0 0.5140625 0.75 0.009375 0.0125
0 0.41640625 0.7510416666666667 0.009375 0.014583333333333334
0 0.3984375 0.7494791666666667 0.009375 0.013541666666666667
0 0.15 0.7489583333333333 0.0109375 0.0125
0 0.57265625 0.746875 0.009375 0.0125
0 0.533203125 0.7473958333333334 0.00859375 0.013541666666666667
0 0.16796875 0.746875 0.0109375 0.0125
0 0.85 0.7458333333333333 0.009375 0.0125
0 0.674609375 0.7463541666666667 0.00859375 0.013541666666666667
0 0.55625 0.7458333333333333 0.00625 0.0125
0 0.762109375 0.7453125 0.00859375 0.013541666666666667
0 0.828515625 0.7432291666666667 0.00859375 0.011458333333333333
0 0.240234375 0.7432291666666667 0.00859375 0.011458333333333333
0 0.496875 0.7427083333333333 0.0078125 0.0125
0 0.596875 0.7411458333333333 0.009375 0.013541666666666667
0 0.22265625 0.740625 0.009375 0.0125
0 0.3828125 0.7385416666666667 0.009375 0.0125
0 0.29375 0.7385416666666667 0.009375 0.0125
0 0.25859375 0.7375 0.009375 0.0125
0 0.873828125 0.7364583333333333 0.01171875 0.0125
0 0.69453125 0.7364583333333333 0.009375 0.0125
0 0.6140625 0.7369791666666666 0.009375 0.013541666666666667
0 0.48046875 0.7354166666666667 0.009375 0.0125
0 0.3625 0.7354166666666667 0.0078125 0.0125
0 0.32265625 0.7354166666666667 0.009375 0.0125
0 0.745703125 0.7338541666666667 0.01015625 0.013541666666666667
0 0.2765625 0.7333333333333333 0.009375 0.0125
0 0.638671875 0.7322916666666667 0.01015625 0.0125
0 0.43046875 0.7328125 0.009375 0.013541666666666667
0 0.7234375 0.7291666666666666 0.0078125 0.0125
0 0.40859375 0.7291666666666666 0.009375 0.0125
0 0.46171875 0.7276041666666667 0.009375 0.013541666666666667
0 0.33984375 0.7270833333333333 0.009375 0.0125
0 0.781640625 0.725 0.00859375 0.0125
0 0.58203125 0.725 0.009375 0.0125
0 0.509765625 0.725 0.00859375 0.0125
0 0.536328125 0.7239583333333334 0.00859375 0.0125
0 0.66796875 0.7208333333333333 0.009375 0.0125
0 0.554296875 0.7208333333333333 0.00859375 0.0125
0 0.30625 0.7208333333333333 0.0078125 0.0125
0 0.491796875 0.7171875 0.00703125 0.011458333333333333
0 0.44453125 0.7171875 0.009375 0.013541666666666667
0 0.2875 0.7151041666666667 0.0078125 0.011458333333333333
0 0.379296875 0.7151041666666667 0.00859375 0.013541666666666667
0 0.253125 0.7145833333333333 0.009375 0.0125
0 0.150390625 0.7140625 0.00859375 0.011458333333333333
0 0.750390625 0.7109375 0.00703125 0.011458333333333333
0 0.47578125 0.7119791666666667 0.009375 0.013541666666666667
0 0.32265625 0.7104166666666667 0.00625 0.010416666666666666
0 0.23359375 0.7109375 0.0078125 0.011458333333333333
0 0.418359375 0.709375 0.00859375 0.0125
0 0.26953125 0.709375 0.0078125 0.0125
0 0.362890625 0.7067708333333333 0.00859375 0.011458333333333333
0 0.8734375 0.7067708333333333 0.0109375 0.013541666666666667
0 0.893359375 0.7052083333333333 0.01015625 0.0125
0 0.45859375 0.7036458333333333 0.009375 0.011458333333333333
0 0.34140625 0.7015625 0.00625 0.009375
0 0.523828125 0.7010416666666667 0.00859375 0.0125
0 0.50625 0.7010416666666667 0.009375 0.0125
0 0.395703125 0.7010416666666667 0.00859375 0.0125
0 0.790234375 0.6979166666666666 0.00546875 0.008333333333333333
0 0.841796875 0.696875 0.00703125 0.008333333333333333
0 0.20703125 0.696875 0.00625 0.010416666666666666
0 0.811328125 0.6973958333333333 0.00859375 0.013541666666666667
0 0.30859375 0.696875 0.0078125 0.0125
0 0.76328125 0.6932291666666667 0.009375 0.013541666666666667
0 0.2828125 0.6916666666666667 0.00625 0.010416666666666666
0 0.24921875 0.690625 0.0078125 0.010416666666666666
0 0.377734375 0.690625 0.00859375 0.0125
0 0.47265625 0.6875 0.009375 0.0125
0 0.411328125 0.6875 0.00859375 0.0125
0 0.23203125 0.6859375 0.0078125 0.009375
0 0.328515625 0.6864583333333333 0.00703125 0.0125
0 0.7203125 0.6854166666666667 0.009375 0.0125
0 0.183203125 0.6807291666666667 0.00390625 0.005208333333333333
0 0.266796875 0.68125 0.00703125 0.008333333333333333
0 0.51796875 0.6791666666666667 0.0078125 0.0125
0 0.362109375 0.6765625 0.00703125 0.009375
0 0.298046875 0.6776041666666667 0.00859375 0.011458333333333333
0 0.39609375 0.6770833333333334 0.009375 0.0125
0 0.217578125 0.675 0.00703125 0.008333333333333333
0 0.805859375 0.6739583333333333 0.00703125 0.0125
0 0.744140625 0.6739583333333333 0.01015625 0.0125
0 0.344921875 0.6739583333333333 0.00859375 0.0125
0 0.787109375 0.6708333333333333 0.00703125 0.008333333333333333
0 0.315234375 0.671875 0.00859375 0.010416666666666666
0 0.845703125 0.6708333333333333 0.01171875 0.010416666666666666
0 0.282421875 0.6666666666666666 0.00546875 0.00625
0 0.250390625 0.6666666666666666 0.00703125 0.0125
0 0.471484375 0.6640625 0.00859375 0.011458333333333333
0 0.410546875 0.6619791666666667 0.00859375 0.013541666666666667
0 0.332421875 0.6583333333333333 0.00859375 0.0125
0 0.378125 0.6557291666666667 0.009375 0.011458333333333333
0 0.179296875 0.6536458333333334 0.00703125 0.009375
0 0.7265625 0.6541666666666667 0.009375 0.0125
0 0.352734375 0.6526041666666667 0.00859375 0.011458333333333333
0 0.2203125 0.6510416666666666 0.00625 0.008333333333333333
0 0.395703125 0.6505208333333333 0.00859375 0.011458333333333333
0 0.238671875 0.65 0.00859375 0.010416666666666666
0 0.8390625 0.6473958333333333 0.0078125 0.009375
0 0.59609375 0.6473958333333333 0.009375 0.011458333333333333
0 0.276953125 0.6463541666666667 0.00859375 0.011458333333333333
0 0.258984375 0.6442708333333333 0.00859375 0.009375
0 0.296484375 0.6442708333333333 0.00859375 0.011458333333333333
0 0.421484375 0.6432291666666666 0.00859375 0.011458333333333333
0 0.315234375 0.6385416666666667 0.00859375 0.010416666666666666
0 0.461328125 0.6359375 0.00859375 0.011458333333333333
0 0.334765625 0.6348958333333333 0.00859375 0.011458333333333333
0 0.68515625 0.6322916666666667 0.0078125 0.0125
0 0.21484375 0.6296875 0.0078125 0.009375
0 0.193359375 0.6265625 0.00390625 0.003125
0 0.396875 0.6276041666666666 0.0078125 0.011458333333333333
0 0.233203125 0.6270833333333333 0.00703125 0.010416666666666666
0 0.269921875 0.6234375 0.00859375 0.009375
0 0.2515625 0.6234375 0.0078125 0.009375
0 0.28984375 0.6229166666666667 0.0078125 0.010416666666666666
0 0.421484375 0.6203125 0.00859375 0.011458333333333333
0 0.34765625 0.6182291666666667 0.009375 0.011458333333333333
0 0.6546875 0.6166666666666667 0.009375 0.0125
0 0.325390625 0.615625 0.00859375 0.010416666666666666
0 0.306640625 0.6135416666666667 0.00703125 0.00625
0 0.548828125 0.6130208333333333 0.00859375 0.011458333333333333
0 0.84765625 0.6125 0.0078125 0.0125
0 0.206640625 0.6078125 0.00390625 0.005208333333333333
0 0.223828125 0.60625 0.00703125 0.00625
0 0.79765625 0.6083333333333333 0.0109375 0.0125
0 0.2421875 0.6036458333333333 0.0078125 0.007291666666666667
0 0.568359375 0.6036458333333333 0.00859375 0.011458333333333333
0 0.26171875 0.6036458333333333 0.0078125 0.011458333333333333
0 0.28125 0.6026041666666667 0.0078125 0.011458333333333333
0 0.337109375 0.5979166666666667 0.00859375 0.010416666666666666
0 0.318359375 0.5947916666666667 0.00703125 0.010416666666666666
0 0.2984375 0.5932291666666667 0.00625 0.007291666666666667
0 0.776953125 0.5947916666666667 0.01015625 0.0125
0 0.358984375 0.59375 0.00859375 0.010416666666666666
0 0.216015625 0.5848958333333333 0.00546875 0.005208333333333333
0 0.233984375 0.5838541666666667 0.00703125 0.009375
0 0.271484375 0.5833333333333334 0.00859375 0.010416666666666666
0 0.2515625 0.5833333333333334 0.0078125 0.010416666666666666
0 0.537109375 0.5817708333333333 0.00859375 0.011458333333333333
0 0.2 0.5776041666666667 0.00625 0.009375
0 0.143359375 0.5770833333333333 0.00703125 0.008333333333333333
0 0.309765625 0.5723958333333333 0.00703125 0.007291666666666667
0 0.2921875 0.5739583333333333 0.0078125 0.010416666666666666
0 0.44609375 0.5734375 0.00625 0.011458333333333333
0 0.3640625 0.565625 0.0078125 0.010416666666666666
0 0.224609375 0.5640625 0.00703125 0.007291666666666667
0 0.2421875 0.5609375 0.0046875 0.005208333333333333
0 0.26015625 0.5625 0.0078125 0.010416666666666666
0 0.277734375 0.5614583333333333 0.00859375 0.010416666666666666
0 0.188671875 0.559375 0.00703125 0.00625
0 0.168359375 0.5583333333333333 0.00390625 0.004166666666666667
0 0.32265625 0.5572916666666666 0.0078125 0.008333333333333333
0 0.534765625 0.5572916666666666 0.00859375 0.010416666666666666
0 0.2078125 0.5572916666666666 0.00625 0.010416666666666666
0 0.147265625 0.5520833333333334 0.00390625 0.004166666666666667
0 0.300390625 0.5515625 0.00703125 0.007291666666666667
0 0.442578125 0.5520833333333334 0.00546875 0.010416666666666666
0 0.341015625 0.5520833333333334 0.00859375 0.010416666666666666
0 0.440234375 0.5463541666666667 0.00078125 0.0010416666666666667
0 0.358203125 0.5447916666666667 0.00859375 0.010416666666666666
0 0.23359375 0.5447916666666667 0.0078125 0.010416666666666666
0 0.26875 0.5416666666666666 0.0078125 0.008333333333333333
0 0.196875 0.5375 0.003125 0.004166666666666667
0 0.395703125 0.5385416666666667 0.00859375 0.010416666666666666
0 0.21640625 0.5359375 0.00625 0.007291666666666667
0 0.169921875 0.5354166666666667 0.00546875 0.00625
0 0.802734375 0.5317708333333333 0.01015625 0.011458333333333333
0 0.899609375 0.53125 0.01171875 0.0125
0 0.8359375 0.53125 0.0109375 0.0125
0 0.412109375 0.528125 0.00859375 0.010416666666666666
0 0.254296875 0.5255208333333333 0.00546875 0.005208333333333333
0 0.28828125 0.5276041666666667 0.0078125 0.011458333333333333
0 0.7078125 0.5265625 0.009375 0.011458333333333333
0 0.184765625 0.521875 0.00546875 0.00625
0 0.42890625 0.5234375 0.0078125 0.011458333333333333
0 0.305859375 0.521875 0.00859375 0.008333333333333333
0 0.2296875 0.5208333333333334 0.0078125 0.010416666666666666
0 0.20859375 0.5151041666666667 0.0046875 0.005208333333333333
0 0.323046875 0.515625 0.00859375 0.010416666666666666
0 0.271875 0.5161458333333333 0.0078125 0.011458333333333333
0 0.24453125 0.5078125 0.0078125 0.007291666666666667
0 0.8140625 0.5067708333333333 0.0109375 0.011458333333333333
0 0.294921875 0.5052083333333334 0.00859375 0.008333333333333333
0 0.175 0.5036458333333333 0.00625 0.005208333333333333
0 0.394140625 0.5057291666666667 0.00859375 0.011458333333333333
0 0.148828125 0.4984375 0.00234375 0.003125
0 0.348046875 0.5010416666666667 0.00859375 0.010416666666666666
0 0.228125 0.4947916666666667 0.00625 0.00625
0 0.209375 0.4942708333333333 0.00625 0.007291666666666667
0 0.523828125 0.4901041666666667 0.00859375 0.011458333333333333
0 0.19296875 0.48854166666666665 0.0046875 0.008333333333333333
0 0.2703125 0.4869791666666667 0.0078125 0.007291666666666667
0 0.251953125 0.48854166666666665 0.00703125 0.010416666666666666
0 0.39140625 0.4828125 0.0078125 0.011458333333333333
0 0.889453125 0.48125 0.01015625 0.0125
0 0.541015625 0.4791666666666667 0.00859375 0.010416666666666666
0 0.35546875 0.4791666666666667 0.0078125 0.010416666666666666
0 0.2375 0.4765625 0.00625 0.007291666666666667
0 0.219921875 0.47552083333333334 0.00703125 0.007291666666666667
0 0.776171875 0.47239583333333335 0.01015625 0.011458333333333333
0 0.874609375 0.46927083333333336 0.00703125 0.009375
0 0.280078125 0.4671875 0.00546875 0.005208333333333333
0 0.2625 0.46822916666666664 0.0078125 0.009375
0 0.670703125 0.46822916666666664 0.00859375 0.011458333333333333
0 0.853125 0.46510416666666665 0.009375 0.011458333333333333
0 0.246875 0.4578125 0.00625 0.009375
0 0.211328125 0.4552083333333333 0.00234375 0.004166666666666667
0 0.23046875 0.4546875 0.003125 0.005208333333333333
0 0.7390625 0.45677083333333335 0.009375 0.011458333333333333
0 0.2953125 0.45416666666666666 0.0078125 0.00625
0 0.8359375 0.4552083333333333 0.009375 0.010416666666666666
0 0.8015625 0.45208333333333334 0.0078125 0.00625
0 0.32890625 0.453125 0.0078125 0.010416666666666666
0 0.784375 0.45260416666666664 0.00625 0.011458333333333333
0 0.766015625 0.45260416666666664 0.00859375 0.011458333333333333
0 0.884765625 0.4479166666666667 0.01015625 0.0125
0 0.262890625 0.44427083333333334 0.00546875 0.005208333333333333
0 0.197265625 0.44479166666666664 0.00703125 0.008333333333333333
0 0.72421875 0.4453125 0.009375 0.011458333333333333
0 0.28125 0.44166666666666665 0.0078125 0.00625
0 0.18046875 0.43802083333333336 0.00625 0.007291666666666667
0 0.239453125 0.4354166666666667 0.00546875 0.004166666666666667
0 0.21328125 0.434375 0.00625 0.00625
0 0.87109375 0.4317708333333333 0.00625 0.005208333333333333
0 0.8171875 0.43333333333333335 0.0109375 0.0125
0 0.757421875 0.43125 0.00859375 0.008333333333333333
0 0.2953125 0.43020833333333336 0.0078125 0.008333333333333333
0 0.779296875 0.43072916666666666 0.00859375 0.011458333333333333
0 0.25546875 0.4276041666666667 0.00625 0.009375
0 0.880078125 0.42239583333333336 0.00078125 0.0010416666666666667
0 0.1984375 0.42291666666666666 0.00625 0.008333333333333333
0 0.228515625 0.42083333333333334 0.00703125 0.00625
0 0.3109375 0.4192708333333333 0.0078125 0.007291666666666667
0 0.271484375 0.41875 0.00546875 0.00625
0 0.855078125 0.42083333333333334 0.01015625 0.0125
0 0.794140625 0.4192708333333333 0.00859375 0.009375
0 0.591015625 0.41770833333333335 0.00546875 0.010416666666666666
0 0.565234375 0.41770833333333335 0.00546875 0.010416666666666666
0 0.877734375 0.41510416666666666 0.00546875 0.007291666666666667
0 0.46484375 0.41354166666666664 0.0078125 0.010416666666666666
0 0.358203125 0.4114583333333333 0.00859375 0.010416666666666666
0 0.244921875 0.40989583333333335 0.00703125 0.007291666666666667
0 0.1859375 0.4088541666666667 0.00625 0.007291666666666667
0 0.825 0.40729166666666666 0.0109375 0.0125
0 0.74296875 0.40572916666666664 0.009375 0.011458333333333333
0 0.261328125 0.403125 0.00703125 0.008333333333333333
0 0.77890625 0.4036458333333333 0.009375 0.011458333333333333
0 0.548046875 0.40208333333333335 0.00859375 0.010416666666666666
0 0.3015625 0.40208333333333335 0.0078125 0.010416666666666666
0 0.281640625 0.4010416666666667 0.00859375 0.008333333333333333
0 0.223828125 0.39739583333333334 0.00390625 0.003125
0 0.578125 0.4010416666666667 0.009375 0.0125
0 0.31875 0.39947916666666666 0.0078125 0.009375
0 0.608203125 0.39947916666666666 0.00859375 0.011458333333333333
0 0.2 0.3958333333333333 0.00625 0.008333333333333333
0 0.79609375 0.39427083333333335 0.0078125 0.007291666666666667
0 0.425390625 0.3927083333333333 0.00859375 0.010416666666666666
0 0.239453125 0.39010416666666664 0.00703125 0.009375
0 0.342578125 0.3880208333333333 0.00859375 0.011458333333333333
0 0.176171875 0.3848958333333333 0.00546875 0.007291666666666667
0 0.268359375 0.38229166666666664 0.00703125 0.008333333333333333
0 0.83515625 0.38229166666666664 0.0109375 0.0125
0 0.555859375 0.38177083333333334 0.00859375 0.011458333333333333
0 0.8953125 0.38125 0.0109375 0.0125
0 0.2859375 0.37916666666666665 0.0078125 0.008333333333333333
0 0.193359375 0.3765625 0.00703125 0.007291666666666667
0 0.77890625 0.378125 0.009375 0.0125
0 0.416015625 0.37447916666666664 0.00859375 0.011458333333333333
0 0.251171875 0.3734375 0.00703125 0.009375
0 0.79765625 0.3723958333333333 0.009375 0.009375
0 0.228515625 0.37135416666666665 0.00703125 0.007291666666666667
0 0.2109375 0.36875 0.00625 0.004166666666666667
0 0.816796875 0.3692708333333333 0.01015625 0.011458333333333333
0 0.303515625 0.3671875 0.00703125 0.007291666666666667
0 0.27109375 0.3614583333333333 0.0078125 0.008333333333333333
0 0.3203125 0.3614583333333333 0.0078125 0.010416666666666666
0 0.694921875 0.36041666666666666 0.00859375 0.010416666666666666
0 0.668359375 0.3609375 0.00859375 0.011458333333333333
0 0.287890625 0.3578125 0.00703125 0.009375
0 0.53828125 0.3567708333333333 0.0078125 0.011458333333333333
0 0.23828125 0.3515625 0.00625 0.005208333333333333
0 0.221484375 0.35260416666666666 0.00703125 0.007291666666666667
0 0.25546875 0.35260416666666666 0.00625 0.009375
0 0.204296875 0.35 0.00546875 0.00625
0 0.788671875 0.35 0.01015625 0.0125
0 0.1875 0.34739583333333335 0.00625 0.007291666666666667
0 0.5046875 0.346875 0.0078125 0.010416666666666666
0 0.3078125 0.3463541666666667 0.0078125 0.009375
0 0.70703125 0.3453125 0.009375 0.011458333333333333
0 0.679296875 0.3453125 0.00859375 0.011458333333333333
0 0.52578125 0.3453125 0.00625 0.011458333333333333
0 0.655078125 0.34427083333333336 0.00859375 0.011458333333333333
0 0.3953125 0.3421875 0.0078125 0.011458333333333333
0 0.277734375 0.3411458333333333 0.00703125 0.009375
0 0.603125 0.33541666666666664 0.0078125 0.010416666666666666
0 0.425390625 0.3359375 0.00859375 0.011458333333333333
0 0.246875 0.3333333333333333 0.00625 0.00625
0 0.159375 0.33229166666666665 0.0046875 0.004166666666666667
0 0.29453125 0.3338541666666667 0.0078125 0.009375
0 0.216796875 0.33229166666666665 0.00703125 0.008333333333333333
0 0.69296875 0.3328125 0.009375 0.011458333333333333
0 0.75390625 0.33177083333333335 0.009375 0.011458333333333333
0 0.2 0.32916666666666666 0.0046875 0.00625
0 0.3375 0.3302083333333333 0.0078125 0.010416666666666666
0 0.642578125 0.3296875 0.00859375 0.011458333333333333
0 0.409375 0.3296875 0.0078125 0.011458333333333333
0 0.265234375 0.3260416666666667 0.00546875 0.00625
0 0.1828125 0.3265625 0.00625 0.007291666666666667
0 0.319140625 0.3260416666666667 0.00703125 0.010416666666666666
0 0.233203125 0.32395833333333335 0.00703125 0.008333333333333333
0 0.678515625 0.32135416666666666 0.00859375 0.011458333333333333
0 0.3875 0.32083333333333336 0.0078125 0.0125
0 0.28046875 0.3177083333333333 0.0078125 0.008333333333333333
0 0.723046875 0.31875 0.00859375 0.0125
0 0.705859375 0.3177083333333333 0.00859375 0.010416666666666666
0 0.594140625 0.3171875 0.00859375 0.011458333333333333
0 0.525 0.31666666666666665 0.0078125 0.010416666666666666
0 0.34921875 0.3145833333333333 0.0078125 0.010416666666666666
0 0.504296875 0.3140625 0.00859375 0.011458333333333333
0 0.250390625 0.3125 0.00703125 0.008333333333333333
0 0.29765625 0.31145833333333334 0.0078125 0.008333333333333333
0 0.219140625 0.31197916666666664 0.00703125 0.009375
0 0.662890625 0.3109375 0.00859375 0.011458333333333333
0 0.330859375 0.3104166666666667 0.00859375 0.010416666666666666
0 0.17265625 0.30833333333333335 0.00625 0.008333333333333333
0 0.780859375 0.3067708333333333 0.01015625 0.011458333333333333
0 0.4171875 0.30625 0.0078125 0.010416666666666666
0 0.36484375 0.30625 0.0078125 0.010416666666666666
0 0.265625 0.3046875 0.0078125 0.009375
0 0.312890625 0.3020833333333333 0.00859375 0.010416666666666666
0 0.1984375 0.2994791666666667 0.00625 0.005208333333333333
0 0.2359375 0.30104166666666665 0.0078125 0.010416666666666666
0 0.73515625 0.2994791666666667 0.009375 0.011458333333333333
0 0.687109375 0.2984375 0.00859375 0.011458333333333333
0 0.282421875 0.29635416666666664 0.00859375 0.009375
0 0.5359375 0.29635416666666664 0.0078125 0.011458333333333333
0 0.7109375 0.2942708333333333 0.009375 0.011458333333333333
0 0.341796875 0.29322916666666665 0.00859375 0.011458333333333333
0 0.623046875 0.2921875 0.00859375 0.011458333333333333
0 0.298828125 0.2911458333333333 0.00859375 0.009375
0 0.253125 0.2916666666666667 0.0078125 0.010416666666666666
0 0.21640625 0.2916666666666667 0.0078125 0.010416666666666666
0 0.40390625 0.2911458333333333 0.0078125 0.011458333333333333
0 0.661328125 0.2890625 0.00859375 0.009375
0 0.56328125 0.29010416666666666 0.0078125 0.011458333333333333
0 0.426953125 0.28854166666666664 0.00859375 0.010416666666666666
0 0.3875 0.2890625 0.0078125 0.011458333333333333
0 0.16875 0.28802083333333334 0.0078125 0.009375
0 0.324609375 0.2859375 0.00859375 0.011458333333333333
0 0.371484375 0.28489583333333335 0.00859375 0.011458333333333333
0 0.26953125 0.2828125 0.009375 0.009375
0 0.699609375 0.2765625 0.00859375 0.011458333333333333
0 0.498046875 0.2760416666666667 0.00859375 0.0125
0 0.414453125 0.275 0.00859375 0.010416666666666666
0 0.356640625 0.27395833333333336 0.00859375 0.0125
0 0.339453125 0.27291666666666664 0.00859375 0.0125
0 0.287890625 0.27239583333333334 0.00859375 0.011458333333333333
0 0.719140625 0.2703125 0.00859375 0.009375
0 0.257421875 0.2708333333333333 0.01015625 0.010416666666666666
0 0.304296875 0.2703125 0.00859375 0.011458333333333333
0 0.23984375 0.26875 0.009375 0.010416666666666666
0 0.65234375 0.26875 0.0078125 0.0125
0 0.17578125 0.2677083333333333 0.009375 0.010416666666666666
0 0.635546875 0.26614583333333336 0.00859375 0.011458333333333333
0 0.38125 0.26666666666666666 0.0078125 0.0125
0 0.46953125 0.2630208333333333 0.0078125 0.011458333333333333
0 0.225390625 0.2609375 0.01015625 0.011458333333333333
0 0.405078125 0.2578125 0.00859375 0.013541666666666667
0 0.588671875 0.2557291666666667 0.00859375 0.011458333333333333
0 0.348828125 0.25625 0.00859375 0.0125
0 0.781640625 0.25416666666666665 0.01015625 0.0125
0 0.455078125 0.25364583333333335 0.00859375 0.011458333333333333
0 0.31953125 0.253125 0.0078125 0.0125
0 0.74375 0.2520833333333333 0.009375 0.0125
0 0.563671875 0.25052083333333336 0.00859375 0.011458333333333333
0 0.437890625 0.24947916666666667 0.00859375 0.011458333333333333
0 0.420703125 0.25 0.00859375 0.0125
0 0.37578125 0.24739583333333334 0.0078125 0.013541666666666667
0 0.304296875 0.246875 0.00859375 0.0125
0 0.2453125 0.2421875 0.009375 0.011458333333333333
0 0.18125 0.2421875 0.009375 0.011458333333333333
0 0.338671875 0.24010416666666667 0.00859375 0.011458333333333333
0 0.262109375 0.24010416666666667 0.00859375 0.011458333333333333
0 0.630859375 0.23802083333333332 0.00859375 0.011458333333333333
0 0.28046875 0.23697916666666666 0.009375 0.011458333333333333
0 0.2296875 0.2375 0.009375 0.0125
0 0.408203125 0.23697916666666666 0.00859375 0.013541666666666667
0 0.354296875 0.23333333333333334 0.00859375 0.0125
0 0.255078125 0.228125 0.00234375 0.0020833333333333333
0 0.598828125 0.23125 0.00859375 0.0125
0 0.256640625 0.22552083333333334 0.00078125 0.0010416666666666667
0 0.29609375 0.2296875 0.0078125 0.013541666666666667
0 0.4328125 0.2265625 0.0078125 0.013541666666666667
0 0.327734375 0.22395833333333334 0.00859375 0.0125
0 0.386328125 0.22291666666666668 0.00859375 0.0125
0 0.369140625 0.221875 0.00859375 0.0125
0 0.34453125 0.21927083333333333 0.009375 0.013541666666666667
0 0.28359375 0.215625 0.009375 0.010416666666666666
0 0.420703125 0.2125 0.00859375 0.0125
0 0.2109375 0.1921875 0.009375 0.011458333333333333
0 0.433203125 0.1890625 0.00859375 0.013541666666666667
