0 0.276953125 0.871875 0.01015625 0.0125
0 0.393359375 0.8697916666666666 0.00859375 0.0125
0 0.3765625 0.8666666666666667 0.009375 0.0125
0 0.701171875 0.8625 0.00859375 0.0125
0 0.29375 0.8625 0.009375 0.0125
0 0.621875 0.859375 0.0078125 0.0125
0 0.669140625 0.8567708333333334 0.00859375 0.011458333333333333
0 0.772265625 0.8557291666666667 0.00859375 0.013541666666666667
0 0.361328125 0.853125 0.00859375 0.0125
0 0.73515625 0.8515625 0.0078125 0.011458333333333333
0 0.719140625 0.8520833333333333 0.00703125 0.0125
0 0.685546875 0.8520833333333333 0.00859375 0.0125
0 0.642578125 0.8520833333333333 0.00859375 0.0125
0 0.4921875 0.8479166666666667 0.0078125 0.0125
0 0.58984375 0.8463541666666666 0.00625 0.011458333333333333
0 0.340625 0.8453125 0.009375 0.013541666666666667
0 0.8203125 0.8427083333333333 0.009375 0.0125
0 0.74921875 0.8390625 0.009375 0.009375
0 0.892578125 0.8380208333333333 0.00703125 0.011458333333333333
0 0.5515625 0.8369791666666667 0.0078125 0.011458333333333333
0 0.4359375 0.8369791666666667 0.0078125 0.011458333333333333
0 0.52265625 0.8348958333333333 0.0078125 0.011458333333333333
0 0.4125 0.8348958333333333 0.0078125 0.011458333333333333
0 0.76640625 0.834375 0.0078125 0.0125
0 0.709375 0.8338541666666667 0.0046875 0.011458333333333333
0 0.705078125 0.8276041666666667 0.00078125 0.0010416666666666667
0 0.65234375 0.8328125 0.0046875 0.011458333333333333
0 0.676171875 0.8317708333333333 0.00859375 0.011458333333333333
0 0.726171875 0.8307291666666666 0.00859375 0.011458333333333333
0 0.633203125 0.8307291666666666 0.00703125 0.011458333333333333
0 0.616015625 0.8302083333333333 0.00703125 0.010416666666666666
0 0.50625 0.8291666666666667 0.0078125 0.0125
0 0.451953125 0.8286458333333333 0.00703125 0.011458333333333333
0 0.9203125 0.8213541666666667 0.0046875 0.005208333333333333
0 0.5984375 0.8244791666666667 0.0078125 0.011458333333333333
0 0.38828125 0.8239583333333333 0.0078125 0.0125
0 0.367578125 0.821875 0.00859375 0.0125
0 0.93515625 0.8208333333333333 0.0046875 0.0125
0 0.90234375 0.81875 0.0078125 0.008333333333333333
0 0.692578125 0.8208333333333333 0.00703125 0.0125
0 0.16796875 0.8203125 0.009375 0.011458333333333333
0 0.8171875 0.81875 0.009375 0.0125
0 0.741015625 0.8166666666666667 0.00859375 0.0125
0 0.662890625 0.8166666666666667 0.00859375 0.0125
0 0.758984375 0.8135416666666667 0.00546875 0.010416666666666666
0 0.43125 0.8125 0.0078125 0.0125
0 0.709375 0.8109375 0.009375 0.013541666666666667
0 0.529296875 0.8098958333333334 0.00859375 0.011458333333333333
0 0.465234375 0.8098958333333334 0.00703125 0.011458333333333333
0 0.49921875 0.8083333333333333 0.0078125 0.0125
0 0.64765625 0.8036458333333333 0.00625 0.011458333333333333
0 0.601953125 0.8010416666666667 0.00703125 0.0125
0 0.4140625 0.8005208333333333 0.0078125 0.011458333333333333
0 0.445703125 0.7994791666666666 0.00703125 0.011458333333333333
0 0.82421875 0.7958333333333333 0.009375 0.0125
0 0.51640625 0.7953125 0.00625 0.011458333333333333
0 0.351171875 0.7963541666666667 0.00859375 0.013541666666666667
0 0.667578125 0.7942708333333334 0.00859375 0.011458333333333333
0 0.4859375 0.7942708333333334 0.009375 0.011458333333333333
0 0.742578125 0.7927083333333333 0.00859375 0.0125
0 0.616796875 0.7927083333333333 0.00703125 0.0125
0 0.569140625 0.790625 0.00859375 0.0125
0 0.53046875 0.7869791666666667 0.0078125 0.011458333333333333
0 0.758203125 0.7854166666666667 0.00859375 0.0125
0 0.551171875 0.784375 0.00859375 0.0125
0 0.389453125 0.784375 0.00859375 0.0125
0 0.366015625 0.7838541666666666 0.00859375 0.011458333333333333
0 0.50234375 0.7833333333333333 0.00625 0.0125
0 0.59140625 0.7822916666666667 0.0078125 0.0125
0 0.71015625 0.78125 0.00625 0.0125
0 0.796875 0.7796875 0.009375 0.011458333333333333
0 0.654296875 0.7802083333333333 0.00859375 0.0125
0 0.4125 0.7776041666666667 0.0078125 0.011458333333333333
0 0.4296875 0.7755208333333333 0.0078125 0.011458333333333333
0 0.60703125 0.7739583333333333 0.0078125 0.010416666666666666
0 0.47734375 0.7739583333333333 0.0078125 0.0125
0 0.32421875 0.771875 0.009375 0.0125
0 0.862890625 0.7692708333333333 0.01015625 0.011458333333333333
0 0.673828125 0.7697916666666667 0.00859375 0.0125
0 0.516015625 0.7697916666666667 0.00859375 0.0125
0 0.353125 0.76875 0.0078125 0.0125
0 0.184375 0.76875 0.009375 0.0125
0 0.57109375 0.7677083333333333 0.0078125 0.0125
0 0.53984375 0.7677083333333333 0.0078125 0.0125
0 0.378515625 0.7666666666666667 0.00859375 0.0125
0 0.2984375 0.7625 0.009375 0.0125
0 0.76953125 0.7614583333333333 0.009375 0.0125
0 0.701171875 0.7604166666666666 0.00859375 0.010416666666666666
0 0.6203125 0.7609375 0.009375 0.011458333333333333
0 0.49453125 0.7578125 0.0078125 0.011458333333333333
0 0.79453125 0.7567708333333333 0.009375 0.011458333333333333
0 0.655078125 0.7567708333333333 0.00859375 0.011458333333333333
0 0.586328125 0.7567708333333333 0.00859375 0.011458333333333333
0 0.52734375 0.7520833333333333 0.0078125 0.010416666666666666
0 0.461328125 0.7515625 0.00859375 0.011458333333333333
0 0.334375 0.7520833333333333 0.009375 0.0125
0 0.31640625 0.7515625 0.009375 0.011458333333333333
0 0.478515625 0.7505208333333333 0.00859375 0.011458333333333333
0 0.548828125 0.7484375 0.00859375 0.011458333333333333
0 0.601171875 0.7479166666666667 0.00859375 0.0125
0 0.853515625 0.7411458333333333 0.00390625 0.005208333333333333
0 0.571484375 0.7442708333333333 0.00859375 0.011458333333333333
0 0.50859375 0.7442708333333333 0.0078125 0.011458333333333333
0 0.37890625 0.7432291666666667 0.0078125 0.011458333333333333
0 0.1921875 0.7416666666666667 0.009375 0.0125
0 0.66484375 0.7395833333333334 0.009375 0.0125
0 0.4390625 0.7369791666666666 0.0046875 0.007291666666666667
0 0.348828125 0.7385416666666667 0.00859375 0.0125
0 0.617578125 0.7359375 0.00859375 0.011458333333333333
0 0.5875 0.734375 0.0078125 0.010416666666666666
0 0.4921875 0.7354166666666667 0.0046875 0.0125
0 0.536328125 0.7328125 0.00859375 0.011458333333333333
0 0.326953125 0.7317708333333334 0.00859375 0.011458333333333333
0 0.7703125 0.73125 0.009375 0.0125
0 0.403515625 0.7302083333333333 0.00859375 0.0125
0 0.30390625 0.7302083333333333 0.009375 0.0125
0 0.82890625 0.7286458333333333 0.009375 0.011458333333333333
0 0.55703125 0.7286458333333333 0.0078125 0.011458333333333333
0 0.51796875 0.7255208333333333 0.0078125 0.011458333333333333
0 0.4515625 0.7255208333333333 0.0078125 0.011458333333333333
0 0.72578125 0.7244791666666667 0.009375 0.011458333333333333
0 0.65 0.7239583333333334 0.0046875 0.010416666666666666
0 0.425390625 0.7229166666666667 0.00859375 0.010416666666666666
0 0.604296875 0.7223958333333333 0.00859375 0.011458333333333333
0 0.20078125 0.7203125 0.009375 0.011458333333333333
0 0.670703125 0.7192708333333333 0.00859375 0.011458333333333333
0 0.38671875 0.7192708333333333 0.0078125 0.011458333333333333
0 0.871484375 0.7182291666666667 0.00859375 0.011458333333333333
0 0.501953125 0.7171875 0.00859375 0.011458333333333333
0 0.271484375 0.7161458333333334 0.00859375 0.011458333333333333
0 0.18359375 0.7166666666666667 0.009375 0.0125
0 0.4828125 0.715625 0.0046875 0.0125
0 0.3640625 0.7151041666666667 0.0078125 0.011458333333333333
0 0.580078125 0.7140625 0.00859375 0.011458333333333333
0 0.254296875 0.7140625 0.00859375 0.011458333333333333
0 0.545703125 0.7130208333333333 0.00546875 0.011458333333333333
0 0.618359375 0.7119791666666667 0.00859375 0.011458333333333333
0 0.2890625 0.7114583333333333 0.009375 0.0125
0 0.463671875 0.7098958333333333 0.00859375 0.011458333333333333
0 0.344921875 0.7098958333333333 0.00859375 0.011458333333333333
0 0.73828125 0.7088541666666667 0.009375 0.011458333333333333
0 0.41015625 0.7088541666666667 0.0078125 0.011458333333333333
0 0.327734375 0.7088541666666667 0.00859375 0.011458333333333333
0 0.76796875 0.7072916666666667 0.009375 0.0125
0 0.5609375 0.70625 0.0078125 0.010416666666666666
0 0.529296875 0.7057291666666666 0.00546875 0.011458333333333333
0 0.305859375 0.7057291666666666 0.00859375 0.011458333333333333
0 0.446484375 0.7026041666666667 0.00859375 0.011458333333333333
0 0.5953125 0.7 0.0078125 0.010416666666666666
0 0.86171875 0.6984375 0.009375 0.011458333333333333
0 0.6453125 0.6979166666666666 0.0078125 0.010416666666666666
0 0.51171875 0.6984375 0.0078125 0.011458333333333333
0 0.38125 0.6973958333333333 0.0078125 0.011458333333333333
0 0.754296875 0.6942708333333333 0.00859375 0.011458333333333333
0 0.48125 0.6947916666666667 0.0078125 0.0125
0 0.5796875 0.6895833333333333 0.0078125 0.010416666666666666
0 0.54140625 0.690625 0.0046875 0.0125
0 0.397265625 0.6880208333333333 0.00859375 0.011458333333333333
0 0.465625 0.6869791666666667 0.0078125 0.011458333333333333
0 0.416015625 0.6869791666666667 0.00859375 0.011458333333333333
0 0.281640625 0.6875 0.00859375 0.0125
0 0.333984375 0.6859375 0.00859375 0.011458333333333333
0 0.316015625 0.6854166666666667 0.00859375 0.010416666666666666
0 0.498046875 0.6848958333333334 0.00546875 0.011458333333333333
0 0.3671875 0.6848958333333334 0.0078125 0.011458333333333333
0 0.76875 0.6838541666666667 0.009375 0.011458333333333333
0 0.55546875 0.6822916666666666 0.0078125 0.010416666666666666
0 0.433203125 0.6828125 0.00859375 0.011458333333333333
0 0.45 0.6796875 0.0078125 0.011458333333333333
0 0.35078125 0.6796875 0.0078125 0.011458333333333333
0 0.298046875 0.6786458333333333 0.00859375 0.011458333333333333
0 0.796484375 0.6765625 0.00859375 0.011458333333333333
0 0.48203125 0.671875 0.0078125 0.010416666666666666
0 0.51484375 0.6708333333333333 0.0078125 0.010416666666666666
0 0.53203125 0.6703125 0.0078125 0.011458333333333333
0 0.75625 0.6682291666666667 0.009375 0.011458333333333333
0 0.780859375 0.6671875 0.00859375 0.011458333333333333
0 0.40390625 0.6671875 0.0078125 0.011458333333333333
0 0.377734375 0.6666666666666666 0.00703125 0.010416666666666666
0 0.338671875 0.6640625 0.00859375 0.011458333333333333
0 0.3125 0.6635416666666667 0.0078125 0.010416666666666666
0 0.54765625 0.6625 0.0078125 0.010416666666666666
0 0.26328125 0.6630208333333333 0.0078125 0.011458333333333333
0 0.860546875 0.6619791666666667 0.01015625 0.011458333333333333
0 0.60703125 0.6609375 0.0078125 0.011458333333333333
0 0.57421875 0.6609375 0.0078125 0.011458333333333333
0 0.42578125 0.6604166666666667 0.0078125 0.010416666666666666
0 0.2875 0.6609375 0.0078125 0.011458333333333333
0 0.740625 0.6604166666666667 0.009375 0.0125
0 0.83515625 0.6567708333333333 0.009375 0.011458333333333333
0 0.469140625 0.65625 0.00703125 0.010416666666666666
0 0.3640625 0.6536458333333334 0.0078125 0.009375
0 0.391015625 0.6510416666666666 0.00859375 0.010416666666666666
0 0.245703125 0.6515625 0.00859375 0.011458333333333333
0 0.2109375 0.6510416666666666 0.0078125 0.010416666666666666
0 0.72890625 0.6442708333333333 0.009375 0.011458333333333333
0 0.52421875 0.6432291666666666 0.0078125 0.011458333333333333
0 0.40703125 0.6427083333333333 0.0078125 0.010416666666666666
0 0.31796875 0.6395833333333333 0.0078125 0.00625
0 0.299609375 0.6416666666666667 0.00859375 0.010416666666666666
0 0.336328125 0.6411458333333333 0.00859375 0.011458333333333333
0 0.282421875 0.6395833333333333 0.00859375 0.010416666666666666
0 0.5734375 0.6395833333333333 0.0078125 0.0125
0 0.42421875 0.6385416666666667 0.0078125 0.010416666666666666
0 0.353125 0.6364583333333333 0.0078125 0.010416666666666666
0 0.59609375 0.6296875 0.0078125 0.009375
0 0.25078125 0.6302083333333334 0.0078125 0.010416666666666666
0 0.716796875 0.6291666666666667 0.00859375 0.010416666666666666
0 0.45625 0.6291666666666667 0.0078125 0.010416666666666666
0 0.53515625 0.6270833333333333 0.0078125 0.010416666666666666
0 0.267578125 0.6265625 0.00859375 0.009375
0 0.38359375 0.6255208333333333 0.0078125 0.009375
0 0.48203125 0.625 0.0078125 0.010416666666666666
0 0.8015625 0.6244791666666667 0.009375 0.011458333333333333
0 0.732421875 0.6234375 0.00859375 0.011458333333333333
0 0.309765625 0.6229166666666667 0.00859375 0.010416666666666666
0 0.839453125 0.6213541666666667 0.01015625 0.011458333333333333
0 0.32890625 0.6208333333333333 0.0078125 0.010416666666666666
0 0.293359375 0.6213541666666667 0.00859375 0.011458333333333333
0 0.43671875 0.6203125 0.0078125 0.011458333333333333
0 0.748046875 0.6171875 0.00859375 0.011458333333333333
0 0.703515625 0.615625 0.00859375 0.010416666666666666
0 0.40078125 0.6109375 0.0078125 0.009375
0 0.57421875 0.6088541666666667 0.0078125 0.009375
0 0.60703125 0.6083333333333333 0.0078125 0.010416666666666666
0 0.851953125 0.6057291666666667 0.01015625 0.011458333333333333
0 0.3515625 0.6057291666666667 0.0078125 0.011458333333333333
0 0.263671875 0.6052083333333333 0.00859375 0.010416666666666666
0 0.24609375 0.6052083333333333 0.0078125 0.010416666666666666
0 0.31796875 0.6036458333333333 0.0078125 0.011458333333333333
0 0.2828125 0.603125 0.0078125 0.010416666666666666
0 0.300390625 0.6010416666666667 0.00859375 0.010416666666666666
0 0.334765625 0.596875 0.00703125 0.008333333333333333
0 0.46875 0.5958333333333333 0.0078125 0.010416666666666666
0 0.1671875 0.5953125 0.0078125 0.009375
0 0.38359375 0.5916666666666667 0.0078125 0.010416666666666666
0 0.453515625 0.5895833333333333 0.00859375 0.010416666666666666
0 0.255859375 0.5848958333333333 0.00546875 0.007291666666666667
0 0.2109375 0.5864583333333333 0.0078125 0.010416666666666666
0 0.35546875 0.5833333333333334 0.00625 0.010416666666666666
0 0.290625 0.5828125 0.009375 0.011458333333333333
0 0.858984375 0.58125 0.01015625 0.010416666666666666
0 0.315625 0.58125 0.0078125 0.010416666666666666
0 0.273046875 0.5796875 0.00859375 0.009375
0 0.544921875 0.5791666666666667 0.00703125 0.010416666666666666
0 0.233203125 0.5776041666666667 0.00546875 0.007291666666666667
0 0.470703125 0.5739583333333333 0.00703125 0.010416666666666666
0 0.390625 0.571875 0.0078125 0.010416666666666666
0 0.3421875 0.5677083333333334 0.00625 0.008333333333333333
0 0.2 0.5666666666666667 0.0078125 0.010416666666666666
0 0.24921875 0.5635416666666667 0.003125 0.00625
0 0.36328125 0.5640625 0.0078125 0.009375
0 0.305078125 0.5645833333333333 0.00859375 0.010416666666666666
0 0.169921875 0.5630208333333333 0.00703125 0.009375
0 0.28359375 0.5630208333333333 0.0078125 0.011458333333333333
0 0.321875 0.5609375 0.0078125 0.009375
0 0.266015625 0.5598958333333334 0.00859375 0.009375
0 0.232421875 0.5552083333333333 0.00546875 0.00625
0 0.215234375 0.553125 0.00546875 0.004166666666666667
0 0.199609375 0.5447916666666667 0.00703125 0.008333333333333333
0 0.29453125 0.5447916666666667 0.0078125 0.010416666666666666
0 0.24921875 0.54375 0.0078125 0.010416666666666666
0 0.27734375 0.5427083333333333 0.00625 0.010416666666666666
0 0.31015625 0.5354166666666667 0.0078125 0.010416666666666666
0 0.2296875 0.534375 0.0078125 0.010416666666666666
0 0.212890625 0.5302083333333333 0.00703125 0.010416666666666666
0 0.359375 0.5286458333333334 0.0078125 0.009375
0 0.26171875 0.528125 0.0078125 0.010416666666666666
0 0.88125 0.525 0.0078125 0.010416666666666666
0 0.862890625 0.5244791666666667 0.00859375 0.011458333333333333
0 0.18125 0.5213541666666667 0.0046875 0.005208333333333333
0 0.3765625 0.5229166666666667 0.0078125 0.010416666666666666
0 0.29453125 0.5223958333333333 0.0078125 0.009375
0 0.244140625 0.521875 0.00859375 0.010416666666666666
0 0.27734375 0.5166666666666667 0.0078125 0.00625
0 0.198046875 0.515625 0.00859375 0.010416666666666666
0 0.795703125 0.5135416666666667 0.01015625 0.010416666666666666
0 0.226171875 0.5109375 0.00390625 0.005208333333333333
0 0.818359375 0.5104166666666666 0.00546875 0.010416666666666666
0 0.256640625 0.50625 0.00703125 0.008333333333333333
0 0.678515625 0.5052083333333334 0.00859375 0.010416666666666666
0 0.167578125 0.5046875 0.00703125 0.009375
0 0.882421875 0.5041666666666667 0.01015625 0.010416666666666666
0 0.23984375 0.5005208333333333 0.0078125 0.009375
0 0.184765625 0.5015625 0.00703125 0.011458333333333333
0 0.15 0.5005208333333333 0.00625 0.009375
0 0.209375 0.49895833333333334 0.0078125 0.010416666666666666
0 0.833203125 0.4984375 0.01015625 0.011458333333333333
0 0.29140625 0.4979166666666667 0.0078125 0.010416666666666666
0 0.27265625 0.4973958333333333 0.0078125 0.009375
0 0.746875 0.496875 0.0046875 0.010416666666666666
0 0.404296875 0.48541666666666666 0.00703125 0.00625
0 0.77109375 0.4859375 0.0046875 0.011458333333333333
0 0.253125 0.48541666666666666 0.0078125 0.010416666666666666
0 0.175390625 0.484375 0.00703125 0.010416666666666666
0 0.6125 0.48125 0.0078125 0.010416666666666666
0 0.21953125 0.48020833333333335 0.00625 0.008333333333333333
0 0.23671875 0.4796875 0.0078125 0.009375
0 0.28046875 0.47708333333333336 0.0078125 0.010416666666666666
0 0.74609375 0.4744791666666667 0.0078125 0.011458333333333333
0 0.38515625 0.4734375 0.0078125 0.009375
0 0.203515625 0.46875 0.00390625 0.004166666666666667
0 0.762890625 0.4703125 0.00859375 0.011458333333333333
0 0.24921875 0.4630208333333333 0.0078125 0.009375
0 0.8609375 0.46041666666666664 0.00625 0.00625
0 0.26875 0.46197916666666666 0.0078125 0.009375
0 0.39765625 0.45989583333333334 0.0078125 0.009375
0 0.63359375 0.45677083333333335 0.0078125 0.009375
0 0.845703125 0.453125 0.01015625 0.010416666666666666
0 0.215234375 0.4505208333333333 0.00703125 0.005208333333333333
0 0.19765625 0.44947916666666665 0.00625 0.009375
0 0.28203125 0.4484375 0.0078125 0.009375
0 0.796484375 0.446875 0.01015625 0.010416666666666666
0 0.298828125 0.4453125 0.00859375 0.009375
0 0.24140625 0.4427083333333333 0.0046875 0.004166666666666667
0 0.83046875 0.44375 0.009375 0.010416666666666666
0 0.870703125 0.4421875 0.01015625 0.011458333333333333
0 0.25859375 0.43854166666666666 0.0046875 0.00625
0 0.490625 0.4395833333333333 0.0078125 0.010416666666666666
0 0.22265625 0.4328125 0.0078125 0.009375
0 0.3640625 0.43125 0.0078125 0.010416666666666666
0 0.471484375 0.4296875 0.00703125 0.009375
0 0.33359375 0.43020833333333336 0.0078125 0.010416666666666666
0 0.767578125 0.428125 0.01015625 0.010416666666666666
0 0.276171875 0.42604166666666665 0.00703125 0.00625
0 0.30703125 0.42604166666666665 0.00625 0.008333333333333333
0 0.20625 0.4265625 0.00625 0.009375
0 0.23828125 0.42239583333333336 0.0078125 0.009375
0 0.861328125 0.42135416666666664 0.00859375 0.009375
0 0.809375 0.4125 0.009375 0.010416666666666666
0 0.35390625 0.4109375 0.0078125 0.009375
0 0.79140625 0.41041666666666665 0.009375 0.010416666666666666
0 0.225390625 0.40989583333333335 0.00703125 0.009375
0 0.315234375 0.40625 0.00703125 0.00625
0 0.26015625 0.4078125 0.0078125 0.009375
0 0.7703125 0.40729166666666666 0.009375 0.010416666666666666
0 0.63828125 0.40625 0.0078125 0.010416666666666666
0 0.2984375 0.40625 0.0078125 0.010416666666666666
0 0.73046875 0.4036458333333333 0.003125 0.009375
0 0.243359375 0.39739583333333334 0.00390625 0.007291666666666667
0 0.83203125 0.3963541666666667 0.009375 0.011458333333333333
0 0.278125 0.39427083333333335 0.0078125 0.009375
0 0.323046875 0.38958333333333334 0.00703125 0.010416666666666666
0 0.783984375 0.3875 0.00859375 0.010416666666666666
0 0.259765625 0.38333333333333336 0.00546875 0.004166666666666667
0 0.7671875 0.3859375 0.0078125 0.011458333333333333
0 0.29609375 0.38125 0.0078125 0.010416666666666666
0 0.809375 0.3802083333333333 0.009375 0.010416666666666666
0 0.74375 0.37395833333333334 0.009375 0.010416666666666666
0 0.28046875 0.3723958333333333 0.0078125 0.009375
0 0.231640625 0.3723958333333333 0.00703125 0.009375
0 0.248046875 0.37135416666666665 0.00703125 0.009375
0 0.77421875 0.36875 0.009375 0.0125
0 0.26484375 0.365625 0.0078125 0.008333333333333333
0 0.796875 0.365625 0.009375 0.010416666666666666
0 0.32421875 0.36302083333333335 0.0078125 0.009375
0 0.587890625 0.35989583333333336 0.00703125 0.009375
0 0.36953125 0.35572916666666665 0.0078125 0.009375
0 0.220703125 0.35572916666666665 0.00703125 0.009375
0 0.187109375 0.3536458333333333 0.00703125 0.005208333333333333
0 0.700390625 0.353125 0.00859375 0.010416666666666666
0 0.82734375 0.35208333333333336 0.0046875 0.010416666666666666
0 0.278125 0.35052083333333334 0.00625 0.007291666666666667
0 0.7859375 0.3489583333333333 0.009375 0.010416666666666666
0 0.76328125 0.34791666666666665 0.009375 0.010416666666666666
0 0.341015625 0.34791666666666665 0.00703125 0.010416666666666666
0 0.29375 0.3463541666666667 0.0078125 0.009375
0 0.314453125 0.34270833333333334 0.00703125 0.010416666666666666
0 0.2 0.34010416666666665 0.00625 0.005208333333333333
0 0.445703125 0.33958333333333335 0.00703125 0.010416666666666666
0 0.675390625 0.3385416666666667 0.00859375 0.010416666666666666
0 0.7109375 0.3375 0.009375 0.010416666666666666
0 0.3546875 0.3359375 0.0078125 0.009375
0 0.836328125 0.3375 0.01015625 0.016666666666666666
0 0.69140625 0.33489583333333334 0.0078125 0.011458333333333333
0 0.584375 0.334375 0.0078125 0.010416666666666666
0 0.273046875 0.33125 0.00703125 0.008333333333333333
0 0.300390625 0.3265625 0.00703125 0.009375
0 0.226953125 0.3234375 0.00703125 0.009375
0 0.19140625 0.3234375 0.00625 0.009375
0 0.243359375 0.3223958333333333 0.00703125 0.009375
0 0.3390625 0.32083333333333336 0.0078125 0.008333333333333333
0 0.259765625 0.3171875 0.00703125 0.005208333333333333
0 0.669140625 0.31927083333333334 0.00859375 0.011458333333333333
0 0.3609375 0.31614583333333335 0.0078125 0.009375
0 0.323046875 0.31354166666666666 0.00703125 0.010416666666666666
0 0.726171875 0.31302083333333336 0.00859375 0.011458333333333333
0 0.708984375 0.31302083333333336 0.00859375 0.011458333333333333
0 0.520703125 0.31145833333333334 0.00703125 0.010416666666666666
0 0.380078125 0.30833333333333335 0.00703125 0.010416666666666666
0 0.6125 0.3072916666666667 0.0078125 0.010416666666666666
0 0.30703125 0.30625 0.00625 0.008333333333333333
0 0.434765625 0.30520833333333336 0.00703125 0.010416666666666666
0 0.506640625 0.3026041666666667 0.00703125 0.009375
0 0.274609375 0.303125 0.00703125 0.010416666666666666
0 0.7796875 0.3026041666666667 0.009375 0.011458333333333333
0 0.339453125 0.3 0.00703125 0.008333333333333333
0 0.24453125 0.30052083333333335 0.0078125 0.009375
0 0.20390625 0.29739583333333336 0.00625 0.005208333333333333
0 0.55234375 0.2984375 0.0078125 0.009375
0 0.291015625 0.29739583333333336 0.00703125 0.009375
0 0.36484375 0.29635416666666664 0.0078125 0.009375
0 0.221484375 0.2947916666666667 0.00703125 0.008333333333333333
0 0.73828125 0.2947916666666667 0.009375 0.010416666666666666
0 0.26015625 0.29375 0.0078125 0.010416666666666666
0 0.5203125 0.29270833333333335 0.0078125 0.0125
0 0.713671875 0.28958333333333336 0.00859375 0.010416666666666666
0 0.566015625 0.28958333333333336 0.00703125 0.010416666666666666
0 0.32734375 0.2864583333333333 0.0078125 0.010416666666666666
0 0.3109375 0.2859375 0.0078125 0.009375
0 0.350390625 0.284375 0.00703125 0.010416666666666666
0 0.191015625 0.28177083333333336 0.00703125 0.007291666666666667
0 0.284375 0.2786458333333333 0.0078125 0.009375
0 0.211328125 0.278125 0.00703125 0.008333333333333333
0 0.7 0.2786458333333333 0.009375 0.011458333333333333
0 0.530859375 0.275 0.00703125 0.010416666666666666
0 0.434375 0.27447916666666666 0.0078125 0.009375
0 0.253515625 0.27447916666666666 0.00703125 0.009375
0 0.376171875 0.2734375 0.00703125 0.009375
0 0.398046875 0.271875 0.00703125 0.010416666666666666
0 0.3 0.2713541666666667 0.0078125 0.009375
0 0.625 0.2703125 0.0078125 0.011458333333333333
0 0.66328125 0.2682291666666667 0.003125 0.009375
0 0.360546875 0.26875 0.00703125 0.010416666666666666
0 0.33359375 0.2671875 0.0078125 0.007291666666666667
0 0.5546875 0.2677083333333333 0.0078125 0.010416666666666666
0 0.3171875 0.265625 0.0078125 0.008333333333333333
0 0.275390625 0.26145833333333335 0.00703125 0.010416666666666666
0 0.70234375 0.259375 0.009375 0.0125
0 0.720703125 0.25677083333333334 0.00859375 0.011458333333333333
0 0.38828125 0.2557291666666667 0.0078125 0.009375
0 0.347265625 0.25625 0.00703125 0.010416666666666666
0 0.2375 0.2557291666666667 0.0078125 0.009375
0 0.20078125 0.25625 0.0078125 0.010416666666666666
0 0.529296875 0.25416666666666665 0.00703125 0.010416666666666666
0 0.369140625 0.2520833333333333 0.00703125 0.010416666666666666
0 0.443359375 0.25052083333333336 0.00703125 0.009375
0 0.31015625 0.24895833333333334 0.0078125 0.010416666666666666
0 0.548828125 0.24739583333333334 0.00703125 0.011458333333333333
0 0.61328125 0.24635416666666668 0.0078125 0.011458333333333333
0 0.3296875 0.24635416666666668 0.0078125 0.011458333333333333
0 0.65703125 0.24270833333333333 0.0078125 0.010416666666666666
0 0.29609375 0.2390625 0.0078125 0.011458333333333333
0 0.725 0.23854166666666668 0.009375 0.0125
0 0.59921875 0.23802083333333332 0.0078125 0.011458333333333333
0 0.4328125 0.23333333333333334 0.0078125 0.010416666666666666
0 0.359375 0.23333333333333334 0.0078125 0.010416666666666666
0 0.531640625 0.23229166666666667 0.00703125 0.010416666666666666
0 0.20546875 0.23177083333333334 0.0078125 0.011458333333333333
0 0.26875 0.23072916666666668 0.0078125 0.011458333333333333
0 0.375390625 0.22916666666666666 0.00703125 0.010416666666666666
0 0.2515625 0.2296875 0.0078125 0.011458333333333333
0 0.451953125 0.22864583333333333 0.00703125 0.011458333333333333
0 0.58515625 0.22708333333333333 0.0078125 0.010416666666666666
0 0.336328125 0.22708333333333333 0.00703125 0.010416666666666666
0 0.31953125 0.2234375 0.0078125 0.011458333333333333
0 0.38984375 0.21979166666666666 0.0078125 0.010416666666666666
0 0.462890625 0.21354166666666666 0.00703125 0.010416666666666666
0 0.36484375 0.21354166666666666 0.0078125 0.010416666666666666
0 0.27734375 0.21302083333333333 0.0078125 0.011458333333333333
0 0.447265625 0.21041666666666667 0.00703125 0.0125
0 0.30546875 0.209375 0.0078125 0.010416666666666666
