0 0.225390625 0.92936694021102 0.00078125 0.0005861664712778429
0 0.21796875 0.92936694021102 0.0015625 0.0005861664712778429
0 0.24921875 0.9258499413833529 0.0046875 0.004103165298944901
0 0.183203125 0.9194021101992966 0.00078125 0.0005861664712778429
0 0.190234375 0.9194021101992966 0.00703125 0.006447831184056272
0 0.2125 0.914126611957796 0.0109375 0.004103165298944901
0 0.33359375 0.9097303634232122 0.0109375 0.005861664712778429
0 0.511328125 0.9000586166471278 0.01171875 0.011137162954279016
0 0.178125 0.8898007033997656 0.0125 0.009378663540445486
0 0.659765625 0.8898007033997656 0.01171875 0.010550996483001172
0 0.33046875 0.8801289566236812 0.0015625 0.0005861664712778429
0 0.339453125 0.8807151230949589 0.00390625 0.0029308323563892145
0 0.291015625 0.8783704572098476 0.00078125 0.0005861664712778429
0 0.560546875 0.8821805392731535 0.01171875 0.009378663540445486
0 0.594140625 0.8792497069167644 0.01171875 0.007033997655334115
0 0.523828125 0.8783704572098476 0.01171875 0.011137162954279016
0 0.3703125 0.8745603751465416 0.003125 0.0035169988276670576
0 0.625 0.8748534583821805 0.0109375 0.00996483001172333
0 0.272265625 0.8648886283704572 0.00078125 0.0005861664712778429
0 0.410546875 0.8678194607268465 0.01171875 0.0076201641266119575
0 0.61015625 0.8648886283704572 0.0046875 0.005275498241500586
0 0.571484375 0.865767878077374 0.01015625 0.009378663540445486
0 0.185546875 0.861957796014068 0.00546875 0.0017584994138335288
0 0.30390625 0.8637162954279015 0.0125 0.00996483001172333
0 0.334375 0.8631301289566237 0.0125 0.00996483001172333
0 0.233203125 0.861957796014068 0.01328125 0.00996483001172333
0 0.216015625 0.8558030480656507 0.00234375 0.0023446658851113715
0 0.37265625 0.8555099648300117 0.0125 0.00996483001172333
0 0.44296875 0.8487690504103166 0.0109375 0.008206330597889801
0 0.622265625 0.8490621336459554 0.01171875 0.00996483001172333
0 0.473046875 0.8487690504103166 0.01171875 0.010550996483001172
0 0.576953125 0.8455451348182884 0.01171875 0.008792497069167644
0 0.2953125 0.8370457209847597 0.0125 0.004689331770222743
0 0.425390625 0.8373388042203986 0.01171875 0.011137162954279016
0 0.251953125 0.8352872215709262 0.01171875 0.009378663540445486
0 0.458984375 0.8338218053927315 0.01171875 0.00996483001172333
0 0.344140625 0.8341148886283705 0.01171875 0.010550996483001172
0 0.58984375 0.8303048065650644 0.0078125 0.0076201641266119575
0 0.66171875 0.8297186400937866 0.0109375 0.00996483001172333
0 0.27578125 0.8220984759671747 0.003125 0.0029308323563892145
0 0.273046875 0.8203399765533411 0.00078125 0.0005861664712778429
0 0.27109375 0.8197538100820633 0.0015625 0.0005861664712778429
0 0.298046875 0.8188745603751465 0.01328125 0.009378663540445486
0 0.63671875 0.8185814771395076 0.0109375 0.00996483001172333
0 0.207421875 0.8162368112543963 0.01328125 0.008792497069167644
0 0.187890625 0.8118405627198124 0.00078125 0.0011723329425556857
0 0.678125 0.8153575615474795 0.009375 0.009378663540445486
0 0.6578125 0.8115474794841735 0.0078125 0.006447831184056272
0 0.1796875 0.8086166471277842 0.0046875 0.0017584994138335288
0 0.525 0.8124267291910903 0.0125 0.010550996483001172
0 0.607421875 0.8103751465416178 0.01171875 0.00996483001172333
0 0.321875 0.8065650644783119 0.0125 0.008206330597889801
0 0.580859375 0.8045134818288394 0.01171875 0.00996483001172333
0 0.28359375 0.8039273153575616 0.0125 0.00996483001172333
0 0.2 0.8001172332942555 0.0046875 0.004689331770222743
0 0.675390625 0.7974794841735052 0.00859375 0.006447831184056272
0 0.453515625 0.7960140679953107 0.01171875 0.010550996483001172
0 0.495703125 0.7954279015240329 0.01171875 0.010550996483001172
0 0.227734375 0.7924970691676436 0.01171875 0.009378663540445486
0 0.622265625 0.7919109026963658 0.01171875 0.010550996483001172
0 0.5390625 0.791031652989449 0.0078125 0.00996483001172333
0 0.253125 0.7883939038686987 0.009375 0.008206330597889801
0 0.31953125 0.7878077373974208 0.0125 0.009378663540445486
0 0.60234375 0.7854630715123095 0.0109375 0.010550996483001172
0 0.344921875 0.7807737397420867 0.00234375 0.0035169988276670576
0 0.697265625 0.7834114888628371 0.01171875 0.00996483001172333
0 0.19609375 0.7804806565064478 0.0046875 0.005275498241500586
0 0.480078125 0.7807737397420867 0.00703125 0.008206330597889801
0 0.3953125 0.7810668229777257 0.0109375 0.00996483001172333
0 0.672265625 0.7793083235638921 0.01171875 0.008792497069167644
0 0.368359375 0.7790152403282532 0.00859375 0.009378663540445486
0 0.153515625 0.7790152403282532 0.01171875 0.009378663540445486
0 0.793359375 0.7781359906213364 0.01171875 0.00996483001172333
0 0.740625 0.7766705744431418 0.0125 0.009378663540445486
0 0.21953125 0.776084407971864 0.0109375 0.008206330597889801
0 0.61953125 0.7711019929660023 0.0109375 0.0076201641266119575
0 0.24921875 0.7699296600234466 0.0109375 0.0076201641266119575
0 0.715234375 0.7664126611957796 0.01171875 0.008792497069167644
0 0.46875 0.7646541617819461 0.0109375 0.00996483001172333
0 0.298046875 0.7643610785463072 0.01015625 0.009378663540445486
0 0.3390625 0.7634818288393904 0.0109375 0.008792497069167644
0 0.272265625 0.7637749120750293 0.01171875 0.009378663540445486
0 0.205859375 0.7605509964830012 0.01015625 0.0076201641266119575
0 0.682421875 0.761137162954279 0.01171875 0.00996483001172333
0 0.591796875 0.7608440797186401 0.01171875 0.010550996483001172
0 0.36328125 0.7582063305978898 0.0078125 0.008792497069167644
0 0.231640625 0.7564478311840562 0.00859375 0.006447831184056272
0 0.3875 0.7529308323563892 0.009375 0.006447831184056272
0 0.6515625 0.753810082063306 0.0125 0.009378663540445486
0 0.616015625 0.7535169988276671 0.01015625 0.008792497069167644
0 0.31875 0.7532239155920282 0.0125 0.009378663540445486
0 0.255078125 0.7511723329425557 0.01171875 0.008792497069167644
0 0.71640625 0.7488276670574443 0.0125 0.008792497069167644
0 0.286328125 0.7476553341148886 0.01171875 0.0076201641266119575
0 0.21640625 0.7432590855803048 0.0109375 0.008206330597889801
0 0.18515625 0.7438452520515827 0.0109375 0.009378663540445486
0 0.6 0.7420867526377491 0.0109375 0.009378663540445486
0 0.79765625 0.7403282532239156 0.0125 0.009378663540445486
0 0.64140625 0.738569753810082 0.0109375 0.009378663540445486
0 0.391015625 0.7344665885111371 0.01015625 0.008206330597889801
0 0.304296875 0.731535756154748 0.00859375 0.007033997655334115
0 0.621484375 0.731535756154748 0.01171875 0.009378663540445486
0 0.74921875 0.7309495896834701 0.0125 0.009378663540445486
0 0.24765625 0.7300703399765534 0.0125 0.00996483001172333
0 0.2015625 0.7297772567409144 0.0125 0.009378663540445486
0 0.512109375 0.7280187573270809 0.01171875 0.009378663540445486
0 0.1734375 0.7268464243845252 0.0125 0.009378663540445486
0 0.27890625 0.7245017584994138 0.0125 0.009378663540445486
0 0.731640625 0.7198124267291911 0.01171875 0.008206330597889801
0 0.357421875 0.7189331770222743 0.01171875 0.00996483001172333
0 0.77890625 0.7151230949589683 0.0125 0.009378663540445486
0 0.216015625 0.7148300117233294 0.01171875 0.008792497069167644
0 0.191796875 0.7124853458382181 0.01328125 0.00996483001172333
0 0.240234375 0.7080890973036342 0.01171875 0.007033997655334115
0 0.610546875 0.7077960140679953 0.01171875 0.008792497069167644
0 0.755859375 0.7069167643610785 0.01171875 0.009378663540445486
0 0.154296875 0.7039859320046893 0.01171875 0.008206330597889801
0 0.732421875 0.7022274325908558 0.01171875 0.008206330597889801
0 0.699609375 0.7022274325908558 0.01171875 0.008206330597889801
0 0.302734375 0.7022274325908558 0.01328125 0.009378663540445486
0 0.326953125 0.6998827667057445 0.01171875 0.009378663540445486
0 0.17734375 0.697831184056272 0.0109375 0.008792497069167644
0 0.480859375 0.6972450175849941 0.01171875 0.008792497069167644
0 0.222265625 0.6960726846424384 0.01171875 0.008792497069167644
0 0.774609375 0.6954865181711606 0.01171875 0.008792497069167644
0 0.718359375 0.6887456037514654 0.01171875 0.008206330597889801
0 0.35390625 0.6881594372801876 0.0125 0.009378663540445486
0 0.201171875 0.6881594372801876 0.01328125 0.009378663540445486
0 0.690625 0.686694021101993 0.009375 0.008792497069167644
0 0.309765625 0.6837631887456037 0.01171875 0.00996483001172333
0 0.753515625 0.6828839390386869 0.01171875 0.009378663540445486
0 0.642578125 0.6820046893317703 0.01171875 0.008792497069167644
0 0.269921875 0.6817116060961314 0.01328125 0.009378663540445486
0 0.179296875 0.6779015240328253 0.01328125 0.00996483001172333
0 0.73125 0.6743845252051582 0.0109375 0.008792497069167644
0 0.223828125 0.6746776084407972 0.01328125 0.009378663540445486
0 0.708203125 0.6732121922626025 0.01171875 0.008792497069167644
0 0.29140625 0.6729191090269636 0.0125 0.009378663540445486
0 0.2484375 0.6711606096131302 0.0140625 0.008206330597889801
0 0.7765625 0.6655920281359906 0.0125 0.008792497069167644
0 0.6921875 0.6611957796014069 0.0109375 0.008206330597889801
0 0.584765625 0.6611957796014069 0.01171875 0.008206330597889801
0 0.20234375 0.6614888628370457 0.0125 0.008792497069167644
0 0.165625 0.660609613130129 0.0125 0.008206330597889801
0 0.2765625 0.6585580304806565 0.0125 0.008792497069167644
0 0.33125 0.6576787807737398 0.0125 0.009378663540445486
0 0.755859375 0.656799531066823 0.01171875 0.008792497069167644
0 0.812109375 0.6556271981242673 0.01171875 0.008792497069167644
0 0.30078125 0.6559202813599062 0.0125 0.009378663540445486
0 0.226953125 0.6553341148886284 0.01328125 0.009378663540445486
0 0.716015625 0.6521101992966002 0.01171875 0.008792497069167644
0 0.25234375 0.6524032825322391 0.0140625 0.009378663540445486
0 0.1859375 0.6483001172332943 0.0125 0.008206330597889801
0 0.793359375 0.6474208675263775 0.01171875 0.0076201641266119575
0 0.684765625 0.6450762016412661 0.01171875 0.008792497069167644
0 0.155078125 0.6444900351699883 0.01328125 0.008792497069167644
0 0.21015625 0.6412661195779601 0.0125 0.009378663540445486
0 0.31953125 0.6406799531066822 0.0125 0.009378663540445486
0 0.271484375 0.6406799531066822 0.01328125 0.009378663540445486
0 0.23671875 0.6389214536928488 0.0125 0.009378663540445486
0 0.29609375 0.6339390386869871 0.0125 0.006447831184056272
0 0.737890625 0.6345252051582649 0.01171875 0.008792497069167644
0 0.71328125 0.634232121922626 0.0109375 0.008206330597889801
0 0.789453125 0.6310082063305978 0.01015625 0.0076201641266119575
0 0.190234375 0.6292497069167644 0.01328125 0.0076201641266119575
0 0.220703125 0.6257327080890973 0.01328125 0.006447831184056272
0 0.162109375 0.6260257913247362 0.01328125 0.009378663540445486
0 0.585546875 0.6222157092614302 0.01015625 0.008792497069167644
0 0.2453125 0.6198710433763188 0.0125 0.0076201641266119575
0 0.715625 0.6169402110199297 0.0109375 0.008792497069167644
0 0.780859375 0.6148886283704572 0.01171875 0.008206330597889801
0 0.29296875 0.6140093786635404 0.0125 0.00996483001172333
0 0.180859375 0.6131301289566237 0.01328125 0.008206330597889801
0 0.746484375 0.6122508792497069 0.01015625 0.008792497069167644
0 0.268359375 0.6122508792497069 0.01328125 0.008792497069167644
0 0.558203125 0.6099062133645955 0.01171875 0.0076201641266119575
0 0.205078125 0.6090269636576788 0.01015625 0.005861664712778429
0 0.230859375 0.6060961313012896 0.01328125 0.008206330597889801
0 0.325 0.604630715123095 0.0125 0.00996483001172333
0 0.728515625 0.6031652989449003 0.01015625 0.008206330597889801
0 0.148828125 0.6028722157092614 0.01328125 0.0076201641266119575
0 0.262109375 0.5949589683470106 0.01328125 0.009378663540445486
0 0.6875 0.5934935521688159 0.0109375 0.0076201641266119575
0 0.2140625 0.5923212192262602 0.0125 0.0076201641266119575
0 0.1890625 0.5914419695193435 0.0109375 0.005861664712778429
0 0.55078125 0.5917350527549824 0.0109375 0.008792497069167644
0 0.303125 0.5908558030480656 0.0125 0.009378663540445486
0 0.238671875 0.5876318874560376 0.01328125 0.008792497069167644
0 0.79609375 0.5849941383352872 0.0109375 0.008206330597889801
0 0.165625 0.5844079718640094 0.0125 0.007033997655334115
0 0.70390625 0.5817702227432591 0.0109375 0.008792497069167644
0 0.28515625 0.5791324736225087 0.0125 0.009378663540445486
0 0.68359375 0.5762016412661196 0.0109375 0.008206330597889801
0 0.255859375 0.5744431418522861 0.01328125 0.009378663540445486
0 0.21953125 0.5729777256740914 0.0125 0.0076201641266119575
0 0.150390625 0.57063305978898 0.01328125 0.00996483001172333
0 0.1765625 0.5685814771395076 0.0140625 0.008206330597889801
0 0.7421875 0.5647713950762017 0.0109375 0.006447831184056272
0 0.275 0.5612543962485346 0.0125 0.006447831184056272
0 0.320703125 0.5600820633059789 0.01171875 0.008792497069167644
0 0.19765625 0.5574443141852286 0.0109375 0.005861664712778429
0 0.23203125 0.5571512309495897 0.0125 0.006447831184056272
0 0.63515625 0.5568581477139508 0.0109375 0.008206330597889801
0 0.66875 0.5550996483001173 0.0109375 0.008206330597889801
0 0.58203125 0.5527549824150059 0.0078125 0.0035169988276670576
0 0.2953125 0.5527549824150059 0.0125 0.005861664712778429
0 0.5578125 0.5489449003516998 0.0109375 0.005275498241500586
0 0.25625 0.5509964830011723 0.0125 0.009378663540445486
0 0.16796875 0.5498241500586166 0.0109375 0.007033997655334115
0 0.79140625 0.5445486518171161 0.009375 0.008206330597889801
0 0.406640625 0.5442555685814772 0.01171875 0.0076201641266119575
0 0.215234375 0.5442555685814772 0.01328125 0.0076201641266119575
0 0.190234375 0.5392731535756154 0.01328125 0.007033997655334115
0 0.771875 0.5363423212192263 0.0109375 0.008206330597889801
0 0.30390625 0.5342907385697538 0.0125 0.008792497069167644
0 0.241796875 0.5334114888628371 0.01328125 0.009378663540445486
0 0.279296875 0.5319460726846424 0.01328125 0.008792497069167644
0 0.5625 0.5301875732708089 0.0109375 0.008792497069167644
0 0.398828125 0.5272567409144197 0.01171875 0.006447831184056272
0 0.3609375 0.522567409144197 0.0125 0.008792497069167644
0 0.261328125 0.5208089097303634 0.01328125 0.006447831184056272
0 0.784765625 0.5193434935521688 0.01171875 0.008206330597889801
0 0.169140625 0.518464243845252 0.01328125 0.006447831184056272
0 0.194921875 0.5175849941383353 0.01328125 0.008206330597889801
0 0.294921875 0.5175849941383353 0.01328125 0.009378663540445486
0 0.3203125 0.5167057444314185 0.0125 0.008792497069167644
0 0.236328125 0.5143610785463072 0.01328125 0.006447831184056272
0 0.34296875 0.5120164126611958 0.0125 0.005275498241500586
0 0.7296875 0.5102579132473622 0.0109375 0.0076201641266119575
0 0.276171875 0.5049824150058617 0.01328125 0.008792497069167644
0 0.36875 0.5043962485345839 0.0125 0.008792497069167644
0 0.810546875 0.5014654161781946 0.01171875 0.0076201641266119575
0 0.160546875 0.5017584994138335 0.01328125 0.008206330597889801
0 0.192578125 0.4976553341148886 0.00390625 0.0011723329425556857
0 0.68515625 0.5005861664712778 0.0109375 0.008206330597889801
0 0.251953125 0.5011723329425557 0.01328125 0.009378663540445486
0 0.195703125 0.4967760844079719 0.00078125 0.0005861664712778429
0 0.226953125 0.4988276670574443 0.01328125 0.005861664712778429
0 0.3 0.49941383352872215 0.0125 0.008206330597889801
0 0.198046875 0.49501758499413834 0.00078125 0.0005861664712778429
0 0.18671875 0.49531066822977726 0.0015625 0.0011723329425556857
0 0.324609375 0.4988276670574443 0.01328125 0.009378663540445486
0 0.5421875 0.49531066822977726 0.0109375 0.008206330597889801
0 0.73828125 0.49413833528722156 0.0109375 0.008206330597889801
0 0.412890625 0.4935521688159437 0.01171875 0.007033997655334115
0 0.35078125 0.49208675263774915 0.0125 0.008792497069167644
0 0.389453125 0.4903282532239156 0.01171875 0.008792497069167644
0 0.277734375 0.48710433763188743 0.01328125 0.009378663540445486
0 0.771484375 0.4862250879249707 0.01171875 0.008792497069167644
0 0.80859375 0.4824150058616647 0.0125 0.008206330597889801
0 0.21015625 0.48212192262602577 0.0140625 0.008792497069167644
0 0.3015625 0.4797772567409144 0.009375 0.006447831184056272
0 0.2359375 0.48124267291910905 0.0140625 0.009378663540445486
0 0.459765625 0.47772567409144195 0.01171875 0.004689331770222743
0 0.327734375 0.4780187573270809 0.01171875 0.005275498241500586
0 0.490234375 0.47772567409144195 0.01171875 0.008206330597889801
0 0.789453125 0.4730363423212192 0.01171875 0.005861664712778429
0 0.399609375 0.473915592028136 0.01171875 0.008792497069167644
0 0.35078125 0.4742086752637749 0.0125 0.009378663540445486
0 0.434375 0.4712778429073857 0.003125 0.004689331770222743
0 0.83046875 0.47215709261430244 0.0125 0.008792497069167644
0 0.25859375 0.47010550996483 0.0125 0.007033997655334115
0 0.283984375 0.46893317702227433 0.01328125 0.008206330597889801
0 0.3734375 0.4674677608440797 0.0125 0.0076201641266119575
0 0.702734375 0.46600234466588514 0.01171875 0.008206330597889801
0 0.202734375 0.4654161781946073 0.01328125 0.007033997655334115
0 0.8109375 0.46512309495896836 0.0109375 0.0076201641266119575
0 0.313671875 0.4645369284876905 0.01328125 0.0076201641266119575
0 0.228125 0.46365767878077374 0.0140625 0.009378663540445486
0 0.337890625 0.4598475967174678 0.01015625 0.004103165298944901
0 0.33125 0.4586752637749121 0.0015625 0.0017584994138335288
0 0.765625 0.4610199296600234 0.0125 0.008792497069167644
0 0.471875 0.45926143024618993 0.0109375 0.008792497069167644
0 0.178125 0.45926143024618993 0.0140625 0.00996483001172333
0 0.3609375 0.45427901524032827 0.0109375 0.005861664712778429
0 0.354296875 0.45164126611957794 0.00078125 0.0005861664712778429
0 0.294921875 0.45398593200468934 0.01171875 0.005275498241500586
0 0.39453125 0.45515826494724504 0.0125 0.008792497069167644
0 0.687109375 0.45427901524032827 0.01015625 0.008206330597889801
0 0.2671875 0.4525205158264947 0.0109375 0.005861664712778429
0 0.796484375 0.4525205158264947 0.01328125 0.008206330597889801
0 0.71640625 0.45281359906213364 0.0109375 0.008792497069167644
0 0.430859375 0.45076201641266117 0.01171875 0.008206330597889801
0 0.823046875 0.4501758499413834 0.01328125 0.008206330597889801
0 0.66640625 0.4469519343493552 0.0109375 0.005275498241500586
0 0.31796875 0.44724501758499413 0.0125 0.009378663540445486
0 0.73828125 0.4454865181711606 0.0109375 0.008206330597889801
0 0.240234375 0.44079718640093785 0.00390625 0.0011723329425556857
0 0.484765625 0.44431418522860494 0.01171875 0.009378663540445486
0 0.340625 0.44226260257913247 0.0125 0.005275498241500586
0 0.1609375 0.44460726846424387 0.0140625 0.00996483001172333
0 0.636328125 0.4425556858147714 0.01171875 0.008206330597889801
0 0.236328125 0.43874560375146543 0.00078125 0.0005861664712778429
0 0.246484375 0.4393317702227433 0.00390625 0.0029308323563892145
0 0.21640625 0.4428487690504103 0.0140625 0.00996483001172333
0 0.416015625 0.4369871043376319 0.01171875 0.008792497069167644
0 0.7203125 0.43552168815943726 0.0109375 0.008206330597889801
0 0.363671875 0.4343493552168816 0.01171875 0.008206330597889801
0 0.3875 0.432883939038687 0.0125 0.006447831184056272
0 0.2953125 0.43376318874560377 0.0125 0.008206330597889801
0 0.18203125 0.4340562719812427 0.0140625 0.00996483001172333
0 0.6484375 0.42936694021101995 0.0109375 0.005275498241500586
0 0.741796875 0.4284876905041032 0.01171875 0.008206330597889801
0 0.321484375 0.4287807737397421 0.01328125 0.008792497069167644
0 0.270703125 0.4284876905041032 0.01328125 0.008206330597889801
0 0.475390625 0.4276084407971864 0.01171875 0.008792497069167644
0 0.571875 0.42584994138335286 0.0109375 0.008792497069167644
0 0.83515625 0.4249706916764361 0.0125 0.008206330597889801
0 0.223828125 0.42409144196951937 0.01328125 0.00996483001172333
0 0.77890625 0.42291910902696367 0.0125 0.008792497069167644
0 0.344921875 0.42262602579132474 0.01171875 0.008206330597889801
0 0.496484375 0.4194021101992966 0.01171875 0.006447831184056272
0 0.410546875 0.41852286049237986 0.01171875 0.007033997655334115
0 0.302734375 0.4164712778429074 0.01328125 0.008792497069167644
0 0.251171875 0.4167643610785463 0.01328125 0.009378663540445486
0 0.385546875 0.4155920281359906 0.01171875 0.008206330597889801
0 0.1828125 0.41500586166471276 0.0125 0.009378663540445486
0 0.8140625 0.40943728018757325 0.0015625 0.0029308323563892145
0 0.3625 0.41031652989449 0.0125 0.008206330597889801
0 0.32578125 0.41060961313012895 0.0125 0.008792497069167644
0 0.818359375 0.40650644783118406 0.00703125 0.0017584994138335288
0 0.278125 0.4097303634232122 0.0125 0.009378663540445486
0 0.733203125 0.4070926143024619 0.01171875 0.008792497069167644
0 0.7546875 0.40650644783118406 0.0125 0.008792497069167644
0 0.776953125 0.4056271981242673 0.01328125 0.008206330597889801
0 0.7109375 0.4056271981242673 0.0109375 0.008206330597889801
0 0.154296875 0.40123094958968347 0.00078125 0.0005861664712778429
0 0.155078125 0.4000586166471278 0.00078125 0.0005861664712778429
0 0.1625 0.4026963657678781 0.0125 0.010550996483001172
0 0.4109375 0.4000586166471278 0.0125 0.0076201641266119575
0 0.434765625 0.3994724501758499 0.01171875 0.008792497069167644
0 0.241015625 0.3994724501758499 0.01328125 0.00996483001172333
0 0.297265625 0.3983001172332943 0.01328125 0.008792497069167644
0 0.18984375 0.39771395076201643 0.0125 0.00996483001172333
0 0.21640625 0.3962485345838218 0.0140625 0.010550996483001172
0 0.83046875 0.39449003516998826 0.0125 0.008206330597889801
0 0.34609375 0.39419695193434934 0.0125 0.008792497069167644
0 0.265234375 0.3936107854630715 0.01328125 0.00996483001172333
0 0.80390625 0.39243845252051585 0.0125 0.008792497069167644
0 0.48671875 0.39243845252051585 0.0109375 0.008792497069167644
0 0.462890625 0.391852286049238 0.01171875 0.0076201641266119575
0 0.37109375 0.3921453692848769 0.0125 0.008206330597889801
0 0.321484375 0.39243845252051585 0.01328125 0.008792497069167644
0 0.725 0.39126611957796015 0.0109375 0.008792497069167644
0 0.75546875 0.3895076201641266 0.0109375 0.008792497069167644
0 0.7796875 0.3883352872215709 0.0125 0.008792497069167644
0 0.703125 0.3877491207502931 0.0109375 0.008792497069167644
0 0.39375 0.38599062133645956 0.0125 0.008792497069167644
0 0.161328125 0.3813012895662368 0.00078125 0.0005861664712778429
0 0.30234375 0.38159437280187575 0.0125 0.005861664712778429
0 0.424609375 0.38276670574443145 0.01171875 0.009378663540445486
0 0.505078125 0.3810082063305979 0.01171875 0.007033997655334115
0 0.16796875 0.3821805392731536 0.0125 0.009378663540445486
0 0.8203125 0.3795427901524033 0.0125 0.008792497069167644
0 0.56953125 0.37924970691676435 0.0109375 0.008206330597889801
0 0.244921875 0.3789566236811254 0.01328125 0.00996483001172333
0 0.19375 0.3789566236811254 0.0140625 0.00996483001172333
0 0.276953125 0.3766119577960141 0.01328125 0.006447831184056272
0 0.546875 0.37719812426729193 0.0109375 0.008792497069167644
0 0.35703125 0.37749120750293086 0.0125 0.009378663540445486
0 0.623046875 0.3754396248534584 0.01171875 0.0076201641266119575
0 0.332421875 0.37631887456037516 0.01328125 0.009378663540445486
0 0.21953125 0.3766119577960141 0.0140625 0.00996483001172333
0 0.766796875 0.3742672919109027 0.01171875 0.008792497069167644
0 0.4671875 0.37368112543962484 0.0109375 0.0076201641266119575
0 0.727734375 0.37368112543962484 0.01171875 0.008792497069167644
0 0.78984375 0.37280187573270807 0.0109375 0.008206330597889801
0 0.674609375 0.37280187573270807 0.01171875 0.008206330597889801
0 0.3796875 0.37075029308323565 0.0125 0.008792497069167644
0 0.440234375 0.36400937866354044 0.01171875 0.004689331770222743
0 0.41328125 0.3660609613130129 0.0109375 0.008792497069167644
0 0.50703125 0.36313012895662367 0.0109375 0.0076201641266119575
0 0.312890625 0.36400937866354044 0.01328125 0.009378663540445486
0 0.258984375 0.36400937866354044 0.01328125 0.009378663540445486
0 0.808203125 0.36313012895662367 0.01171875 0.008792497069167644
0 0.178515625 0.3637162954279015 0.01484375 0.00996483001172333
0 0.60859375 0.3607854630715123 0.0109375 0.008792497069167644
0 0.233984375 0.3613716295427902 0.01328125 0.00996483001172333
0 0.83515625 0.3593200468933177 0.0125 0.008206330597889801
0 0.54921875 0.3590269636576788 0.0125 0.008792497069167644
0 0.3578125 0.35844079718640093 0.0125 0.008792497069167644
0 0.78359375 0.3560961313012896 0.0015625 0.005275498241500586
0 0.765234375 0.3569753810082063 0.01171875 0.008206330597889801
0 0.735546875 0.35668229777256744 0.01171875 0.008792497069167644
0 0.4625 0.3560961313012896 0.0125 0.008792497069167644
0 0.788671875 0.35140679953106685 0.00234375 0.0005861664712778429
0 0.671875 0.3552168815943728 0.0109375 0.008206330597889801
0 0.209375 0.3560961313012896 0.0140625 0.00996483001172333
0 0.48671875 0.35463071512309496 0.0109375 0.008206330597889801
0 0.33359375 0.35463071512309496 0.0125 0.009378663540445486
0 0.290234375 0.35463071512309496 0.01328125 0.009378663540445486
0 0.645703125 0.3525791324736225 0.01171875 0.008792497069167644
0 0.38046875 0.35199296600234464 0.0125 0.008792497069167644
0 0.523046875 0.350820633059789 0.01171875 0.0076201641266119575
0 0.404296875 0.34906213364595545 0.01171875 0.008792497069167644
0 0.818359375 0.3481828839390387 0.01171875 0.008206330597889801
0 0.703125 0.3473036342321219 0.0109375 0.008792497069167644
0 0.623046875 0.347010550996483 0.01171875 0.008206330597889801
0 0.24921875 0.34671746776084406 0.0140625 0.00996483001172333
0 0.31171875 0.3440797186400938 0.0125 0.007033997655334115
0 0.59375 0.3443728018757327 0.0109375 0.008792497069167644
0 0.169921875 0.34466588511137164 0.01328125 0.010550996483001172
0 0.74921875 0.34261430246189917 0.0125 0.008792497069167644
0 0.838671875 0.3420281359906213 0.01328125 0.008792497069167644
0 0.570703125 0.3420281359906213 0.01171875 0.008792497069167644
0 0.775 0.34144196951934347 0.0125 0.008792497069167644
0 0.42578125 0.3408558030480657 0.0109375 0.008792497069167644
0 0.502734375 0.3402696365767878 0.01171875 0.008792497069167644
0 0.273046875 0.3408558030480657 0.01328125 0.00996483001172333
0 0.683203125 0.33968347010551 0.01015625 0.008792497069167644
0 0.225 0.33968347010551 0.0140625 0.00996483001172333
0 0.4609375 0.3373388042203986 0.0109375 0.008792497069167644
0 0.19375 0.3373388042203986 0.0140625 0.00996483001172333
0 0.545703125 0.3364595545134818 0.01171875 0.009378663540445486
0 0.333984375 0.335873388042204 0.01015625 0.008206330597889801
0 0.655859375 0.33264947245017584 0.00859375 0.005275498241500586
0 0.38515625 0.33382180539273154 0.0109375 0.008792497069167644
0 0.36015625 0.3311840562719812 0.0078125 0.005861664712778429
0 0.80859375 0.332063305978898 0.0140625 0.008792497069167644
0 0.612890625 0.3311840562719812 0.01171875 0.009378663540445486
0 0.780859375 0.32620164126611956 0.00078125 0.0005861664712778429
0 0.296484375 0.32942555685814773 0.01171875 0.008206330597889801
0 0.781640625 0.3250293083235639 0.00078125 0.0005861664712778429
0 0.720703125 0.3291324736225088 0.01015625 0.008792497069167644
0 0.52109375 0.3288393903868699 0.0109375 0.008206330597889801
0 0.251953125 0.32825322391559203 0.01328125 0.009378663540445486
0 0.826171875 0.32737397420867526 0.01484375 0.008792497069167644
0 0.6984375 0.32708089097303633 0.0109375 0.008206330597889801
0 0.482421875 0.32737397420867526 0.01171875 0.008792497069167644
0 0.7890625 0.32327080890973037 0.00625 0.0017584994138335288
0 0.764453125 0.3267878077373974 0.01171875 0.008792497069167644
0 0.5875 0.3267878077373974 0.0109375 0.008792497069167644
0 0.7421875 0.32590855803048063 0.0109375 0.008206330597889801
0 0.40625 0.32620164126611956 0.0109375 0.008792497069167644
0 0.162890625 0.3256154747948417 0.01328125 0.00996483001172333
0 0.6734375 0.3238569753810082 0.009375 0.008792497069167644
0 0.5625 0.32327080890973037 0.0109375 0.008792497069167644
0 0.4296875 0.3223915592028136 0.0109375 0.008206330597889801
0 0.797265625 0.3182883939038687 0.00078125 0.0011723329425556857
0 0.27421875 0.3194607268464244 0.0125 0.007033997655334115
0 0.796484375 0.31535756154747946 0.00078125 0.0011723329425556857
0 0.454296875 0.3191676436107855 0.01015625 0.008792497069167644
0 0.53984375 0.3182883939038687 0.0109375 0.008206330597889801
0 0.374609375 0.3168229777256741 0.01015625 0.006447831184056272
0 0.325390625 0.3179953106682298 0.01015625 0.008792497069167644
0 0.18828125 0.3182883939038687 0.0109375 0.009378663540445486
0 0.505078125 0.31652989449003516 0.00703125 0.007033997655334115
0 0.651953125 0.3159437280187573 0.01015625 0.008206330597889801
0 0.825390625 0.31125439624853457 0.00078125 0.0011723329425556857
0 0.62578125 0.31477139507620167 0.009375 0.008206330597889801
0 0.351953125 0.3138921453692849 0.00546875 0.006447831184056272
0 0.239453125 0.31447831184056274 0.00546875 0.0076201641266119575
0 0.602734375 0.3130128956623681 0.01015625 0.008206330597889801
0 0.837109375 0.3086166471277843 0.00078125 0.0005861664712778429
0 0.233984375 0.30920281359906215 0.00703125 0.0017584994138335288
0 0.7109375 0.31213364595545134 0.0109375 0.008792497069167644
0 0.775390625 0.3115474794841735 0.01171875 0.008792497069167644
0 0.834765625 0.30685814771395076 0.00078125 0.0005861664712778429
0 0.75390625 0.3106682297772567 0.0109375 0.008206330597889801
0 0.301953125 0.3106682297772567 0.01171875 0.008206330597889801
0 0.831640625 0.3062719812426729 0.00390625 0.0005861664712778429
0 0.475 0.31008206330597887 0.009375 0.008206330597889801
0 0.209765625 0.31096131301289565 0.01328125 0.00996483001172333
0 0.6875 0.30920281359906215 0.009375 0.0076201641266119575
0 0.579296875 0.3094958968347011 0.01015625 0.008206330597889801
0 0.397265625 0.30803048065650646 0.01171875 0.0076201641266119575
0 0.73203125 0.30685814771395076 0.0109375 0.008792497069167644
0 0.521875 0.30685814771395076 0.0109375 0.008792497069167644
0 0.555859375 0.3062719812426729 0.01171875 0.008792497069167644
0 0.420703125 0.3048065650644783 0.01171875 0.008206330597889801
0 0.278515625 0.302168815943728 0.00859375 0.004103165298944901
0 0.168359375 0.3050996483001172 0.01484375 0.011137162954279016
0 0.4453125 0.302168815943728 0.009375 0.006447831184056272
0 0.640234375 0.3009964830011723 0.00859375 0.0076201641266119575
0 0.493359375 0.30011723329425555 0.01015625 0.008206330597889801
0 0.253125 0.3007033997655334 0.0125 0.009378663540445486
0 0.79140625 0.2998241500586166 0.0125 0.008792497069167644
0 0.6171875 0.29835873388042206 0.009375 0.008206330597889801
0 0.319921875 0.29835873388042206 0.01171875 0.008206330597889801
0 0.345703125 0.2963071512309496 0.00703125 0.005275498241500586
0 0.765234375 0.29601406799531066 0.01015625 0.008206330597889801
0 0.70390625 0.29572098475967173 0.009375 0.008792497069167644
0 0.59453125 0.2933763188745604 0.009375 0.005275498241500586
0 0.37265625 0.2951348182883939 0.0109375 0.008792497069167644
0 0.223046875 0.2954279015240328 0.01328125 0.010550996483001172
0 0.53828125 0.2936694021101993 0.0109375 0.008206330597889801
0 0.469921875 0.29279015240328254 0.00703125 0.0076201641266119575
0 0.571875 0.2922039859320047 0.009375 0.0076201641266119575
0 0.68203125 0.29191090269636577 0.009375 0.008206330597889801
0 0.744140625 0.29161781946072685 0.01015625 0.008792497069167644
0 0.296875 0.2901524032825322 0.0109375 0.008206330597889801
0 0.51484375 0.2889800703399766 0.0046875 0.007033997655334115
0 0.395703125 0.2895662368112544 0.01171875 0.008206330597889801
0 0.721484375 0.2869284876905041 0.01171875 0.008792497069167644
0 0.830078125 0.28634232121922626 0.01171875 0.008792497069167644
0 0.4203125 0.28634232121922626 0.009375 0.008792497069167644
0 0.65859375 0.2845838218053927 0.00625 0.006447831184056272
0 0.803125 0.28516998827667056 0.0109375 0.008792497069167644
0 0.267578125 0.2842907385697538 0.01171875 0.007033997655334115
0 0.781640625 0.2845838218053927 0.01171875 0.008792497069167644
0 0.63203125 0.2842907385697538 0.009375 0.008206330597889801
0 0.444140625 0.28223915592028137 0.00703125 0.006447831184056272
0 0.490234375 0.2816529894490035 0.00546875 0.006447831184056272
0 0.171875 0.28341148886283707 0.0140625 0.00996483001172333
0 0.328125 0.28106682297772567 0.0109375 0.0076201641266119575
0 0.811328125 0.2757913247362251 0.00078125 0.0005861664712778429
0 0.700390625 0.2784290738569754 0.00546875 0.005861664712778429
0 0.554296875 0.27960140679953105 0.01015625 0.008206330597889801
0 0.759375 0.2787221570926143 0.0109375 0.008792497069167644
0 0.35859375 0.2787221570926143 0.0109375 0.008792497069167644
0 0.59765625 0.27637749120750293 0.009375 0.0076201641266119575
0 0.53125 0.27637749120750293 0.009375 0.0076201641266119575
0 0.676171875 0.2749120750293083 0.00859375 0.008206330597889801
0 0.73828125 0.2746189917936694 0.0109375 0.008792497069167644
0 0.466796875 0.2728604923798359 0.00546875 0.006447831184056272
0 0.38203125 0.27403282532239154 0.0109375 0.008792497069167644
0 0.851171875 0.2728604923798359 0.01171875 0.008792497069167644
0 0.50859375 0.2705158264947245 0.00625 0.006447831184056272
0 0.817578125 0.26699882766705746 0.00078125 0.0005861664712778429
0 0.287109375 0.27139507620164127 0.01171875 0.009378663540445486
0 0.40703125 0.2705158264947245 0.0109375 0.008792497069167644
0 0.619921875 0.26875732708089095 0.00703125 0.006447831184056272
0 0.716796875 0.2693434935521688 0.01015625 0.008792497069167644
0 0.577734375 0.2690504103165299 0.00703125 0.008206330597889801
0 0.79375 0.2693434935521688 0.0109375 0.00996483001172333
0 0.6484375 0.268464243845252 0.00625 0.008206330597889801
0 0.251171875 0.26699882766705746 0.01328125 0.008792497069167644
0 0.312109375 0.2661195779601407 0.00859375 0.008206330597889801
0 0.4359375 0.264947245017585 0.00625 0.008206330597889801
0 0.34375 0.2637749120750293 0.0078125 0.005861664712778429
0 0.772265625 0.2640679953106682 0.01171875 0.008792497069167644
0 0.484375 0.26318874560375144 0.009375 0.008206330597889801
0 0.690234375 0.26143024618991795 0.00859375 0.008206330597889801
0 0.83515625 0.261137162954279 0.0125 0.008792497069167644
0 0.598828125 0.2584994138335287 0.00546875 0.004689331770222743
0 0.751171875 0.2599648300117233 0.00859375 0.008792497069167644
0 0.365625 0.2584994138335287 0.0109375 0.008206330597889801
0 0.669140625 0.257620164126612 0.00703125 0.0076201641266119575
0 0.5546875 0.25732708089097306 0.009375 0.007033997655334115
0 0.391796875 0.2564478311840563 0.00703125 0.006447831184056272
0 0.271484375 0.25615474794841736 0.01171875 0.008206330597889801
0 0.459375 0.25468933177022274 0.009375 0.0076201641266119575
0 0.809375 0.25468933177022274 0.0109375 0.008792497069167644
0 0.7296875 0.25468933177022274 0.009375 0.008792497069167644
0 0.64921875 0.25058616647127785 0.0046875 0.004103165298944901
0 0.502734375 0.2523446658851114 0.01015625 0.0076201641266119575
0 0.414453125 0.25263774912075027 0.01015625 0.008206330597889801
0 0.624609375 0.2508792497069168 0.00703125 0.005861664712778429
0 0.29609375 0.2511723329425557 0.0109375 0.0076201641266119575
0 0.787890625 0.2514654161781946 0.01171875 0.009378663540445486
0 0.707421875 0.25058616647127785 0.01015625 0.008792497069167644
0 0.324609375 0.2502930832356389 0.00859375 0.008206330597889801
0 0.578125 0.24941383352872215 0.00625 0.0076201641266119575
0 0.823046875 0.24531066822977726 0.00078125 0.0005861664712778429
0 0.766796875 0.24706916764361078 0.01015625 0.008792497069167644
0 0.533203125 0.24648300117233293 0.01015625 0.0076201641266119575
0 0.834765625 0.2417936694021102 0.00234375 0.0017584994138335288
0 0.48203125 0.24501758499413834 0.0078125 0.008206330597889801
0 0.4375 0.24531066822977726 0.0109375 0.008792497069167644
0 0.1671875 0.24120750293083235 0.0015625 0.0005861664712778429
0 0.832421875 0.24062133645955452 0.00078125 0.0005861664712778429
0 0.687109375 0.24355216881594371 0.00859375 0.0076201641266119575
0 0.350390625 0.24355216881594371 0.01015625 0.008792497069167644
0 0.745703125 0.24150058616647127 0.01015625 0.008206330597889801
0 0.37578125 0.24120750293083235 0.0078125 0.0076201641266119575
0 0.665234375 0.23944900351699883 0.00859375 0.0076201641266119575
0 0.55546875 0.23886283704572098 0.0078125 0.0076201641266119575
0 0.5984375 0.23827667057444316 0.00625 0.0076201641266119575
0 0.805078125 0.2335873388042204 0.00078125 0.0005861664712778429
0 0.848828125 0.23710433763188746 0.01171875 0.008792497069167644
0 0.723046875 0.23710433763188746 0.01015625 0.008792497069167644
0 0.805859375 0.23241500586166472 0.00078125 0.0005861664712778429
0 0.62109375 0.23417350527549824 0.00625 0.004103165298944901
0 0.45859375 0.23622508792497068 0.0109375 0.008206330597889801
0 0.50859375 0.23417350527549824 0.0078125 0.006447831184056272
0 0.415625 0.23446658851113716 0.0109375 0.007033997655334115
0 0.16875 0.23417350527549824 0.0109375 0.0076201641266119575
0 0.7859375 0.2335873388042204 0.0125 0.008792497069167644
0 0.64296875 0.23241500586166472 0.0078125 0.0076201641266119575
0 0.321484375 0.23182883939038687 0.00703125 0.006447831184056272
0 0.7015625 0.23065650644783117 0.009375 0.008792497069167644
0 0.762109375 0.2294841735052755 0.01015625 0.008792497069167644
0 0.576171875 0.22860492379835873 0.00859375 0.007033997655334115
0 0.83046875 0.22655334114888628 0.0125 0.008792497069167644
0 0.479296875 0.22655334114888628 0.01171875 0.008792497069167644
0 0.533203125 0.22538100820633059 0.00546875 0.0076201641266119575
0 0.39296875 0.22538100820633059 0.0109375 0.0076201641266119575
0 0.43671875 0.22538100820633059 0.0109375 0.008792497069167644
0 0.344140625 0.2250879249706917 0.01015625 0.008206330597889801
0 0.74140625 0.22362250879249707 0.009375 0.008792497069167644
0 0.36875 0.2224501758499414 0.0109375 0.0076201641266119575
0 0.6609375 0.2212778429073857 0.009375 0.0076201641266119575
0 0.85703125 0.22039859320046892 0.0125 0.008206330597889801
0 0.554296875 0.2198124267291911 0.01015625 0.008206330597889801
0 0.631640625 0.2174677608440797 0.00546875 0.004689331770222743
0 0.50234375 0.21688159437280188 0.0046875 0.0035169988276670576
0 0.72109375 0.21776084407971863 0.0078125 0.0076201641266119575
0 0.6828125 0.21776084407971863 0.009375 0.0076201641266119575
0 0.45859375 0.2171746776084408 0.009375 0.0076201641266119575
0 0.7984375 0.21688159437280188 0.0109375 0.009378663540445486
0 0.774609375 0.21629542790152403 0.01171875 0.009378663540445486
0 0.284375 0.21365767878077374 0.009375 0.006447831184056272
0 0.169921875 0.21541617819460726 0.01328125 0.00996483001172333
0 0.31875 0.21219226260257915 0.00625 0.004689331770222743
0 0.413671875 0.21219226260257915 0.00703125 0.008206330597889801
0 0.580859375 0.21072684642438452 0.00703125 0.0076201641266119575
0 0.8390625 0.21014067995310667 0.0125 0.008792497069167644
0 0.75390625 0.20984759671746775 0.0109375 0.009378663540445486
0 0.522265625 0.20808909730363423 0.00703125 0.007033997655334115
0 0.35 0.20720984759671746 0.009375 0.006447831184056272
0 0.480078125 0.20750293083235638 0.00703125 0.008206330597889801
0 0.435546875 0.20691676436107856 0.00859375 0.008206330597889801
0 0.701171875 0.20662368112543963 0.00703125 0.008792497069167644
0 0.373828125 0.2048651817116061 0.00859375 0.006447831184056272
0 0.66484375 0.20398593200468934 0.0078125 0.007033997655334115
0 0.60078125 0.2033997655334115 0.009375 0.007033997655334115
0 0.54453125 0.2033997655334115 0.00625 0.008206330597889801
0 0.458203125 0.19871043376318875 0.00546875 0.004689331770222743
0 0.72109375 0.1995896834701055 0.0078125 0.0076201641266119575
0 0.500390625 0.1981242672919109 0.00703125 0.007033997655334115
0 0.566015625 0.1951934349355217 0.00546875 0.007033997655334115
0 0.741015625 0.19577960140679954 0.01015625 0.009378663540445486
0 0.68515625 0.1937280187573271 0.0046875 0.005275498241500586
0 0.4125 0.194021101992966 0.00625 0.007033997655334115
0 0.805078125 0.18874560375146543 0.00078125 0.0011723329425556857
0 0.765625 0.18669402110199296 0.00625 0.0017584994138335288
0 0.52109375 0.18933177022274325 0.0078125 0.007033997655334115
0 0.586328125 0.18933177022274325 0.00859375 0.008206330597889801
0 0.478515625 0.1884525205158265 0.00546875 0.006447831184056272
0 0.387109375 0.1884525205158265 0.00859375 0.0076201641266119575
0 0.70625 0.18698710433763188 0.0046875 0.005861664712778429
0 0.43515625 0.18815943728018758 0.0078125 0.008206330597889801
0 0.54453125 0.18493552168815944 0.0078125 0.006447831184056272
0 0.727734375 0.1817116060961313 0.00546875 0.007033997655334115
0 0.771484375 0.17672919109026963 0.00078125 0.0005861664712778429
0 0.456640625 0.179073856975381 0.00546875 0.005275498241500586
0 0.365234375 0.17936694021101993 0.00703125 0.005861664712778429
0 0.49921875 0.17966002344665885 0.009375 0.0076201641266119575
0 0.746875 0.1746776084407972 0.00625 0.0011723329425556857
0 0.56640625 0.17702227432590856 0.00625 0.007033997655334115
0 0.676953125 0.1764361078546307 0.00703125 0.007033997655334115
0 0.625390625 0.17614302461899178 0.00859375 0.0076201641266119575
0 0.60078125 0.17409144196951934 0.0046875 0.0035169988276670576
0 0.778515625 0.17262602579132474 0.00546875 0.0017584994138335288
0 0.530078125 0.1708675263774912 0.00546875 0.0029308323563892145
0 0.8078125 0.16998827667057445 0.0125 0.009378663540445486
0 0.696484375 0.16881594372801875 0.01015625 0.007033997655334115
0 0.43671875 0.1667643610785463 0.0046875 0.005275498241500586
0 0.318359375 0.1652989449003517 0.00703125 0.007033997655334115
0 0.7265625 0.16412661195779601 0.0109375 0.008206330597889801
0 0.579296875 0.1623681125439625 0.00859375 0.007033997655334115
0 0.508203125 0.1611957796014068 0.00703125 0.005861664712778429
0 0.48359375 0.15943728018757328 0.0078125 0.005861664712778429
0 0.748828125 0.1597303634232122 0.01015625 0.008792497069167644
0 0.83671875 0.15914419695193435 0.0125 0.00996483001172333
0 0.545703125 0.15738569753810083 0.00703125 0.006447831184056272
0 0.805859375 0.15474794841735054 0.00234375 0.0035169988276670576
0 0.38125 0.15474794841735054 0.0046875 0.005861664712778429
0 0.704296875 0.15269636576787807 0.01015625 0.0076201641266119575
0 0.598828125 0.1503516998827667 0.00390625 0.004103165298944901
0 0.811328125 0.14800703399765533 0.00234375 0.0005861664712778429
0 0.410546875 0.1503516998827667 0.00703125 0.006447831184056272
0 0.6296875 0.14947245017584995 0.0078125 0.008206330597889801
0 0.767578125 0.14947245017584995 0.01171875 0.009378663540445486
0 0.65234375 0.1462485345838218 0.0078125 0.008792497069167644
0 0.790234375 0.1450762016412661 0.01171875 0.00996483001172333
0 0.532421875 0.1421453692848769 0.00703125 0.006447831184056272
0 0.509375 0.14009378663540445 0.0046875 0.005861664712778429
0 0.315234375 0.13745603751465416 0.00859375 0.006447831184056272
0 0.565234375 0.13745603751465416 0.00859375 0.0076201641266119575
0 0.7421875 0.13481828839390386 0.0109375 0.008206330597889801
0 0.675 0.12954279015240328 0.0109375 0.008206330597889801
0 0.615234375 0.1257327080890973 0.00703125 0.0076201641266119575
0 0.28984375 0.12514654161781946 0.0109375 0.0076201641266119575
0 0.652734375 0.12162954279015241 0.00703125 0.006447831184056272
0 0.571484375 0.11840562719812427 0.00546875 0.004689331770222743
0 0.515234375 0.11899179366940212 0.00859375 0.005861664712778429
0 0.349609375 0.11899179366940212 0.00703125 0.005861664712778429
0 0.312890625 0.11723329425556858 0.00859375 0.005861664712778429
0 0.259375 0.1175263774912075 0.0078125 0.006447831184056272
0 0.491015625 0.11283704572098475 0.00703125 0.006447831184056272
0 0.208203125 0.0984759671746776 0.01015625 0.009378663540445486
0 0.205078125 0.09232121922626026 0.00703125 0.0017584994138335288
