0 0.358203125 0.8478898007033998 0.01015625 0.00996483001172333
0 0.293359375 0.8426143024618992 0.01171875 0.00996483001172333
0 0.4234375 0.8385111371629543 0.00625 0.005275498241500586
0 0.40234375 0.8279601406799532 0.009375 0.006447831184056272
0 0.369921875 0.8241500586166471 0.01171875 0.007033997655334115
0 0.126171875 0.8226846424384525 0.01328125 0.008792497069167644
0 0.67734375 0.8124267291910903 0.0109375 0.009378663540445486
0 0.38515625 0.8109613130128956 0.0046875 0.0076201641266119575
0 0.41640625 0.8112543962485346 0.0078125 0.009378663540445486
0 0.50078125 0.7986518171160609 0.0109375 0.0076201641266119575
0 0.400390625 0.7954279015240329 0.00546875 0.0035169988276670576
0 0.141015625 0.7989449003516998 0.01484375 0.010550996483001172
0 0.117578125 0.7954279015240329 0.01015625 0.009378663540445486
0 0.083203125 0.7957209847596718 0.01015625 0.00996483001172333
0 0.3765625 0.7919109026963658 0.0078125 0.008206330597889801
0 0.3296875 0.7886869871043376 0.0109375 0.008792497069167644
0 0.414453125 0.7737397420867527 0.01015625 0.009378663540445486
0 0.440234375 0.7728604923798359 0.01015625 0.008792497069167644
0 0.24765625 0.7643610785463072 0.0125 0.009378663540445486
0 0.1296875 0.7535169988276671 0.0125 0.008792497069167644
0 0.406640625 0.7532239155920282 0.00703125 0.009378663540445486
0 0.4734375 0.7514654161781946 0.009375 0.008206330597889801
0 0.31875 0.7520515826494725 0.0109375 0.009378663540445486
0 0.5640625 0.7429660023446659 0.0109375 0.008792497069167644
0 0.212890625 0.7423798358733881 0.01328125 0.008792497069167644
0 0.448828125 0.7403282532239156 0.00859375 0.008206330597889801
0 0.535546875 0.7332942555685815 0.01171875 0.009378663540445486
0 0.4546875 0.7206916764361079 0.0109375 0.008792497069167644
0 0.31640625 0.720398593200469 0.009375 0.008206330597889801
0 0.160546875 0.7133645955451349 0.01328125 0.009378663540445486
0 0.55546875 0.7060375146541618 0.0109375 0.008792497069167644
0 0.445703125 0.6919695193434936 0.01171875 0.008792497069167644
0 0.275 0.6913833528722158 0.0125 0.00996483001172333
0 0.53515625 0.690504103165299 0.0109375 0.009378663540445486
0 0.500390625 0.686400937866354 0.01015625 0.009378663540445486
0 0.201171875 0.686694021101993 0.01328125 0.00996483001172333
0 0.171875 0.6843493552168816 0.0140625 0.008792497069167644
0 0.2890625 0.6764361078546307 0.0125 0.009378663540445486
0 0.207421875 0.6694021101992966 0.01328125 0.009378663540445486
0 0.525390625 0.6688159437280188 0.00859375 0.009378663540445486
0 0.32421875 0.6682297772567409 0.0125 0.009378663540445486
0 0.501171875 0.6670574443141852 0.01171875 0.009378663540445486
0 0.701171875 0.6614888628370457 0.01171875 0.008792497069167644
0 0.075 0.6591441969519344 0.0125 0.008792497069167644
0 0.34921875 0.6585580304806565 0.0125 0.008792497069167644
0 0.828515625 0.6570926143024619 0.01484375 0.010550996483001172
0 0.433203125 0.652989449003517 0.01171875 0.009378663540445486
0 0.27109375 0.6521101992966002 0.0125 0.008792497069167644
0 0.4859375 0.6512309495896834 0.0125 0.009378663540445486
0 0.3734375 0.6509378663540446 0.0109375 0.008792497069167644
0 0.146484375 0.6503516998827668 0.01328125 0.008792497069167644
0 0.68125 0.6477139507620164 0.0125 0.008206330597889801
0 0.462890625 0.6409730363423212 0.00859375 0.008792497069167644
0 0.1640625 0.6368698710433763 0.0125 0.008792497069167644
0 0.644921875 0.6351113716295428 0.01328125 0.008792497069167644
0 0.331640625 0.6274912075029309 0.01171875 0.0076201641266119575
0 0.27734375 0.6263188745603752 0.0125 0.008792497069167644
0 0.526953125 0.6260257913247362 0.01171875 0.009378663540445486
0 0.416796875 0.6260257913247362 0.01171875 0.009378663540445486
0 0.6234375 0.6245603751465416 0.0125 0.0076201641266119575
0 0.45546875 0.6225087924970691 0.0125 0.009378663540445486
0 0.502734375 0.61957796014068 0.01171875 0.008206330597889801
0 0.3265625 0.6087338804220399 0.0140625 0.0076201641266119575
0 0.349609375 0.6090269636576788 0.01328125 0.009378663540445486
0 0.561328125 0.608440797186401 0.01171875 0.009378663540445486
0 0.424609375 0.6081477139507621 0.01171875 0.008792497069167644
0 0.46171875 0.6049237983587339 0.0109375 0.007033997655334115
0 0.40390625 0.5993552168815943 0.0109375 0.0076201641266119575
0 0.530078125 0.5975967174677609 0.01171875 0.008792497069167644
0 0.289453125 0.5952520515826495 0.00859375 0.0076201641266119575
0 0.6296875 0.593200468933177 0.0125 0.009378663540445486
0 0.6046875 0.589390386869871 0.0109375 0.008792497069167644
0 0.65546875 0.5890973036342321 0.0125 0.009378663540445486
0 0.345703125 0.5867526377491208 0.01171875 0.008206330597889801
0 0.440234375 0.5852872215709262 0.01328125 0.008792497069167644
0 0.4640625 0.5847010550996483 0.0125 0.008792497069167644
0 0.270703125 0.5844079718640094 0.01171875 0.008206330597889801
0 0.310546875 0.5829425556858148 0.01171875 0.008792497069167644
0 0.37734375 0.5814771395076201 0.0125 0.009378663540445486
0 0.4078125 0.5794255568581477 0.0109375 0.008792497069167644
0 0.559375 0.5685814771395076 0.0109375 0.009378663540445486
0 0.526953125 0.5671160609613131 0.01171875 0.008792497069167644
0 0.194140625 0.5641852286049238 0.01328125 0.008792497069167644
0 0.448046875 0.5630128956623681 0.01171875 0.008792497069167644
0 0.138671875 0.5606682297772567 0.01328125 0.008792497069167644
0 0.221875 0.5571512309495897 0.015625 0.008792497069167644
0 0.24453125 0.5556858147713951 0.0140625 0.008206330597889801
0 0.58828125 0.5550996483001173 0.0109375 0.009378663540445486
0 0.665625 0.5539273153575616 0.0125 0.009378663540445486
0 0.311328125 0.5533411488862837 0.01171875 0.008206330597889801
0 0.546484375 0.5512895662368112 0.01171875 0.008792497069167644
0 0.621875 0.5498241500586166 0.0125 0.009378663540445486
0 0.513671875 0.5471864009378663 0.01171875 0.008792497069167644
0 0.387890625 0.5454279015240329 0.01171875 0.008792497069167644
0 0.46328125 0.5419109026963658 0.0125 0.008792497069167644
0 0.419140625 0.533704572098476 0.01328125 0.008792497069167644
0 0.63359375 0.5331184056271981 0.0125 0.008792497069167644
0 0.332421875 0.5325322391559203 0.01171875 0.0076201641266119575
0 0.544921875 0.529601406799531 0.01171875 0.008792497069167644
0 0.396875 0.5281359906213364 0.0125 0.008206330597889801
0 0.6078125 0.5269636576787807 0.0125 0.009378663540445486
0 0.509765625 0.5266705744431418 0.01171875 0.008792497069167644
0 0.19921875 0.5243259085580305 0.0140625 0.008792497069167644
0 0.6671875 0.5228604923798359 0.0125 0.009378663540445486
0 0.35078125 0.5196365767878077 0.0109375 0.008792497069167644
0 0.5734375 0.5164126611957796 0.0125 0.009378663540445486
0 0.315625 0.5158264947245017 0.0109375 0.008206330597889801
0 0.379296875 0.515240328253224 0.01171875 0.008206330597889801
0 0.21875 0.5155334114888629 0.0125 0.008792497069167644
0 0.6140625 0.5084994138335287 0.0125 0.008792497069167644
0 0.51015625 0.5082063305978898 0.0125 0.008206330597889801
0 0.16484375 0.5064478311840562 0.0125 0.005861664712778429
0 0.4734375 0.5046893317702228 0.0125 0.008206330597889801
0 0.241796875 0.5041031652989449 0.01171875 0.008206330597889801
0 0.55078125 0.5035169988276671 0.0125 0.009378663540445486
0 0.3296875 0.5011723329425557 0.0125 0.007033997655334115
0 0.0671875 0.4997069167643611 0.0140625 0.008792497069167644
0 0.597265625 0.4944314185228605 0.01171875 0.008792497069167644
0 0.657421875 0.49267291910902694 0.01171875 0.008792497069167644
0 0.306640625 0.4915005861664713 0.01171875 0.008792497069167644
0 0.1140625 0.4894490035169988 0.0140625 0.008206330597889801
0 0.508203125 0.4859320046893318 0.01171875 0.008206330597889801
0 0.573046875 0.4847596717467761 0.01171875 0.008206330597889801
0 0.54765625 0.48417350527549824 0.0125 0.008206330597889801
0 0.731640625 0.4835873388042204 0.01328125 0.009378663540445486
0 0.697265625 0.4783118405627198 0.01171875 0.009378663540445486
0 0.640234375 0.47743259085580303 0.01171875 0.008792497069167644
0 0.6 0.4742086752637749 0.0125 0.009378663540445486
0 0.44375 0.4730363423212192 0.0125 0.008206330597889801
0 0.305859375 0.4730363423212192 0.01328125 0.008206330597889801
0 0.283984375 0.47332942555685814 0.01328125 0.008792497069167644
0 0.4671875 0.4715709261430246 0.0125 0.006447831184056272
0 0.529296875 0.4718640093786635 0.01171875 0.008206330597889801
0 0.49140625 0.4718640093786635 0.0125 0.009378663540445486
0 0.109375 0.4712778429073857 0.0125 0.008206330597889801
0 0.083984375 0.4706916764361079 0.01484375 0.008206330597889801
0 0.579296875 0.46277842907385697 0.01328125 0.008792497069167644
0 0.148828125 0.46248534583821804 0.01171875 0.008206330597889801
0 0.6859375 0.4610199296600234 0.0125 0.008792497069167644
0 0.35078125 0.46072684642438455 0.0109375 0.008206330597889801
0 0.55546875 0.4598475967174678 0.0125 0.008792497069167644
0 0.1984375 0.458968347010551 0.015625 0.008206330597889801
0 0.50546875 0.45545134818288396 0.0125 0.009378663540445486
0 0.608203125 0.4545720984759672 0.01171875 0.008792497069167644
0 0.24296875 0.4548651817116061 0.0125 0.009378663540445486
0 0.2203125 0.45427901524032827 0.0171875 0.008206330597889801
0 0.305078125 0.4525205158264947 0.01171875 0.008206330597889801
0 0.478515625 0.4522274325908558 0.01171875 0.008792497069167644
0 0.27578125 0.44460726846424387 0.0125 0.008792497069167644
0 0.67421875 0.444021101992966 0.0125 0.008792497069167644
0 0.091796875 0.4437280187573271 0.01328125 0.008206330597889801
0 0.563671875 0.4425556858147714 0.01171875 0.008206330597889801
0 0.459765625 0.43991793669402113 0.01171875 0.008792497069167644
0 0.4359375 0.43874560375146543 0.0125 0.008792497069167644
0 0.123046875 0.43874560375146543 0.01328125 0.008792497069167644
0 0.23984375 0.43786635404454866 0.0125 0.008206330597889801
0 0.5078125 0.43757327080890973 0.0125 0.008792497069167644
0 0.648828125 0.4369871043376319 0.01328125 0.008792497069167644
0 0.296875 0.4361078546307151 0.0125 0.009378663540445486
0 0.5875 0.43376318874560377 0.0125 0.009378663540445486
0 0.483203125 0.432883939038687 0.01171875 0.008792497069167644
0 0.625 0.43112543962485345 0.0125 0.008792497069167644
0 0.83125 0.42995310668229775 0.0140625 0.00996483001172333
0 0.3875 0.4287807737397421 0.0109375 0.008792497069167644
0 0.417578125 0.4264361078546307 0.01171875 0.008792497069167644
0 0.447265625 0.4223329425556858 0.01171875 0.0076201641266119575
0 0.668359375 0.42262602579132474 0.01171875 0.009378663540445486
0 0.525390625 0.42291910902696367 0.01171875 0.00996483001172333
0 0.7015625 0.42057444314185227 0.0125 0.008792497069167644
0 0.569921875 0.42057444314185227 0.01171875 0.008792497069167644
0 0.603515625 0.4191090269636577 0.01171875 0.009378663540445486
0 0.810546875 0.4176436107854631 0.01328125 0.00996483001172333
0 0.2109375 0.4167643610785463 0.0125 0.008206330597889801
0 0.5 0.40738569753810083 0.0125 0.008206330597889801
0 0.30390625 0.406799531066823 0.0109375 0.008206330597889801
0 0.83203125 0.4059202813599062 0.0140625 0.00996483001172333
0 0.6375 0.40533411488862836 0.0125 0.008792497069167644
0 0.58671875 0.40504103165298944 0.0125 0.008206330597889801
0 0.47109375 0.4044548651817116 0.0109375 0.008206330597889801
0 0.52421875 0.4044548651817116 0.0125 0.009378663540445486
0 0.66328125 0.40386869871043374 0.0125 0.009378663540445486
0 0.405078125 0.3983001172332943 0.01171875 0.008792497069167644
0 0.55546875 0.3971277842907386 0.0125 0.008792497069167644
0 0.61953125 0.3886283704572098 0.0125 0.009378663540445486
0 0.68203125 0.388042203985932 0.0125 0.009378663540445486
0 0.534375 0.38716295427901526 0.0125 0.008792497069167644
0 0.346875 0.38335287221570924 0.0125 0.009378663540445486
0 0.64375 0.38276670574443145 0.0125 0.009378663540445486
0 0.107421875 0.3824736225087925 0.01328125 0.008792497069167644
0 0.598046875 0.37602579132473624 0.01171875 0.00996483001172333
0 0.7734375 0.3745603751465416 0.0140625 0.009378663540445486
0 0.494921875 0.3710433763188746 0.01171875 0.009378663540445486
0 0.748828125 0.36811254396248533 0.01328125 0.009378663540445486
0 0.542578125 0.36400937866354044 0.01328125 0.009378663540445486
0 0.1875 0.3634232121922626 0.0125 0.009378663540445486
0 0.630078125 0.36313012895662367 0.01328125 0.00996483001172333
0 0.655078125 0.3616647127784291 0.01328125 0.009378663540445486
0 0.51875 0.36107854630715125 0.0125 0.009378663540445486
0 0.605078125 0.35873388042203985 0.01328125 0.009378663540445486
0 0.58125 0.35580304806565066 0.0125 0.009378663540445486
0 0.271484375 0.35433763188745604 0.01171875 0.008792497069167644
0 0.6921875 0.3496483001172333 0.0125 0.00996483001172333
0 0.500390625 0.3484759671746776 0.01171875 0.00996483001172333
0 0.6671875 0.34466588511137164 0.0125 0.009378663540445486
0 0.626171875 0.3440797186400938 0.01171875 0.008206330597889801
0 0.596875 0.3347010550996483 0.0125 0.009378663540445486
0 0.64765625 0.332063305978898 0.0125 0.00996483001172333
0 0.532421875 0.3311840562719812 0.01171875 0.009378663540445486
0 0.575390625 0.32180539273153574 0.01171875 0.009378663540445486
0 0.181640625 0.317116060961313 0.01328125 0.012895662368112544
0 0.70078125 0.31477139507620167 0.0125 0.009378663540445486
0 0.61484375 0.3150644783118406 0.0125 0.00996483001172333
0 0.669140625 0.31359906213364597 0.01328125 0.010550996483001172
0 0.638671875 0.30920281359906215 0.01328125 0.00996483001172333
0 0.28359375 0.30920281359906215 0.0125 0.00996483001172333
0 0.388671875 0.3074443141852286 0.01171875 0.008792497069167644
0 0.05859375 0.3045134818288394 0.0109375 0.008792497069167644
0 0.522265625 0.3042203985932005 0.01171875 0.009378663540445486
0 0.18125 0.30246189917936694 0.0140625 0.012895662368112544
0 0.61875 0.29718640093786636 0.0125 0.010550996483001172
0 0.66171875 0.29279015240328254 0.0125 0.00996483001172333
0 0.646875 0.2772567409144197 0.0125 0.009378663540445486
0 0.67578125 0.27432590855803046 0.0125 0.009378663540445486
0 0.83515625 0.27403282532239154 0.0140625 0.00996483001172333
0 0.192578125 0.2787221570926143 0.02421875 0.025205158264947247
0 0.321875 0.2672919109026964 0.0125 0.010550996483001172
0 0.771875 0.26465416178194606 0.0125 0.00996483001172333
0 0.5578125 0.2640679953106682 0.0125 0.00996483001172333
0 0.86328125 0.2593786635404455 0.0140625 0.00996483001172333
0 0.586328125 0.25791324736225085 0.01171875 0.009378663540445486
0 0.11328125 0.2456037514654162 0.0125 0.009378663540445486
0 0.069140625 0.24325908558030482 0.01328125 0.009378663540445486
0 0.191015625 0.2444314185228605 0.03515625 0.01406799531066823
0 0.60546875 0.24091441969519342 0.0125 0.010550996483001172
0 0.5875 0.22655334114888628 0.0078125 0.011137162954279016
0 0.52734375 0.2198124267291911 0.0125 0.010550996483001172
0 0.1421875 0.21893317702227433 0.0140625 0.00996483001172333
0 0.6109375 0.21570926143024619 0.0125 0.010550996483001172
0 0.856640625 0.20984759671746775 0.01328125 0.008206330597889801
0 0.635546875 0.20750293083235638 0.01328125 0.011723329425556858
0 0.5125 0.19929660023446658 0.0125 0.011723329425556858
0 0.61875 0.19490035169988276 0.0109375 0.0076201641266119575
0 0.404296875 0.19284876905041032 0.01171875 0.010550996483001172
0 0.478125 0.19636576787807739 0.0265625 0.023446658851113716
0 0.360546875 0.18903868698710433 0.01171875 0.011137162954279016
0 0.651953125 0.18376318874560374 0.01328125 0.011137162954279016
0 0.55390625 0.17614302461899178 0.0125 0.005275498241500586
0 0.733984375 0.1746776084407972 0.01328125 0.010550996483001172
0 0.5125 0.1749706916764361 0.0125 0.011137162954279016
0 0.239453125 0.17438452520515826 0.01328125 0.011137162954279016
0 0.62578125 0.16910902696365768 0.00625 0.006447831184056272
0 0.25859375 0.16471277842907386 0.0125 0.010550996483001172
0 0.483203125 0.15914419695193435 0.00390625 0.0029308323563892145
0 0.214453125 0.1570926143024619 0.01328125 0.009378663540445486
0 0.46328125 0.1515240328253224 0.0046875 0.0029308323563892145
0 0.566015625 0.14976553341148885 0.01171875 0.0123094958968347
0 0.186328125 0.14361078546307152 0.01171875 0.010550996483001172
0 0.243359375 0.14243845252051582 0.01171875 0.009378663540445486
0 0.797265625 0.1392145369284877 0.01328125 0.011137162954279016
0 0.500390625 0.1354044548651817 0.00234375 0.0035169988276670576
0 0.20703125 0.13745603751465416 0.00625 0.0076201641266119575
0 0.72578125 0.1324736225087925 0.0125 0.010550996483001172
0 0.829296875 0.1271981242672919 0.01328125 0.008206330597889801
0 0.57421875 0.12602579132473624 0.0125 0.008206330597889801
0 0.62109375 0.12631887456037513 0.0125 0.011137162954279016
0 0.272265625 0.12338804220398593 0.01171875 0.011137162954279016
0 0.513671875 0.11664712778429073 0.00859375 0.0035169988276670576
0 0.315234375 0.11694021101992966 0.01328125 0.011137162954279016
0 0.247265625 0.09730363423212192 0.00546875 0.0035169988276670576
0 0.191015625 0.10287221570926143 0.04609375 0.027549824150058615
0 0.214453125 0.08763188745603752 0.00078125 0.0005861664712778429
