0 0.6703125 0.8291666666666667 0.0046875 0.0020833333333333333
0 0.652734375 0.8213541666666667 0.00078125 0.0010416666666666667
0 0.493359375 0.8223958333333333 0.00546875 0.005208333333333333
0 0.43203125 0.8234375 0.00625 0.007291666666666667
0 0.286328125 0.8213541666666667 0.00234375 0.003125
0 0.585546875 0.8171875 0.00078125 0.0010416666666666667
0 0.53359375 0.8208333333333333 0.00625 0.008333333333333333
0 0.40234375 0.8192708333333333 0.003125 0.005208333333333333
0 0.3046875 0.8229166666666666 0.0078125 0.0125
0 0.686328125 0.815625 0.00234375 0.0020833333333333333
0 0.63046875 0.8161458333333333 0.0046875 0.003125
0 0.5671875 0.8171875 0.0046875 0.007291666666666667
0 0.365234375 0.8192708333333333 0.00703125 0.011458333333333333
0 0.613671875 0.8145833333333333 0.00390625 0.004166666666666667
0 0.34609375 0.8177083333333334 0.009375 0.014583333333333334
0 0.417578125 0.8098958333333334 0.00546875 0.007291666666666667
0 0.5078125 0.809375 0.0046875 0.008333333333333333
0 0.377734375 0.8041666666666667 0.00078125 0.0020833333333333333
0 0.5984375 0.8046875 0.0046875 0.005208333333333333
0 0.641015625 0.8 0.00234375 0.0020833333333333333
0 0.5234375 0.8010416666666667 0.0046875 0.00625
0 0.658203125 0.7947916666666667 0.00234375 0.0020833333333333333
0 0.578125 0.7942708333333334 0.0046875 0.003125
0 0.433203125 0.7979166666666667 0.00546875 0.010416666666666666
0 0.18203125 0.7911458333333333 0.0015625 0.0010416666666666667
0 0.461328125 0.79375 0.00546875 0.008333333333333333
0 0.395703125 0.7963541666666667 0.00703125 0.013541666666666667
0 0.538671875 0.7901041666666667 0.00546875 0.007291666666666667
0 0.50078125 0.784375 0.0015625 0.0020833333333333333
0 0.41328125 0.7859375 0.00625 0.009375
0 0.371484375 0.7848958333333333 0.00859375 0.011458333333333333
0 0.5546875 0.7786458333333334 0.003125 0.003125
0 0.519921875 0.778125 0.00546875 0.004166666666666667
0 0.449609375 0.7765625 0.00390625 0.007291666666666667
0 0.622265625 0.7723958333333333 0.00234375 0.003125
0 0.570703125 0.7739583333333333 0.00390625 0.00625
0 0.426953125 0.7739583333333333 0.00390625 0.008333333333333333
0 0.488671875 0.7682291666666666 0.00390625 0.007291666666666667
0 0.398046875 0.7697916666666667 0.00703125 0.010416666666666666
0 0.652734375 0.7651041666666667 0.00234375 0.003125
0 0.535546875 0.7661458333333333 0.00546875 0.005208333333333333
0 0.35703125 0.7692708333333333 0.0078125 0.011458333333333333
0 0.50546875 0.7651041666666667 0.0046875 0.005208333333333333
0 0.67890625 0.7572916666666667 0.0015625 0.0020833333333333333
0 0.5828125 0.7598958333333333 0.0046875 0.007291666666666667
0 0.4140625 0.7598958333333333 0.0046875 0.007291666666666667
0 0.375390625 0.7588541666666667 0.00390625 0.005208333333333333
0 0.553125 0.7557291666666667 0.0046875 0.003125
0 0.696875 0.753125 0.0015625 0.0020833333333333333
0 0.63359375 0.7541666666666667 0.003125 0.004166666666666667
0 0.52109375 0.7536458333333333 0.0046875 0.007291666666666667
0 0.44609375 0.753125 0.0046875 0.00625
0 0.61875 0.7505208333333333 0.0046875 0.003125
0 0.494921875 0.7463541666666667 0.00234375 0.003125
0 0.430078125 0.7479166666666667 0.00546875 0.00625
0 0.56953125 0.7458333333333333 0.0046875 0.00625
0 0.40078125 0.7447916666666666 0.0046875 0.004166666666666667
0 0.33203125 0.7473958333333334 0.0078125 0.009375
0 0.38515625 0.7447916666666666 0.0046875 0.00625
0 0.36171875 0.74375 0.0046875 0.00625
0 0.653125 0.7416666666666667 0.0046875 0.004166666666666667
0 0.4625 0.7442708333333333 0.00625 0.009375
0 0.53828125 0.740625 0.0046875 0.00625
0 0.671484375 0.7364583333333333 0.00234375 0.0020833333333333333
0 0.58515625 0.7354166666666667 0.003125 0.0020833333333333333
0 0.604296875 0.7328125 0.00078125 0.0010416666666666667
0 0.693359375 0.7296875 0.00390625 0.0010416666666666667
0 0.555078125 0.73125 0.00546875 0.004166666666666667
0 0.4421875 0.7322916666666667 0.0046875 0.00625
0 0.624609375 0.7291666666666666 0.00234375 0.0020833333333333333
0 0.5125 0.7333333333333333 0.0046875 0.010416666666666666
0 0.414453125 0.7307291666666667 0.00546875 0.007291666666666667
0 0.64296875 0.7260416666666667 0.003125 0.0020833333333333333
0 0.322265625 0.7270833333333333 0.00390625 0.004166666666666667
0 0.49375 0.7213541666666666 0.003125 0.003125
0 0.47109375 0.7229166666666667 0.0046875 0.00625
0 0.394140625 0.7239583333333334 0.00546875 0.008333333333333333
0 0.428515625 0.71875 0.00390625 0.0020833333333333333
0 0.67890625 0.7177083333333333 0.003125 0.0020833333333333333
0 0.541796875 0.7197916666666667 0.00546875 0.010416666666666666
0 0.203515625 0.7151041666666667 0.00078125 0.0010416666666666667
0 0.566796875 0.7140625 0.00078125 0.0010416666666666667
0 0.455078125 0.7161458333333334 0.00546875 0.005208333333333333
0 0.524609375 0.7161458333333334 0.00546875 0.009375
0 0.612890625 0.7125 0.00546875 0.00625
0 0.335546875 0.7067708333333333 0.00234375 0.005208333333333333
0 0.50859375 0.7083333333333334 0.00625 0.010416666666666666
0 0.65 0.7046875 0.00625 0.005208333333333333
0 0.403515625 0.7041666666666667 0.00546875 0.00625
0 0.667578125 0.6994791666666667 0.00390625 0.003125
0 0.38828125 0.6994791666666667 0.003125 0.003125
0 0.3140625 0.7010416666666667 0.003125 0.00625
0 0.351171875 0.6994791666666667 0.00234375 0.005208333333333333
0 0.68515625 0.6963541666666667 0.003125 0.003125
0 0.493359375 0.6989583333333333 0.00546875 0.008333333333333333
0 0.4453125 0.6979166666666666 0.00625 0.008333333333333333
0 0.371484375 0.6947916666666667 0.00078125 0.0020833333333333333
0 0.5359375 0.6963541666666667 0.00625 0.007291666666666667
0 0.475 0.6963541666666667 0.0046875 0.007291666666666667
0 0.590234375 0.6958333333333333 0.00546875 0.008333333333333333
0 0.428515625 0.6958333333333333 0.00546875 0.008333333333333333
0 0.573046875 0.6947916666666667 0.00546875 0.008333333333333333
0 0.553515625 0.6953125 0.00546875 0.009375
0 0.703515625 0.6869791666666667 0.00078125 0.0010416666666666667
0 0.701953125 0.6859375 0.00078125 0.0010416666666666667
0 0.266015625 0.6864583333333333 0.00234375 0.0020833333333333333
0 0.6125 0.6895833333333333 0.00625 0.010416666666666666
0 0.4140625 0.684375 0.0046875 0.004166666666666667
0 0.333203125 0.6838541666666667 0.00234375 0.003125
0 0.629296875 0.6854166666666667 0.00546875 0.008333333333333333
0 0.504296875 0.6838541666666667 0.00546875 0.009375
0 0.3953125 0.6807291666666667 0.003125 0.003125
0 0.36015625 0.6802083333333333 0.0015625 0.0020833333333333333
0 0.31640625 0.6802083333333333 0.003125 0.0020833333333333333
0 0.651171875 0.6828125 0.00546875 0.009375
0 0.459765625 0.6796875 0.00390625 0.007291666666666667
0 0.4375 0.6770833333333334 0.0046875 0.008333333333333333
0 0.4875 0.6755208333333333 0.00625 0.007291666666666667
0 0.677734375 0.6729166666666667 0.00546875 0.00625
0 0.599609375 0.675 0.00703125 0.010416666666666666
0 0.53203125 0.6739583333333333 0.00625 0.008333333333333333
0 0.55703125 0.6739583333333333 0.00625 0.010416666666666666
0 0.37578125 0.671875 0.003125 0.00625
0 0.516015625 0.6682291666666667 0.00078125 0.0010416666666666667
0 0.573828125 0.6697916666666667 0.00546875 0.008333333333333333
0 0.344921875 0.6677083333333333 0.00234375 0.004166666666666667
0 0.47109375 0.6677083333333333 0.00625 0.0125
0 0.410546875 0.6635416666666667 0.00546875 0.00625
0 0.29375 0.6614583333333334 0.0015625 0.0020833333333333333
0 0.500390625 0.6625 0.00546875 0.008333333333333333
0 0.360546875 0.6588541666666666 0.00078125 0.0010416666666666667
0 0.276953125 0.6583333333333333 0.00234375 0.0020833333333333333
0 0.311328125 0.6567708333333333 0.00078125 0.0010416666666666667
0 0.447265625 0.659375 0.00546875 0.008333333333333333
0 0.396875 0.6552083333333333 0.003125 0.0020833333333333333
0 0.37734375 0.6505208333333333 0.0015625 0.0010416666666666667
0 0.484375 0.6541666666666667 0.0046875 0.010416666666666666
0 0.545703125 0.6536458333333334 0.00546875 0.011458333333333333
0 0.428125 0.6489583333333333 0.0015625 0.0020833333333333333
0 0.76796875 0.6473958333333333 0.0015625 0.0010416666666666667
0 0.52890625 0.6520833333333333 0.00625 0.010416666666666666
0 0.251953125 0.6453125 0.00078125 0.003125
0 0.347265625 0.6442708333333333 0.00234375 0.005208333333333333
0 0.409375 0.6401041666666667 0.0015625 0.003125
0 0.32265625 0.6401041666666667 0.0015625 0.005208333333333333
0 0.7265625 0.6385416666666667 0.00625 0.00625
0 0.29140625 0.6380208333333334 0.003125 0.005208333333333333
0 0.49765625 0.6395833333333333 0.00625 0.010416666666666666
0 0.441015625 0.6375 0.00546875 0.00625
0 0.27578125 0.6359375 0.003125 0.003125
0 0.366796875 0.6354166666666666 0.00390625 0.00625
0 0.308203125 0.6328125 0.00078125 0.0010416666666666667
0 0.53984375 0.6317708333333333 0.00625 0.009375
0 0.337109375 0.6276041666666666 0.00234375 0.003125
0 0.426171875 0.6286458333333333 0.00546875 0.007291666666666667
0 0.396484375 0.6276041666666666 0.00234375 0.005208333333333333
0 0.38046875 0.6239583333333333 0.003125 0.00625
0 0.353515625 0.6208333333333333 0.00234375 0.004166666666666667
0 0.322265625 0.6182291666666667 0.00078125 0.0010416666666666667
0 0.2921875 0.6171875 0.003125 0.003125
0 0.439453125 0.6171875 0.00546875 0.007291666666666667
0 0.496875 0.6182291666666667 0.00625 0.011458333333333333
0 0.731640625 0.6098958333333333 0.00546875 0.005208333333333333
0 0.36875 0.609375 0.003125 0.004166666666666667
0 0.224609375 0.6057291666666667 0.00234375 0.0010416666666666667
0 0.41015625 0.6083333333333333 0.00625 0.008333333333333333
0 0.264453125 0.6036458333333333 0.00078125 0.0010416666666666667
0 0.38828125 0.6041666666666666 0.003125 0.00625
0 0.61171875 0.6026041666666667 0.00625 0.005208333333333333
0 0.426171875 0.6036458333333333 0.00546875 0.007291666666666667
0 0.280859375 0.6015625 0.00234375 0.003125
0 0.336328125 0.5973958333333333 0.00234375 0.003125
0 0.3171875 0.5979166666666667 0.003125 0.004166666666666667
0 0.300390625 0.5973958333333333 0.00234375 0.003125
0 0.450390625 0.5979166666666667 0.00546875 0.008333333333333333
0 0.353515625 0.5916666666666667 0.00234375 0.0020833333333333333
0 0.693359375 0.5895833333333333 0.00234375 0.0020833333333333333
0 0.487109375 0.5932291666666667 0.00703125 0.011458333333333333
0 0.371484375 0.5875 0.00390625 0.00625
0 0.25859375 0.5828125 0.0015625 0.0010416666666666667
0 0.426953125 0.5838541666666667 0.00546875 0.011458333333333333
0 0.276953125 0.5802083333333333 0.00234375 0.004166666666666667
0 0.330078125 0.5776041666666667 0.00078125 0.0010416666666666667
0 0.3109375 0.5786458333333333 0.003125 0.003125
0 0.294140625 0.578125 0.00234375 0.0020833333333333333
0 0.665625 0.5744791666666667 0.0046875 0.003125
0 0.449609375 0.5755208333333334 0.00390625 0.005208333333333333
0 0.8 0.5692708333333333 0.0015625 0.0010416666666666667
0 0.3828125 0.5739583333333333 0.0046875 0.010416666666666666
0 0.34609375 0.5697916666666667 0.0015625 0.0020833333333333333
0 0.568359375 0.5729166666666666 0.00703125 0.0125
0 0.25078125 0.5651041666666666 0.0015625 0.0010416666666666667
0 0.586328125 0.5625 0.00546875 0.004166666666666667
0 0.321484375 0.5578125 0.00078125 0.0010416666666666667
0 0.284765625 0.5588541666666667 0.00234375 0.003125
0 0.303125 0.5578125 0.003125 0.005208333333333333
0 0.778125 0.5546875 0.0046875 0.005208333333333333
0 0.373046875 0.5541666666666667 0.00390625 0.004166666666666667
0 0.356640625 0.5505208333333333 0.00234375 0.003125
0 0.39375 0.55 0.00625 0.00625
0 0.556640625 0.5427083333333333 0.00546875 0.008333333333333333
0 0.27734375 0.5401041666666667 0.0046875 0.005208333333333333
0 0.3109375 0.5390625 0.003125 0.005208333333333333
0 0.29453125 0.5390625 0.0046875 0.005208333333333333
0 0.472265625 0.5375 0.00390625 0.00625
0 0.245703125 0.534375 0.00234375 0.004166666666666667
0 0.471875 0.5302083333333333 0.0015625 0.0020833333333333333
0 0.331640625 0.5302083333333333 0.00234375 0.004166666666666667
0 0.398046875 0.5239583333333333 0.00390625 0.004166666666666667
0 0.267578125 0.5213541666666667 0.00234375 0.003125
0 0.234765625 0.51875 0.00078125 0.0020833333333333333
0 0.31875 0.51875 0.003125 0.004166666666666667
0 0.301171875 0.51875 0.00234375 0.004166666666666667
0 0.55546875 0.5203125 0.00625 0.009375
0 0.360546875 0.515625 0.00390625 0.004166666666666667
0 0.253125 0.5145833333333333 0.0015625 0.004166666666666667
0 0.3390625 0.5114583333333333 0.0015625 0.0020833333333333333
0 0.468359375 0.5130208333333334 0.00546875 0.009375
0 0.3765625 0.5109375 0.0046875 0.005208333333333333
0 0.27578125 0.503125 0.0015625 0.0020833333333333333
0 0.391796875 0.5041666666666667 0.00703125 0.00625
0 0.309375 0.5010416666666667 0.003125 0.004166666666666667
0 0.425390625 0.5005208333333333 0.00546875 0.007291666666666667
0 0.2609375 0.49583333333333335 0.0015625 0.0020833333333333333
0 0.21640625 0.49583333333333335 0.0015625 0.0020833333333333333
0 0.715234375 0.49322916666666666 0.00703125 0.009375
0 0.441015625 0.49270833333333336 0.00546875 0.010416666666666666
0 0.328125 0.48802083333333335 0.003125 0.003125
0 0.230859375 0.48385416666666664 0.00078125 0.0010416666666666667
0 0.45703125 0.48802083333333335 0.00625 0.011458333333333333
0 0.344140625 0.4828125 0.00546875 0.005208333333333333
0 0.273046875 0.48072916666666665 0.00234375 0.003125
0 0.25234375 0.47708333333333336 0.0015625 0.0020833333333333333
0 0.35859375 0.478125 0.00625 0.00625
0 0.31171875 0.47604166666666664 0.003125 0.004166666666666667
0 0.287890625 0.46979166666666666 0.00546875 0.004166666666666667
0 0.425390625 0.46979166666666666 0.00703125 0.008333333333333333
0 0.33359375 0.4671875 0.0046875 0.005208333333333333
0 0.38203125 0.46458333333333335 0.00625 0.00625
0 0.271484375 0.4583333333333333 0.00234375 0.004166666666666667
0 0.254296875 0.45625 0.00234375 0.004166666666666667
0 0.54609375 0.4588541666666667 0.0078125 0.011458333333333333
0 0.31171875 0.45 0.0046875 0.004166666666666667
0 0.29375 0.4505208333333333 0.0046875 0.005208333333333333
0 0.237890625 0.44947916666666665 0.00234375 0.003125
0 0.56171875 0.44895833333333335 0.0078125 0.010416666666666666
0 0.42265625 0.44947916666666665 0.00625 0.011458333333333333
0 0.388671875 0.4427083333333333 0.00390625 0.004166666666666667
0 0.280078125 0.440625 0.00390625 0.004166666666666667
0 0.264453125 0.43854166666666666 0.00234375 0.004166666666666667
0 0.68203125 0.4401041666666667 0.0078125 0.011458333333333333
0 0.32109375 0.43333333333333335 0.0015625 0.0020833333333333333
0 0.302734375 0.4322916666666667 0.00234375 0.004166666666666667
0 0.7453125 0.4276041666666667 0.003125 0.005208333333333333
0 0.333984375 0.42135416666666664 0.00078125 0.0010416666666666667
0 0.28984375 0.42291666666666666 0.0046875 0.004166666666666667
0 0.273046875 0.42135416666666664 0.00078125 0.0010416666666666667
0 0.3640625 0.4203125 0.00625 0.009375
0 0.731640625 0.41770833333333335 0.00703125 0.00625
0 0.3046875 0.41302083333333334 0.0015625 0.003125
0 0.241796875 0.4109375 0.00234375 0.005208333333333333
0 0.321484375 0.40989583333333335 0.00546875 0.005208333333333333
0 0.282421875 0.4046875 0.00078125 0.0010416666666666667
0 0.258203125 0.4010416666666667 0.00234375 0.004166666666666667
0 0.334765625 0.39739583333333334 0.00546875 0.003125
0 0.297265625 0.39479166666666665 0.00390625 0.004166666666666667
0 0.3484375 0.38958333333333334 0.003125 0.0020833333333333333
0 0.24375 0.39010416666666664 0.0015625 0.003125
0 0.58203125 0.39114583333333336 0.00625 0.009375
0 0.272265625 0.3890625 0.00390625 0.005208333333333333
0 0.31328125 0.38645833333333335 0.0015625 0.0020833333333333333
0 0.49140625 0.38697916666666665 0.0078125 0.011458333333333333
0 0.287890625 0.3802083333333333 0.00234375 0.0020833333333333333
0 0.74765625 0.38177083333333334 0.0078125 0.007291666666666667
0 0.391796875 0.3828125 0.00703125 0.009375
0 0.78046875 0.37864583333333335 0.0015625 0.003125
0 0.23046875 0.3765625 0.00625 0.005208333333333333
0 0.5671875 0.3770833333333333 0.00625 0.010416666666666666
0 0.62421875 0.37552083333333336 0.0078125 0.009375
0 0.5953125 0.375 0.00625 0.008333333333333333
0 0.339453125 0.3723958333333333 0.00390625 0.005208333333333333
0 0.302734375 0.371875 0.00390625 0.004166666666666667
0 0.32109375 0.37083333333333335 0.00625 0.004166666666666667
0 0.355078125 0.3703125 0.00546875 0.007291666666666667
0 0.244921875 0.3645833333333333 0.00390625 0.004166666666666667
0 0.4546875 0.365625 0.0078125 0.008333333333333333
0 0.28125 0.359375 0.0046875 0.004166666666666667
0 0.377734375 0.35885416666666664 0.00703125 0.005208333333333333
0 0.574609375 0.3567708333333333 0.00703125 0.007291666666666667
0 0.2203125 0.35572916666666665 0.0046875 0.007291666666666667
0 0.30859375 0.353125 0.0046875 0.004166666666666667
0 0.324609375 0.35052083333333334 0.00546875 0.005208333333333333
0 0.8140625 0.34739583333333335 0.003125 0.003125
0 0.444921875 0.35052083333333334 0.00703125 0.011458333333333333
0 0.23671875 0.346875 0.0046875 0.004166666666666667
0 0.292578125 0.34479166666666666 0.00546875 0.004166666666666667
0 0.270703125 0.34270833333333334 0.00234375 0.004166666666666667
0 0.705859375 0.34010416666666665 0.00078125 0.0010416666666666667
0 0.3421875 0.340625 0.0015625 0.0020833333333333333
0 0.67890625 0.3416666666666667 0.0078125 0.0125
0 0.3578125 0.3338541666666667 0.00625 0.005208333333333333
0 0.310546875 0.3333333333333333 0.00390625 0.004166666666666667
0 0.55859375 0.3359375 0.00625 0.011458333333333333
0 0.3265625 0.3307291666666667 0.0046875 0.005208333333333333
0 0.296875 0.3265625 0.0015625 0.0010416666666666667
0 0.690625 0.325 0.0078125 0.00625
0 0.715625 0.32447916666666665 0.0046875 0.007291666666666667
0 0.52734375 0.3260416666666667 0.00625 0.010416666666666666
0 0.666796875 0.32447916666666665 0.00703125 0.009375
0 0.545703125 0.32395833333333335 0.00703125 0.010416666666666666
0 0.346484375 0.3203125 0.00546875 0.005208333333333333
0 0.23203125 0.31979166666666664 0.00625 0.004166666666666667
0 0.426953125 0.3182291666666667 0.00859375 0.007291666666666667
0 0.31796875 0.3151041666666667 0.00625 0.005208333333333333
0 0.618359375 0.3140625 0.00546875 0.005208333333333333
0 0.757421875 0.31302083333333336 0.00703125 0.007291666666666667
0 0.702734375 0.31197916666666664 0.00546875 0.005208333333333333
0 0.4546875 0.3151041666666667 0.0078125 0.011458333333333333
0 0.655859375 0.3098958333333333 0.00859375 0.007291666666666667
0 0.288671875 0.3078125 0.00234375 0.003125
0 0.333203125 0.3078125 0.00546875 0.005208333333333333
0 0.259375 0.30625 0.0046875 0.004166666666666667
0 0.20546875 0.30625 0.0046875 0.004166666666666667
0 0.43984375 0.30885416666666665 0.0078125 0.011458333333333333
0 0.373046875 0.30625 0.00859375 0.00625
0 0.305859375 0.303125 0.00078125 0.0020833333333333333
0 0.244140625 0.30416666666666664 0.00234375 0.004166666666666667
0 0.73125 0.30052083333333335 0.003125 0.003125
0 0.68984375 0.30364583333333334 0.00625 0.009375
0 0.355859375 0.30052083333333335 0.00546875 0.005208333333333333
0 0.228125 0.3 0.00625 0.004166666666666667
0 0.71484375 0.30052083333333335 0.00625 0.007291666666666667
0 0.27578125 0.29791666666666666 0.003125 0.004166666666666667
0 0.61015625 0.2989583333333333 0.00625 0.008333333333333333
0 0.41875 0.29739583333333336 0.00625 0.005208333333333333
0 0.547265625 0.29791666666666666 0.00859375 0.010416666666666666
0 0.320703125 0.2942708333333333 0.00234375 0.005208333333333333
0 0.675390625 0.29375 0.00703125 0.00625
0 0.52734375 0.29583333333333334 0.0078125 0.010416666666666666
0 0.383984375 0.2942708333333333 0.00859375 0.011458333333333333
0 0.78359375 0.290625 0.0015625 0.00625
0 0.336328125 0.29010416666666666 0.00859375 0.007291666666666667
0 0.292578125 0.2890625 0.00234375 0.005208333333333333
0 0.74140625 0.2859375 0.0015625 0.0010416666666666667
0 0.366796875 0.28802083333333334 0.00859375 0.007291666666666667
0 0.261328125 0.2875 0.00546875 0.00625
0 0.446875 0.2859375 0.00625 0.009375
0 0.39765625 0.28541666666666665 0.00625 0.008333333333333333
0 0.218359375 0.2833333333333333 0.00859375 0.004166666666666667
0 0.697265625 0.28125 0.00703125 0.00625
0 0.30703125 0.28072916666666664 0.0046875 0.005208333333333333
0 0.350390625 0.2791666666666667 0.00703125 0.00625
0 0.55625 0.2786458333333333 0.00625 0.009375
0 0.27734375 0.27760416666666665 0.0078125 0.007291666666666667
0 0.244140625 0.275 0.00234375 0.004166666666666667
0 0.638671875 0.27447916666666666 0.00546875 0.005208333333333333
0 0.321875 0.27395833333333336 0.0046875 0.00625
0 0.673046875 0.27291666666666664 0.00703125 0.00625
0 0.581640625 0.27447916666666666 0.00546875 0.011458333333333333
0 0.37734375 0.27291666666666664 0.0078125 0.008333333333333333
0 0.434375 0.2713541666666667 0.0078125 0.007291666666666667
0 0.455078125 0.26927083333333335 0.00703125 0.007291666666666667
0 0.41875 0.2708333333333333 0.00625 0.010416666666666666
0 0.33671875 0.26979166666666665 0.0078125 0.008333333333333333
0 0.29375 0.26979166666666665 0.0078125 0.008333333333333333
0 0.25859375 0.26979166666666665 0.0078125 0.010416666666666666
0 0.708984375 0.2630208333333333 0.00078125 0.0010416666666666667
0 0.361328125 0.26614583333333336 0.00859375 0.009375
0 0.40390625 0.26510416666666664 0.0078125 0.009375
0 0.212890625 0.2635416666666667 0.00546875 0.00625
0 0.31015625 0.26145833333333335 0.0046875 0.00625
0 0.726953125 0.2578125 0.00078125 0.0010416666666666667
0 0.520703125 0.2604166666666667 0.00546875 0.010416666666666666
0 0.44375 0.25625 0.00625 0.008333333333333333
0 0.390234375 0.2546875 0.00859375 0.007291666666666667
0 0.665625 0.2552083333333333 0.0078125 0.010416666666666666
0 0.374609375 0.25364583333333335 0.00859375 0.009375
0 0.648046875 0.25052083333333336 0.00546875 0.005208333333333333
0 0.32578125 0.2526041666666667 0.0078125 0.009375
0 0.494140625 0.246875 0.00390625 0.0020833333333333333
0 0.34140625 0.25052083333333336 0.00625 0.009375
0 0.296875 0.24947916666666667 0.0046875 0.007291666666666667
0 0.413671875 0.25 0.00859375 0.010416666666666666
0 0.28125 0.24791666666666667 0.00625 0.008333333333333333
0 0.220703125 0.24479166666666666 0.00703125 0.00625
0 0.783203125 0.24166666666666667 0.00703125 0.004166666666666667
0 0.60546875 0.2421875 0.0078125 0.009375
0 0.434765625 0.24010416666666667 0.00703125 0.005208333333333333
0 0.7484375 0.24010416666666667 0.0078125 0.007291666666666667
0 0.265625 0.240625 0.0046875 0.008333333333333333
0 0.384765625 0.23645833333333333 0.00390625 0.004166666666666667
0 0.481640625 0.2390625 0.00703125 0.011458333333333333
0 0.583203125 0.2375 0.00859375 0.010416666666666666
0 0.465234375 0.23229166666666667 0.00234375 0.0020833333333333333
0 0.35625 0.2359375 0.0078125 0.011458333333333333
0 0.44921875 0.23489583333333333 0.00625 0.011458333333333333
0 0.408203125 0.2296875 0.00078125 0.0010416666666666667
0 0.341796875 0.22916666666666666 0.00703125 0.008333333333333333
0 0.64453125 0.22395833333333334 0.0046875 0.004166666666666667
0 0.37421875 0.221875 0.0015625 0.0020833333333333333
0 0.30234375 0.22135416666666666 0.00625 0.005208333333333333
0 0.2859375 0.22239583333333332 0.0046875 0.007291666666666667
0 0.226171875 0.2234375 0.00859375 0.011458333333333333
0 0.438671875 0.21979166666666666 0.00703125 0.00625
0 0.3203125 0.21875 0.0046875 0.00625
0 0.615234375 0.21875 0.00859375 0.008333333333333333
0 0.269921875 0.21927083333333333 0.00546875 0.009375
0 0.389453125 0.215625 0.00390625 0.004166666666666667
0 0.46171875 0.2125 0.003125 0.0020833333333333333
0 0.333984375 0.2125 0.00859375 0.010416666666666666
0 0.417578125 0.20677083333333332 0.00703125 0.007291666666666667
0 0.402734375 0.20625 0.00859375 0.00625
0 0.362890625 0.20677083333333332 0.00703125 0.007291666666666667
0 0.293359375 0.2046875 0.00859375 0.007291666666666667
0 0.379296875 0.2015625 0.00390625 0.005208333333333333
0 0.321875 0.1984375 0.00625 0.005208333333333333
0 0.448828125 0.19739583333333333 0.00546875 0.005208333333333333
0 0.46171875 0.17604166666666668 0.0078125 0.00625
0 0.25390625 0.17760416666666667 0.009375 0.011458333333333333
