0 0.6546875 0.8994791666666667 0.0046875 0.003125
0 0.398828125 0.8984375 0.00703125 0.007291666666666667
0 0.261328125 0.8973958333333333 0.00703125 0.009375
0 0.636328125 0.8932291666666666 0.00390625 0.003125
0 0.46484375 0.896875 0.00625 0.0125
0 0.36640625 0.8932291666666666 0.003125 0.005208333333333333
0 0.562890625 0.8901041666666667 0.00234375 0.0010416666666666667
0 0.50859375 0.8947916666666667 0.0078125 0.010416666666666666
0 0.5953125 0.8885416666666667 0.0015625 0.0020833333333333333
0 0.672265625 0.8880208333333334 0.00390625 0.003125
0 0.30625 0.8927083333333333 0.0078125 0.0125
0 0.612109375 0.8885416666666667 0.00390625 0.00625
0 0.544140625 0.8901041666666667 0.00546875 0.009375
0 0.696484375 0.8859375 0.00390625 0.003125
0 0.38359375 0.8864583333333333 0.00625 0.008333333333333333
0 0.480078125 0.8838541666666667 0.00546875 0.005208333333333333
0 0.57890625 0.8760416666666667 0.003125 0.004166666666666667
0 0.731640625 0.8734375 0.00234375 0.0010416666666666667
0 0.786328125 0.8723958333333334 0.00234375 0.0010416666666666667
0 0.455859375 0.871875 0.00234375 0.0020833333333333333
0 0.76796875 0.8692708333333333 0.0015625 0.0010416666666666667
0 0.49765625 0.8739583333333333 0.00625 0.010416666666666666
0 0.659375 0.8697916666666666 0.0046875 0.004166666666666667
0 0.401953125 0.8692708333333333 0.00546875 0.007291666666666667
0 0.6828125 0.8661458333333333 0.003125 0.003125
0 0.6421875 0.865625 0.0015625 0.0020833333333333333
0 0.55625 0.8651041666666667 0.0046875 0.003125
0 0.35859375 0.8677083333333333 0.009375 0.0125
0 0.430859375 0.8661458333333333 0.00546875 0.011458333333333333
0 0.51328125 0.8604166666666667 0.00625 0.00625
0 0.469921875 0.8588541666666667 0.00234375 0.005208333333333333
0 0.37890625 0.8588541666666667 0.0078125 0.011458333333333333
0 0.494140625 0.8526041666666667 0.00078125 0.0010416666666666667
0 0.333203125 0.85625 0.01015625 0.008333333333333333
0 0.53046875 0.85 0.0046875 0.004166666666666667
0 0.673046875 0.8453125 0.00078125 0.0010416666666666667
0 0.4921875 0.8473958333333333 0.003125 0.005208333333333333
0 0.41875 0.8473958333333333 0.0046875 0.007291666666666667
0 0.65234375 0.84375 0.003125 0.0020833333333333333
0 0.68984375 0.8421875 0.0015625 0.0010416666666666667
0 0.39375 0.846875 0.00625 0.010416666666666666
0 0.603515625 0.8395833333333333 0.00390625 0.0020833333333333333
0 0.479296875 0.8369791666666667 0.00390625 0.007291666666666667
0 0.459765625 0.8375 0.00546875 0.010416666666666666
0 0.362890625 0.8390625 0.00703125 0.013541666666666667
0 0.636328125 0.8322916666666667 0.00234375 0.0020833333333333333
0 0.318359375 0.8385416666666666 0.00703125 0.014583333333333334
0 0.728125 0.8317708333333333 0.0046875 0.003125
0 0.706640625 0.83125 0.00234375 0.0020833333333333333
0 0.335546875 0.83125 0.00546875 0.008333333333333333
0 0.380078125 0.8296875 0.00703125 0.009375
0 0.5609375 0.8265625 0.0046875 0.005208333333333333
0 0.530078125 0.8244791666666667 0.00390625 0.005208333333333333
0 0.664453125 0.821875 0.00390625 0.0020833333333333333
0 0.494921875 0.825 0.00546875 0.008333333333333333
0 0.4140625 0.8244791666666667 0.00625 0.009375
0 0.616015625 0.8203125 0.00234375 0.003125
0 0.6828125 0.81875 0.003125 0.0020833333333333333
0 0.396875 0.8197916666666667 0.0078125 0.008333333333333333
0 0.598046875 0.815625 0.00390625 0.0020833333333333333
0 0.467578125 0.8151041666666666 0.00078125 0.0010416666666666667
0 0.365625 0.8171875 0.0046875 0.005208333333333333
0 0.54609375 0.8125 0.0046875 0.004166666666666667
0 0.3484375 0.8119791666666667 0.0078125 0.007291666666666667
0 0.322265625 0.8130208333333333 0.00703125 0.009375
0 0.29296875 0.8140625 0.009375 0.013541666666666667
0 0.637890625 0.8072916666666666 0.00390625 0.0020833333333333333
0 0.51484375 0.8083333333333333 0.003125 0.004166666666666667
0 0.432421875 0.8125 0.00546875 0.014583333333333334
0 0.773828125 0.8046875 0.00078125 0.0010416666666666667
0 0.776171875 0.8036458333333333 0.00078125 0.0010416666666666667
0 0.5609375 0.8020833333333334 0.0015625 0.0020833333333333333
0 0.484765625 0.803125 0.00390625 0.010416666666666666
0 0.307421875 0.7984375 0.00078125 0.0010416666666666667
0 0.586328125 0.7979166666666667 0.00234375 0.0020833333333333333
0 0.655078125 0.8 0.00390625 0.008333333333333333
0 0.411328125 0.7994791666666666 0.00859375 0.011458333333333333
0 0.380859375 0.7994791666666666 0.00859375 0.011458333333333333
0 0.53125 0.7979166666666667 0.0046875 0.010416666666666666
0 0.680078125 0.7916666666666666 0.00390625 0.004166666666666667
0 0.755859375 0.7890625 0.00078125 0.0010416666666666667
0 0.625390625 0.7901041666666667 0.00390625 0.005208333333333333
0 0.2828125 0.7942708333333334 0.009375 0.013541666666666667
0 0.393359375 0.7859375 0.00078125 0.0010416666666666667
0 0.39609375 0.7848958333333333 0.0015625 0.0010416666666666667
0 0.359765625 0.790625 0.00703125 0.0125
0 0.441796875 0.7901041666666667 0.00703125 0.013541666666666667
0 0.1515625 0.784375 0.0015625 0.0020833333333333333
0 0.73828125 0.7833333333333333 0.003125 0.004166666666666667
0 0.51640625 0.784375 0.00625 0.00625
0 0.236328125 0.7864583333333334 0.00234375 0.010416666666666666
0 0.662890625 0.78125 0.00546875 0.0020833333333333333
0 0.771484375 0.7791666666666667 0.00234375 0.0020833333333333333
0 0.541796875 0.7786458333333334 0.00390625 0.0010416666666666667
0 0.498046875 0.78125 0.00546875 0.010416666666666666
0 0.424609375 0.78125 0.00859375 0.010416666666666666
0 0.592578125 0.7760416666666666 0.00390625 0.004166666666666667
0 0.481640625 0.775 0.00546875 0.008333333333333333
0 0.29375 0.7755208333333333 0.0078125 0.011458333333333333
0 0.271875 0.771875 0.0078125 0.008333333333333333
0 0.807421875 0.7671875 0.00078125 0.0010416666666666667
0 0.36953125 0.7703125 0.00625 0.007291666666666667
0 0.311328125 0.7697916666666667 0.00703125 0.008333333333333333
0 0.710546875 0.7677083333333333 0.00546875 0.00625
0 0.351171875 0.76875 0.00390625 0.008333333333333333
0 0.633203125 0.7666666666666667 0.00546875 0.00625
0 0.652734375 0.7619791666666667 0.00546875 0.005208333333333333
0 0.464453125 0.7635416666666667 0.00546875 0.008333333333333333
0 0.412890625 0.7630208333333334 0.00546875 0.007291666666666667
0 0.333984375 0.7630208333333334 0.00390625 0.007291666666666667
0 0.3953125 0.7625 0.00625 0.008333333333333333
0 0.5109375 0.7619791666666667 0.0046875 0.009375
0 0.166796875 0.7598958333333333 0.00234375 0.007291666666666667
0 0.445703125 0.7614583333333333 0.00703125 0.0125
0 0.759765625 0.7541666666666667 0.00078125 0.0020833333333333333
0 0.52890625 0.7567708333333333 0.0046875 0.007291666666666667
0 0.67109375 0.7552083333333334 0.0046875 0.00625
0 0.568359375 0.7572916666666667 0.00390625 0.010416666666666666
0 0.55078125 0.7567708333333333 0.0046875 0.009375
0 0.22109375 0.7546875 0.00625 0.007291666666666667
0 0.379296875 0.75 0.00546875 0.00625
0 0.691796875 0.7473958333333334 0.00234375 0.003125
0 0.59296875 0.7489583333333333 0.00625 0.008333333333333333
0 0.321484375 0.7458333333333333 0.00234375 0.0020833333333333333
0 0.292578125 0.7484375 0.00390625 0.007291666666666667
0 0.275 0.7453125 0.0046875 0.003125
0 0.61015625 0.7463541666666667 0.0046875 0.007291666666666667
0 0.476953125 0.746875 0.00546875 0.010416666666666666
0 0.74296875 0.7411458333333333 0.003125 0.005208333333333333
0 0.426953125 0.7421875 0.00546875 0.007291666666666667
0 0.634765625 0.7427083333333333 0.00546875 0.0125
0 0.405078125 0.7411458333333333 0.00546875 0.009375
0 0.77890625 0.7348958333333333 0.0015625 0.0010416666666666667
0 0.4578125 0.7395833333333334 0.0046875 0.010416666666666666
0 0.505859375 0.7354166666666667 0.00390625 0.00625
0 0.3375 0.7348958333333333 0.003125 0.005208333333333333
0 0.303515625 0.7328125 0.00546875 0.005208333333333333
0 0.57890625 0.7348958333333333 0.00625 0.011458333333333333
0 0.533203125 0.7338541666666667 0.00546875 0.011458333333333333
0 0.6640625 0.7307291666666667 0.00625 0.009375
0 0.551171875 0.7317708333333334 0.00546875 0.011458333333333333
0 0.25078125 0.7255208333333333 0.0015625 0.003125
0 0.376171875 0.7276041666666667 0.00390625 0.009375
0 0.440625 0.728125 0.0046875 0.0125
0 0.471875 0.7244791666666667 0.0046875 0.007291666666666667
0 0.52109375 0.7182291666666667 0.0015625 0.0010416666666666667
0 0.268359375 0.71875 0.00078125 0.0020833333333333333
0 0.41484375 0.7197916666666667 0.0046875 0.008333333333333333
0 0.39296875 0.7119791666666667 0.0046875 0.003125
0 0.523046875 0.7104166666666667 0.00234375 0.004166666666666667
0 0.455078125 0.7140625 0.00546875 0.011458333333333333
0 0.807421875 0.7078125 0.00078125 0.0010416666666666667
0 0.50234375 0.7109375 0.0046875 0.009375
0 0.3078125 0.70625 0.0015625 0.0020833333333333333
0 0.759375 0.703125 0.0015625 0.0020833333333333333
0 0.282421875 0.7015625 0.00078125 0.0010416666666666667
0 0.37578125 0.7005208333333334 0.0015625 0.0010416666666666667
0 0.3265625 0.6958333333333333 0.0015625 0.0020833333333333333
0 0.469140625 0.6979166666666666 0.00546875 0.008333333333333333
0 0.4078125 0.6979166666666666 0.0046875 0.010416666666666666
0 0.71640625 0.6947916666666667 0.00625 0.010416666666666666
0 0.515234375 0.6890625 0.00546875 0.009375
0 0.342578125 0.684375 0.00234375 0.0020833333333333333
0 0.3921875 0.6859375 0.0046875 0.007291666666666667
0 0.313671875 0.6807291666666667 0.00234375 0.003125
0 0.47109375 0.6776041666666667 0.0015625 0.003125
0 0.249609375 0.6760416666666667 0.00078125 0.0020833333333333333
0 0.46953125 0.671875 0.0046875 0.00625
0 0.408203125 0.6697916666666667 0.00390625 0.00625
0 0.330078125 0.6677083333333333 0.00234375 0.004166666666666667
0 0.219140625 0.6619791666666667 0.00078125 0.0010416666666666667
0 0.37421875 0.6640625 0.0046875 0.007291666666666667
0 0.722265625 0.6645833333333333 0.00546875 0.010416666666666666
0 0.23671875 0.6598958333333333 0.0015625 0.0010416666666666667
0 0.35078125 0.6614583333333334 0.0046875 0.00625
0 0.3921875 0.6609375 0.0046875 0.009375
0 0.275 0.6567708333333333 0.0015625 0.003125
0 0.2953125 0.6541666666666667 0.0015625 0.0020833333333333333
0 0.2578125 0.6546875 0.0015625 0.003125
0 0.59296875 0.653125 0.003125 0.0020833333333333333
0 0.418359375 0.6536458333333334 0.00546875 0.009375
0 0.312890625 0.6473958333333333 0.00390625 0.005208333333333333
0 0.458203125 0.6473958333333333 0.00546875 0.011458333333333333
0 0.333203125 0.6432291666666666 0.00234375 0.003125
0 0.23203125 0.6369791666666667 0.0015625 0.003125
0 0.39375 0.6380208333333334 0.0046875 0.009375
0 0.2875 0.6322916666666667 0.0046875 0.0020833333333333333
0 0.268359375 0.6333333333333333 0.00234375 0.004166666666666667
0 0.250390625 0.6328125 0.00390625 0.003125
0 0.41796875 0.6302083333333334 0.0046875 0.008333333333333333
0 0.345703125 0.6270833333333333 0.00390625 0.00625
0 0.30625 0.6244791666666667 0.0015625 0.0010416666666666667
0 0.651171875 0.6244791666666667 0.00546875 0.005208333333333333
0 0.79296875 0.6197916666666666 0.00625 0.004166666666666667
0 0.545703125 0.6239583333333333 0.00546875 0.0125
0 0.260546875 0.6135416666666667 0.00234375 0.0020833333333333333
0 0.241015625 0.6140625 0.00234375 0.003125
0 0.280078125 0.6114583333333333 0.00234375 0.0020833333333333333
0 0.565234375 0.6140625 0.00546875 0.009375
0 0.33515625 0.6067708333333334 0.0046875 0.005208333333333333
0 0.317578125 0.6036458333333333 0.00078125 0.0010416666666666667
0 0.357421875 0.6036458333333333 0.00703125 0.007291666666666667
0 0.772265625 0.603125 0.00546875 0.008333333333333333
0 0.534375 0.5984375 0.0015625 0.0010416666666666667
0 0.2703125 0.59375 0.003125 0.0020833333333333333
0 0.2328125 0.5942708333333333 0.0015625 0.003125
0 0.250390625 0.5921875 0.00390625 0.003125
0 0.19921875 0.5901041666666667 0.0015625 0.0010416666666666667
0 0.534765625 0.5895833333333333 0.00390625 0.00625
0 0.141015625 0.5875 0.00234375 0.004166666666666667
0 0.290625 0.5822916666666667 0.0046875 0.004166666666666667
0 0.44296875 0.5848958333333333 0.009375 0.011458333333333333
0 0.25859375 0.5723958333333333 0.0015625 0.0010416666666666667
0 0.207421875 0.5671875 0.00078125 0.0010416666666666667
0 0.32109375 0.5666666666666667 0.003125 0.00625
0 0.532421875 0.5682291666666667 0.00703125 0.011458333333333333
0 0.33828125 0.5614583333333333 0.0046875 0.00625
0 0.438671875 0.5583333333333333 0.00234375 0.0020833333333333333
0 0.35625 0.5536458333333333 0.0078125 0.005208333333333333
0 0.266796875 0.5526041666666667 0.00234375 0.003125
0 0.391796875 0.5489583333333333 0.00390625 0.004166666666666667
0 0.894140625 0.5385416666666667 0.00234375 0.0020833333333333333
0 0.2859375 0.5369791666666667 0.003125 0.003125
0 0.409765625 0.5395833333333333 0.00703125 0.010416666666666666
0 0.704296875 0.5369791666666667 0.00703125 0.011458333333333333
0 0.42578125 0.5348958333333333 0.00625 0.011458333333333333
0 0.30390625 0.53125 0.0046875 0.004166666666666667
0 0.228125 0.5291666666666667 0.0015625 0.004166666666666667
0 0.2703125 0.5260416666666666 0.0015625 0.0020833333333333333
0 0.32109375 0.5239583333333333 0.003125 0.004166666666666667
0 0.243359375 0.5177083333333333 0.00390625 0.004166666666666667
0 0.173828125 0.5161458333333333 0.00078125 0.0010416666666666667
0 0.29296875 0.5145833333333333 0.003125 0.004166666666666667
0 0.39140625 0.5166666666666667 0.00625 0.010416666666666666
0 0.34453125 0.5109375 0.0046875 0.007291666666666667
0 0.522265625 0.5010416666666667 0.00859375 0.010416666666666666
0 0.269140625 0.49635416666666665 0.00390625 0.003125
0 0.251171875 0.496875 0.00234375 0.004166666666666667
0 0.388671875 0.49322916666666666 0.00546875 0.009375
0 0.351953125 0.48854166666666665 0.00390625 0.00625
0 0.2359375 0.4864583333333333 0.003125 0.0020833333333333333
0 0.537890625 0.4901041666666667 0.00546875 0.011458333333333333
0 0.261328125 0.47760416666666666 0.00234375 0.003125
0 0.66796875 0.4786458333333333 0.0078125 0.011458333333333333
0 0.24609375 0.4671875 0.0015625 0.0010416666666666667
0 0.734375 0.4666666666666667 0.0046875 0.008333333333333333
0 0.3265625 0.4625 0.00625 0.00625
0 0.196875 0.4546875 0.0015625 0.003125
0 0.71953125 0.45416666666666666 0.00625 0.00625
0 0.2796875 0.45208333333333334 0.003125 0.004166666666666667
0 0.29375 0.4390625 0.0046875 0.003125
0 0.254296875 0.43645833333333334 0.00234375 0.004166666666666667
0 0.198046875 0.4328125 0.00078125 0.0010416666666666667
0 0.228125 0.43072916666666666 0.0015625 0.003125
0 0.309375 0.42864583333333334 0.0015625 0.003125
0 0.85 0.4276041666666667 0.003125 0.003125
0 0.587890625 0.4244791666666667 0.00078125 0.0010416666666666667
0 0.5625 0.42552083333333335 0.0015625 0.003125
0 0.4625 0.425 0.00625 0.010416666666666666
0 0.35625 0.42291666666666666 0.0078125 0.010416666666666666
0 0.24375 0.4192708333333333 0.003125 0.003125
0 0.183984375 0.41822916666666665 0.00390625 0.003125
0 0.738671875 0.41510416666666666 0.00546875 0.005208333333333333
0 0.26015625 0.4125 0.003125 0.004166666666666667
0 0.299609375 0.4109375 0.00546875 0.003125
0 0.776171875 0.41041666666666665 0.00234375 0.004166666666666667
0 0.544921875 0.41354166666666664 0.00546875 0.010416666666666666
0 0.280078125 0.41041666666666665 0.00390625 0.004166666666666667
0 0.575 0.4114583333333333 0.00625 0.010416666666666666
0 0.31640625 0.4083333333333333 0.00625 0.004166666666666667
0 0.605078125 0.409375 0.00703125 0.008333333333333333
0 0.1984375 0.40572916666666664 0.0015625 0.0010416666666666667
0 0.423828125 0.40208333333333335 0.00859375 0.00625
0 0.2375 0.39947916666666666 0.0046875 0.003125
0 0.340625 0.39791666666666664 0.0078125 0.00625
0 0.174609375 0.3953125 0.00390625 0.003125
0 0.266015625 0.3921875 0.00546875 0.003125
0 0.834765625 0.3890625 0.00234375 0.003125
0 0.552734375 0.3932291666666667 0.00703125 0.011458333333333333
0 0.283984375 0.3890625 0.00546875 0.003125
0 0.8921875 0.3885416666666667 0.0046875 0.004166666666666667
0 0.19140625 0.38697916666666665 0.0015625 0.0010416666666666667
0 0.413671875 0.38697916666666665 0.00703125 0.011458333333333333
0 0.249609375 0.3828125 0.00234375 0.003125
0 0.22734375 0.38177083333333334 0.003125 0.003125
0 0.3015625 0.3765625 0.0015625 0.003125
0 0.816015625 0.3765625 0.00390625 0.005208333333333333
0 0.69140625 0.3703125 0.0015625 0.0010416666666666667
0 0.269921875 0.37083333333333335 0.00234375 0.004166666666666667
0 0.31796875 0.37135416666666665 0.00625 0.007291666666666667
0 0.664453125 0.3723958333333333 0.00546875 0.011458333333333333
0 0.286328125 0.36770833333333336 0.00234375 0.004166666666666667
0 0.535546875 0.36822916666666666 0.00703125 0.011458333333333333
0 0.254296875 0.36302083333333335 0.00078125 0.0010416666666666667
0 0.78828125 0.35833333333333334 0.003125 0.0020833333333333333
0 0.50234375 0.35833333333333334 0.0078125 0.010416666666666666
0 0.30703125 0.35520833333333335 0.003125 0.004166666666666667
0 0.703515625 0.35260416666666666 0.00390625 0.003125
0 0.67578125 0.3541666666666667 0.00625 0.00625
0 0.520703125 0.35625 0.00546875 0.010416666666666666
0 0.651953125 0.3546875 0.00703125 0.009375
0 0.39296875 0.3541666666666667 0.00625 0.010416666666666666
0 0.276953125 0.35052083333333334 0.00234375 0.003125
0 0.423046875 0.34791666666666665 0.00703125 0.010416666666666666
0 0.246484375 0.34322916666666664 0.00078125 0.0010416666666666667
0 0.6 0.34375 0.00625 0.004166666666666667
0 0.292578125 0.34270833333333334 0.00546875 0.004166666666666667
0 0.215234375 0.3416666666666667 0.00234375 0.0020833333333333333
0 0.689453125 0.34010416666666665 0.00390625 0.005208333333333333
0 0.750390625 0.34270833333333334 0.00859375 0.0125
0 0.40625 0.3411458333333333 0.0046875 0.009375
0 0.33515625 0.34010416666666665 0.00625 0.007291666666666667
0 0.6390625 0.33958333333333335 0.00625 0.008333333333333333
0 0.263671875 0.33645833333333336 0.00078125 0.0020833333333333333
0 0.316796875 0.334375 0.00390625 0.004166666666666667
0 0.675 0.3296875 0.00625 0.005208333333333333
0 0.38515625 0.33125 0.00625 0.008333333333333333
0 0.27890625 0.32708333333333334 0.0015625 0.0020833333333333333
0 0.70234375 0.32708333333333334 0.0015625 0.004166666666666667
0 0.719921875 0.32760416666666664 0.00390625 0.007291666666666667
0 0.59140625 0.32760416666666664 0.0078125 0.009375
0 0.52265625 0.32708333333333334 0.0078125 0.008333333333333333
0 0.501953125 0.3260416666666667 0.00703125 0.010416666666666666
0 0.347265625 0.32395833333333335 0.00703125 0.00625
0 0.2484375 0.3223958333333333 0.0015625 0.003125
0 0.29609375 0.32135416666666666 0.0046875 0.003125
0 0.2171875 0.32083333333333336 0.0046875 0.0020833333333333333
0 0.658984375 0.3203125 0.00703125 0.005208333333333333
0 0.32890625 0.31875 0.00625 0.004166666666666667
0 0.1703125 0.3177083333333333 0.0015625 0.0020833333333333333
0 0.415234375 0.315625 0.00703125 0.00625
0 0.362109375 0.315625 0.00546875 0.00625
0 0.776953125 0.3145833333333333 0.00703125 0.00625
0 0.265234375 0.31302083333333336 0.00390625 0.003125
0 0.31171875 0.3109375 0.0046875 0.003125
0 0.234375 0.3104166666666667 0.0046875 0.004166666666666667
0 0.196875 0.309375 0.0015625 0.0020833333333333333
0 0.733203125 0.3072916666666667 0.00390625 0.004166666666666667
0 0.68359375 0.30625 0.00625 0.004166666666666667
0 0.280859375 0.30520833333333336 0.00390625 0.004166666666666667
0 0.533203125 0.3078125 0.00703125 0.011458333333333333
0 0.340234375 0.3020833333333333 0.00546875 0.004166666666666667
0 0.251171875 0.30052083333333335 0.00390625 0.003125
0 0.21328125 0.30052083333333335 0.0046875 0.003125
0 0.61953125 0.30104166666666665 0.00625 0.00625
0 0.4015625 0.3015625 0.00625 0.007291666666666667
0 0.295703125 0.30052083333333335 0.00546875 0.005208333333333333
0 0.65859375 0.2984375 0.0078125 0.005208333333333333
0 0.560546875 0.3015625 0.00703125 0.011458333333333333
0 0.384765625 0.2994791666666667 0.00546875 0.007291666666666667
0 0.166015625 0.2989583333333333 0.00546875 0.00625
0 0.425 0.2994791666666667 0.0078125 0.009375
0 0.32265625 0.2953125 0.0078125 0.005208333333333333
0 0.369140625 0.29375 0.00703125 0.00625
0 0.26796875 0.29270833333333335 0.00625 0.004166666666666667
0 0.6953125 0.284375 0.0015625 0.0020833333333333333
0 0.495703125 0.2875 0.00703125 0.0125
0 0.412890625 0.28541666666666665 0.00859375 0.008333333333333333
0 0.354296875 0.284375 0.00703125 0.00625
0 0.337109375 0.284375 0.00703125 0.010416666666666666
0 0.28515625 0.28177083333333336 0.00625 0.005208333333333333
0 0.255078125 0.28020833333333334 0.00390625 0.004166666666666667
0 0.301953125 0.2796875 0.00703125 0.005208333333333333
0 0.2375 0.2791666666666667 0.0046875 0.00625
0 0.173046875 0.2765625 0.00546875 0.003125
0 0.64921875 0.27760416666666665 0.0046875 0.007291666666666667
0 0.3796875 0.278125 0.0078125 0.010416666666666666
0 0.63125 0.27447916666666666 0.0046875 0.005208333333333333
0 0.466796875 0.2734375 0.00703125 0.007291666666666667
0 0.221875 0.2708333333333333 0.0046875 0.00625
0 0.403125 0.2682291666666667 0.009375 0.007291666666666667
0 0.585546875 0.2682291666666667 0.00703125 0.011458333333333333
0 0.34609375 0.265625 0.00625 0.00625
0 0.778515625 0.2625 0.01015625 0.00625
0 0.453125 0.26510416666666664 0.0078125 0.011458333333333333
0 0.31796875 0.26197916666666665 0.0046875 0.005208333333333333
0 0.740234375 0.2598958333333333 0.00703125 0.005208333333333333
0 0.560546875 0.2630208333333333 0.00703125 0.011458333333333333
0 0.434375 0.259375 0.0046875 0.00625
0 0.418359375 0.26197916666666665 0.00703125 0.011458333333333333
0 0.301953125 0.25729166666666664 0.00703125 0.00625
0 0.373046875 0.2552083333333333 0.00546875 0.004166666666666667
0 0.243359375 0.25416666666666665 0.00546875 0.010416666666666666
0 0.1796875 0.2546875 0.009375 0.011458333333333333
0 0.335546875 0.24947916666666667 0.00390625 0.005208333333333333
0 0.261328125 0.25 0.00859375 0.00625
0 0.628515625 0.24583333333333332 0.00390625 0.004166666666666667
0 0.278125 0.2484375 0.0078125 0.009375
0 0.226953125 0.246875 0.00703125 0.00625
0 0.405859375 0.24791666666666667 0.00859375 0.010416666666666666
0 0.353125 0.24322916666666666 0.0046875 0.005208333333333333
0 0.595703125 0.240625 0.00703125 0.008333333333333333
0 0.29453125 0.24114583333333334 0.0078125 0.011458333333333333
0 0.43125 0.2359375 0.0078125 0.007291666666666667
0 0.324609375 0.2328125 0.00546875 0.005208333333333333
0 0.384765625 0.23541666666666666 0.00859375 0.0125
0 0.250390625 0.23229166666666667 0.00703125 0.00625
0 0.367578125 0.23229166666666667 0.00859375 0.008333333333333333
0 0.34140625 0.228125 0.0046875 0.00625
0 0.28125 0.22604166666666667 0.0078125 0.00625
0 0.41875 0.22447916666666667 0.009375 0.011458333333333333
0 0.209375 0.2046875 0.009375 0.011458333333333333
0 0.430859375 0.20104166666666667 0.00859375 0.0125
