0 0.452734375 0.9088511137162955 0.01171875 0.0076201641266119575
0 0.42734375 0.9021101992966002 0.009375 0.008206330597889801
0 0.401953125 0.895662368112544 0.01015625 0.009378663540445486
0 0.471484375 0.8950762016412661 0.01171875 0.010550996483001172
0 0.44609375 0.8848182883939039 0.0109375 0.00996483001172333
0 0.416796875 0.88042203985932 0.01015625 0.008206330597889801
0 0.323046875 0.8719226260257913 0.01171875 0.00996483001172333
0 0.459375 0.8669402110199297 0.0078125 0.007033997655334115
0 0.409765625 0.8613716295427901 0.01171875 0.00996483001172333
0 0.434375 0.858440797186401 0.00625 0.005275498241500586
0 0.5671875 0.8560961313012896 0.0125 0.011137162954279016
0 0.574609375 0.8338218053927315 0.01328125 0.00996483001172333
0 0.441796875 0.8270808909730364 0.01171875 0.009378663540445486
0 0.582421875 0.8053927315357562 0.01328125 0.009378663540445486
0 0.4546875 0.7942555685814772 0.0125 0.009378663540445486
0 0.367578125 0.7892731535756154 0.01171875 0.008792497069167644
0 0.5703125 0.7728604923798359 0.0125 0.00996483001172333
0 0.66953125 0.7561547479484173 0.0140625 0.010550996483001172
0 0.55703125 0.7523446658851114 0.0125 0.00996483001172333
0 0.68125 0.738862837045721 0.0125 0.00996483001172333
0 0.62265625 0.7286049237983587 0.0125 0.009378663540445486
0 0.54921875 0.7253810082063306 0.0125 0.00996483001172333
0 0.650390625 0.7242086752637749 0.01171875 0.00996483001172333
0 0.39140625 0.7189331770222743 0.0125 0.008792497069167644
0 0.524609375 0.7165885111371629 0.01171875 0.008792497069167644
0 0.66953125 0.7113130128956624 0.0140625 0.00996483001172333
0 0.57578125 0.7104337631887456 0.0125 0.009378663540445486
0 0.49453125 0.7045720984759671 0.0125 0.009378663540445486
0 0.696484375 0.7031066822977726 0.01328125 0.00996483001172333
0 0.309765625 0.701641266119578 0.01171875 0.008206330597889801
0 0.516796875 0.6957796014067995 0.01171875 0.009378663540445486
0 0.591015625 0.6869871043376319 0.01328125 0.009378663540445486
0 0.664453125 0.6861078546307151 0.01328125 0.00996483001172333
0 0.488671875 0.660609613130129 0.01171875 0.008206330597889801
0 0.626171875 0.660609613130129 0.01328125 0.009378663540445486
0 0.57109375 0.6597303634232122 0.0125 0.008792497069167644
0 0.434765625 0.6497655334114889 0.01171875 0.008792497069167644
0 0.39921875 0.6491793669402111 0.0109375 0.008792497069167644
0 0.314453125 0.6330597889800703 0.01171875 0.008206330597889801
0 0.472265625 0.6263188745603752 0.01171875 0.008792497069167644
0 0.441796875 0.6248534583821805 0.01171875 0.008206330597889801
0 0.221875 0.6207502930832356 0.0125 0.008206330597889801
0 0.37578125 0.6087338804220399 0.0109375 0.008792497069167644
0 0.59609375 0.6037514654161782 0.0125 0.009378663540445486
0 0.753515625 0.6019929660023446 0.01328125 0.009378663540445486
0 0.7859375 0.6014067995310668 0.0140625 0.010550996483001172
0 0.67265625 0.5946658851113716 0.0125 0.00996483001172333
0 0.316796875 0.5803048065650644 0.01171875 0.008206330597889801
0 0.191015625 0.5785463071512309 0.01171875 0.008206330597889801
0 0.679296875 0.5764947245017585 0.01328125 0.00996483001172333
0 0.805859375 0.5659437280187574 0.01328125 0.00996483001172333
0 0.77421875 0.5624267291910903 0.0140625 0.00996483001172333
0 0.4859375 0.5542203985932005 0.0109375 0.008792497069167644
0 0.43046875 0.5492379835873388 0.0109375 0.008206330597889801
0 0.660546875 0.5477725674091442 0.01328125 0.00996483001172333
0 0.285546875 0.533704572098476 0.01171875 0.008792497069167644
0 0.589453125 0.529601406799531 0.01171875 0.008792497069167644
0 0.660546875 0.5293083235638921 0.01328125 0.009378663540445486
0 0.7359375 0.5275498241500586 0.0125 0.009378663540445486
0 0.450390625 0.5252051582649473 0.01171875 0.009378663540445486
0 0.746875 0.5090855803048066 0.0125 0.00996483001172333
0 0.446875 0.507327080890973 0.0109375 0.008792497069167644
0 0.61015625 0.5064478311840562 0.0125 0.009378663540445486
0 0.5859375 0.5043962485345839 0.0125 0.0076201641266119575
0 0.485546875 0.5029308323563892 0.01171875 0.009378663540445486
0 0.46484375 0.48827667057444313 0.0125 0.008206330597889801
0 0.48828125 0.4847596717467761 0.0125 0.009378663540445486
0 0.582421875 0.48300117233294254 0.01171875 0.008206330597889801
0 0.41796875 0.4827080890973036 0.0109375 0.0076201641266119575
0 0.26484375 0.4809495896834701 0.0109375 0.0076201641266119575
0 0.6671875 0.4783118405627198 0.0125 0.008206330597889801
0 0.353515625 0.47596717467760846 0.01171875 0.008206330597889801
0 0.479296875 0.4674677608440797 0.01171875 0.008792497069167644
0 0.350390625 0.4575029308323564 0.01171875 0.008792497069167644
0 0.43046875 0.4548651817116061 0.0109375 0.009378663540445486
0 0.31796875 0.45281359906213364 0.0109375 0.008792497069167644
0 0.494921875 0.451348182883939 0.01171875 0.009378663540445486
0 0.4703125 0.4469519343493552 0.0109375 0.008792497069167644
0 0.291015625 0.4457796014067995 0.01171875 0.008792497069167644
0 0.421484375 0.4384525205158265 0.01171875 0.009378663540445486
0 0.581640625 0.43786635404454866 0.01171875 0.009378663540445486
0 0.244921875 0.4340562719812427 0.01171875 0.008792497069167644
0 0.34921875 0.43347010550996484 0.0125 0.008792497069167644
0 0.31015625 0.43112543962485345 0.0109375 0.008792497069167644
0 0.370703125 0.42819460726846426 0.01171875 0.008792497069167644
0 0.403515625 0.42702227432590856 0.01171875 0.0076201641266119575
0 0.2828125 0.4264361078546307 0.0109375 0.0076201641266119575
0 0.20859375 0.4243845252051583 0.0125 0.008206330597889801
0 0.473046875 0.42145369284876905 0.01171875 0.008206330597889801
0 0.429296875 0.42028135990621335 0.01171875 0.008206330597889801
0 0.58515625 0.4196951934349355 0.0125 0.008206330597889801
0 0.618359375 0.4176436107854631 0.01171875 0.008792497069167644
0 0.328125 0.41705744431418523 0.0125 0.008792497069167644
0 0.307421875 0.41090269636576787 0.01328125 0.008206330597889801
0 0.18125 0.4097303634232122 0.0109375 0.008206330597889801
0 0.44765625 0.4079718640093787 0.0109375 0.008206330597889801
0 0.680078125 0.40386869871043374 0.01328125 0.009378663540445486
0 0.29296875 0.3962485345838218 0.0109375 0.008206330597889801
0 0.527734375 0.3898007033997655 0.01171875 0.008206330597889801
0 0.697265625 0.3898007033997655 0.01328125 0.009378663540445486
0 0.740234375 0.3854044548651817 0.01328125 0.00996483001172333
0 0.67265625 0.38481828839390386 0.0125 0.008792497069167644
0 0.204296875 0.38335287221570924 0.01171875 0.008206330597889801
0 0.7609375 0.37221570926143027 0.0140625 0.009378663540445486
0 0.3828125 0.36518171160609614 0.0109375 0.008206330597889801
0 0.446875 0.35873388042203985 0.0109375 0.008206330597889801
0 0.699609375 0.3540445486518171 0.01328125 0.009378663540445486
0 0.358984375 0.3473036342321219 0.01171875 0.008792497069167644
0 0.719140625 0.34144196951934347 0.01328125 0.00996483001172333
0 0.165234375 0.34056271981242675 0.01171875 0.008206330597889801
0 0.61171875 0.30656506447831183 0.0125 0.009378663540445486
0 0.30078125 0.30011723329425555 0.0109375 0.009378663540445486
0 0.558203125 0.2951348182883939 0.01171875 0.008792497069167644
0 0.219921875 0.27667057444314186 0.01328125 0.009378663540445486
0 0.333203125 0.2737397420867526 0.01171875 0.009378663540445486
0 0.255859375 0.27110199296600235 0.01171875 0.00996483001172333
0 0.19921875 0.26787807737397423 0.0140625 0.009378663540445486
0 0.5 0.2593786635404455 0.0109375 0.00996483001172333
0 0.343359375 0.2543962485345838 0.01171875 0.009378663540445486
0 0.175390625 0.2514654161781946 0.01171875 0.009378663540445486
0 0.514453125 0.21570926143024619 0.01171875 0.010550996483001172
0 0.354296875 0.21277842907385697 0.01171875 0.009378663540445486
0 0.721875 0.17878077373974208 0.0140625 0.011723329425556858
0 0.69765625 0.17262602579132474 0.0125 0.011137162954279016
0 0.282421875 0.16295427901524032 0.01171875 0.009378663540445486
0 0.15703125 0.1351113716295428 0.0125 0.00996483001172333
0 0.5203125 0.09583821805392731 0.00625 0.004103165298944901
0 0.52890625 0.07444314185228605 0.0125 0.011723329425556858
