0 0.256640625 0.9202813599062134 0.00234375 0.0023446658851113715
0 0.19375 0.9173505275498242 0.009375 0.004689331770222743
0 0.338671875 0.9035756154747948 0.00234375 0.0029308323563892145
0 0.519921875 0.895662368112544 0.00546875 0.005861664712778429
0 0.1828125 0.8836459554513482 0.009375 0.004103165298944901
0 0.665234375 0.8839390386869871 0.01171875 0.010550996483001172
0 0.341015625 0.8783704572098476 0.00703125 0.006447831184056272
0 0.567578125 0.8760257913247362 0.00859375 0.0076201641266119575
0 0.601953125 0.8736811254396248 0.00703125 0.006447831184056272
0 0.53203125 0.8722157092614302 0.00625 0.009378663540445486
0 0.373046875 0.8698710433763188 0.00859375 0.004689331770222743
0 0.631640625 0.8692848769050411 0.00859375 0.009378663540445486
0 0.31015625 0.8590269636576788 0.0046875 0.005275498241500586
0 0.340234375 0.8581477139507621 0.00390625 0.004689331770222743
0 0.239453125 0.8569753810082064 0.01171875 0.004689331770222743
0 0.378515625 0.85052754982415 0.01015625 0.008206330597889801
0 0.48125 0.8437866354044549 0.0078125 0.006447831184056272
0 0.44921875 0.8434935521688159 0.003125 0.005861664712778429
0 0.585546875 0.8405627198124267 0.00546875 0.0035169988276670576
0 0.628515625 0.8420281359906213 0.01015625 0.0076201641266119575
0 0.303125 0.8341148886283705 0.0078125 0.007033997655334115
0 0.259375 0.8314771395076201 0.00625 0.005275498241500586
0 0.4328125 0.8314771395076201 0.009375 0.0076201641266119575
0 0.351171875 0.8288393903868698 0.00234375 0.0023446658851113715
0 0.466796875 0.8276670574443142 0.00859375 0.009378663540445486
0 0.669140625 0.824736225087925 0.00703125 0.008206330597889801
0 0.3046875 0.8150644783118406 0.00625 0.005275498241500586
0 0.6421875 0.8141852286049238 0.0109375 0.005861664712778429
0 0.215625 0.8115474794841735 0.009375 0.006447831184056272
0 0.684375 0.8100820633059789 0.0078125 0.008206330597889801
0 0.66484375 0.8045134818288394 0.003125 0.0029308323563892145
0 0.530859375 0.8050996483001173 0.01171875 0.0076201641266119575
0 0.61328125 0.8048065650644783 0.0109375 0.010550996483001172
0 0.3296875 0.8001172332942555 0.009375 0.005861664712778429
0 0.58984375 0.8001172332942555 0.00625 0.007033997655334115
0 0.2921875 0.7995310668229777 0.0078125 0.007033997655334115
0 0.6828125 0.7924970691676436 0.0046875 0.004689331770222743
0 0.462109375 0.7895662368112544 0.00703125 0.009378663540445486
0 0.501953125 0.7886869871043376 0.01171875 0.008792497069167644
0 0.235546875 0.7854630715123095 0.00390625 0.004689331770222743
0 0.259765625 0.7816529894490035 0.00078125 0.0005861664712778429
0 0.630078125 0.7851699882766706 0.00703125 0.008792497069167644
0 0.546875 0.7839976553341149 0.0046875 0.006447831184056272
0 0.3265625 0.7819460726846424 0.0046875 0.004689331770222743
0 0.608984375 0.779601406799531 0.00859375 0.010550996483001172
0 0.704296875 0.7775498241500586 0.00859375 0.008792497069167644
0 0.679296875 0.7752051582649473 0.00859375 0.005275498241500586
0 0.487109375 0.7737397420867527 0.00390625 0.004689331770222743
0 0.16171875 0.7719812426729191 0.003125 0.0035169988276670576
0 0.4015625 0.7740328253223916 0.0078125 0.008792497069167644
0 0.22578125 0.7696365767878077 0.00625 0.0035169988276670576
0 0.7984375 0.772274325908558 0.0125 0.00996483001172333
0 0.745703125 0.7708089097303634 0.01171875 0.009378663540445486
0 0.257421875 0.7643610785463072 0.00390625 0.0035169988276670576
0 0.626953125 0.7655334114888629 0.00859375 0.007033997655334115
0 0.720703125 0.761430246189918 0.01171875 0.008206330597889801
0 0.3046875 0.7576201641266119 0.0046875 0.005275498241500586
0 0.279296875 0.757327080890973 0.00546875 0.004689331770222743
0 0.476953125 0.7582063305978898 0.00703125 0.0076201641266119575
0 0.34453125 0.7564478311840562 0.0125 0.006447831184056272
0 0.213671875 0.7543962485345839 0.00546875 0.004689331770222743
0 0.687890625 0.7549824150058617 0.01171875 0.009378663540445486
0 0.598046875 0.7552754982415005 0.01171875 0.00996483001172333
0 0.371484375 0.7517584994138335 0.00234375 0.004103165298944901
0 0.624609375 0.7482415005861665 0.00546875 0.004103165298944901
0 0.39375 0.746189917936694 0.003125 0.0023446658851113715
0 0.6578125 0.7485345838218054 0.0109375 0.008206330597889801
0 0.32421875 0.7464830011723329 0.0109375 0.0076201641266119575
0 0.294140625 0.742672919109027 0.00234375 0.0011723329425556857
0 0.292578125 0.7412075029308324 0.00078125 0.0005861664712778429
0 0.260546875 0.7441383352872216 0.00859375 0.006447831184056272
0 0.721875 0.7432590855803048 0.0125 0.008206330597889801
0 0.223046875 0.7368112543962485 0.00859375 0.005861664712778429
0 0.192578125 0.7362250879249707 0.00703125 0.005861664712778429
0 0.605859375 0.7365181711606096 0.01171875 0.008792497069167644
0 0.802734375 0.7344665885111371 0.01171875 0.009378663540445486
0 0.648046875 0.7330011723329426 0.00859375 0.008792497069167644
0 0.39765625 0.7280187573270809 0.00625 0.007033997655334115
0 0.311328125 0.723915592028136 0.00390625 0.0035169988276670576
0 0.755078125 0.7256740914419695 0.01171875 0.009378663540445486
0 0.62734375 0.7256740914419695 0.0109375 0.009378663540445486
0 0.208203125 0.7224501758499414 0.00859375 0.005275498241500586
0 0.253515625 0.7230363423212193 0.01171875 0.0076201641266119575
0 0.51875 0.7221570926143025 0.0109375 0.009378663540445486
0 0.179296875 0.7192262602579133 0.01015625 0.007033997655334115
0 0.285546875 0.7171746776084408 0.01171875 0.006447831184056272
0 0.737109375 0.7145369284876905 0.01171875 0.007033997655334115
0 0.363671875 0.7116060961313013 0.01171875 0.007033997655334115
0 0.786328125 0.7095545134818289 0.00859375 0.008792497069167644
0 0.221875 0.7080890973036342 0.0109375 0.005861664712778429
0 0.1984375 0.7054513481828839 0.0078125 0.004103165298944901
0 0.76484375 0.7025205158264948 0.0046875 0.006447831184056272
0 0.249609375 0.7013481828839391 0.00390625 0.005275498241500586
0 0.61640625 0.7022274325908558 0.0109375 0.009378663540445486
0 0.7046875 0.6969519343493552 0.0109375 0.007033997655334115
0 0.159765625 0.6969519343493552 0.00859375 0.007033997655334115
0 0.73828125 0.6969519343493552 0.0109375 0.008206330597889801
0 0.309375 0.6951934349355217 0.0125 0.007033997655334115
0 0.33359375 0.6928487690504103 0.0125 0.007033997655334115
0 0.487109375 0.6919695193434936 0.01171875 0.008792497069167644
0 0.18359375 0.6910902696365768 0.009375 0.007033997655334115
0 0.78125 0.6899179366940211 0.009375 0.008206330597889801
0 0.2296875 0.6890386869871044 0.009375 0.006447831184056272
0 0.726171875 0.6831770222743259 0.00703125 0.0076201641266119575
0 0.36015625 0.6820046893317703 0.0125 0.008792497069167644
0 0.207421875 0.6811254396248535 0.01171875 0.007033997655334115
0 0.69609375 0.6802461899179367 0.0078125 0.006447831184056272
0 0.758984375 0.6773153575615475 0.01171875 0.008792497069167644
0 0.3171875 0.6770222743259086 0.0109375 0.008206330597889801
0 0.6484375 0.6764361078546307 0.0109375 0.008206330597889801
0 0.276171875 0.6740914419695193 0.00703125 0.004689331770222743
0 0.183984375 0.6699882766705745 0.01015625 0.005861664712778429
0 0.7375 0.6691090269636577 0.0109375 0.008792497069167644
0 0.230078125 0.6673505275498242 0.01328125 0.006447831184056272
0 0.71484375 0.6673505275498242 0.009375 0.0076201641266119575
0 0.2984375 0.6658851113716295 0.0125 0.007033997655334115
0 0.255078125 0.6638335287221571 0.01328125 0.006447831184056272
0 0.7828125 0.6603165298944901 0.0109375 0.008792497069167644
0 0.69765625 0.6553341148886284 0.0109375 0.007033997655334115
0 0.590625 0.6556271981242673 0.0109375 0.008792497069167644
0 0.208984375 0.6556271981242673 0.01015625 0.008792497069167644
0 0.171484375 0.6535756154747948 0.01015625 0.005861664712778429
0 0.283203125 0.6515240328253223 0.01015625 0.006447831184056272
0 0.761328125 0.6515240328253223 0.01015625 0.008792497069167644
0 0.337890625 0.6503516998827668 0.01171875 0.006447831184056272
0 0.819140625 0.6503516998827668 0.00703125 0.008792497069167644
0 0.3078125 0.6488862837045721 0.0109375 0.007033997655334115
0 0.23203125 0.6485932004689332 0.0109375 0.0076201641266119575
0 0.722265625 0.6465416178194607 0.01015625 0.008206330597889801
0 0.258203125 0.645662368112544 0.01171875 0.006447831184056272
0 0.7984375 0.6421453692848769 0.0109375 0.0076201641266119575
0 0.1921875 0.6412661195779601 0.0109375 0.005861664712778429
0 0.690625 0.6395076201641267 0.0109375 0.008206330597889801
0 0.1609375 0.6377491207502931 0.0109375 0.005861664712778429
0 0.245703125 0.6339390386869871 0.00078125 0.0005861664712778429
0 0.216015625 0.6339390386869871 0.01015625 0.006447831184056272
0 0.326171875 0.6348182883939039 0.01171875 0.009378663540445486
0 0.278125 0.6333528722157092 0.0125 0.006447831184056272
0 0.2484375 0.6318874560375146 0.003125 0.0035169988276670576
0 0.74609375 0.6283704572098476 0.00625 0.005861664712778429
0 0.71875 0.6289566236811255 0.0109375 0.007033997655334115
0 0.796484375 0.6254396248534584 0.00703125 0.005861664712778429
0 0.303125 0.6257327080890973 0.0125 0.0076201641266119575
0 0.197265625 0.6228018757327081 0.01015625 0.006447831184056272
0 0.16796875 0.6186987104337632 0.009375 0.006447831184056272
0 0.226953125 0.6175263774912075 0.01171875 0.005275498241500586
0 0.5921875 0.6160609613130129 0.0109375 0.007033997655334115
0 0.252734375 0.6134232121922626 0.00859375 0.006447831184056272
0 0.721484375 0.611664712778429 0.01015625 0.0076201641266119575
0 0.786328125 0.6099062133645955 0.01171875 0.0076201641266119575
0 0.7546875 0.6052168815943728 0.0046875 0.004103165298944901
0 0.299609375 0.6081477139507621 0.01328125 0.00996483001172333
0 0.187109375 0.6058030480656507 0.00859375 0.005275498241500586
0 0.275 0.6052168815943728 0.0125 0.006447831184056272
0 0.565234375 0.6037514654161782 0.01015625 0.005861664712778429
0 0.2125 0.6031652989449003 0.0046875 0.004689331770222743
0 0.237890625 0.5990621336459554 0.01171875 0.005861664712778429
0 0.331640625 0.5975967174677609 0.01171875 0.006447831184056272
0 0.734375 0.597303634232122 0.009375 0.007033997655334115
0 0.154296875 0.5961313012895663 0.01171875 0.005861664712778429
0 0.2625 0.5885111371629543 0.0015625 0.0011723329425556857
0 0.272265625 0.589390386869871 0.00546875 0.004103165298944901
0 0.693359375 0.5876318874560376 0.01015625 0.006447831184056272
0 0.2203125 0.5855803048065651 0.0109375 0.005861664712778429
0 0.196875 0.5849941383352872 0.00625 0.004689331770222743
0 0.55703125 0.5861664712778429 0.0109375 0.008206330597889801
0 0.31015625 0.5835287221570926 0.0125 0.006447831184056272
0 0.2453125 0.5808909730363423 0.0125 0.007033997655334115
0 0.801953125 0.5800117233294255 0.01015625 0.0076201641266119575
0 0.172265625 0.5776670574443142 0.00859375 0.004103165298944901
0 0.71015625 0.5764947245017585 0.009375 0.008792497069167644
0 0.291796875 0.5720984759671747 0.01328125 0.007033997655334115
0 0.689453125 0.57063305978898 0.01015625 0.0076201641266119575
0 0.26171875 0.5671160609613131 0.0109375 0.006447831184056272
0 0.15625 0.5627198124267292 0.0109375 0.005861664712778429
0 0.182421875 0.5609613130128956 0.01015625 0.005861664712778429
0 0.74765625 0.55978898007034 0.0109375 0.005861664712778429
0 0.32734375 0.5542203985932005 0.0125 0.008792497069167644
0 0.20546875 0.5504103165298945 0.003125 0.0035169988276670576
0 0.6421875 0.5509964830011723 0.009375 0.005861664712778429
0 0.239453125 0.5504103165298945 0.01015625 0.005861664712778429
0 0.675 0.5498241500586166 0.0109375 0.008206330597889801
0 0.588671875 0.5474794841735052 0.00703125 0.0035169988276670576
0 0.56796875 0.5433763188745604 0.0046875 0.0035169988276670576
0 0.558984375 0.5413247362250879 0.00078125 0.0005861664712778429
0 0.30234375 0.5445486518171161 0.0125 0.007033997655334115
0 0.262890625 0.5433763188745604 0.01328125 0.005861664712778429
0 0.175390625 0.5424970691676436 0.00546875 0.004103165298944901
0 0.798046875 0.5381008206330598 0.00703125 0.004689331770222743
0 0.414453125 0.5378077373974208 0.00859375 0.005275498241500586
0 0.221875 0.536928487690504 0.0125 0.005861664712778429
0 0.19765625 0.5331184056271981 0.009375 0.006447831184056272
0 0.778125 0.5307737397420867 0.009375 0.0076201641266119575
0 0.3109375 0.5272567409144197 0.0125 0.006447831184056272
0 0.248828125 0.526084407971864 0.00859375 0.005275498241500586
0 0.28671875 0.5246189917936694 0.0109375 0.005861664712778429
0 0.56953125 0.5249120750293084 0.0109375 0.008792497069167644
0 0.407421875 0.5213950762016413 0.00859375 0.006447831184056272
0 0.269921875 0.5143610785463072 0.00703125 0.0029308323563892145
0 0.262890625 0.5140679953106683 0.00390625 0.0023446658851113715
0 0.36796875 0.5158264947245017 0.0109375 0.007033997655334115
0 0.791015625 0.5146541617819461 0.01015625 0.008206330597889801
0 0.1765625 0.5120164126611958 0.009375 0.005275498241500586
0 0.20234375 0.5105509964830012 0.0125 0.005861664712778429
0 0.3015625 0.5102579132473622 0.0125 0.006447831184056272
0 0.32734375 0.5099648300117233 0.0125 0.007033997655334115
0 0.24296875 0.5082063305978898 0.0109375 0.005861664712778429
0 0.35390625 0.5052754982415005 0.0046875 0.0035169988276670576
0 0.344140625 0.5041031652989449 0.00078125 0.0011723329425556857
0 0.735546875 0.5041031652989449 0.01171875 0.005861664712778429
0 0.285546875 0.5 0.00546875 0.0035169988276670576
0 0.278125 0.49941383352872215 0.003125 0.0023446658851113715
0 0.288671875 0.49736225087924973 0.00078125 0.0005861664712778429
0 0.375390625 0.4985345838218054 0.01171875 0.0076201641266119575
0 0.816796875 0.4967760844079719 0.01015625 0.0076201641266119575
0 0.690625 0.4958968347010551 0.0109375 0.008206330597889801
0 0.1671875 0.4944314185228605 0.0125 0.006447831184056272
0 0.258984375 0.49413833528722156 0.01171875 0.007033997655334115
0 0.30703125 0.49208675263774915 0.0125 0.005275498241500586
0 0.33203125 0.4915005861664713 0.0109375 0.006447831184056272
0 0.233984375 0.49091441969519345 0.01015625 0.006447831184056272
0 0.54921875 0.4900351699882767 0.0109375 0.008206330597889801
0 0.74453125 0.4891559202813599 0.0109375 0.0076201641266119575
0 0.1984375 0.4879835873388042 0.0109375 0.005275498241500586
0 0.4203125 0.48710433763188743 0.0109375 0.005861664712778429
0 0.358203125 0.485052754982415 0.01171875 0.006447831184056272
0 0.396484375 0.4838804220398593 0.01171875 0.006447831184056272
0 0.776953125 0.48124267291910905 0.01171875 0.008206330597889801
0 0.283984375 0.4794841735052755 0.01171875 0.005861664712778429
0 0.814453125 0.47743259085580303 0.01171875 0.0076201641266119575
0 0.21640625 0.47596717467760846 0.0125 0.009378663540445486
0 0.308984375 0.47362250879249707 0.00859375 0.005861664712778429
0 0.242578125 0.473915592028136 0.01328125 0.006447831184056272
0 0.3359375 0.47215709261430244 0.0046875 0.004103165298944901
0 0.49765625 0.4715709261430246 0.0109375 0.006447831184056272
0 0.4671875 0.46922626025791325 0.0109375 0.006447831184056272
0 0.407421875 0.46688159437280186 0.01015625 0.005275498241500586
0 0.259765625 0.4645369284876905 0.00078125 0.0005861664712778429
0 0.358203125 0.46688159437280186 0.01171875 0.006447831184056272
0 0.269921875 0.4654161781946073 0.00546875 0.0035169988276670576
0 0.837109375 0.4671746776084408 0.01015625 0.008206330597889801
0 0.79609375 0.4671746776084408 0.0109375 0.008206330597889801
0 0.441015625 0.4645369284876905 0.00234375 0.0029308323563892145
0 0.29140625 0.4633645955451348 0.0109375 0.004103165298944901
0 0.380078125 0.46072684642438455 0.01171875 0.005861664712778429
0 0.71015625 0.46131301289566234 0.009375 0.008206330597889801
0 0.81796875 0.458968347010551 0.0078125 0.004689331770222743
0 0.31953125 0.45808909730363423 0.0109375 0.006447831184056272
0 0.346484375 0.45398593200468934 0.00078125 0.0005861664712778429
0 0.20859375 0.45808909730363423 0.0125 0.008792497069167644
0 0.4796875 0.4545720984759672 0.009375 0.0029308323563892145
0 0.23515625 0.4577960140679953 0.0125 0.009378663540445486
0 0.77109375 0.45603751465416176 0.0125 0.008206330597889801
0 0.406640625 0.44871043376318875 0.00078125 0.0005861664712778429
0 0.40078125 0.45076201641266117 0.0109375 0.004689331770222743
0 0.18515625 0.45193434935521687 0.0140625 0.008206330597889801
0 0.693359375 0.44841735052754983 0.01015625 0.005861664712778429
0 0.801953125 0.447831184056272 0.01171875 0.008206330597889801
0 0.723046875 0.447831184056272 0.01015625 0.008206330597889801
0 0.275 0.44636576787807736 0.00625 0.005275498241500586
0 0.367578125 0.4457796014067995 0.01171875 0.006447831184056272
0 0.3015625 0.4454865181711606 0.0109375 0.005861664712778429
0 0.831640625 0.44460726846424387 0.00703125 0.006447831184056272
0 0.43828125 0.44431418522860494 0.0109375 0.005861664712778429
0 0.491015625 0.4396248534583822 0.01171875 0.004689331770222743
0 0.744921875 0.44079718640093785 0.01015625 0.008206330597889801
0 0.325 0.4396248534583822 0.0125 0.005861664712778429
0 0.67265625 0.4405041031652989 0.0109375 0.008792497069167644
0 0.1671875 0.4396248534583822 0.0125 0.007033997655334115
0 0.351171875 0.43552168815943726 0.00234375 0.0011723329425556857
0 0.341796875 0.4340562719812427 0.00078125 0.0005861664712778429
0 0.642578125 0.4372801875732708 0.01171875 0.008206330597889801
0 0.223046875 0.4369871043376319 0.01328125 0.00996483001172333
0 0.24921875 0.43141852286049237 0.009375 0.004689331770222743
0 0.4234375 0.4305392731535756 0.0109375 0.006447831184056272
0 0.7265625 0.43024618991793667 0.0109375 0.008206330597889801
0 0.39453125 0.42672919109026963 0.009375 0.004689331770222743
0 0.370703125 0.4276084407971864 0.01015625 0.006447831184056272
0 0.30234375 0.42702227432590856 0.0125 0.006447831184056272
0 0.1890625 0.42702227432590856 0.0140625 0.0076201641266119575
0 0.748046875 0.42379835873388044 0.01015625 0.008206330597889801
0 0.65546875 0.42262602579132474 0.0109375 0.008206330597889801
0 0.32890625 0.42174677608440797 0.0125 0.006447831184056272
0 0.277734375 0.42145369284876905 0.01328125 0.005861664712778429
0 0.4828125 0.4220398593200469 0.0109375 0.008206330597889801
0 0.841015625 0.4199882766705744 0.01328125 0.0076201641266119575
0 0.578125 0.42057444314185227 0.0109375 0.008792497069167644
0 0.784375 0.41822977725674093 0.0125 0.008792497069167644
0 0.23046875 0.417936694021102 0.0140625 0.009378663540445486
0 0.35234375 0.4152989449003517 0.009375 0.005275498241500586
0 0.5046875 0.4135404454865182 0.0078125 0.005275498241500586
0 0.417578125 0.4114888628370457 0.01015625 0.004689331770222743
0 0.309375 0.4100234466588511 0.0125 0.0076201641266119575
0 0.258203125 0.4097303634232122 0.01328125 0.007033997655334115
0 0.39296875 0.40855803048065653 0.0109375 0.005861664712778429
0 0.28359375 0.40533411488862836 0.0046875 0.0017584994138335288
0 0.18828125 0.40885111371629546 0.0140625 0.00996483001172333
0 0.290234375 0.402989449003517 0.00078125 0.0005861664712778429
0 0.279296875 0.40328253223915594 0.00078125 0.0011723329425556857
0 0.82578125 0.40504103165298944 0.0125 0.008206330597889801
0 0.333984375 0.40357561547479487 0.01015625 0.005275498241500586
0 0.36953125 0.40357561547479487 0.0109375 0.006447831184056272
0 0.73984375 0.40240328253223917 0.009375 0.008792497069167644
0 0.76171875 0.4018171160609613 0.009375 0.008792497069167644
0 0.78359375 0.40093786635404455 0.0109375 0.008206330597889801
0 0.717578125 0.4006447831184056 0.01015625 0.0076201641266119575
0 0.168359375 0.39683470105509966 0.01484375 0.010550996483001172
0 0.418359375 0.39331770222743256 0.01015625 0.005861664712778429
0 0.441796875 0.39273153575615477 0.01171875 0.007033997655334115
0 0.247265625 0.39331770222743256 0.01171875 0.009378663540445486
0 0.303515625 0.39126611957796015 0.01171875 0.006447831184056272
0 0.196484375 0.3903868698710434 0.01171875 0.008206330597889801
0 0.836328125 0.3898007033997655 0.01171875 0.008206330597889801
0 0.223046875 0.3898007033997655 0.01328125 0.009378663540445486
0 0.352734375 0.3874560375146542 0.01015625 0.007033997655334115
0 0.809375 0.3877491207502931 0.0125 0.008792497069167644
0 0.756640625 0.3830597889800703 0.00078125 0.0005861664712778429
0 0.494140625 0.3865767878077374 0.01015625 0.0076201641266119575
0 0.471484375 0.38569753810082064 0.00859375 0.005861664712778429
0 0.271875 0.3862837045720985 0.0125 0.007033997655334115
0 0.732421875 0.3862837045720985 0.00859375 0.008206330597889801
0 0.378515625 0.38569753810082064 0.01015625 0.007033997655334115
0 0.327734375 0.3862837045720985 0.01171875 0.008206330597889801
0 0.761328125 0.3810082063305979 0.00546875 0.0011723329425556857
0 0.785546875 0.38364595545134816 0.01171875 0.0076201641266119575
0 0.710546875 0.38276670574443145 0.00859375 0.008206330597889801
0 0.401171875 0.3798358733880422 0.01015625 0.008206330597889801
0 0.30859375 0.37602579132473624 0.0078125 0.0029308323563892145
0 0.432421875 0.3757327080890973 0.01015625 0.005861664712778429
0 0.3140625 0.37368112543962484 0.0015625 0.0017584994138335288
0 0.512890625 0.37514654161781946 0.01015625 0.005861664712778429
0 0.1734375 0.3757327080890973 0.0109375 0.008206330597889801
0 0.82734375 0.3745603751465416 0.0109375 0.008206330597889801
0 0.5765625 0.3733880422039859 0.0109375 0.007033997655334115
0 0.251953125 0.37280187573270807 0.01328125 0.009378663540445486
0 0.200390625 0.37280187573270807 0.01328125 0.009378663540445486
0 0.554296875 0.3701641266119578 0.01015625 0.005275498241500586
0 0.36484375 0.3704572098475967 0.009375 0.007033997655334115
0 0.28515625 0.3698710433763189 0.0078125 0.005861664712778429
0 0.631640625 0.3689917936694021 0.00703125 0.005275498241500586
0 0.3390625 0.3698710433763189 0.0125 0.008206330597889801
0 0.773046875 0.36957796014067995 0.01171875 0.008792497069167644
0 0.22578125 0.3698710433763189 0.0125 0.009378663540445486
0 0.733984375 0.3686987104337632 0.01171875 0.008206330597889801
0 0.796484375 0.36811254396248533 0.01015625 0.008206330597889801
0 0.68125 0.36811254396248533 0.0109375 0.008206330597889801
0 0.473828125 0.36811254396248533 0.01171875 0.008206330597889801
0 0.387109375 0.36400937866354044 0.01171875 0.007033997655334115
0 0.422265625 0.3596131301289566 0.00859375 0.006447831184056272
0 0.815234375 0.35844079718640093 0.01015625 0.008792497069167644
0 0.5140625 0.3563892145369285 0.0078125 0.004689331770222743
0 0.321484375 0.3569753810082063 0.00859375 0.007033997655334115
0 0.266796875 0.358147713950762 0.01328125 0.009378663540445486
0 0.447265625 0.35668229777256744 0.01171875 0.0076201641266119575
0 0.18515625 0.35756154747948415 0.0140625 0.010550996483001172
0 0.615625 0.3549237983587339 0.0109375 0.0076201641266119575
0 0.841796875 0.3549237983587339 0.01015625 0.008792497069167644
0 0.240625 0.35550996483001174 0.0125 0.00996483001172333
0 0.55625 0.35316529894490034 0.0109375 0.0076201641266119575
0 0.77265625 0.35199296600234464 0.009375 0.0076201641266119575
0 0.3671875 0.3516998827667057 0.0078125 0.007033997655334115
0 0.7421875 0.35199296600234464 0.0109375 0.008792497069167644
0 0.7953125 0.3505275498241501 0.0109375 0.008206330597889801
0 0.678515625 0.3499413833528722 0.01171875 0.007033997655334115
0 0.46953125 0.3493552168815944 0.0109375 0.007033997655334115
0 0.49609375 0.34876905041031653 0.00625 0.008206330597889801
0 0.21640625 0.3499413833528722 0.0140625 0.010550996483001172
0 0.34140625 0.3481828839390387 0.0109375 0.008206330597889801
0 0.296484375 0.347010550996483 0.01015625 0.005861664712778429
0 0.652734375 0.3473036342321219 0.01015625 0.0076201641266119575
0 0.3890625 0.3455451348182884 0.009375 0.006447831184056272
0 0.531640625 0.3455451348182884 0.00859375 0.0076201641266119575
0 0.827734375 0.3402696365767878 0.00078125 0.0005861664712778429
0 0.825 0.33968347010551 0.003125 0.0005861664712778429
0 0.412109375 0.34232121922626024 0.01015625 0.007033997655334115
0 0.7109375 0.34144196951934347 0.0078125 0.006447831184056272
0 0.63046875 0.34144196951934347 0.0109375 0.0076201641266119575
0 0.25625 0.3402696365767878 0.0140625 0.008792497069167644
0 0.181640625 0.33939038686987105 0.00390625 0.008206330597889801
0 0.601171875 0.3388042203985932 0.01015625 0.008206330597889801
0 0.31953125 0.33792497069167643 0.0078125 0.006447831184056272
0 0.8453125 0.3376318874560375 0.0109375 0.008206330597889801
0 0.755859375 0.33792497069167643 0.01171875 0.008792497069167644
0 0.17578125 0.3344079718640094 0.00625 0.0017584994138335288
0 0.78203125 0.33704572098475966 0.0109375 0.008206330597889801
0 0.577734375 0.33675263774912073 0.01015625 0.008792497069167644
0 0.435546875 0.3347010550996483 0.00546875 0.007033997655334115
0 0.691796875 0.33411488862837047 0.00546875 0.007033997655334115
0 0.511328125 0.33499413833528724 0.00859375 0.008792497069167644
0 0.280078125 0.3347010550996483 0.01328125 0.009378663540445486
0 0.4703125 0.33177022274325907 0.00625 0.005861664712778429
0 0.231640625 0.3335287221570926 0.01328125 0.009378663540445486
0 0.3421875 0.3291324736225088 0.003125 0.0029308323563892145
0 0.553125 0.3311840562719812 0.0109375 0.008206330597889801
0 0.20078125 0.33147713950762014 0.0140625 0.00996483001172333
0 0.66328125 0.3279601406799531 0.0046875 0.004103165298944901
0 0.39296875 0.3279601406799531 0.0078125 0.006447831184056272
0 0.36796875 0.3256154747948417 0.0046875 0.0029308323563892145
0 0.813671875 0.3276670574443142 0.01015625 0.008206330597889801
0 0.619921875 0.3256154747948417 0.01171875 0.0076201641266119575
0 0.727734375 0.3238569753810082 0.00859375 0.0076201641266119575
0 0.529296875 0.32327080890973037 0.00859375 0.0076201641266119575
0 0.303515625 0.32297772567409144 0.01015625 0.007033997655334115
0 0.83515625 0.3226846424384525 0.009375 0.0076201641266119575
0 0.706640625 0.3226846424384525 0.00703125 0.0076201641266119575
0 0.793359375 0.32180539273153574 0.01015625 0.008206330597889801
0 0.77109375 0.32180539273153574 0.009375 0.008206330597889801
0 0.490234375 0.3215123094958968 0.01015625 0.0076201641266119575
0 0.748828125 0.3212192262602579 0.01015625 0.008206330597889801
0 0.59453125 0.32092614302461897 0.0109375 0.0076201641266119575
0 0.258203125 0.3215123094958968 0.01171875 0.008792497069167644
0 0.4140625 0.3194607268464244 0.0078125 0.007033997655334115
0 0.68046875 0.3179953106682298 0.0078125 0.006447831184056272
0 0.165625 0.31652989449003516 0.0046875 0.0035169988276670576
0 0.569921875 0.31770222743259086 0.01015625 0.007033997655334115
0 0.4390625 0.31770222743259086 0.00625 0.007033997655334115
0 0.28359375 0.3141852286049238 0.0015625 0.0011723329425556857
0 0.462890625 0.31330597889800704 0.00703125 0.004103165298944901
0 0.1984375 0.3118405627198124 0.0015625 0.0011723329425556857
0 0.187109375 0.3115474794841735 0.00078125 0.0005861664712778429
0 0.384375 0.3115474794841735 0.0046875 0.004103165298944901
0 0.546484375 0.31242672919109027 0.01015625 0.007033997655334115
0 0.333984375 0.3118405627198124 0.00546875 0.007033997655334115
0 0.512890625 0.31125439624853457 0.00546875 0.007033997655334115
0 0.194140625 0.30920281359906215 0.00703125 0.0029308323563892145
0 0.660546875 0.31096131301289565 0.00703125 0.0076201641266119575
0 0.35859375 0.3086166471277843 0.003125 0.0029308323563892145
0 0.8109375 0.31008206330597887 0.0078125 0.007033997655334115
0 0.6328125 0.3094958968347011 0.009375 0.007033997655334115
0 0.2484375 0.30773739742086753 0.0015625 0.0035169988276670576
0 0.23671875 0.3050996483001172 0.0015625 0.0017584994138335288
0 0.610546875 0.30773739742086753 0.00859375 0.008206330597889801
0 0.71953125 0.30685814771395076 0.0078125 0.0076201641266119575
0 0.78203125 0.30656506447831183 0.0109375 0.008206330597889801
0 0.760546875 0.305978898007034 0.01015625 0.008206330597889801
0 0.8390625 0.3048065650644783 0.009375 0.007033997655334115
0 0.4828125 0.3042203985932005 0.0046875 0.005861664712778429
0 0.31015625 0.3045134818288394 0.0078125 0.006447831184056272
0 0.69609375 0.30392731535756157 0.00625 0.006447831184056272
0 0.5875 0.30363423212192264 0.0078125 0.007033997655334115
0 0.21640625 0.3045134818288394 0.0125 0.00996483001172333
0 0.405859375 0.302168815943728 0.00859375 0.0076201641266119575
0 0.739453125 0.302168815943728 0.00859375 0.008792497069167644
0 0.5640625 0.30041031652989447 0.009375 0.006447831184056272
0 0.53046875 0.3007033997655334 0.0078125 0.007033997655334115
0 0.430078125 0.2998241500586166 0.00546875 0.005275498241500586
0 0.454296875 0.29601406799531066 0.00234375 0.0023446658851113715
0 0.175 0.29835873388042206 0.0140625 0.009378663540445486
0 0.64921875 0.29601406799531066 0.0046875 0.007033997655334115
0 0.820703125 0.29161781946072685 0.00234375 0.0005861664712778429
0 0.79765625 0.29572098475967173 0.0109375 0.008792497069167644
0 0.50234375 0.29425556858147717 0.00625 0.005861664712778429
0 0.328125 0.2936694021101993 0.0078125 0.005861664712778429
0 0.2609375 0.29454865181711604 0.0109375 0.008792497069167644
0 0.35390625 0.29073856975381007 0.003125 0.0023446658851113715
0 0.625 0.2924970691676436 0.0078125 0.007033997655334115
0 0.771484375 0.28751465416178196 0.00234375 0.0005861664712778429
0 0.711328125 0.29073856975381007 0.00703125 0.008206330597889801
0 0.603515625 0.28868698710433766 0.00390625 0.004103165298944901
0 0.38125 0.2889800703399766 0.0078125 0.004689331770222743
0 0.47734375 0.2869284876905041 0.003125 0.004103165298944901
0 0.546484375 0.2881008206330598 0.00859375 0.0076201641266119575
0 0.230859375 0.2889800703399766 0.01328125 0.009378663540445486
0 0.75234375 0.28634232121922626 0.00625 0.006447831184056272
0 0.689453125 0.2866354044548652 0.00703125 0.007033997655334115
0 0.579296875 0.2869284876905041 0.00859375 0.0076201641266119575
0 0.522265625 0.28399765533411486 0.00390625 0.0029308323563892145
0 0.4046875 0.2842907385697538 0.0078125 0.005861664712778429
0 0.178515625 0.2813599062133646 0.00390625 0.0011723329425556857
0 0.831640625 0.27989449003517 0.00078125 0.0005861664712778429
0 0.30703125 0.2825322391559203 0.0046875 0.005861664712778429
0 0.73125 0.28223915592028137 0.00625 0.0076201641266119575
0 0.66640625 0.2804806565064478 0.0046875 0.004103165298944901
0 0.836328125 0.27754982415005863 0.00078125 0.0005861664712778429
0 0.275390625 0.2790152403282532 0.00546875 0.0035169988276670576
0 0.428125 0.2804806565064478 0.00625 0.0076201641266119575
0 0.81015625 0.27637749120750293 0.0015625 0.0005861664712778429
0 0.78828125 0.27960140679953105 0.009375 0.008206330597889801
0 0.498828125 0.2769636576787808 0.00390625 0.0029308323563892145
0 0.640234375 0.2784290738569754 0.00546875 0.007033997655334115
0 0.452734375 0.2769636576787808 0.00390625 0.004103165298944901
0 0.33671875 0.2757913247362251 0.00625 0.004103165298944901
0 0.707421875 0.27403282532239154 0.00234375 0.0017584994138335288
0 0.18125 0.276084407971864 0.009375 0.008206330597889801
0 0.562109375 0.2746189917936694 0.00703125 0.0076201641266119575
0 0.766796875 0.27432590855803046 0.00859375 0.008206330597889801
0 0.368359375 0.2731535756154748 0.00546875 0.007033997655334115
0 0.606640625 0.27139507620164127 0.00546875 0.005861664712778429
0 0.53984375 0.2708089097303634 0.00625 0.007033997655334115
0 0.68359375 0.2702227432590856 0.00625 0.007033997655334115
0 0.7453125 0.2693434935521688 0.009375 0.0076201641266119575
0 0.473828125 0.2672919109026964 0.00390625 0.004689331770222743
0 0.39140625 0.268464243845252 0.0078125 0.007033997655334115
0 0.85703125 0.26875732708089095 0.0125 0.008792497069167644
0 0.296484375 0.2661195779601407 0.00546875 0.0035169988276670576
0 0.516796875 0.26553341148886284 0.00390625 0.0035169988276670576
0 0.819921875 0.26348182883939036 0.00078125 0.0005861664712778429
0 0.8234375 0.26289566236811257 0.003125 0.0005861664712778429
0 0.628125 0.26348182883939036 0.003125 0.0029308323563892145
0 0.5859375 0.26436107854630714 0.0046875 0.004689331770222743
0 0.415625 0.26465416178194606 0.0078125 0.006447831184056272
0 0.656640625 0.2637749120750293 0.00390625 0.005861664712778429
0 0.80078125 0.26436107854630714 0.009375 0.008206330597889801
0 0.724609375 0.26436107854630714 0.00703125 0.008206330597889801
0 0.351953125 0.2582063305978898 0.00078125 0.0005861664712778429
0 0.444140625 0.26025791324736225 0.00546875 0.005861664712778429
0 0.319921875 0.2605509964830012 0.00703125 0.0076201641266119575
0 0.257421875 0.261137162954279 0.01015625 0.008792497069167644
0 0.49296875 0.2584994138335287 0.00625 0.004689331770222743
0 0.7796875 0.2593786635404455 0.009375 0.0076201641266119575
0 0.697265625 0.25615474794841736 0.00859375 0.005861664712778429
0 0.84296875 0.25703399765533413 0.009375 0.008792497069167644
0 0.759765625 0.2555685814771395 0.00390625 0.005861664712778429
0 0.4 0.2508792497069168 0.003125 0.0023446658851113715
0 0.376171875 0.2532239155920281 0.00546875 0.007033997655334115
0 0.675390625 0.2523446658851114 0.00703125 0.006447831184056272
0 0.563671875 0.2514654161781946 0.00546875 0.005861664712778429
0 0.467578125 0.25 0.00703125 0.006447831184056272
0 0.737109375 0.24970691676436108 0.00703125 0.007033997655334115
0 0.278125 0.24912075029308323 0.0109375 0.005861664712778429
0 0.81640625 0.25 0.009375 0.008792497069167644
0 0.51171875 0.24765533411488863 0.00625 0.004103165298944901
0 0.6546875 0.2456037514654162 0.0015625 0.0011723329425556857
0 0.423046875 0.24765533411488863 0.00703125 0.005275498241500586
0 0.6328125 0.24648300117233293 0.0046875 0.005275498241500586
0 0.7953125 0.2473622508792497 0.009375 0.008206330597889801
0 0.715625 0.24648300117233293 0.00625 0.006447831184056272
0 0.586328125 0.24413833528722156 0.00390625 0.005275498241500586
0 0.30390625 0.2444314185228605 0.0078125 0.005861664712778429
0 0.332421875 0.2447245017584994 0.00703125 0.0076201641266119575
0 0.54296875 0.24120750293083235 0.0046875 0.004103165298944901
0 0.773828125 0.23827667057444316 0.00078125 0.0005861664712778429
0 0.490234375 0.24003516998827668 0.00546875 0.004103165298944901
0 0.44765625 0.2403282532239156 0.00625 0.007033997655334115
0 0.359765625 0.23886283704572098 0.00390625 0.004103165298944901
0 0.838671875 0.2365181711606096 0.00078125 0.0005861664712778429
0 0.6953125 0.23886283704572098 0.00625 0.005275498241500586
0 0.7546875 0.23739742086752638 0.0046875 0.004689331770222743
0 0.174609375 0.2347596717467761 0.00078125 0.0005861664712778429
0 0.384375 0.23563892145369286 0.0046875 0.005861664712778429
0 0.673828125 0.2347596717467761 0.00546875 0.006447831184056272
0 0.5640625 0.23300117233294257 0.0046875 0.006447831184056272
0 0.606640625 0.2321219226260258 0.00390625 0.005861664712778429
0 0.46796875 0.23124267291910902 0.00625 0.004103165298944901
0 0.855859375 0.23300117233294257 0.01015625 0.008792497069167644
0 0.73203125 0.2321219226260258 0.0046875 0.007033997655334115
0 0.629296875 0.22801875732708088 0.00234375 0.0035169988276670576
0 0.516796875 0.22889800703399765 0.00546875 0.005275498241500586
0 0.42578125 0.22860492379835873 0.00625 0.004689331770222743
0 0.8171875 0.22977725674091443 0.0109375 0.009378663540445486
0 0.79296875 0.22889800703399765 0.0109375 0.0076201641266119575
0 0.6515625 0.22743259085580306 0.0046875 0.004689331770222743
0 0.176171875 0.2283118405627198 0.01015625 0.008792497069167644
0 0.71015625 0.22626025791324736 0.00625 0.008206330597889801
0 0.769921875 0.22420867526377491 0.00859375 0.006447831184056272
0 0.583984375 0.2227432590855803 0.00703125 0.004689331770222743
0 0.541796875 0.22069167643610785 0.00390625 0.0017584994138335288
0 0.489453125 0.22098475967174677 0.00546875 0.004689331770222743
0 0.8375 0.22186400937866355 0.0109375 0.0076201641266119575
0 0.402734375 0.2198124267291911 0.00546875 0.0035169988276670576
0 0.75 0.21922626025791325 0.0046875 0.005861664712778429
0 0.44609375 0.2198124267291911 0.0046875 0.007033997655334115
0 0.353515625 0.2186400937866354 0.00703125 0.005861664712778429
0 0.66875 0.21688159437280188 0.00625 0.005861664712778429
0 0.377734375 0.21688159437280188 0.00703125 0.005861664712778429
0 0.5640625 0.21512309495896834 0.0046875 0.0035169988276670576
0 0.86328125 0.21629542790152403 0.0125 0.008206330597889801
0 0.729296875 0.2130715123094959 0.00390625 0.0029308323563892145
0 0.69140625 0.2130715123094959 0.00625 0.005275498241500586
0 0.468359375 0.21248534583821804 0.00546875 0.004103165298944901
0 0.805078125 0.21219226260257915 0.01015625 0.008206330597889801
0 0.782421875 0.21131301289566237 0.01015625 0.008792497069167644
0 0.3265625 0.20750293083235638 0.0015625 0.0011723329425556857
0 0.292578125 0.20720984759671746 0.00546875 0.005275498241500586
0 0.421484375 0.2063305978898007 0.00546875 0.004689331770222743
0 0.17578125 0.20838218053927315 0.0078125 0.008792497069167644
0 0.588671875 0.20603751465416179 0.00546875 0.005275498241500586
0 0.84609375 0.205158264947245 0.0109375 0.008206330597889801
0 0.7625 0.20427901524032827 0.0078125 0.006447831184056272
0 0.53046875 0.20281359906213364 0.003125 0.004689331770222743
0 0.48828125 0.20252051582649472 0.0046875 0.005275498241500586
0 0.44453125 0.2022274325908558 0.0046875 0.004689331770222743
0 0.708984375 0.20164126611957797 0.00546875 0.005861664712778429
0 0.35859375 0.20164126611957797 0.0046875 0.005861664712778429
0 0.61015625 0.19841735052754983 0.0046875 0.0029308323563892145
0 0.672265625 0.19871043376318875 0.00546875 0.004689331770222743
0 0.3828125 0.19841735052754983 0.00625 0.004103165298944901
0 0.552734375 0.19841735052754983 0.00546875 0.006447831184056272
0 0.7296875 0.1954865181711606 0.003125 0.004103165298944901
0 0.508203125 0.19284876905041032 0.00390625 0.0035169988276670576
0 0.5734375 0.19079718640093787 0.0046875 0.004103165298944901
0 0.748828125 0.19021101992966002 0.00859375 0.006447831184056272
0 0.419140625 0.18815943728018758 0.00234375 0.0023446658851113715
0 0.530078125 0.18493552168815944 0.00390625 0.004103165298944901
0 0.813671875 0.18522860492379836 0.00390625 0.005861664712778429
0 0.594921875 0.18405627198124266 0.00234375 0.0035169988276670576
0 0.713671875 0.18229777256740914 0.00078125 0.0011723329425556857
0 0.39609375 0.18229777256740914 0.0015625 0.0011723329425556857
0 0.771875 0.18493552168815944 0.009375 0.0076201641266119575
0 0.44375 0.18229777256740914 0.0046875 0.0035169988276670576
0 0.819921875 0.179073856975381 0.00078125 0.0005861664712778429
0 0.553515625 0.17995310668229778 0.00390625 0.0035169988276670576
0 0.735546875 0.1776084407971864 0.00234375 0.004689331770222743
0 0.509375 0.1749706916764361 0.0046875 0.004103165298944901
0 0.46484375 0.17379835873388041 0.003125 0.0017584994138335288
0 0.574609375 0.17233294255568582 0.00390625 0.0035169988276670576
0 0.373828125 0.17321219226260257 0.00546875 0.005275498241500586
0 0.634765625 0.1720398593200469 0.00390625 0.004103165298944901
0 0.786328125 0.1708675263774912 0.00703125 0.005275498241500586
0 0.684765625 0.17116060961313012 0.00546875 0.005861664712778429
0 0.81484375 0.1650058616647128 0.0109375 0.0076201641266119575
0 0.703515625 0.1638335287221571 0.00859375 0.006447831184056272
0 0.32734375 0.16031652989449002 0.0015625 0.0017584994138335288
0 0.73671875 0.15914419695193435 0.0046875 0.005275498241500586
0 0.587890625 0.15650644783118406 0.00390625 0.004689331770222743
0 0.51640625 0.1559202813599062 0.003125 0.0035169988276670576
0 0.75546875 0.15474794841735054 0.009375 0.007033997655334115
0 0.491015625 0.15328253223915592 0.00703125 0.005275498241500586
0 0.843359375 0.15504103165298944 0.01171875 0.00996483001172333
0 0.554296875 0.15211019929660025 0.00390625 0.004103165298944901
0 0.3890625 0.14800703399765533 0.0015625 0.0005861664712778429
0 0.606640625 0.14536928487690504 0.00234375 0.0011723329425556857
0 0.712890625 0.14712778429073858 0.00703125 0.005861664712778429
0 0.817578125 0.14742086752637748 0.01171875 0.0076201641266119575
0 0.63828125 0.14390386869871044 0.003125 0.004103165298944901
0 0.41875 0.1433177022274326 0.00625 0.004103165298944901
0 0.77421875 0.14419695193434937 0.0109375 0.008206330597889801
0 0.661328125 0.1406799531066823 0.00390625 0.004689331770222743
0 0.796875 0.13980070339976552 0.0109375 0.0076201641266119575
0 0.540234375 0.1365767878077374 0.00703125 0.005861664712778429
0 0.5171875 0.134232121922626 0.003125 0.0023446658851113715
0 0.32421875 0.13071512309495897 0.003125 0.0023446658851113715
0 0.5734375 0.13130128956623682 0.00625 0.004689331770222743
0 0.751953125 0.12954279015240328 0.00546875 0.005861664712778429
0 0.683984375 0.12397420867526378 0.00703125 0.006447831184056272
0 0.62265625 0.11957796014067995 0.0078125 0.005861664712778429
0 0.29765625 0.11840562719812427 0.003125 0.005861664712778429
0 0.660546875 0.1160609613130129 0.00703125 0.004689331770222743
0 0.525390625 0.11313012895662368 0.00390625 0.0035169988276670576
0 0.5796875 0.11225087924970692 0.003125 0.0029308323563892145
0 0.357421875 0.11137162954279015 0.00546875 0.0035169988276670576
0 0.321484375 0.10961313012895663 0.00390625 0.0023446658851113715
0 0.5 0.10726846424384526 0.0046875 0.0035169988276670576
0 0.212109375 0.09583821805392731 0.00078125 0.0005861664712778429
0 0.212890625 0.08587338804220399 0.00703125 0.0017584994138335288
