0 0.63203125 0.8080304806565064 0.00625 0.0029308323563892145
0 0.528125 0.7927901524032825 0.0015625 0.0017584994138335288
0 0.529296875 0.791031652989449 0.00078125 0.0005861664712778429
0 0.5328125 0.7898593200468933 0.0015625 0.0005861664712778429
0 0.487890625 0.7253810082063306 0.00859375 0.00996483001172333
0 0.699609375 0.7098475967174678 0.00078125 0.0011723329425556857
0 0.159375 0.6512309495896834 0.003125 0.0035169988276670576
0 0.6046875 0.6421453692848769 0.009375 0.008792497069167644
0 0.451171875 0.6178194607268465 0.01171875 0.007033997655334115
0 0.56875 0.6110785463071512 0.009375 0.006447831184056272
0 0.594140625 0.6110785463071512 0.01171875 0.008792497069167644
0 0.465234375 0.6002344665885111 0.01015625 0.007033997655334115
0 0.584765625 0.5990621336459554 0.01015625 0.005861664712778429
0 0.56328125 0.5955451348182884 0.0109375 0.007033997655334115
0 0.354296875 0.541031652989449 0.01171875 0.007033997655334115
0 0.55859375 0.5395662368112544 0.0109375 0.005275498241500586
0 0.76953125 0.5375146541617819 0.00625 0.004689331770222743
0 0.761328125 0.5348769050410317 0.00078125 0.0005861664712778429
0 0.55078125 0.5278429073856975 0.00625 0.0029308323563892145
0 0.5453125 0.5257913247362251 0.003125 0.0035169988276670576
0 0.764453125 0.5228604923798359 0.00703125 0.0035169988276670576
0 0.757421875 0.5199296600234466 0.00078125 0.0011723329425556857
0 0.669140625 0.4906213364595545 0.01171875 0.008206330597889801
0 0.473828125 0.481535756154748 0.01015625 0.0076201641266119575
0 0.56640625 0.45164126611957794 0.0109375 0.006447831184056272
0 0.241015625 0.43991793669402113 0.01328125 0.00996483001172333
0 0.680859375 0.42995310668229775 0.00546875 0.005275498241500586
0 0.669921875 0.4138335287221571 0.00546875 0.0023446658851113715
0 0.475 0.41295427901524034 0.0109375 0.008792497069167644
0 0.55234375 0.3974208675263775 0.0078125 0.007033997655334115
0 0.34765625 0.3936107854630715 0.003125 0.0029308323563892145
0 0.554296875 0.38188745603751467 0.00390625 0.0017584994138335288
0 0.513671875 0.3300117233294256 0.00078125 0.0011723329425556857
0 0.542578125 0.32063305978898005 0.00390625 0.004689331770222743
0 0.737890625 0.3191676436107855 0.00390625 0.0029308323563892145
0 0.61953125 0.31008206330597887 0.00625 0.005861664712778429
0 0.552734375 0.3074443141852286 0.00078125 0.0017584994138335288
