0 0.42265625 0.8452520515826495 0.0109375 0.009378663540445486
0 0.361328125 0.8399765533411488 0.01171875 0.009378663540445486
0 0.484375 0.8373388042203986 0.00625 0.005275498241500586
0 0.465234375 0.8267878077373975 0.01015625 0.0076201641266119575
0 0.7578125 0.8229777256740914 0.0078125 0.005861664712778429
0 0.433984375 0.8232708089097304 0.01171875 0.0076201641266119575
0 0.2046875 0.8185814771395076 0.0125 0.00996483001172333
0 0.728125 0.8153575615474795 0.0109375 0.009378663540445486
0 0.448828125 0.8109613130128956 0.00703125 0.0076201641266119575
0 0.479296875 0.8109613130128956 0.01171875 0.008792497069167644
0 0.55859375 0.8001172332942555 0.0109375 0.009378663540445486
0 0.462109375 0.7954279015240329 0.00390625 0.005861664712778429
0 0.21875 0.7966002344665886 0.0140625 0.010550996483001172
0 0.198828125 0.7930832356389215 0.01484375 0.009378663540445486
0 0.166796875 0.7927901524032825 0.01328125 0.00996483001172333
0 0.441796875 0.7916178194607268 0.01015625 0.008792497069167644
0 0.395703125 0.7889800703399765 0.01015625 0.009378663540445486
0 0.47734375 0.7754982415005862 0.0109375 0.009378663540445486
0 0.501171875 0.7746189917936694 0.01171875 0.008792497069167644
0 0.31875 0.764947245017585 0.0125 0.009378663540445486
0 0.47109375 0.7561547479484173 0.0109375 0.009378663540445486
0 0.532421875 0.7546893317702228 0.01171875 0.008792497069167644
0 0.385546875 0.7541031652989449 0.01171875 0.008792497069167644
0 0.2078125 0.7535169988276671 0.0125 0.008792497069167644
0 0.619140625 0.7473622508792497 0.01015625 0.009378663540445486
0 0.510546875 0.7435521688159438 0.01171875 0.008792497069167644
0 0.2859375 0.7438452520515827 0.0125 0.009378663540445486
0 0.591796875 0.7379835873388042 0.01171875 0.009378663540445486
0 0.514453125 0.7250879249706916 0.01171875 0.009378663540445486
0 0.384765625 0.7236225087924971 0.01171875 0.008792497069167644
0 0.237109375 0.7160023446658851 0.01328125 0.008792497069167644
0 0.610546875 0.7121922626025792 0.01171875 0.009378663540445486
0 0.505859375 0.697831184056272 0.01171875 0.008792497069167644
0 0.591015625 0.6969519343493552 0.01171875 0.009378663540445486
0 0.34453125 0.6960726846424384 0.0125 0.00996483001172333
0 0.558203125 0.6931418522860492 0.01171875 0.00996483001172333
0 0.275 0.690504103165299 0.0125 0.010550996483001172
0 0.246875 0.6887456037514654 0.0125 0.009378663540445486
0 0.357421875 0.6817116060961314 0.01171875 0.009378663540445486
0 0.5828125 0.6761430246189918 0.0125 0.008792497069167644
0 0.390625 0.6743845252051582 0.0125 0.008792497069167644
0 0.28125 0.6749706916764361 0.0125 0.00996483001172333
0 0.558984375 0.6740914419695193 0.01171875 0.009378663540445486
0 0.751171875 0.6708675263774913 0.01171875 0.008792497069167644
0 0.875 0.6670574443141852 0.015625 0.010550996483001172
0 0.413671875 0.6652989449003517 0.01171875 0.009378663540445486
0 0.15703125 0.6644196951934349 0.0125 0.008792497069167644
0 0.49375 0.660609613130129 0.0109375 0.009378663540445486
0 0.54375 0.6594372801875733 0.0125 0.009378663540445486
0 0.341015625 0.6585580304806565 0.01171875 0.008792497069167644
0 0.4375 0.6579718640093787 0.0109375 0.008792497069167644
0 0.73046875 0.6565064478311841 0.009375 0.009378663540445486
0 0.223828125 0.6559202813599062 0.01328125 0.009378663540445486
0 0.523828125 0.6491793669402111 0.01171875 0.008792497069167644
0 0.696484375 0.6447831184056272 0.01328125 0.009378663540445486
0 0.240234375 0.6436107854630715 0.01171875 0.008206330597889801
0 0.676171875 0.6345252051582649 0.01328125 0.0076201641266119575
0 0.5828125 0.6354044548651817 0.0125 0.009378663540445486
0 0.39765625 0.6348182883939039 0.0109375 0.008206330597889801
0 0.478125 0.6348182883939039 0.0125 0.009378663540445486
0 0.345703125 0.6339390386869871 0.01015625 0.008792497069167644
0 0.51484375 0.6313012895662368 0.0125 0.009378663540445486
0 0.559765625 0.6298358733880423 0.01171875 0.0076201641266119575
0 0.3921875 0.6181125439624854 0.0125 0.006447831184056272
0 0.616015625 0.6189917936694022 0.01171875 0.009378663540445486
0 0.414453125 0.6184056271981243 0.01171875 0.008206330597889801
0 0.485546875 0.6178194607268465 0.01171875 0.009378663540445486
0 0.52109375 0.6137162954279015 0.0109375 0.009378663540445486
0 0.586328125 0.608440797186401 0.01171875 0.009378663540445486
0 0.465234375 0.608440797186401 0.01015625 0.009378663540445486
0 0.682421875 0.604630715123095 0.01328125 0.00996483001172333
0 0.359765625 0.6037514654161782 0.01171875 0.009378663540445486
0 0.6578125 0.6011137162954279 0.0125 0.008792497069167644
0 0.70703125 0.6008206330597889 0.0140625 0.009378663540445486
0 0.410546875 0.597010550996483 0.01171875 0.008792497069167644
0 0.5 0.5958382180539273 0.0125 0.008792497069167644
0 0.523046875 0.5952520515826495 0.01171875 0.008792497069167644
0 0.341015625 0.5943728018757327 0.01171875 0.008206330597889801
0 0.378125 0.5929073856975381 0.0109375 0.008792497069167644
0 0.441015625 0.5923212192262602 0.01171875 0.008792497069167644
0 0.46953125 0.5899765533411488 0.0109375 0.008792497069167644
0 0.26796875 0.578253223915592 0.009375 0.0029308323563892145
0 0.613671875 0.5803048065650644 0.01171875 0.009378663540445486
0 0.262890625 0.5759085580304807 0.00078125 0.0005861664712778429
0 0.58359375 0.5788393903868698 0.0109375 0.008792497069167644
0 0.50703125 0.574736225087925 0.0109375 0.008792497069167644
0 0.2171875 0.5718053927315357 0.0125 0.008792497069167644
0 0.29453125 0.5682883939038686 0.0140625 0.008792497069167644
0 0.641796875 0.5679953106682297 0.01328125 0.009378663540445486
0 0.315625 0.5671160609613131 0.0125 0.008792497069167644
0 0.717578125 0.5668229777256741 0.01328125 0.009378663540445486
0 0.37890625 0.5650644783118406 0.0109375 0.008206330597889801
0 0.6015625 0.5641852286049238 0.0109375 0.008792497069167644
0 0.674609375 0.5627198124267292 0.01328125 0.009378663540445486
0 0.570703125 0.55978898007034 0.01171875 0.008206330597889801
0 0.450390625 0.5580304806565064 0.01171875 0.009378663540445486
0 0.521484375 0.5545134818288394 0.01171875 0.008206330597889801
0 0.48046875 0.5471864009378663 0.0125 0.008792497069167644
0 0.6859375 0.5468933177022274 0.0125 0.009378663540445486
0 0.398046875 0.5451348182883939 0.01015625 0.008206330597889801
0 0.6 0.5430832356389215 0.0125 0.008792497069167644
0 0.45859375 0.5413247362250879 0.0125 0.008792497069167644
0 0.660546875 0.5407385697538101 0.01328125 0.00996483001172333
0 0.56640625 0.5404454865181711 0.0109375 0.009378663540445486
0 0.718359375 0.537221570926143 0.01328125 0.008792497069167644
0 0.273828125 0.537221570926143 0.01328125 0.008792497069167644
0 0.415625 0.533704572098476 0.0109375 0.008792497069167644
0 0.62734375 0.5307737397420867 0.0125 0.008792497069167644
0 0.383203125 0.529601406799531 0.01171875 0.008792497069167644
0 0.291796875 0.529601406799531 0.01328125 0.008792497069167644
0 0.4421875 0.5290152403282532 0.0109375 0.008792497069167644
0 0.6671875 0.5231535756154748 0.0125 0.008792497069167644
0 0.566796875 0.522567409144197 0.01171875 0.008792497069167644
0 0.24140625 0.5193434935521688 0.0125 0.008206330597889801
0 0.53125 0.5190504103165299 0.0109375 0.008792497069167644
0 0.605859375 0.518464243845252 0.01171875 0.008792497069167644
0 0.31328125 0.5181711606096131 0.0109375 0.008206330597889801
0 0.395703125 0.515240328253224 0.01171875 0.008206330597889801
0 0.15078125 0.5140679953106683 0.0125 0.008206330597889801
0 0.650390625 0.5090855803048066 0.01328125 0.00996483001172333
0 0.708984375 0.5079132473622509 0.01328125 0.008792497069167644
0 0.37421875 0.5067409144196952 0.0109375 0.008792497069167644
0 0.19375 0.5041031652989449 0.0125 0.009378663540445486
0 0.56484375 0.5011723329425557 0.0109375 0.009378663540445486
0 0.62734375 0.5 0.0125 0.009378663540445486
0 0.78203125 0.49941383352872215 0.0125 0.009378663540445486
0 0.60234375 0.4991207502930832 0.0125 0.008792497069167644
0 0.74765625 0.49413833528722156 0.0140625 0.009378663540445486
0 0.692578125 0.4932590855803048 0.01171875 0.008792497069167644
0 0.353125 0.48974208675263775 0.0125 0.0076201641266119575
0 0.3734375 0.4891559202813599 0.0109375 0.0076201641266119575
0 0.653125 0.48974208675263775 0.0125 0.00996483001172333
0 0.503125 0.4891559202813599 0.0125 0.008792497069167644
0 0.190625 0.4876905041031653 0.0125 0.008206330597889801
0 0.584765625 0.48739742086752635 0.01171875 0.008792497069167644
0 0.54921875 0.4876905041031653 0.0125 0.009378663540445486
0 0.52578125 0.48651817116060964 0.0125 0.008206330597889801
0 0.165625 0.48651817116060964 0.0140625 0.008206330597889801
0 0.227734375 0.4791910902696366 0.01171875 0.008792497069167644
0 0.633203125 0.47889800703399765 0.01328125 0.009378663540445486
0 0.416015625 0.4771395076201641 0.01171875 0.008206330597889801
0 0.737109375 0.4771395076201641 0.01328125 0.009378663540445486
0 0.61015625 0.4762602579132474 0.0125 0.008792497069167644
0 0.273046875 0.47567409144196954 0.01328125 0.0076201641266119575
0 0.5625 0.47215709261430244 0.0125 0.00996483001172333
0 0.3140625 0.4718640093786635 0.0125 0.009378663540445486
0 0.294140625 0.4712778429073857 0.01484375 0.008206330597889801
0 0.660546875 0.4706916764361079 0.01171875 0.009378663540445486
0 0.37265625 0.47010550996483 0.0109375 0.008206330597889801
0 0.53671875 0.46893317702227433 0.0125 0.009378663540445486
0 0.345703125 0.46160609613130127 0.01171875 0.008792497069167644
0 0.173046875 0.46131301289566234 0.01328125 0.008206330597889801
0 0.725390625 0.46072684642438455 0.01328125 0.009378663540445486
0 0.618359375 0.45955451348182885 0.01171875 0.008206330597889801
0 0.518359375 0.4577960140679953 0.01171875 0.008206330597889801
0 0.20234375 0.45691676436107853 0.0125 0.008792497069167644
0 0.495703125 0.4563305978898007 0.01171875 0.008792497069167644
0 0.31171875 0.45545134818288396 0.0109375 0.008206330597889801
0 0.56484375 0.45427901524032827 0.0125 0.009378663540445486
0 0.36484375 0.45398593200468934 0.0109375 0.008792497069167644
0 0.70078125 0.45398593200468934 0.0140625 0.00996483001172333
0 0.641015625 0.4510550996483001 0.01328125 0.00996483001172333
0 0.54140625 0.4501758499413834 0.0125 0.009378663540445486
0 0.67734375 0.4481242672919109 0.0125 0.00996483001172333
0 0.45 0.4469519343493552 0.0109375 0.008792497069167644
0 0.878125 0.44724501758499413 0.015625 0.010550996483001172
0 0.478515625 0.4449003516998828 0.01015625 0.008206330597889801
0 0.580859375 0.44079718640093785 0.01171875 0.009378663540445486
0 0.50703125 0.4405041031652989 0.0109375 0.008792497069167644
0 0.719140625 0.44021101992966 0.01328125 0.009378663540445486
0 0.623828125 0.4384525205158265 0.01171875 0.009378663540445486
0 0.7515625 0.43786635404454866 0.0125 0.009378663540445486
0 0.65625 0.43669402110199296 0.0125 0.009378663540445486
0 0.284765625 0.4358147713950762 0.01171875 0.008792497069167644
0 0.85859375 0.43552168815943726 0.0140625 0.010550996483001172
0 0.37109375 0.4264361078546307 0.0109375 0.0076201641266119575
0 0.55703125 0.42584994138335286 0.0125 0.008792497069167644
0 0.68984375 0.42379835873388044 0.0125 0.009378663540445486
0 0.63984375 0.4235052754982415 0.0125 0.008792497069167644
0 0.5296875 0.4235052754982415 0.0109375 0.008792497069167644
0 0.87890625 0.42379835873388044 0.015625 0.010550996483001172
0 0.580078125 0.4232121922626026 0.01171875 0.009378663540445486
0 0.71484375 0.4223329425556858 0.0140625 0.00996483001172333
0 0.466796875 0.41852286049237986 0.01171875 0.008206330597889801
0 0.610546875 0.41588511137162953 0.01328125 0.008792497069167644
0 0.672265625 0.40767878077373976 0.01328125 0.00996483001172333
0 0.732421875 0.4070926143024619 0.01328125 0.00996483001172333
0 0.590625 0.406799531066823 0.0125 0.009378663540445486
0 0.412109375 0.40386869871043374 0.01171875 0.009378663540445486
0 0.18828125 0.402989449003517 0.0109375 0.008792497069167644
0 0.695703125 0.4018171160609613 0.01328125 0.00996483001172333
0 0.651171875 0.3959554513481829 0.01171875 0.00996483001172333
0 0.821484375 0.3936107854630715 0.01484375 0.00996483001172333
0 0.553125 0.391852286049238 0.0109375 0.008792497069167644
0 0.798046875 0.3877491207502931 0.01328125 0.00996483001172333
0 0.262890625 0.38569753810082064 0.01171875 0.008206330597889801
0 0.59765625 0.38481828839390386 0.0125 0.008792497069167644
0 0.682421875 0.38335287221570924 0.01328125 0.009378663540445486
0 0.707421875 0.38188745603751467 0.01328125 0.00996483001172333
0 0.574609375 0.38159437280187575 0.01171875 0.009378663540445486
0 0.65859375 0.3783704572098476 0.0140625 0.00996483001172333
0 0.34140625 0.376905041031653 0.0109375 0.008206330597889801
0 0.634765625 0.3766119577960141 0.01328125 0.00996483001172333
0 0.742578125 0.3701641266119578 0.01328125 0.00996483001172333
0 0.5578125 0.3698710433763189 0.0125 0.009378663540445486
0 0.718359375 0.36518171160609614 0.01328125 0.010550996483001172
0 0.67890625 0.36430246189917936 0.0125 0.00996483001172333
0 0.650390625 0.35580304806565066 0.01328125 0.009378663540445486
0 0.699609375 0.35316529894490034 0.01328125 0.00996483001172333
0 0.588671875 0.3528722157092614 0.01171875 0.009378663540445486
0 0.6296875 0.3440797186400938 0.0125 0.009378663540445486
0 0.256640625 0.34232121922626024 0.01171875 0.011723329425556858
0 0.751171875 0.33675263774912073 0.01328125 0.008792497069167644
0 0.667578125 0.3373388042203986 0.01328125 0.00996483001172333
0 0.7203125 0.33528722157092616 0.0140625 0.010550996483001172
0 0.352734375 0.33382180539273154 0.01171875 0.00996483001172333
0 0.4515625 0.33147713950762014 0.0125 0.008792497069167644
0 0.690234375 0.33147713950762014 0.01328125 0.00996483001172333
0 0.1421875 0.3305978898007034 0.0109375 0.009378663540445486
0 0.578515625 0.3276670574443142 0.01171875 0.009378663540445486
0 0.25625 0.32708089097303633 0.0125 0.011723329425556858
0 0.671875 0.31975381008206333 0.0125 0.00996483001172333
0 0.712890625 0.31535756154747946 0.01328125 0.010550996483001172
0 0.698828125 0.3009964830011723 0.01328125 0.00996483001172333
0 0.726953125 0.29835873388042206 0.01328125 0.009378663540445486
0 0.2671875 0.30539273153575613 0.021875 0.0246189917936694
0 0.88203125 0.2966002344665885 0.015625 0.010550996483001172
0 0.3890625 0.29396248534583824 0.0125 0.00996483001172333
0 0.61328125 0.2889800703399766 0.0125 0.010550996483001172
0 0.819921875 0.2878077373974209 0.01328125 0.010550996483001172
0 0.640234375 0.2828253223915592 0.01328125 0.00996483001172333
0 0.909765625 0.28194607268464245 0.01484375 0.010550996483001172
0 0.19296875 0.27432590855803046 0.0125 0.010550996483001172
0 0.1515625 0.27227432590855805 0.0125 0.00996483001172333
0 0.265625 0.2728604923798359 0.0328125 0.013481828839390387
0 0.658984375 0.2661195779601407 0.01328125 0.010550996483001172
0 0.644140625 0.2523446658851114 0.01328125 0.011137162954279016
0 0.21953125 0.24912075029308323 0.0125 0.010550996483001172
0 0.583984375 0.2473622508792497 0.01171875 0.010550996483001172
0 0.663671875 0.2417936694021102 0.01484375 0.011137162954279016
0 0.6875 0.23417350527549824 0.0140625 0.011137162954279016
0 0.903125 0.23300117233294257 0.0140625 0.011137162954279016
0 0.569921875 0.22713950762016413 0.01328125 0.011137162954279016
0 0.67109375 0.2212778429073857 0.009375 0.00996483001172333
0 0.46640625 0.22186400937866355 0.0125 0.011137162954279016
0 0.53671875 0.22479484173505276 0.0265625 0.022860492379835874
0 0.425390625 0.21893317702227433 0.01171875 0.011137162954279016
0 0.703515625 0.21072684642438452 0.01328125 0.011137162954279016
0 0.3109375 0.20603751465416179 0.0140625 0.011137162954279016
0 0.608984375 0.20281359906213364 0.01328125 0.008206330597889801
0 0.569921875 0.20369284876905042 0.01328125 0.011137162954279016
0 0.78359375 0.20134818288393905 0.0140625 0.011137162954279016
0 0.67890625 0.1995896834701055 0.0140625 0.011137162954279016
0 0.328515625 0.19665885111371628 0.01328125 0.011137162954279016
0 0.2875 0.18933177022274325 0.0125 0.010550996483001172
0 0.531640625 0.18757327080890973 0.03203125 0.016412661195779603
0 0.62109375 0.179073856975381 0.0125 0.0123094958968347
0 0.263671875 0.17731535756154748 0.01640625 0.011137162954279016
0 0.31484375 0.1749706916764361 0.0125 0.011137162954279016
0 0.280078125 0.1708675263774912 0.01484375 0.008792497069167644
0 0.55703125 0.16647127784290738 0.009375 0.009378663540445486
0 0.8453125 0.16647127784290738 0.0140625 0.010550996483001172
0 0.775390625 0.16090269636576787 0.01328125 0.011137162954279016
0 0.341796875 0.1570926143024619 0.01171875 0.011723329425556858
0 0.673828125 0.1559202813599062 0.01328125 0.011723329425556858
0 0.62890625 0.15474794841735054 0.0125 0.011723329425556858
0 0.8765625 0.15328253223915592 0.0140625 0.011137162954279016
0 0.56953125 0.1503516998827667 0.009375 0.00996483001172333
0 0.38203125 0.1503516998827667 0.0125 0.011137162954279016
0 0.319921875 0.13452520515826494 0.01328125 0.011137162954279016
0 0.265625 0.13774912075029308 0.0453125 0.02813599062133646
0 0.28984375 0.12368112543962485 0.0078125 0.005861664712778429
