0 0.663671875 0.8171875 0.00546875 0.011458333333333333
0 0.379296875 0.8151041666666666 0.00859375 0.009375
0 0.336328125 0.8109375 0.00078125 0.0010416666666666667
0 0.64609375 0.8125 0.0046875 0.008333333333333333
0 0.29765625 0.8125 0.009375 0.0125
0 0.52734375 0.8104166666666667 0.00625 0.010416666666666666
0 0.4875 0.8114583333333333 0.00625 0.0125
0 0.4265625 0.8109375 0.0078125 0.011458333333333333
0 0.360546875 0.8104166666666667 0.00703125 0.0125
0 0.2796875 0.8104166666666667 0.009375 0.0125
0 0.577734375 0.8057291666666667 0.00390625 0.005208333333333333
0 0.6234375 0.8067708333333333 0.0046875 0.009375
0 0.395703125 0.8083333333333333 0.00859375 0.0125
0 0.337890625 0.8046875 0.00390625 0.005208333333333333
0 0.679296875 0.80625 0.00546875 0.010416666666666666
0 0.70078125 0.8046875 0.0046875 0.009375
0 0.605859375 0.8046875 0.00390625 0.009375
0 0.56171875 0.8057291666666667 0.00625 0.011458333333333333
0 0.717578125 0.8 0.00546875 0.00625
0 0.440625 0.7994791666666666 0.0046875 0.007291666666666667
0 0.412109375 0.8010416666666667 0.00859375 0.010416666666666666
0 0.5015625 0.8 0.0046875 0.010416666666666666
0 0.733984375 0.7953125 0.00390625 0.005208333333333333
0 0.784765625 0.7942708333333334 0.00390625 0.005208333333333333
0 0.887109375 0.7921875 0.00234375 0.003125
0 0.370703125 0.79375 0.00546875 0.008333333333333333
0 0.76796875 0.790625 0.003125 0.004166666666666667
0 0.59140625 0.7942708333333334 0.0046875 0.011458333333333333
0 0.634375 0.7901041666666667 0.0046875 0.007291666666666667
0 0.517578125 0.7916666666666666 0.00546875 0.010416666666666666
0 0.666796875 0.7895833333333333 0.00390625 0.008333333333333333
0 0.614453125 0.7864583333333334 0.00234375 0.0020833333333333333
0 0.476953125 0.7885416666666667 0.00390625 0.008333333333333333
0 0.865234375 0.7854166666666667 0.00703125 0.004166666666666667
0 0.815234375 0.7875 0.00546875 0.008333333333333333
0 0.68828125 0.7864583333333334 0.0046875 0.00625
0 0.915625 0.7833333333333333 0.0015625 0.0020833333333333333
0 0.177734375 0.7828125 0.00078125 0.0010416666666666667
0 0.426953125 0.7869791666666667 0.00546875 0.011458333333333333
0 0.571875 0.784375 0.0046875 0.008333333333333333
0 0.387109375 0.7864583333333334 0.00703125 0.0125
0 0.651171875 0.7828125 0.00390625 0.007291666666666667
0 0.455078125 0.7828125 0.00546875 0.009375
0 0.5328125 0.7807291666666667 0.00625 0.009375
0 0.723046875 0.775 0.00234375 0.0020833333333333333
0 0.170703125 0.7796875 0.00390625 0.011458333333333333
0 0.49375 0.778125 0.00625 0.0125
0 0.4078125 0.7770833333333333 0.0078125 0.0125
0 0.74140625 0.7723958333333333 0.0046875 0.005208333333333333
0 0.5859375 0.7708333333333334 0.003125 0.004166666666666667
0 0.7828125 0.7713541666666667 0.0046875 0.009375
0 0.363671875 0.7729166666666667 0.00859375 0.0125
0 0.760546875 0.7677083333333333 0.00390625 0.004166666666666667
0 0.819921875 0.765625 0.00234375 0.004166666666666667
0 0.678515625 0.7682291666666666 0.00546875 0.009375
0 0.54765625 0.7692708333333333 0.0046875 0.011458333333333333
0 0.66015625 0.7661458333333333 0.00625 0.007291666666666667
0 0.5140625 0.7682291666666666 0.00625 0.011458333333333333
0 0.443359375 0.7677083333333333 0.00546875 0.010416666666666666
0 0.6953125 0.7645833333333333 0.003125 0.00625
0 0.4203125 0.7651041666666667 0.0046875 0.011458333333333333
0 0.615234375 0.7625 0.00390625 0.008333333333333333
0 0.564453125 0.7635416666666667 0.00546875 0.010416666666666666
0 0.5984375 0.75625 0.0046875 0.00625
0 0.4828125 0.7588541666666667 0.0046875 0.011458333333333333
0 0.351171875 0.7588541666666667 0.00859375 0.011458333333333333
0 0.392578125 0.7583333333333333 0.00859375 0.0125
0 0.644921875 0.7552083333333334 0.00546875 0.008333333333333333
0 0.52890625 0.7567708333333333 0.0046875 0.011458333333333333
0 0.5 0.75625 0.00625 0.010416666666666666
0 0.709375 0.7536458333333333 0.0046875 0.007291666666666667
0 0.92578125 0.7510416666666667 0.003125 0.004166666666666667
0 0.730078125 0.753125 0.00546875 0.008333333333333333
0 0.7953125 0.7526041666666666 0.003125 0.009375
0 0.408203125 0.7505208333333333 0.00703125 0.011458333333333333
0 0.367578125 0.7505208333333333 0.00859375 0.011458333333333333
0 0.671875 0.7473958333333334 0.0046875 0.007291666666666667
0 0.576953125 0.7489583333333333 0.00546875 0.010416666666666666
0 0.861328125 0.7427083333333333 0.00234375 0.004166666666666667
0 0.75 0.7442708333333333 0.0046875 0.007291666666666667
0 0.546875 0.7458333333333333 0.0046875 0.010416666666666666
0 0.626953125 0.7401041666666667 0.00078125 0.0010416666666666667
0 0.515625 0.7453125 0.00625 0.011458333333333333
0 0.439453125 0.7447916666666666 0.00390625 0.010416666666666666
0 0.688671875 0.7427083333333333 0.00390625 0.008333333333333333
0 0.610546875 0.7411458333333333 0.00546875 0.009375
0 0.42265625 0.7390625 0.00625 0.011458333333333333
0 0.4890625 0.7369791666666666 0.0046875 0.009375
0 0.562890625 0.7364583333333333 0.00546875 0.010416666666666666
0 0.3953125 0.7364583333333333 0.00625 0.010416666666666666
0 0.32578125 0.7359375 0.0078125 0.011458333333333333
0 0.919140625 0.7296875 0.00078125 0.0010416666666666667
0 0.646484375 0.7333333333333333 0.00546875 0.008333333333333333
0 0.456640625 0.7348958333333333 0.00546875 0.011458333333333333
0 0.18984375 0.7296875 0.0015625 0.0010416666666666667
0 0.776171875 0.73125 0.00390625 0.00625
0 0.37890625 0.7333333333333333 0.0078125 0.010416666666666666
0 0.793359375 0.728125 0.00078125 0.0020833333333333333
0 0.5328125 0.7317708333333334 0.00625 0.009375
0 0.35390625 0.7328125 0.00625 0.011458333333333333
0 0.8359375 0.7260416666666667 0.003125 0.0020833333333333333
0 0.663671875 0.7270833333333333 0.00703125 0.010416666666666666
0 0.577734375 0.7260416666666667 0.00546875 0.010416666666666666
0 0.598828125 0.7239583333333334 0.00546875 0.010416666666666666
0 0.506640625 0.7244791666666667 0.00546875 0.011458333333333333
0 0.5484375 0.7223958333333333 0.0046875 0.011458333333333333
0 0.4359375 0.721875 0.0046875 0.010416666666666666
0 0.341015625 0.7177083333333333 0.00234375 0.0020833333333333333
0 0.40859375 0.7213541666666666 0.00625 0.011458333333333333
0 0.618359375 0.7192708333333333 0.00546875 0.009375
0 0.75703125 0.7161458333333334 0.003125 0.005208333333333333
0 0.685546875 0.7182291666666667 0.00546875 0.009375
0 0.31640625 0.7177083333333333 0.00625 0.010416666666666666
0 0.635546875 0.7166666666666667 0.00390625 0.010416666666666666
0 0.7390625 0.7119791666666667 0.0046875 0.003125
0 0.46484375 0.7151041666666667 0.0046875 0.011458333333333333
0 0.38984375 0.7145833333333333 0.0078125 0.0125
0 0.371484375 0.709375 0.00390625 0.004166666666666667
0 0.7 0.7083333333333334 0.003125 0.004166666666666667
0 0.422265625 0.709375 0.00390625 0.00625
0 0.5859375 0.7067708333333333 0.003125 0.003125
0 0.670703125 0.709375 0.00546875 0.010416666666666666
0 0.53515625 0.709375 0.00625 0.010416666666666666
0 0.770703125 0.7078125 0.00703125 0.009375
0 0.276953125 0.7078125 0.00703125 0.009375
0 0.51875 0.7078125 0.00625 0.011458333333333333
0 0.448828125 0.7067708333333333 0.00546875 0.011458333333333333
0 0.558984375 0.7041666666666667 0.00390625 0.008333333333333333
0 0.196484375 0.7036458333333333 0.00546875 0.007291666666666667
0 0.60546875 0.7036458333333333 0.0046875 0.011458333333333333
0 0.329296875 0.6973958333333333 0.00390625 0.005208333333333333
0 0.50234375 0.6994791666666667 0.00625 0.011458333333333333
0 0.46953125 0.6942708333333333 0.0015625 0.0010416666666666667
0 0.8078125 0.6979166666666666 0.0078125 0.010416666666666666
0 0.642578125 0.6963541666666667 0.00546875 0.011458333333333333
0 0.440625 0.6921875 0.0015625 0.003125
0 0.713671875 0.6942708333333333 0.00546875 0.009375
0 0.39765625 0.69375 0.00625 0.010416666666666666
0 0.345703125 0.6916666666666667 0.00546875 0.00625
0 0.306640625 0.69375 0.00546875 0.010416666666666666
0 0.38046875 0.690625 0.00625 0.00625
0 0.471875 0.6880208333333333 0.0015625 0.003125
0 0.48828125 0.690625 0.0078125 0.010416666666666666
0 0.83828125 0.6864583333333333 0.003125 0.004166666666666667
0 0.7578125 0.6859375 0.0046875 0.003125
0 0.66171875 0.6885416666666667 0.00625 0.008333333333333333
0 0.529296875 0.6885416666666667 0.00546875 0.010416666666666666
0 0.469921875 0.684375 0.00234375 0.0020833333333333333
0 0.43984375 0.6854166666666667 0.003125 0.004166666666666667
0 0.422265625 0.6875 0.00546875 0.010416666666666666
0 0.365234375 0.6854166666666667 0.00390625 0.00625
0 0.677734375 0.6859375 0.00546875 0.009375
0 0.583984375 0.6864583333333333 0.00546875 0.010416666666666666
0 0.547265625 0.6869791666666667 0.00546875 0.011458333333333333
0 0.189453125 0.684375 0.00234375 0.00625
0 0.5671875 0.6854166666666667 0.00625 0.010416666666666666
0 0.208984375 0.6828125 0.00390625 0.005208333333333333
0 0.86171875 0.6786458333333333 0.0015625 0.0010416666666666667
0 0.5140625 0.68125 0.0046875 0.008333333333333333
0 0.606640625 0.68125 0.00703125 0.010416666666666666
0 0.695703125 0.6765625 0.00546875 0.007291666666666667
0 0.25859375 0.6770833333333334 0.0046875 0.008333333333333333
0 0.622265625 0.6776041666666667 0.00546875 0.011458333333333333
0 0.408203125 0.6770833333333334 0.00546875 0.010416666666666666
0 0.292578125 0.6729166666666667 0.00234375 0.0020833333333333333
0 0.743359375 0.6734375 0.00390625 0.005208333333333333
0 0.325390625 0.6760416666666667 0.00703125 0.010416666666666666
0 0.525390625 0.6703125 0.00078125 0.0010416666666666667
0 0.645703125 0.6739583333333333 0.00859375 0.010416666666666666
0 0.526953125 0.6692708333333334 0.00078125 0.0010416666666666667
0 0.498046875 0.6744791666666666 0.00546875 0.011458333333333333
0 0.3890625 0.6723958333333333 0.0046875 0.007291666666666667
0 0.35390625 0.6713541666666667 0.0046875 0.005208333333333333
0 0.722265625 0.6703125 0.00390625 0.005208333333333333
0 0.527734375 0.6671875 0.00078125 0.0010416666666666667
0 0.45234375 0.671875 0.00625 0.010416666666666666
0 0.31015625 0.66875 0.0046875 0.004166666666666667
0 0.778515625 0.66875 0.00703125 0.008333333333333333
0 0.48203125 0.6677083333333333 0.0078125 0.010416666666666666
0 0.431640625 0.6682291666666667 0.00546875 0.011458333333333333
0 0.59453125 0.6630208333333333 0.0015625 0.003125
0 0.36796875 0.6640625 0.0046875 0.007291666666666667
0 0.55078125 0.6645833333333333 0.00625 0.010416666666666666
0 0.5265625 0.6614583333333334 0.003125 0.004166666666666667
0 0.671875 0.6635416666666667 0.00625 0.010416666666666666
0 0.567578125 0.6614583333333334 0.00703125 0.010416666666666666
0 0.338671875 0.6578125 0.00390625 0.005208333333333333
0 0.509765625 0.6578125 0.00390625 0.009375
0 0.46640625 0.6578125 0.0078125 0.011458333333333333
0 0.862109375 0.6510416666666666 0.00234375 0.0020833333333333333
0 0.405859375 0.6552083333333333 0.00703125 0.010416666666666666
0 0.287109375 0.6515625 0.00546875 0.005208333333333333
0 0.494140625 0.653125 0.00546875 0.010416666666666666
0 0.354296875 0.6479166666666667 0.00078125 0.0020833333333333333
0 0.190625 0.6494791666666667 0.003125 0.005208333333333333
0 0.87734375 0.6484375 0.0046875 0.007291666666666667
0 0.44140625 0.65 0.00625 0.010416666666666666
0 0.269921875 0.646875 0.00390625 0.004166666666666667
0 0.3046875 0.6463541666666667 0.003125 0.005208333333333333
0 0.390625 0.6453125 0.0046875 0.005208333333333333
0 0.803515625 0.6432291666666666 0.00234375 0.003125
0 0.47890625 0.6453125 0.00625 0.011458333333333333
0 0.540234375 0.64375 0.00703125 0.010416666666666666
0 0.523046875 0.64375 0.00703125 0.010416666666666666
0 0.371484375 0.6395833333333333 0.00234375 0.0020833333333333333
0 0.42109375 0.6416666666666667 0.00625 0.010416666666666666
0 0.758984375 0.6375 0.00703125 0.008333333333333333
0 0.341015625 0.6354166666666666 0.00390625 0.00625
0 0.244921875 0.634375 0.00390625 0.004166666666666667
0 0.31640625 0.6296875 0.0015625 0.003125
0 0.404296875 0.6322916666666667 0.00703125 0.010416666666666666
0 0.28515625 0.6291666666666667 0.003125 0.004166666666666667
0 0.719140625 0.6307291666666667 0.00546875 0.011458333333333333
0 0.491796875 0.6302083333333334 0.00703125 0.010416666666666666
0 0.434765625 0.6302083333333334 0.00546875 0.010416666666666666
0 0.35859375 0.6255208333333333 0.00625 0.005208333333333333
0 0.268359375 0.6260416666666667 0.00390625 0.00625
0 0.3015625 0.621875 0.003125 0.0020833333333333333
0 0.221484375 0.6213541666666667 0.00234375 0.003125
0 0.534375 0.6229166666666667 0.0078125 0.010416666666666666
0 0.834765625 0.6182291666666667 0.00234375 0.003125
0 0.79921875 0.6192708333333333 0.003125 0.005208333333333333
0 0.3890625 0.61875 0.0046875 0.004166666666666667
0 0.742578125 0.6177083333333333 0.00234375 0.004166666666666667
0 0.330078125 0.6177083333333333 0.00390625 0.004166666666666667
0 0.420703125 0.6197916666666666 0.00703125 0.010416666666666666
0 0.253125 0.6145833333333334 0.0046875 0.004166666666666667
0 0.373828125 0.6166666666666667 0.00703125 0.010416666666666666
0 0.347265625 0.6114583333333333 0.00390625 0.004166666666666667
0 0.315625 0.6083333333333333 0.0015625 0.0020833333333333333
0 0.49140625 0.6088541666666667 0.0078125 0.009375
0 0.287109375 0.60625 0.00390625 0.004166666666666667
0 0.433984375 0.60625 0.00546875 0.010416666666666666
0 0.724609375 0.6015625 0.00546875 0.007291666666666667
0 0.362109375 0.6010416666666667 0.00703125 0.00625
0 0.403125 0.5994791666666667 0.00625 0.009375
0 0.380859375 0.5963541666666666 0.00703125 0.007291666666666667
0 0.217578125 0.5947916666666667 0.00546875 0.004166666666666667
0 0.257421875 0.59375 0.00390625 0.004166666666666667
0 0.4203125 0.5953125 0.00625 0.009375
0 0.6046875 0.5947916666666667 0.0046875 0.010416666666666666
0 0.27421875 0.5911458333333334 0.0046875 0.003125
0 0.310546875 0.5880208333333333 0.00390625 0.005208333333333333
0 0.44375 0.5895833333333333 0.0046875 0.010416666666666666
0 0.3296875 0.5864583333333333 0.003125 0.004166666666666667
0 0.29453125 0.5869791666666667 0.0046875 0.005208333333333333
0 0.346484375 0.5822916666666667 0.00546875 0.00625
0 0.480859375 0.5833333333333334 0.00546875 0.010416666666666666
0 0.687890625 0.5817708333333333 0.00546875 0.009375
0 0.364453125 0.5802083333333333 0.00703125 0.008333333333333333
0 0.422265625 0.5744791666666667 0.00703125 0.009375
0 0.251953125 0.5723958333333333 0.00390625 0.005208333333333333
0 0.2703125 0.5708333333333333 0.003125 0.004166666666666667
0 0.30390625 0.5677083333333334 0.0078125 0.004166666666666667
0 0.3234375 0.5661458333333333 0.0046875 0.003125
0 0.28671875 0.5666666666666667 0.00625 0.004166666666666667
0 0.444140625 0.5682291666666667 0.00546875 0.009375
0 0.659375 0.5677083333333334 0.00625 0.010416666666666666
0 0.834765625 0.5619791666666667 0.00703125 0.003125
0 0.3765625 0.5651041666666666 0.0078125 0.009375
0 0.562890625 0.5635416666666667 0.00703125 0.010416666666666666
0 0.35625 0.5598958333333334 0.003125 0.003125
0 0.339453125 0.559375 0.00234375 0.004166666666666667
0 0.790625 0.5604166666666667 0.0078125 0.008333333333333333
0 0.2421875 0.5536458333333333 0.003125 0.003125
0 0.580078125 0.5552083333333333 0.00546875 0.010416666666666666
0 0.27734375 0.5489583333333333 0.003125 0.004166666666666667
0 0.297265625 0.5489583333333333 0.00390625 0.00625
0 0.3140625 0.5473958333333333 0.00625 0.005208333333333333
0 0.771484375 0.5489583333333333 0.00703125 0.010416666666666666
0 0.365625 0.5458333333333333 0.00625 0.008333333333333333
0 0.330859375 0.5416666666666666 0.00078125 0.0020833333333333333
0 0.387109375 0.5427083333333333 0.00703125 0.008333333333333333
0 0.35 0.5401041666666667 0.003125 0.003125
0 0.253515625 0.5322916666666667 0.00234375 0.0020833333333333333
0 0.5515625 0.534375 0.00625 0.010416666666666666
0 0.304296875 0.5302083333333333 0.00546875 0.004166666666666667
0 0.269921875 0.5302083333333333 0.00390625 0.004166666666666667
0 0.28671875 0.5296875 0.00625 0.005208333333333333
0 0.2375 0.5244791666666667 0.0046875 0.005208333333333333
0 0.466015625 0.5255208333333333 0.00703125 0.009375
0 0.1828125 0.5234375 0.0046875 0.005208333333333333
0 0.341796875 0.521875 0.00234375 0.004166666666666667
0 0.325390625 0.5208333333333334 0.00546875 0.004166666666666667
0 0.391796875 0.5145833333333333 0.00390625 0.004166666666666667
0 0.277734375 0.5109375 0.00078125 0.0010416666666666667
0 0.2609375 0.5119791666666667 0.0046875 0.003125
0 0.29453125 0.5098958333333333 0.0046875 0.003125
0 0.549609375 0.5119791666666667 0.00703125 0.009375
0 0.312109375 0.5114583333333333 0.00546875 0.008333333333333333
0 0.227734375 0.5083333333333333 0.00234375 0.004166666666666667
0 0.353515625 0.5078125 0.00546875 0.007291666666666667
0 0.2453125 0.5046875 0.0046875 0.003125
0 0.462109375 0.5052083333333334 0.00546875 0.008333333333333333
0 0.369921875 0.5026041666666666 0.00703125 0.005208333333333333
0 0.332421875 0.5015625 0.00390625 0.003125
0 0.188671875 0.5005208333333333 0.00078125 0.003125
0 0.3859375 0.496875 0.0078125 0.008333333333333333
0 0.884765625 0.4921875 0.00078125 0.0010416666666666667
0 0.26875 0.49270833333333336 0.003125 0.004166666666666667
0 0.823828125 0.490625 0.00546875 0.0020833333333333333
0 0.30234375 0.4921875 0.00625 0.005208333333333333
0 0.880078125 0.48802083333333335 0.00078125 0.0010416666666666667
0 0.41953125 0.4921875 0.0046875 0.009375
0 0.79609375 0.49166666666666664 0.009375 0.010416666666666666
0 0.20859375 0.4869791666666667 0.0046875 0.005208333333333333
0 0.2546875 0.48541666666666666 0.003125 0.004166666666666667
0 0.709375 0.48541666666666666 0.0078125 0.010416666666666666
0 0.435546875 0.48385416666666664 0.00703125 0.009375
0 0.32109375 0.478125 0.00625 0.004166666666666667
0 0.2890625 0.47708333333333336 0.0015625 0.0020833333333333333
0 0.451171875 0.4786458333333333 0.00703125 0.009375
0 0.33671875 0.47552083333333334 0.00625 0.007291666666666667
0 0.221875 0.4734375 0.003125 0.003125
0 0.266796875 0.4708333333333333 0.00390625 0.004166666666666667
0 0.353125 0.46875 0.0078125 0.00625
0 0.304296875 0.4671875 0.00546875 0.003125
0 0.2453125 0.4671875 0.0046875 0.003125
0 0.8046875 0.4666666666666667 0.00625 0.00625
0 0.28046875 0.4609375 0.0046875 0.005208333333333333
0 0.419140625 0.4625 0.00703125 0.010416666666666666
0 0.326953125 0.4588541666666667 0.00546875 0.005208333333333333
0 0.213671875 0.45729166666666665 0.00390625 0.004166666666666667
0 0.3765625 0.45677083333333335 0.0078125 0.009375
0 0.264453125 0.4484375 0.00546875 0.003125
0 0.539453125 0.44947916666666665 0.00703125 0.009375
0 0.246875 0.4473958333333333 0.0046875 0.005208333333333333
0 0.873828125 0.4432291666666667 0.00234375 0.005208333333333333
0 0.30390625 0.44114583333333335 0.00625 0.003125
0 0.287109375 0.440625 0.00546875 0.004166666666666667
0 0.230859375 0.4401041666666667 0.00234375 0.003125
0 0.555859375 0.4401041666666667 0.00703125 0.009375
0 0.4171875 0.440625 0.0078125 0.010416666666666666
0 0.3828125 0.4375 0.00625 0.008333333333333333
0 0.771875 0.4348958333333333 0.009375 0.005208333333333333
0 0.27265625 0.43125 0.0046875 0.004166666666666667
0 0.256640625 0.4296875 0.00390625 0.003125
0 0.675 0.4317708333333333 0.0078125 0.009375
0 0.3140625 0.4239583333333333 0.003125 0.0020833333333333333
0 0.296875 0.4239583333333333 0.0046875 0.004166666666666667
0 0.737109375 0.42239583333333336 0.00703125 0.009375
0 0.779296875 0.4171875 0.00390625 0.005208333333333333
0 0.762890625 0.41770833333333335 0.00390625 0.00625
0 0.282421875 0.41354166666666664 0.00546875 0.004166666666666667
0 0.24921875 0.4119791666666667 0.0015625 0.0010416666666666667
0 0.266015625 0.4114583333333333 0.00234375 0.0020833333333333333
0 0.326171875 0.4114583333333333 0.00546875 0.004166666666666667
0 0.723828125 0.4119791666666667 0.00859375 0.009375
0 0.35859375 0.4119791666666667 0.0078125 0.009375
0 0.298046875 0.4036458333333333 0.00234375 0.0010416666666666667
0 0.809375 0.4005208333333333 0.003125 0.003125
0 0.23515625 0.4010416666666667 0.0046875 0.004166666666666667
0 0.3140625 0.4005208333333333 0.00625 0.005208333333333333
0 0.752734375 0.396875 0.00234375 0.0020833333333333333
0 0.77421875 0.396875 0.00625 0.00625
0 0.276171875 0.39375 0.00234375 0.0020833333333333333
0 0.218359375 0.3963541666666667 0.00390625 0.007291666666666667
0 0.2515625 0.39166666666666666 0.0046875 0.004166666666666667
0 0.840625 0.3880208333333333 0.003125 0.003125
0 0.32734375 0.38958333333333334 0.00625 0.00625
0 0.787890625 0.38697916666666665 0.00390625 0.003125
0 0.865625 0.3848958333333333 0.0015625 0.003125
0 0.290234375 0.3859375 0.00546875 0.005208333333333333
0 0.599609375 0.38385416666666666 0.00546875 0.009375
0 0.5765625 0.38333333333333336 0.0078125 0.008333333333333333
0 0.2359375 0.38125 0.003125 0.00625
0 0.341796875 0.3807291666666667 0.00703125 0.007291666666666667
0 0.30546875 0.378125 0.0015625 0.0020833333333333333
0 0.26484375 0.3802083333333333 0.0046875 0.00625
0 0.81484375 0.375 0.003125 0.004166666666666667
0 0.4859375 0.378125 0.0046875 0.010416666666666666
0 0.741796875 0.37552083333333336 0.00859375 0.009375
0 0.385546875 0.37447916666666664 0.00703125 0.009375
0 0.773828125 0.3734375 0.00859375 0.009375
0 0.28046875 0.3692708333333333 0.00625 0.003125
0 0.223828125 0.3692708333333333 0.00546875 0.007291666666666667
0 0.562109375 0.3692708333333333 0.00703125 0.009375
0 0.58984375 0.36822916666666666 0.0078125 0.009375
0 0.617578125 0.36770833333333336 0.00703125 0.010416666666666666
0 0.3328125 0.36302083333333335 0.00625 0.005208333333333333
0 0.295703125 0.36302083333333335 0.00703125 0.005208333333333333
0 0.314453125 0.3619791666666667 0.00703125 0.005208333333333333
0 0.348828125 0.3619791666666667 0.00703125 0.007291666666666667
0 0.259765625 0.35833333333333334 0.00234375 0.0020833333333333333
0 0.449609375 0.35833333333333334 0.00546875 0.010416666666666666
0 0.237890625 0.35520833333333335 0.00390625 0.004166666666666667
0 0.87890625 0.353125 0.00625 0.004166666666666667
0 0.82421875 0.3536458333333333 0.00625 0.005208333333333333
0 0.370703125 0.35260416666666666 0.00703125 0.009375
0 0.274609375 0.35052083333333334 0.00546875 0.005208333333333333
0 0.773046875 0.35104166666666664 0.00703125 0.010416666666666666
0 0.569140625 0.35052083333333334 0.00703125 0.009375
0 0.3015625 0.34427083333333336 0.0046875 0.003125
0 0.21484375 0.34427083333333336 0.0046875 0.003125
0 0.318359375 0.3416666666666667 0.00703125 0.004166666666666667
0 0.80859375 0.3416666666666667 0.0078125 0.00625
0 0.439453125 0.3411458333333333 0.00703125 0.009375
0 0.23046875 0.3385416666666667 0.003125 0.00625
0 0.286328125 0.33541666666666664 0.00546875 0.004166666666666667
0 0.2640625 0.3328125 0.00625 0.003125
0 0.24921875 0.33125 0.0015625 0.0020833333333333333
0 0.33515625 0.3307291666666667 0.0046875 0.003125
0 0.696875 0.33177083333333335 0.00625 0.007291666666666667
0 0.673046875 0.3333333333333333 0.00859375 0.010416666666666666
0 0.35 0.32760416666666664 0.00625 0.009375
0 0.552734375 0.32708333333333334 0.00703125 0.010416666666666666
0 0.304296875 0.325 0.00546875 0.00625
0 0.7828125 0.3234375 0.009375 0.007291666666666667
0 0.3203125 0.3229166666666667 0.00625 0.008333333333333333
0 0.708984375 0.31927083333333334 0.00703125 0.009375
0 0.6828125 0.31875 0.0078125 0.008333333333333333
0 0.257421875 0.3151041666666667 0.00390625 0.0010416666666666667
0 0.28984375 0.31614583333333335 0.00625 0.005208333333333333
0 0.273828125 0.3151041666666667 0.00546875 0.003125
0 0.6609375 0.3177083333333333 0.0078125 0.010416666666666666
0 0.522265625 0.3171875 0.00703125 0.009375
0 0.540234375 0.31614583333333335 0.00703125 0.009375
0 0.24140625 0.31302083333333336 0.003125 0.003125
0 0.3390625 0.3125 0.0078125 0.008333333333333333
0 0.225390625 0.3109375 0.00546875 0.005208333333333333
0 0.420703125 0.3109375 0.00703125 0.009375
0 0.751171875 0.3067708333333333 0.00859375 0.007291666666666667
0 0.61328125 0.30833333333333335 0.0078125 0.010416666666666666
0 0.310546875 0.3067708333333333 0.00703125 0.007291666666666667
0 0.695703125 0.3072916666666667 0.00703125 0.010416666666666666
0 0.448046875 0.30572916666666666 0.00703125 0.009375
0 0.64921875 0.30416666666666664 0.0078125 0.010416666666666666
0 0.3265625 0.3015625 0.0078125 0.009375
0 0.282421875 0.2984375 0.00546875 0.003125
0 0.433203125 0.2994791666666667 0.00703125 0.009375
0 0.253125 0.29739583333333336 0.0046875 0.005208333333333333
0 0.198046875 0.29791666666666666 0.00390625 0.00625
0 0.36640625 0.2984375 0.0078125 0.009375
0 0.682421875 0.296875 0.00859375 0.010416666666666666
0 0.23671875 0.2947916666666667 0.0046875 0.00625
0 0.7234375 0.2953125 0.00625 0.009375
0 0.2984375 0.2921875 0.0046875 0.003125
0 0.707421875 0.29375 0.00703125 0.008333333333333333
0 0.349609375 0.2947916666666667 0.00703125 0.010416666666666666
0 0.220703125 0.2916666666666667 0.00546875 0.00625
0 0.6046875 0.2916666666666667 0.0078125 0.010416666666666666
0 0.413671875 0.290625 0.00703125 0.008333333333333333
0 0.26875 0.2890625 0.0046875 0.005208333333333333
0 0.541015625 0.28854166666666664 0.00703125 0.00625
0 0.66796875 0.2875 0.0078125 0.010416666666666666
0 0.52109375 0.2869791666666667 0.00625 0.009375
0 0.313671875 0.28489583333333335 0.00703125 0.005208333333333333
0 0.775390625 0.28541666666666665 0.00859375 0.010416666666666666
0 0.377734375 0.28489583333333335 0.00703125 0.009375
0 0.3296875 0.28125 0.0078125 0.008333333333333333
0 0.284765625 0.28020833333333334 0.00703125 0.00625
0 0.360546875 0.2796875 0.00703125 0.009375
0 0.255859375 0.2786458333333333 0.00703125 0.007291666666666667
0 0.733984375 0.278125 0.00859375 0.010416666666666666
0 0.441015625 0.278125 0.00703125 0.010416666666666666
0 0.391796875 0.2765625 0.00703125 0.009375
0 0.690234375 0.2760416666666667 0.00859375 0.010416666666666666
0 0.21171875 0.2755208333333333 0.0078125 0.009375
0 0.71171875 0.26927083333333335 0.0015625 0.0010416666666666667
0 0.299609375 0.2734375 0.00703125 0.009375
0 0.34375 0.271875 0.0078125 0.008333333333333333
0 0.55078125 0.2713541666666667 0.00625 0.009375
0 0.63125 0.2677083333333333 0.0078125 0.00625
0 0.27109375 0.26875 0.0078125 0.008333333333333333
0 0.235546875 0.265625 0.00546875 0.004166666666666667
0 0.66640625 0.2671875 0.0078125 0.009375
0 0.576171875 0.26614583333333336 0.00703125 0.009375
0 0.31484375 0.26614583333333336 0.0078125 0.009375
0 0.370703125 0.26510416666666664 0.00703125 0.009375
0 0.428515625 0.2635416666666667 0.00703125 0.008333333333333333
0 0.449609375 0.26197916666666665 0.00703125 0.009375
0 0.41328125 0.26197916666666665 0.00625 0.009375
0 0.330078125 0.26145833333333335 0.00703125 0.008333333333333333
0 0.287109375 0.2609375 0.00703125 0.009375
0 0.25234375 0.259375 0.00625 0.008333333333333333
0 0.398046875 0.25729166666666664 0.00703125 0.010416666666666666
0 0.3546875 0.25729166666666664 0.0078125 0.010416666666666666
0 0.70078125 0.253125 0.0046875 0.004166666666666667
0 0.2078125 0.2557291666666667 0.0078125 0.009375
0 0.302734375 0.2526041666666667 0.00703125 0.007291666666666667
0 0.719921875 0.24947916666666667 0.00703125 0.005208333333333333
0 0.516015625 0.2515625 0.00703125 0.009375
0 0.438671875 0.2484375 0.00703125 0.009375
0 0.65859375 0.24791666666666667 0.00625 0.010416666666666666
0 0.383984375 0.24739583333333334 0.00703125 0.009375
0 0.36796875 0.24479166666666666 0.0078125 0.008333333333333333
0 0.642578125 0.24375 0.00703125 0.008333333333333333
0 0.319921875 0.24375 0.00703125 0.010416666666666666
0 0.33515625 0.2421875 0.00625 0.009375
0 0.290625 0.24010416666666667 0.00625 0.007291666666666667
0 0.407421875 0.240625 0.00703125 0.010416666666666666
0 0.488671875 0.23802083333333332 0.00546875 0.007291666666666667
0 0.275390625 0.23958333333333334 0.00703125 0.010416666666666666
0 0.776171875 0.2375 0.00859375 0.010416666666666666
0 0.213671875 0.2375 0.00703125 0.010416666666666666
0 0.599609375 0.23541666666666666 0.00703125 0.010416666666666666
0 0.741796875 0.23489583333333333 0.00859375 0.011458333333333333
0 0.429296875 0.23229166666666667 0.00703125 0.008333333333333333
0 0.26015625 0.23229166666666667 0.00625 0.010416666666666666
0 0.576171875 0.23020833333333332 0.00703125 0.010416666666666666
0 0.475390625 0.2296875 0.00703125 0.009375
0 0.376953125 0.22916666666666666 0.00703125 0.008333333333333333
0 0.35 0.2265625 0.00625 0.009375
0 0.459375 0.22395833333333334 0.00625 0.00625
0 0.444140625 0.22604166666666667 0.00703125 0.010416666666666666
0 0.401953125 0.221875 0.00546875 0.008333333333333333
0 0.33515625 0.22083333333333333 0.00625 0.010416666666666666
0 0.638671875 0.21927083333333333 0.00703125 0.009375
0 0.366796875 0.21458333333333332 0.00546875 0.010416666666666666
0 0.28046875 0.21354166666666666 0.00625 0.008333333333333333
0 0.43203125 0.2125 0.00625 0.008333333333333333
0 0.295703125 0.21302083333333333 0.00703125 0.009375
0 0.21953125 0.21354166666666666 0.0078125 0.010416666666666666
0 0.608984375 0.2125 0.00703125 0.010416666666666666
0 0.383203125 0.2078125 0.00546875 0.005208333333333333
0 0.312890625 0.20989583333333334 0.00703125 0.009375
0 0.263671875 0.20885416666666667 0.00546875 0.007291666666666667
0 0.4546875 0.203125 0.00625 0.00625
0 0.327734375 0.203125 0.00703125 0.010416666666666666
0 0.412109375 0.20052083333333334 0.00703125 0.011458333333333333
0 0.35703125 0.2 0.00625 0.010416666666666666
0 0.396484375 0.19895833333333332 0.00703125 0.010416666666666666
0 0.28671875 0.19583333333333333 0.00625 0.008333333333333333
0 0.372265625 0.19375 0.00703125 0.00625
0 0.444140625 0.190625 0.00703125 0.008333333333333333
0 0.315234375 0.190625 0.00546875 0.008333333333333333
0 0.455078125 0.1703125 0.00703125 0.011458333333333333
0 0.24765625 0.16770833333333332 0.0078125 0.010416666666666666
