0 0.20859375 0.9281946072684643 0.00625 0.006447831184056272
0 0.477734375 0.9097303634232122 0.00859375 0.007033997655334115
0 0.404296875 0.9044548651817116 0.00703125 0.008206330597889801
0 0.559765625 0.8947831184056272 0.00703125 0.0076201641266119575
0 0.487890625 0.8930246189917936 0.01171875 0.006447831184056272
0 0.605859375 0.888335287221571 0.00859375 0.008792497069167644
0 0.28125 0.8851113716295428 0.0109375 0.004689331770222743
0 0.70546875 0.8821805392731535 0.0109375 0.010550996483001172
0 0.258203125 0.8777842907385698 0.01015625 0.008792497069167644
0 0.559765625 0.8760257913247362 0.01015625 0.00996483001172333
0 0.64375 0.8742672919109027 0.0078125 0.0076201641266119575
0 0.39296875 0.8692848769050411 0.009375 0.007033997655334115
0 0.336328125 0.8663540445486518 0.00546875 0.004689331770222743
0 0.671875 0.8678194607268465 0.0078125 0.008792497069167644
0 0.626171875 0.8643024618991794 0.00234375 0.0029308323563892145
0 0.461328125 0.8660609613130129 0.00859375 0.00996483001172333
0 0.365625 0.8643024618991794 0.009375 0.0076201641266119575
0 0.6546875 0.8575615474794842 0.0046875 0.004689331770222743
0 0.287109375 0.8566822977725674 0.00703125 0.004103165298944901
0 0.408203125 0.8534583821805393 0.01015625 0.005861664712778429
0 0.386328125 0.8516998827667057 0.00546875 0.0023446658851113715
0 0.598828125 0.8534583821805393 0.01171875 0.010550996483001172
0 0.482421875 0.85052754982415 0.01171875 0.010550996483001172
0 0.667578125 0.8420281359906213 0.01171875 0.008792497069167644
0 0.62734375 0.8414419695193435 0.0078125 0.008792497069167644
0 0.348046875 0.8367526377491208 0.00546875 0.005275498241500586
0 0.445703125 0.8390973036342321 0.01171875 0.011137162954279016
0 0.541796875 0.835873388042204 0.01171875 0.008206330597889801
0 0.283984375 0.8332356389214537 0.01015625 0.008792497069167644
0 0.307421875 0.8285463071512309 0.00546875 0.004103165298944901
0 0.375 0.8241500586166471 0.003125 0.0035169988276670576
0 0.706640625 0.8232708089097304 0.01171875 0.0076201641266119575
0 0.6375 0.8197538100820633 0.0046875 0.005275498241500586
0 0.34296875 0.8162368112543963 0.0078125 0.008792497069167644
0 0.3109375 0.8115474794841735 0.003125 0.0017584994138335288
0 0.187890625 0.8147713950762017 0.00859375 0.010550996483001172
0 0.494921875 0.8141852286049238 0.01171875 0.010550996483001172
0 0.68359375 0.8112543962485346 0.0078125 0.009378663540445486
0 0.583984375 0.8086166471277842 0.00390625 0.005275498241500586
0 0.7234375 0.8077373974208675 0.009375 0.007033997655334115
0 0.275390625 0.8053927315357562 0.00703125 0.004689331770222743
0 0.25078125 0.8083235638921453 0.0109375 0.010550996483001172
0 0.703125 0.8039273153575616 0.00625 0.004103165298944901
0 0.223046875 0.805978898007034 0.00859375 0.008206330597889801
0 0.3953125 0.8056858147713951 0.009375 0.008792497069167644
0 0.1609375 0.8042203985932005 0.0046875 0.008206330597889801
0 0.56328125 0.8033411488862837 0.0109375 0.00996483001172333
0 0.3640625 0.8036342321219226 0.0109375 0.010550996483001172
0 0.64921875 0.8027549824150059 0.0078125 0.00996483001172333
0 0.627734375 0.7998241500586166 0.00859375 0.005275498241500586
0 0.50078125 0.791031652989449 0.0015625 0.0017584994138335288
0 0.33359375 0.7951348182883939 0.009375 0.00996483001172333
0 0.442578125 0.7933763188745604 0.00703125 0.0076201641266119575
0 0.721484375 0.7901524032825322 0.00546875 0.005861664712778429
0 0.547265625 0.7919109026963658 0.01171875 0.010550996483001172
0 0.494140625 0.7881008206330598 0.00859375 0.004103165298944901
0 0.26953125 0.7881008206330598 0.0078125 0.004103165298944901
0 0.6640625 0.7904454865181711 0.0109375 0.00996483001172333
0 0.291796875 0.7892731535756154 0.00859375 0.0076201641266119575
0 0.217578125 0.7842907385697538 0.00078125 0.0011723329425556857
0 0.402734375 0.786928487690504 0.00703125 0.008792497069167644
0 0.596484375 0.7845838218053928 0.01171875 0.00996483001172333
0 0.519140625 0.77989449003517 0.00078125 0.0029308323563892145
0 0.314453125 0.7804806565064478 0.00859375 0.006447831184056272
0 0.646875 0.779601406799531 0.0109375 0.009378663540445486
0 0.134375 0.7784290738569754 0.0109375 0.008206330597889801
0 0.74296875 0.7757913247362251 0.009375 0.008792497069167644
0 0.378125 0.7754982415005862 0.009375 0.008206330597889801
0 0.421875 0.7746189917936694 0.0109375 0.0076201641266119575
0 0.34375 0.7716881594372802 0.0078125 0.004103165298944901
0 0.19921875 0.7731535756154748 0.009375 0.008206330597889801
0 0.717578125 0.7719812426729191 0.01015625 0.008206330597889801
0 0.26640625 0.7702227432590856 0.0078125 0.004689331770222743
0 0.837890625 0.7696365767878077 0.01171875 0.009378663540445486
0 0.785546875 0.768464243845252 0.01171875 0.009378663540445486
0 0.666015625 0.7661195779601406 0.01171875 0.009378663540445486
0 0.29453125 0.761430246189918 0.0078125 0.005861664712778429
0 0.31953125 0.7608440797186401 0.0109375 0.005861664712778429
0 0.759375 0.7584994138335287 0.0125 0.008206330597889801
0 0.5453125 0.7576201641266119 0.0109375 0.00996483001172333
0 0.250390625 0.7549824150058617 0.00546875 0.005861664712778429
0 0.34765625 0.7529308323563892 0.009375 0.006447831184056272
0 0.726953125 0.7532239155920282 0.01171875 0.009378663540445486
0 0.6546875 0.75 0.009375 0.0076201641266119575
0 0.698046875 0.7470691676436108 0.01015625 0.0076201641266119575
0 0.327734375 0.7438452520515827 0.00234375 0.0023446658851113715
0 0.30234375 0.7417936694021102 0.009375 0.005275498241500586
0 0.67578125 0.7423798358733881 0.0109375 0.00996483001172333
0 0.7609375 0.7409144196951934 0.0125 0.008206330597889801
0 0.634765625 0.7403282532239156 0.01171875 0.009378663540445486
0 0.231640625 0.7400351699882767 0.01015625 0.008792497069167644
0 0.257421875 0.7365181711606096 0.00703125 0.006447831184056272
0 0.376953125 0.7338804220398594 0.00703125 0.005861664712778429
0 0.8421875 0.731535756154748 0.0125 0.009378663540445486
0 0.358984375 0.7259671746776084 0.00078125 0.0005861664712778429
0 0.281640625 0.7288980070339977 0.01015625 0.006447831184056272
0 0.697265625 0.7288980070339977 0.01171875 0.008792497069167644
0 0.333203125 0.7250879249706916 0.00546875 0.004689331770222743
0 0.307421875 0.7242086752637749 0.01015625 0.006447831184056272
0 0.430859375 0.7250879249706916 0.01171875 0.009378663540445486
0 0.242578125 0.7221570926143025 0.01015625 0.007033997655334115
0 0.794140625 0.7227432590855803 0.01171875 0.009378663540445486
0 0.265625 0.7145369284876905 0.0109375 0.007033997655334115
0 0.214453125 0.7118991793669402 0.01015625 0.0076201641266119575
0 0.775390625 0.7113130128956624 0.01171875 0.0076201641266119575
0 0.32421875 0.7086752637749121 0.0109375 0.005861664712778429
0 0.289453125 0.7072098475967175 0.00546875 0.004103165298944901
0 0.825390625 0.7069167643610785 0.00859375 0.008206330597889801
0 0.146484375 0.7060375146541618 0.01328125 0.0076201641266119575
0 0.237890625 0.7019343493552169 0.00859375 0.005275498241500586
0 0.187890625 0.7025205158264948 0.01171875 0.006447831184056272
0 0.715234375 0.7019343493552169 0.01171875 0.008792497069167644
0 0.555859375 0.6984173505275498 0.00703125 0.005275498241500586
0 0.802734375 0.6990035169988277 0.00703125 0.0076201641266119575
0 0.383203125 0.6943141852286049 0.01015625 0.0076201641266119575
0 0.31171875 0.693728018757327 0.009375 0.006447831184056272
0 0.743359375 0.694021101992966 0.01171875 0.008206330597889801
0 0.635546875 0.693728018757327 0.01171875 0.0076201641266119575
0 0.7765625 0.693728018757327 0.0125 0.008792497069167644
0 0.26640625 0.6919695193434936 0.0125 0.005275498241500586
0 0.35859375 0.6907971864009379 0.0046875 0.004103165298944901
0 0.1703125 0.6896248534583822 0.0109375 0.006447831184056272
0 0.334375 0.6884525205158265 0.0109375 0.006447831184056272
0 0.219140625 0.6887456037514654 0.01171875 0.007033997655334115
0 0.53671875 0.6878663540445487 0.009375 0.0076201641266119575
0 0.819921875 0.6875732708089097 0.00859375 0.008206330597889801
0 0.5140625 0.686694021101993 0.009375 0.006447831184056272
0 0.29296875 0.6837631887456037 0.00625 0.0029308323563892145
0 0.243359375 0.6834701055099648 0.01015625 0.005861664712778429
0 0.573046875 0.6828839390386869 0.00859375 0.008206330597889801
0 0.7625 0.6802461899179367 0.0109375 0.008792497069167644
0 0.734765625 0.6784876905041032 0.00859375 0.0076201641266119575
0 0.39375 0.6776084407971864 0.0109375 0.007033997655334115
0 0.801171875 0.6779015240328253 0.01171875 0.008792497069167644
0 0.201953125 0.6755568581477139 0.01015625 0.006447831184056272
0 0.268359375 0.6746776084407972 0.01015625 0.007033997655334115
0 0.551171875 0.6749706916764361 0.01171875 0.008792497069167644
0 0.3140625 0.6740914419695193 0.0125 0.007033997655334115
0 0.6140625 0.6729191090269636 0.0078125 0.007033997655334115
0 0.35234375 0.6723329425556858 0.0125 0.007033997655334115
0 0.294921875 0.6676436107854631 0.00234375 0.0011723329425556857
0 0.296484375 0.6661781946072685 0.00078125 0.0005861664712778429
0 0.77578125 0.6673505275498242 0.0125 0.0076201641266119575
0 0.170703125 0.6664712778429074 0.01015625 0.005861664712778429
0 0.838671875 0.6673505275498242 0.01171875 0.008792497069167644
0 0.750390625 0.6670574443141852 0.01015625 0.008206330597889801
0 0.246875 0.6635404454865181 0.0109375 0.005861664712778429
0 0.2203125 0.6629542790152403 0.0109375 0.005861664712778429
0 0.627734375 0.660609613130129 0.01171875 0.008206330597889801
0 0.33515625 0.6600234466588512 0.0125 0.007033997655334115
0 0.796484375 0.6591441969519344 0.01171875 0.008792497069167644
0 0.37890625 0.6570926143024619 0.0109375 0.005861664712778429
0 0.148046875 0.6562133645955451 0.01015625 0.005275498241500586
0 0.53828125 0.6562133645955451 0.0109375 0.0076201641266119575
0 0.27109375 0.6553341148886284 0.0109375 0.007033997655334115
0 0.71796875 0.6553341148886284 0.0109375 0.008206330597889801
0 0.3125 0.6532825322391559 0.0125 0.006447831184056272
0 0.353125 0.6485932004689332 0.0015625 0.0017584994138335288
0 0.740625 0.6515240328253223 0.0109375 0.008792497069167644
0 0.446875 0.6500586166471278 0.0109375 0.005861664712778429
0 0.363671875 0.6483001172332943 0.00234375 0.0023446658851113715
0 0.769921875 0.6506447831184057 0.01171875 0.008206330597889801
0 0.209765625 0.6465416178194607 0.01015625 0.005861664712778429
0 0.858203125 0.6468347010550997 0.00859375 0.008792497069167644
0 0.248828125 0.6447831184056272 0.01171875 0.007033997655334115
0 0.33046875 0.641559202813599 0.003125 0.0017584994138335288
0 0.665625 0.6444900351699883 0.0109375 0.008792497069167644
0 0.338671875 0.6421453692848769 0.00546875 0.004103165298944901
0 0.29140625 0.6441969519343493 0.0109375 0.008206330597889801
0 0.38125 0.6389214536928488 0.0125 0.007033997655334115
0 0.837890625 0.6386283704572099 0.01171875 0.008792497069167644
0 0.709765625 0.6377491207502931 0.01015625 0.007033997655334115
0 0.627734375 0.6368698710433763 0.01171875 0.008792497069167644
0 0.230078125 0.6345252051582649 0.01171875 0.005275498241500586
0 0.312890625 0.6333528722157092 0.01171875 0.005275498241500586
0 0.26953125 0.6345252051582649 0.0125 0.0076201641266119575
0 0.1796875 0.6324736225087925 0.0046875 0.004689331770222743
0 0.5625 0.6339390386869871 0.0109375 0.008792497069167644
0 0.792578125 0.6318874560375146 0.00859375 0.005861664712778429
0 0.429296875 0.6315943728018757 0.00859375 0.005275498241500586
0 0.203125 0.6280773739742087 0.009375 0.005275498241500586
0 0.81796875 0.6292497069167644 0.0109375 0.008792497069167644
0 0.35 0.6257327080890973 0.0125 0.006447831184056272
0 0.7484375 0.6213364595545134 0.0109375 0.004689331770222743
0 0.2484375 0.6207502930832356 0.0109375 0.005861664712778429
0 0.5796875 0.6204572098475967 0.0109375 0.008792497069167644
0 0.8578125 0.61957796014068 0.009375 0.008206330597889801
0 0.42421875 0.6166471277842908 0.003125 0.0023446658851113715
0 0.415625 0.6166471277842908 0.003125 0.0023446658851113715
0 0.327734375 0.6181125439624854 0.01171875 0.0076201641266119575
0 0.22421875 0.6163540445486518 0.0046875 0.004103165298944901
0 0.1265625 0.6175263774912075 0.0125 0.006447831184056272
0 0.30234375 0.6172332942555686 0.0125 0.008206330597889801
0 0.278515625 0.6154747948417351 0.01015625 0.005861664712778429
0 0.398046875 0.608440797186401 0.01171875 0.007033997655334115
0 0.347265625 0.6078546307151231 0.01171875 0.005861664712778429
0 0.825 0.6066822977725674 0.0125 0.008206330597889801
0 0.257421875 0.6037514654161782 0.01171875 0.007033997655334115
0 0.20703125 0.6022860492379836 0.00625 0.004103165298944901
0 0.752734375 0.6025791324736225 0.01171875 0.008206330597889801
0 0.612109375 0.5993552168815943 0.01171875 0.0076201641266119575
0 0.23203125 0.5981828839390387 0.0109375 0.006447831184056272
0 0.424609375 0.5978898007033998 0.01171875 0.007033997655334115
0 0.181640625 0.5967174677608441 0.01015625 0.004689331770222743
0 0.15625 0.5975967174677609 0.0109375 0.006447831184056272
0 0.80703125 0.597010550996483 0.0109375 0.008792497069167644
0 0.291015625 0.5952520515826495 0.01171875 0.006447831184056272
0 0.3453125 0.5890973036342321 0.0109375 0.005861664712778429
0 0.25078125 0.585873388042204 0.0109375 0.005275498241500586
0 0.20546875 0.5832356389214537 0.003125 0.0035169988276670576
0 0.825390625 0.5849941383352872 0.00703125 0.008206330597889801
0 0.179296875 0.5779601406799532 0.00859375 0.005861664712778429
0 0.227734375 0.5770808909730364 0.01171875 0.006447831184056272
0 0.673046875 0.5762016412661196 0.01171875 0.008206330597889801
0 0.14453125 0.5753223915592028 0.009375 0.006447831184056272
0 0.3921875 0.5735638921453693 0.0125 0.006447831184056272
0 0.840625 0.5738569753810082 0.009375 0.008206330597889801
0 0.807421875 0.5732708089097304 0.01171875 0.008206330597889801
0 0.253125 0.567409144196952 0.0125 0.005861664712778429
0 0.5015625 0.567409144196952 0.0109375 0.008206330597889801
0 0.859765625 0.5656506447831184 0.01015625 0.008206330597889801
0 0.28984375 0.563305978898007 0.0109375 0.005861664712778429
0 0.733203125 0.5627198124267292 0.01015625 0.007033997655334115
0 0.165234375 0.5618405627198124 0.01171875 0.005275498241500586
0 0.769140625 0.5606682297772567 0.00859375 0.006447831184056272
0 0.192578125 0.5586166471277842 0.00546875 0.004689331770222743
0 0.21875 0.5574443141852286 0.009375 0.005861664712778429
0 0.791015625 0.5577373974208675 0.01015625 0.0076201641266119575
0 0.343359375 0.5548065650644783 0.01171875 0.006447831184056272
0 0.314453125 0.5524618991793669 0.00546875 0.005275498241500586
0 0.137109375 0.552168815943728 0.00859375 0.005861664712778429
0 0.2640625 0.5504103165298945 0.0125 0.005861664712778429
0 0.38671875 0.5501172332942555 0.0125 0.006447831184056272
0 0.24140625 0.5445486518171161 0.0046875 0.004689331770222743
0 0.174609375 0.5442555685814772 0.01171875 0.005275498241500586
0 0.808984375 0.5445486518171161 0.00703125 0.008206330597889801
0 0.36171875 0.5433763188745604 0.0125 0.007033997655334115
0 0.202734375 0.5416178194607268 0.01015625 0.005861664712778429
0 0.767578125 0.5407385697538101 0.01171875 0.0076201641266119575
0 0.31640625 0.5348769050410317 0.0125 0.006447831184056272
0 0.283203125 0.5328253223915592 0.00390625 0.0035169988276670576
0 0.440234375 0.533704572098476 0.01171875 0.006447831184056272
0 0.258203125 0.5301875732708089 0.00234375 0.0029308323563892145
0 0.701953125 0.5304806565064478 0.01015625 0.005861664712778429
0 0.1375 0.529601406799531 0.0109375 0.005275498241500586
0 0.221484375 0.5287221570926143 0.01171875 0.005861664712778429
0 0.8171875 0.5293083235638921 0.0125 0.008206330597889801
0 0.18828125 0.5266705744431418 0.009375 0.005275498241500586
0 0.3984375 0.526084407971864 0.0109375 0.006447831184056272
0 0.1609375 0.5190504103165299 0.0046875 0.004103165298944901
0 0.450390625 0.5169988276670574 0.00859375 0.005861664712778429
0 0.119140625 0.5161195779601406 0.00546875 0.005275498241500586
0 0.2703125 0.5146541617819461 0.0125 0.005861664712778429
0 0.60234375 0.515240328253224 0.0109375 0.008206330597889801
0 0.726953125 0.514947245017585 0.01015625 0.008792497069167644
0 0.513671875 0.5143610785463072 0.01171875 0.0076201641266119575
0 0.8296875 0.5140679953106683 0.0125 0.008206330597889801
0 0.8078125 0.5134818288393904 0.0125 0.008206330597889801
0 0.692578125 0.5126025791324736 0.01171875 0.008792497069167644
0 0.209375 0.5087924970691676 0.0109375 0.005861664712778429
0 0.55078125 0.507327080890973 0.0109375 0.006447831184056272
0 0.785546875 0.5052754982415005 0.01171875 0.008206330597889801
0 0.378125 0.5041031652989449 0.0109375 0.005861664712778429
0 0.40234375 0.503810082063306 0.0109375 0.0076201641266119575
0 0.167578125 0.5008792497069168 0.01015625 0.004103165298944901
0 0.354296875 0.5 0.01171875 0.005861664712778429
0 0.132421875 0.4991207502930832 0.01015625 0.005275498241500586
0 0.8328125 0.4970691676436108 0.0125 0.008206330597889801
0 0.268359375 0.4935521688159437 0.01171875 0.005861664712778429
0 0.7546875 0.4932590855803048 0.0109375 0.0076201641266119575
0 0.8546875 0.492379835873388 0.0109375 0.008206330597889801
0 0.515625 0.4906213364595545 0.0109375 0.005861664712778429
0 0.31875 0.4906213364595545 0.0125 0.005861664712778429
0 0.215234375 0.48710433763188743 0.01015625 0.005861664712778429
0 0.2453125 0.4862250879249707 0.0125 0.005275498241500586
0 0.369921875 0.4859320046893318 0.01171875 0.005861664712778429
0 0.150390625 0.4859320046893318 0.01171875 0.005861664712778429
0 0.3953125 0.48563892145369286 0.0109375 0.006447831184056272
0 0.810546875 0.4859320046893318 0.01171875 0.008206330597889801
0 0.341015625 0.48124267291910905 0.00234375 0.0011723329425556857
0 0.332421875 0.4809495896834701 0.00078125 0.0005861664712778429
0 0.1765625 0.4835873388042204 0.0109375 0.005861664712778429
0 0.34296875 0.4794841735052755 0.0015625 0.0011723329425556857
0 0.77421875 0.481535756154748 0.0109375 0.008792497069167644
0 0.302734375 0.4762602579132474 0.01171875 0.006447831184056272
0 0.191015625 0.47332942555685814 0.00234375 0.0017584994138335288
0 0.44453125 0.4753810082063306 0.0109375 0.007033997655334115
0 0.199609375 0.473915592028136 0.00703125 0.005275498241500586
0 0.791796875 0.4709847596717468 0.01015625 0.008792497069167644
0 0.3796875 0.4695193434935522 0.0109375 0.007033997655334115
0 0.22265625 0.4683470105509965 0.0140625 0.005861664712778429
0 0.2484375 0.46805392731535755 0.0125 0.006447831184056272
0 0.423046875 0.46688159437280186 0.01015625 0.005275498241500586
0 0.632421875 0.46600234466588514 0.01171875 0.007033997655334115
0 0.35703125 0.4645369284876905 0.00625 0.004103165298944901
0 0.323046875 0.46365767878077374 0.00859375 0.004689331770222743
0 0.687109375 0.46512309495896836 0.01171875 0.008792497069167644
0 0.65546875 0.46483001172332944 0.0109375 0.008206330597889801
0 0.81171875 0.4642438452520516 0.0125 0.008206330597889801
0 0.48125 0.46365767878077374 0.0109375 0.007033997655334115
0 0.77265625 0.46248534583821804 0.0109375 0.008206330597889801
0 0.287890625 0.46160609613130127 0.01171875 0.006447831184056272
0 0.40078125 0.4604337631887456 0.0109375 0.005275498241500586
0 0.837890625 0.4610199296600234 0.01171875 0.0076201641266119575
0 0.7515625 0.45838218053927315 0.0109375 0.008206330597889801
0 0.444140625 0.45545134818288396 0.00859375 0.004689331770222743
0 0.59765625 0.45545134818288396 0.0109375 0.007033997655334115
0 0.553125 0.45574443141852283 0.0109375 0.0076201641266119575
0 0.859375 0.45427901524032827 0.0109375 0.008206330597889801
0 0.16484375 0.4533997655334115 0.0125 0.0076201641266119575
0 0.326171875 0.4481242672919109 0.00078125 0.0005861664712778429
0 0.376953125 0.4504689331770223 0.01171875 0.006447831184056272
0 0.22890625 0.44988276670574445 0.0109375 0.005275498241500586
0 0.466015625 0.44988276670574445 0.01171875 0.006447831184056272
0 0.332421875 0.44753810082063306 0.00703125 0.0029308323563892145
0 0.323828125 0.4466588511137163 0.00078125 0.0011723329425556857
0 0.421484375 0.44871043376318875 0.01171875 0.006447831184056272
0 0.6984375 0.4492966002344666 0.0125 0.008792497069167644
0 0.81953125 0.447831184056272 0.0109375 0.008206330597889801
0 0.573046875 0.44607268464243843 0.01171875 0.005861664712778429
0 0.498046875 0.4457796014067995 0.00859375 0.005275498241500586
0 0.273828125 0.4454865181711606 0.01328125 0.005861664712778429
0 0.76875 0.4454865181711606 0.0125 0.008206330597889801
0 0.840625 0.4405041031652989 0.0078125 0.0017584994138335288
0 0.722265625 0.444021101992966 0.01171875 0.008792497069167644
0 0.525390625 0.4428487690504103 0.01171875 0.006447831184056272
0 0.3984375 0.4428487690504103 0.0125 0.0076201641266119575
0 0.36171875 0.4405041031652989 0.0046875 0.0029308323563892145
0 0.798046875 0.4428487690504103 0.01171875 0.008792497069167644
0 0.30546875 0.44079718640093785 0.0125 0.005861664712778429
0 0.44765625 0.4381594372801876 0.0109375 0.006447831184056272
0 0.680078125 0.43757327080890973 0.01015625 0.008792497069167644
0 0.865234375 0.4369871043376319 0.01171875 0.008792497069167644
0 0.546484375 0.4358147713950762 0.01015625 0.0076201641266119575
0 0.15625 0.4369871043376319 0.0140625 0.00996483001172333
0 0.380078125 0.4320046893317702 0.01171875 0.008206330597889801
0 0.426171875 0.43112543962485345 0.01171875 0.0076201641266119575
0 0.22109375 0.43229777256740914 0.0125 0.00996483001172333
0 0.81328125 0.43024618991793667 0.0125 0.008206330597889801
0 0.758984375 0.43024618991793667 0.00859375 0.008206330597889801
0 0.658203125 0.43024618991793667 0.01171875 0.008206330597889801
0 0.496484375 0.4273153575615475 0.00546875 0.004689331770222743
0 0.40546875 0.4264361078546307 0.00625 0.004103165298944901
0 0.397265625 0.42467760844079716 0.00078125 0.0005861664712778429
0 0.264453125 0.42702227432590856 0.00859375 0.005275498241500586
0 0.336328125 0.42702227432590856 0.01328125 0.006447831184056272
0 0.84765625 0.4264361078546307 0.0078125 0.0076201641266119575
0 0.780859375 0.42702227432590856 0.01171875 0.008792497069167644
0 0.46640625 0.42467760844079716 0.009375 0.005275498241500586
0 0.36328125 0.42174677608440797 0.00625 0.004103165298944901
0 0.354296875 0.42057444314185227 0.00234375 0.0017584994138335288
0 0.287890625 0.4211606096131301 0.01171875 0.006447831184056272
0 0.722265625 0.42057444314185227 0.01015625 0.0076201641266119575
0 0.564453125 0.4191090269636577 0.01015625 0.004689331770222743
0 0.31328125 0.41852286049237986 0.0125 0.007033997655334115
0 0.241796875 0.41852286049237986 0.01328125 0.007033997655334115
0 0.541015625 0.4188159437280188 0.01171875 0.008792497069167644
0 0.866015625 0.417936694021102 0.01171875 0.008206330597889801
0 0.444921875 0.41822977725674093 0.01171875 0.008792497069167644
0 0.828515625 0.4167643610785463 0.01015625 0.008206330597889801
0 0.74375 0.41705744431418523 0.0109375 0.008792497069167644
0 0.68515625 0.4155920281359906 0.0109375 0.007033997655334115
0 0.641796875 0.4135404454865182 0.00859375 0.005275498241500586
0 0.766015625 0.414126611957796 0.01171875 0.008792497069167644
0 0.3828125 0.41295427901524034 0.009375 0.006447831184056272
0 0.806640625 0.4135404454865182 0.01171875 0.008792497069167644
0 0.608203125 0.41207502930832357 0.01171875 0.005861664712778429
0 0.42265625 0.4111957796014068 0.0078125 0.005275498241500586
0 0.115625 0.41295427901524034 0.0125 0.00996483001172333
0 0.33984375 0.4091441969519343 0.0125 0.008206330597889801
0 0.84609375 0.4070926143024619 0.0125 0.008792497069167644
0 0.70703125 0.4059202813599062 0.0109375 0.008792497069167644
0 0.2125 0.40416178194607266 0.0109375 0.005275498241500586
0 0.462109375 0.40328253223915594 0.00859375 0.004689331770222743
0 0.140625 0.4059202813599062 0.0140625 0.00996483001172333
0 0.292578125 0.4026963657678781 0.01171875 0.005861664712778429
0 0.25703125 0.4026963657678781 0.0125 0.005861664712778429
0 0.72890625 0.40357561547479487 0.0109375 0.008792497069167644
0 0.194140625 0.3994724501758499 0.00078125 0.0005861664712778429
0 0.770703125 0.399179366940211 0.00078125 0.0011723329425556857
0 0.4015625 0.4015240328253224 0.0125 0.007033997655334115
0 0.3625 0.4015240328253224 0.0125 0.007033997655334115
0 0.194921875 0.3983001172332943 0.00078125 0.0005861664712778429
0 0.66953125 0.4015240328253224 0.0109375 0.008206330597889801
0 0.782421875 0.3971277842907386 0.00078125 0.0005861664712778429
0 0.317578125 0.39976553341148885 0.01171875 0.007033997655334115
0 0.81875 0.399179366940211 0.0046875 0.007033997655334115
0 0.515625 0.39859320046893315 0.0109375 0.005861664712778429
0 0.776953125 0.3947831184056272 0.00703125 0.0017584994138335288
0 0.864453125 0.3974208675263775 0.01328125 0.008206330597889801
0 0.632421875 0.3947831184056272 0.01015625 0.0076201641266119575
0 0.432421875 0.39449003516998826 0.01171875 0.007033997655334115
0 0.192578125 0.39331770222743256 0.01171875 0.008206330597889801
0 0.566796875 0.3903868698710434 0.01171875 0.007033997655334115
0 0.337890625 0.3898007033997655 0.01328125 0.007033997655334115
0 0.274609375 0.38892145369284875 0.01328125 0.005275498241500586
0 0.696484375 0.3895076201641266 0.01015625 0.0076201641266119575
0 0.223828125 0.3883352872215709 0.01015625 0.006447831184056272
0 0.653515625 0.3886283704572098 0.01015625 0.008206330597889801
0 0.738671875 0.3877491207502931 0.01015625 0.008792497069167644
0 0.385546875 0.38686987104337633 0.01171875 0.007033997655334115
0 0.453125 0.384232121922626 0.0109375 0.005275498241500586
0 0.249609375 0.3862837045720985 0.01171875 0.009378663540445486
0 0.760546875 0.3854044548651817 0.01171875 0.008792497069167644
0 0.30234375 0.38452520515826494 0.0109375 0.007033997655334115
0 0.409765625 0.38364595545134816 0.01171875 0.006447831184056272
0 0.3609375 0.38276670574443145 0.0125 0.005861664712778429
0 0.8015625 0.38335287221570924 0.0109375 0.008206330597889801
0 0.675390625 0.3830597889800703 0.01015625 0.008792497069167644
0 0.8234375 0.3821805392731536 0.0125 0.008206330597889801
0 0.7171875 0.38159437280187575 0.009375 0.008206330597889801
0 0.8703125 0.3810082063305979 0.0125 0.008206330597889801
0 0.849609375 0.37749120750293086 0.01328125 0.008206330597889801
0 0.780078125 0.37778429073856973 0.01328125 0.008792497069167644
0 0.595703125 0.3766119577960141 0.01015625 0.006447831184056272
0 0.489453125 0.376905041031653 0.01171875 0.007033997655334115
0 0.4328125 0.3757327080890973 0.0109375 0.007033997655334115
0 0.206640625 0.3745603751465416 0.01015625 0.005861664712778429
0 0.57265625 0.37280187573270807 0.0109375 0.007033997655334115
0 0.549609375 0.37280187573270807 0.01171875 0.007033997655334115
0 0.633984375 0.37250879249706914 0.01015625 0.0076201641266119575
0 0.69375 0.37221570926143027 0.009375 0.008206330597889801
0 0.3421875 0.37075029308323565 0.0109375 0.006447831184056272
0 0.283984375 0.3710433763188746 0.01171875 0.007033997655334115
0 0.23203125 0.37221570926143027 0.0125 0.009378663540445486
0 0.65703125 0.3701641266119578 0.009375 0.006447831184056272
0 0.74921875 0.37075029308323565 0.0109375 0.008792497069167644
0 0.318359375 0.369284876905041 0.00859375 0.005861664712778429
0 0.394921875 0.3686987104337632 0.01171875 0.007033997655334115
0 0.46171875 0.3678194607268464 0.0109375 0.006447831184056272
0 0.257421875 0.3678194607268464 0.01171875 0.0076201641266119575
0 0.824609375 0.36430246189917936 0.00234375 0.0029308323563892145
0 0.3703125 0.36635404454865184 0.0125 0.008206330597889801
0 0.725390625 0.365767878077374 0.01171875 0.008206330597889801
0 0.834765625 0.3616647127784291 0.00234375 0.0011723329425556857
0 0.827734375 0.3613716295427902 0.00078125 0.0005861664712778429
0 0.830078125 0.3607854630715123 0.00078125 0.0005861664712778429
0 0.80859375 0.3648886283704572 0.0125 0.008792497069167644
0 0.86640625 0.36400937866354044 0.0109375 0.008206330597889801
0 0.61640625 0.3604923798358734 0.0078125 0.005861664712778429
0 0.41640625 0.36107854630715125 0.0109375 0.007033997655334115
0 0.678515625 0.3596131301289566 0.00546875 0.005275498241500586
0 0.484375 0.35873388042203985 0.00625 0.004689331770222743
0 0.7703125 0.3601992966002345 0.0125 0.008792497069167644
0 0.508984375 0.35873388042203985 0.01015625 0.007033997655334115
0 0.441796875 0.35844079718640093 0.01015625 0.008792497069167644
0 0.705859375 0.3569753810082063 0.01015625 0.008206330597889801
0 0.643359375 0.3563892145369285 0.00859375 0.008206330597889801
0 0.53203125 0.35668229777256744 0.0109375 0.008792497069167644
0 0.216015625 0.3569753810082063 0.01328125 0.009378663540445486
0 0.301171875 0.3549237983587339 0.01171875 0.0076201641266119575
0 0.846875 0.3549237983587339 0.0125 0.008792497069167644
0 0.3515625 0.3537514654161782 0.0109375 0.006447831184056272
0 0.276171875 0.3537514654161782 0.00859375 0.0076201641266119575
0 0.748046875 0.3528722157092614 0.01171875 0.008206330597889801
0 0.5765625 0.35023446658851115 0.0109375 0.008792497069167644
0 0.4625 0.3493552168815944 0.009375 0.008206330597889801
0 0.4 0.347010550996483 0.0078125 0.005861664712778429
0 0.80703125 0.34671746776084406 0.0125 0.0076201641266119575
0 0.3734375 0.34642438452520513 0.0109375 0.007033997655334115
0 0.247265625 0.34671746776084406 0.01328125 0.0076201641266119575
0 0.87109375 0.34671746776084406 0.0109375 0.008792497069167644
0 0.662890625 0.34583821805392734 0.01015625 0.007033997655334115
0 0.6015625 0.34583821805392734 0.0109375 0.007033997655334115
0 0.828515625 0.34495896834701056 0.01171875 0.008792497069167644
0 0.625 0.34466588511137164 0.009375 0.008206330597889801
0 0.3296875 0.34378663540445487 0.009375 0.006447831184056272
0 0.55 0.3420281359906213 0.00625 0.004103165298944901
0 0.495703125 0.3443728018757327 0.01015625 0.008792497069167644
0 0.422265625 0.343200468933177 0.01171875 0.0076201641266119575
0 0.769140625 0.34261430246189917 0.01171875 0.008792497069167644
0 0.684765625 0.33968347010551 0.00859375 0.0076201641266119575
0 0.707421875 0.33939038686987105 0.00859375 0.008206330597889801
0 0.523828125 0.33968347010551 0.01015625 0.008792497069167644
0 0.287890625 0.3376318874560375 0.01171875 0.007033997655334115
0 0.852734375 0.33704572098475966 0.01015625 0.007033997655334115
0 0.212890625 0.3364595545134818 0.00859375 0.005861664712778429
0 0.35546875 0.3355803048065651 0.00625 0.005275498241500586
0 0.445703125 0.3364595545134818 0.00859375 0.008206330597889801
0 0.7484375 0.33499413833528724 0.0109375 0.008792497069167644
0 0.26328125 0.33382180539273154 0.0125 0.008792497069167644
0 0.56875 0.3323563892145369 0.009375 0.007033997655334115
0 0.640625 0.33177022274325907 0.0109375 0.008206330597889801
0 0.31171875 0.3311840562719812 0.009375 0.007033997655334115
0 0.726171875 0.3311840562719812 0.01171875 0.008206330597889801
0 0.37734375 0.3288393903868699 0.0046875 0.0035169988276670576
0 0.816015625 0.3308909730363423 0.01171875 0.008792497069167644
0 0.79375 0.3308909730363423 0.0125 0.008792497069167644
0 0.23359375 0.3311840562719812 0.0125 0.009378663540445486
0 0.467578125 0.32942555685814773 0.01015625 0.007033997655334115
0 0.610546875 0.32942555685814773 0.00859375 0.008206330597889801
0 0.42578125 0.3264947245017585 0.0078125 0.0023446658851113715
0 0.6640625 0.32825322391559203 0.009375 0.007033997655334115
0 0.870703125 0.32825322391559203 0.01171875 0.008206330597889801
0 0.541015625 0.32590855803048063 0.00859375 0.007033997655334115
0 0.49140625 0.32590855803048063 0.009375 0.008206330597889801
0 0.401171875 0.3235638921453693 0.00390625 0.0035169988276670576
0 0.5875 0.32327080890973037 0.0109375 0.0076201641266119575
0 0.70078125 0.3223915592028136 0.0046875 0.007033997655334115
0 0.33671875 0.32180539273153574 0.009375 0.008206330597889801
0 0.291796875 0.31975381008206333 0.00546875 0.005275498241500586
0 0.762890625 0.32092614302461897 0.01015625 0.008792497069167644
0 0.848828125 0.3203399765533411 0.01171875 0.008792497069167644
0 0.45 0.31740914419695193 0.003125 0.005275498241500586
0 0.5140625 0.31887456037514655 0.0109375 0.009378663540445486
0 0.62734375 0.31652989449003516 0.009375 0.007033997655334115
0 0.828515625 0.31652989449003516 0.01015625 0.009378663540445486
0 0.740625 0.31623681125439623 0.009375 0.008792497069167644
0 0.559765625 0.31535756154747946 0.01015625 0.007033997655334115
0 0.31484375 0.31242672919109027 0.0015625 0.0023446658851113715
0 0.8046875 0.31535756154747946 0.0109375 0.009378663540445486
0 0.717578125 0.31447831184056274 0.01015625 0.008792497069167644
0 0.78125 0.31330597889800704 0.0125 0.008792497069167644
0 0.668359375 0.3106682297772567 0.00546875 0.005861664712778429
0 0.47109375 0.31096131301289565 0.0078125 0.0076201641266119575
0 0.365625 0.31096131301289565 0.00625 0.0076201641266119575
0 0.8671875 0.3106682297772567 0.0125 0.008206330597889801
0 0.6046875 0.3106682297772567 0.009375 0.008206330597889801
0 0.390625 0.30773739742086753 0.0046875 0.0023446658851113715
0 0.434765625 0.30978898007034 0.00546875 0.0076201641266119575
0 0.539453125 0.30773739742086753 0.00546875 0.005861664712778429
0 0.4953125 0.3074443141852286 0.0078125 0.006447831184056272
0 0.411328125 0.30568581477139506 0.00234375 0.0029308323563892145
0 0.688671875 0.30568581477139506 0.00859375 0.006447831184056272
0 0.276953125 0.3042203985932005 0.00546875 0.004689331770222743
0 0.842578125 0.3033411488862837 0.01171875 0.0076201641266119575
0 0.58125 0.3030480656506448 0.0078125 0.007033997655334115
0 0.344140625 0.3033411488862837 0.00546875 0.0076201641266119575
0 0.248046875 0.30363423212192264 0.01171875 0.008206330597889801
0 0.649609375 0.3009964830011723 0.00390625 0.006447831184056272
0 0.753125 0.30158264947245017 0.0109375 0.008792497069167644
0 0.8171875 0.3009964830011723 0.0109375 0.008792497069167644
0 0.515234375 0.2998241500586166 0.01015625 0.0076201641266119575
0 0.7296875 0.2995310668229777 0.0109375 0.008206330597889801
0 0.795703125 0.2954279015240328 0.00703125 0.0011723329425556857
0 0.621875 0.2977725674091442 0.0078125 0.007033997655334115
0 0.434765625 0.29601406799531066 0.00546875 0.004689331770222743
0 0.3203125 0.29484173505275496 0.003125 0.0023446658851113715
0 0.556640625 0.29689331770222743 0.01015625 0.0076201641266119575
0 0.20546875 0.2936694021101993 0.003125 0.0011723329425556857
0 0.77265625 0.2963071512309496 0.0125 0.008792497069167644
0 0.45859375 0.29484173505275496 0.009375 0.007033997655334115
0 0.705859375 0.29454865181711604 0.01015625 0.0076201641266119575
0 0.876171875 0.29396248534583824 0.00859375 0.0076201641266119575
0 0.294921875 0.29279015240328254 0.00703125 0.005275498241500586
0 0.483984375 0.29191090269636577 0.00546875 0.004689331770222743
0 0.362890625 0.29279015240328254 0.00703125 0.0076201641266119575
0 0.598046875 0.29161781946072685 0.00859375 0.0076201641266119575
0 0.53515625 0.2895662368112544 0.0078125 0.007033997655334115
0 0.386328125 0.2878077373974209 0.00546875 0.004689331770222743
0 0.686328125 0.28839390386869873 0.00546875 0.007033997655334115
0 0.262109375 0.2878077373974209 0.01015625 0.005861664712778429
0 0.855078125 0.28839390386869873 0.01015625 0.008206330597889801
0 0.831640625 0.2878077373974209 0.01171875 0.008206330597889801
0 0.4125 0.28722157092614303 0.009375 0.007033997655334115
0 0.663671875 0.28634232121922626 0.00546875 0.0076201641266119575
0 0.575 0.28516998827667056 0.009375 0.0076201641266119575
0 0.744140625 0.28516998827667056 0.01015625 0.008792497069167644
0 0.808203125 0.2845838218053927 0.01015625 0.008792497069167644
0 0.641015625 0.2816529894490035 0.00390625 0.004103165298944901
0 0.508984375 0.2816529894490035 0.00703125 0.006447831184056272
0 0.33828125 0.28194607268464245 0.009375 0.007033997655334115
0 0.782421875 0.27754982415005863 0.00078125 0.0005861664712778429
0 0.720703125 0.2813599062133646 0.01015625 0.008206330597889801
0 0.78515625 0.2769636576787808 0.003125 0.0005861664712778429
0 0.555859375 0.2787221570926143 0.00390625 0.004103165298944901
0 0.437109375 0.2787221570926143 0.01015625 0.0076201641266119575
0 0.308984375 0.27637749120750293 0.00234375 0.0029308323563892145
0 0.216015625 0.27520515826494724 0.00078125 0.0005861664712778429
0 0.864453125 0.27667057444314186 0.00234375 0.005861664712778429
0 0.75703125 0.27637749120750293 0.0015625 0.005275498241500586
0 0.207421875 0.2734466588511137 0.00078125 0.0005861664712778429
0 0.462890625 0.276084407971864 0.00703125 0.007033997655334115
0 0.21015625 0.2728604923798359 0.003125 0.0005861664712778429
0 0.6171875 0.27432590855803046 0.009375 0.007033997655334115
0 0.7 0.27403282532239154 0.00625 0.0076201641266119575
0 0.530078125 0.27227432590855805 0.00390625 0.004103165298944901
0 0.4875 0.2719812426729191 0.003125 0.004689331770222743
0 0.368359375 0.2737397420867526 0.00859375 0.008206330597889801
0 0.84453125 0.2728604923798359 0.009375 0.0076201641266119575
0 0.676953125 0.2708089097303634 0.00703125 0.007033997655334115
0 0.5953125 0.27110199296600235 0.00625 0.0076201641266119575
0 0.82265625 0.2708089097303634 0.009375 0.008206330597889801
0 0.39921875 0.2708089097303634 0.009375 0.008206330597889801
0 0.8 0.2672919109026964 0.0109375 0.008206330597889801
0 0.572265625 0.2664126611957796 0.00703125 0.006447831184056272
0 0.50859375 0.26348182883939036 0.0046875 0.0029308323563892145
0 0.639453125 0.26436107854630714 0.00859375 0.007033997655334115
0 0.421484375 0.26436107854630714 0.01015625 0.008206330597889801
0 0.715625 0.26348182883939036 0.0109375 0.0076201641266119575
0 0.326953125 0.2637749120750293 0.01015625 0.008206330597889801
0 0.77890625 0.2637749120750293 0.0109375 0.009378663540445486
0 0.549609375 0.2605509964830012 0.00546875 0.004103165298944901
0 0.4453125 0.261137162954279 0.009375 0.0076201641266119575
0 0.292578125 0.26025791324736225 0.00703125 0.005861664712778429
0 0.878515625 0.2596717467760844 0.01171875 0.008206330597889801
0 0.35078125 0.2593786635404455 0.009375 0.0076201641266119575
0 0.8578125 0.2596717467760844 0.0109375 0.009378663540445486
0 0.662109375 0.25732708089097306 0.00390625 0.004689331770222743
0 0.756640625 0.2582063305978898 0.01171875 0.008792497069167644
0 0.382421875 0.2564478311840563 0.00546875 0.005275498241500586
0 0.691015625 0.2567409144196952 0.00546875 0.007033997655334115
0 0.836328125 0.2567409144196952 0.01015625 0.008206330597889801
0 0.6078125 0.2555685814771395 0.00625 0.007033997655334115
0 0.476171875 0.25586166471277844 0.00703125 0.0076201641266119575
0 0.81484375 0.25381008206330596 0.009375 0.009378663540445486
0 0.5265625 0.25263774912075027 0.00625 0.007033997655334115
0 0.584765625 0.2508792497069168 0.00546875 0.007033997655334115
0 0.406640625 0.25 0.00546875 0.006447831184056272
0 0.792578125 0.25 0.01015625 0.0076201641266119575
0 0.73125 0.2502930832356389 0.0109375 0.008206330597889801
0 0.312890625 0.2488276670574443 0.00703125 0.005275498241500586
0 0.43125 0.24706916764361078 0.0046875 0.005275498241500586
0 0.630078125 0.2473622508792497 0.00703125 0.007033997655334115
0 0.708984375 0.24648300117233293 0.00859375 0.008792497069167644
0 0.33671875 0.24355216881594371 0.0078125 0.004103165298944901
0 0.454296875 0.24413833528722156 0.00703125 0.006447831184056272
0 0.771484375 0.2447245017584994 0.01015625 0.008792497069167644
0 0.49921875 0.24413833528722156 0.009375 0.0076201641266119575
0 0.868359375 0.24384525205158264 0.01171875 0.008206330597889801
0 0.363671875 0.24355216881594371 0.00859375 0.0076201641266119575
0 0.54375 0.24120750293083235 0.0078125 0.006447831184056272
0 0.84765625 0.24208675263774912 0.0109375 0.009378663540445486
0 0.6890625 0.23944900351699883 0.0046875 0.004103165298944901
0 0.748828125 0.24091441969519342 0.01171875 0.009378663540445486
0 0.66484375 0.23886283704572098 0.0078125 0.006447831184056272
0 0.825390625 0.23827667057444316 0.01015625 0.008792497069167644
0 0.6125 0.23622508792497068 0.0046875 0.005861664712778429
0 0.5703125 0.23622508792497068 0.00625 0.005861664712778429
0 0.389453125 0.2365181711606096 0.00703125 0.006447831184056272
0 0.4765625 0.23593200468933176 0.0078125 0.0076201641266119575
0 0.51953125 0.2347596717467761 0.0078125 0.006447831184056272
0 0.41328125 0.23241500586166472 0.00625 0.006447831184056272
0 0.72578125 0.23270808909730364 0.009375 0.008206330597889801
0 0.64765625 0.22919109026963658 0.003125 0.0023446658851113715
0 0.7828125 0.2283118405627198 0.009375 0.0076201641266119575
0 0.878515625 0.2283118405627198 0.01171875 0.008792497069167644
0 0.590625 0.22743259085580306 0.00625 0.007033997655334115
0 0.20546875 0.22889800703399765 0.0125 0.00996483001172333
0 0.704296875 0.22743259085580306 0.00859375 0.008206330597889801
0 0.36171875 0.22450175849941384 0.003125 0.0023446658851113715
0 0.455859375 0.2256740914419695 0.00859375 0.007033997655334115
0 0.857421875 0.22626025791324736 0.01015625 0.009378663540445486
0 0.5515625 0.22420867526377491 0.00625 0.005275498241500586
0 0.49765625 0.2250879249706917 0.009375 0.008206330597889801
0 0.759375 0.22479484173505276 0.0125 0.008792497069167644
0 0.679296875 0.22157092614302462 0.00546875 0.007033997655334115
0 0.818359375 0.21541617819460726 0.00078125 0.0005861664712778429
0 0.615625 0.21805392731535755 0.0078125 0.005861664712778429
0 0.433984375 0.2171746776084408 0.00546875 0.004103165298944901
0 0.834765625 0.2142438452520516 0.00078125 0.0005861664712778429
0 0.7375 0.21776084407971863 0.009375 0.008792497069167644
0 0.573046875 0.21512309495896834 0.00390625 0.0035169988276670576
0 0.519140625 0.21658851113716296 0.00703125 0.006447831184056272
0 0.383984375 0.21688159437280188 0.00703125 0.007033997655334115
0 0.47734375 0.2160023446658851 0.00625 0.006447831184056272
0 0.79453125 0.2142438452520516 0.009375 0.008792497069167644
0 0.408984375 0.21365767878077374 0.00703125 0.0076201641266119575
0 0.63828125 0.21189917936694022 0.00625 0.006447831184056272
0 0.595703125 0.20955451348182885 0.00546875 0.006447831184056272
0 0.541015625 0.20750293083235638 0.00234375 0.0023446658851113715
0 0.325 0.20662368112543963 0.0046875 0.0029308323563892145
0 0.206640625 0.20867526377491208 0.00859375 0.008206330597889801
0 0.856640625 0.2077960140679953 0.01015625 0.0076201641266119575
0 0.66015625 0.20545134818288394 0.003125 0.0029308323563892145
0 0.4984375 0.20662368112543963 0.00625 0.005275498241500586
0 0.700390625 0.20750293083235638 0.00703125 0.008206330597889801
0 0.753515625 0.20398593200468934 0.00546875 0.004689331770222743
0 0.775 0.20398593200468934 0.0078125 0.008206330597889801
0 0.72109375 0.2048651817116061 0.0109375 0.00996483001172333
0 0.4515625 0.20369284876905042 0.009375 0.0076201641266119575
0 0.81484375 0.19724501758499413 0.0078125 0.0017584994138335288
0 0.619921875 0.19988276670574442 0.00546875 0.007033997655334115
0 0.38984375 0.19871043376318875 0.00625 0.004689331770222743
0 0.837109375 0.19988276670574442 0.01015625 0.008206330597889801
0 0.56015625 0.19783118405627198 0.00625 0.005275498241500586
0 0.51953125 0.19783118405627198 0.00625 0.006447831184056272
0 0.476171875 0.1969519343493552 0.00546875 0.005861664712778429
0 0.413671875 0.19607268464243846 0.00546875 0.005275498241500586
0 0.796484375 0.1925556858147714 0.00078125 0.0005861664712778429
0 0.793359375 0.19196951934349354 0.00390625 0.0005861664712778429
0 0.583984375 0.19314185228604924 0.00546875 0.005275498241500586
0 0.64140625 0.1937280187573271 0.00625 0.0076201641266119575
0 0.735546875 0.1910902696365768 0.01015625 0.008206330597889801
0 0.496875 0.18815943728018758 0.003125 0.0023446658851113715
0 0.855859375 0.1899179366940211 0.01171875 0.008206330597889801
0 0.5390625 0.18815943728018758 0.0046875 0.005861664712778429
0 0.715625 0.18698710433763188 0.0046875 0.004689331770222743
0 0.757421875 0.18669402110199296 0.00859375 0.005275498241500586
0 0.660546875 0.18376318874560374 0.00078125 0.0005861664712778429
0 0.45078125 0.1846424384525205 0.003125 0.0035169988276670576
0 0.605078125 0.18493552168815944 0.00546875 0.006447831184056272
0 0.7796875 0.18317702227432592 0.009375 0.008792497069167644
0 0.518359375 0.17936694021101993 0.00390625 0.0011723329425556857
0 0.69296875 0.18141852286049237 0.00625 0.006447831184056272
0 0.797265625 0.17878077373974208 0.00078125 0.0023446658851113715
0 0.56015625 0.17995310668229778 0.0046875 0.004689331770222743
0 0.474609375 0.17966002344665885 0.00546875 0.004103165298944901
0 0.875390625 0.17731535756154748 0.00078125 0.0005861664712778429
0 0.427734375 0.17878077373974208 0.00390625 0.0035169988276670576
0 0.626171875 0.17878077373974208 0.00546875 0.005861664712778429
0 0.8484375 0.17555685814771396 0.0015625 0.0017584994138335288
0 0.801171875 0.17438452520515826 0.00078125 0.0005861664712778429
0 0.803515625 0.17379835873388041 0.00234375 0.0005861664712778429
0 0.847265625 0.1735052754982415 0.00078125 0.0011723329425556857
0 0.585546875 0.17438452520515826 0.00390625 0.005275498241500586
0 0.743359375 0.17291910902696367 0.00390625 0.004689331770222743
0 0.404296875 0.1708675263774912 0.00390625 0.004103165298944901
0 0.856640625 0.16852286049237983 0.00078125 0.0005861664712778429
0 0.8546875 0.167936694021102 0.0015625 0.0005861664712778429
0 0.540234375 0.1694021101992966 0.00546875 0.005861664712778429
0 0.605859375 0.167936694021102 0.00546875 0.004103165298944901
0 0.759765625 0.1655920281359906 0.00078125 0.0005861664712778429
0 0.763671875 0.1652989449003517 0.00546875 0.0011723329425556857
0 0.497265625 0.16588511137162953 0.00234375 0.0023446658851113715
0 0.66484375 0.16588511137162953 0.0046875 0.004689331770222743
0 0.787890625 0.16148886283704572 0.00078125 0.0005861664712778429
0 0.819921875 0.16324736225087924 0.00703125 0.006447831184056272
0 0.476171875 0.15826494724501758 0.00234375 0.0011723329425556857
0 0.3578125 0.15738569753810083 0.003125 0.0029308323563892145
0 0.68359375 0.1559202813599062 0.0046875 0.004689331770222743
0 0.731640625 0.15621336459554513 0.01171875 0.008792497069167644
0 0.84453125 0.15533411488862836 0.0125 0.008206330597889801
0 0.546875 0.15211019929660025 0.0046875 0.004103165298944901
0 0.61875 0.15181711606096132 0.0046875 0.004689331770222743
0 0.52265625 0.14947245017584995 0.00625 0.004689331770222743
0 0.765234375 0.1503516998827667 0.01171875 0.008792497069167644
0 0.585546875 0.14742086752637748 0.00390625 0.005275498241500586
0 0.4203125 0.1447831184056272 0.0015625 0.0011723329425556857
0 0.788671875 0.14273153575615474 0.00078125 0.0005861664712778429
0 0.869921875 0.14566236811254396 0.01171875 0.00996483001172333
0 0.44921875 0.14097303634232122 0.0046875 0.004103165298944901
0 0.637890625 0.13862837045720985 0.00078125 0.0005861664712778429
0 0.825390625 0.13628370457209849 0.00078125 0.0005861664712778429
0 0.669921875 0.138042203985932 0.00390625 0.005275498241500586
0 0.85078125 0.138042203985932 0.0109375 0.008792497069167644
0 0.806640625 0.1368698710433763 0.01171875 0.00996483001172333
0 0.692578125 0.1336459554513482 0.00390625 0.0035169988276670576
0 0.571875 0.13188745603751464 0.0046875 0.0035169988276670576
0 0.832421875 0.12807737397420868 0.00078125 0.0005861664712778429
0 0.830078125 0.12749120750293083 0.00234375 0.0005861664712778429
0 0.354296875 0.12807737397420868 0.00234375 0.0029308323563892145
0 0.6046875 0.12631887456037513 0.00625 0.004103165298944901
0 0.782421875 0.11811254396248534 0.00078125 0.0005861664712778429
0 0.329296875 0.11694021101992966 0.00390625 0.0029308323563892145
0 0.714453125 0.11723329425556858 0.00859375 0.008206330597889801
0 0.654296875 0.1134232121922626 0.00703125 0.005275498241500586
0 0.38828125 0.11019929660023446 0.0015625 0.0023446658851113715
0 0.3515625 0.10873388042203985 0.0015625 0.0017584994138335288
0 0.69140625 0.11049237983587339 0.00625 0.006447831184056272
0 0.555859375 0.10814771395076202 0.00234375 0.0029308323563892145
0 0.611328125 0.10668229777256741 0.00078125 0.0011723329425556857
0 0.530078125 0.10287221570926143 0.00390625 0.004103165298944901
0 0.24375 0.08763188745603752 0.0015625 0.0029308323563892145
