0 0.39765625 0.8703125 0.0015625 0.003125
0 0.298046875 0.8640625 0.00390625 0.003125
0 0.492578125 0.8494791666666667 0.00078125 0.0010416666666666667
0 0.34375 0.8463541666666666 0.009375 0.013541666666666667
0 0.55078125 0.8354166666666667 0.0015625 0.0020833333333333333
0 0.523828125 0.8338541666666667 0.00234375 0.003125
0 0.508984375 0.8296875 0.00078125 0.0010416666666666667
0 0.598828125 0.8234375 0.00078125 0.0010416666666666667
0 0.371875 0.821875 0.003125 0.004166666666666667
0 0.530859375 0.8098958333333334 0.00078125 0.0010416666666666667
0 0.6015625 0.803125 0.0015625 0.0020833333333333333
0 0.35390625 0.7973958333333333 0.0078125 0.011458333333333333
0 0.570703125 0.7911458333333333 0.00390625 0.0010416666666666667
0 0.50234375 0.7833333333333333 0.0046875 0.0020833333333333333
0 0.391796875 0.7838541666666666 0.00390625 0.003125
0 0.37109375 0.7833333333333333 0.0015625 0.0020833333333333333
0 0.43125 0.7755208333333333 0.0015625 0.0010416666666666667
0 0.479296875 0.7729166666666667 0.00546875 0.0020833333333333333
0 0.3265625 0.7729166666666667 0.00625 0.008333333333333333
0 0.519140625 0.76875 0.00234375 0.0020833333333333333
0 0.5734375 0.7671875 0.003125 0.0010416666666666667
0 0.54140625 0.7671875 0.0015625 0.0010416666666666667
0 0.38203125 0.7671875 0.0015625 0.0010416666666666667
0 0.35703125 0.7682291666666666 0.003125 0.003125
0 0.30078125 0.7651041666666667 0.00625 0.009375
0 0.4640625 0.7515625 0.0046875 0.0010416666666666667
0 0.318359375 0.753125 0.00703125 0.008333333333333333
0 0.47890625 0.7494791666666667 0.0015625 0.003125
0 0.5515625 0.7479166666666667 0.0015625 0.0020833333333333333
0 0.51015625 0.7427083333333333 0.0046875 0.004166666666666667
0 0.619140625 0.734375 0.00234375 0.0020833333333333333
0 0.40703125 0.7307291666666667 0.0015625 0.0010416666666666667
0 0.53671875 0.7307291666666667 0.003125 0.003125
0 0.32890625 0.7317708333333334 0.00625 0.005208333333333333
0 0.519921875 0.7255208333333333 0.00546875 0.003125
0 0.3078125 0.7276041666666667 0.00625 0.009375
0 0.6484375 0.721875 0.0015625 0.0020833333333333333
0 0.42890625 0.7213541666666666 0.0015625 0.0010416666666666667
0 0.20546875 0.721875 0.003125 0.00625
0 0.390234375 0.7182291666666667 0.00234375 0.003125
0 0.367578125 0.7161458333333334 0.00234375 0.0010416666666666667
0 0.67109375 0.7171875 0.0046875 0.005208333333333333
0 0.483203125 0.715625 0.00546875 0.0020833333333333333
0 0.503125 0.7151041666666667 0.0046875 0.007291666666666667
0 0.58125 0.7125 0.00625 0.004166666666666667
0 0.46484375 0.7098958333333333 0.0046875 0.003125
0 0.3484375 0.7083333333333334 0.0015625 0.0020833333333333333
0 0.33203125 0.7083333333333334 0.003125 0.0020833333333333333
0 0.25625 0.7140625 0.0046875 0.013541666666666667
0 0.619921875 0.7083333333333334 0.00546875 0.00625
0 0.31015625 0.7046875 0.003125 0.003125
0 0.562109375 0.7036458333333333 0.00546875 0.007291666666666667
0 0.529296875 0.7036458333333333 0.00546875 0.007291666666666667
0 0.45 0.7015625 0.003125 0.003125
0 0.646484375 0.6947916666666667 0.00546875 0.00625
0 0.48359375 0.69375 0.00625 0.008333333333333333
0 0.54140625 0.6885416666666667 0.00625 0.004166666666666667
0 0.41953125 0.6869791666666667 0.0015625 0.0010416666666666667
0 0.400390625 0.6869791666666667 0.00078125 0.0010416666666666667
0 0.580859375 0.6859375 0.00546875 0.005208333333333333
0 0.370703125 0.6838541666666667 0.00390625 0.0010416666666666667
0 0.467578125 0.6848958333333334 0.00546875 0.005208333333333333
0 0.3390625 0.684375 0.003125 0.004166666666666667
0 0.558203125 0.6807291666666667 0.00234375 0.0010416666666666667
0 0.498828125 0.684375 0.00546875 0.010416666666666666
0 0.30234375 0.678125 0.0015625 0.0020833333333333333
0 0.4515625 0.6802083333333333 0.0046875 0.008333333333333333
0 0.483984375 0.6708333333333333 0.00546875 0.008333333333333333
0 0.534375 0.6677083333333333 0.00625 0.008333333333333333
0 0.343359375 0.6630208333333333 0.00078125 0.0010416666666666667
0 0.549609375 0.6598958333333333 0.00546875 0.003125
0 0.429296875 0.659375 0.00234375 0.0020833333333333333
0 0.575390625 0.6604166666666667 0.00546875 0.00625
0 0.60859375 0.6614583333333334 0.00625 0.0125
0 0.47109375 0.65625 0.0046875 0.0125
0 0.394140625 0.6494791666666667 0.00234375 0.0010416666666666667
0 0.216015625 0.6494791666666667 0.00078125 0.0010416666666666667
0 0.340625 0.6401041666666667 0.003125 0.0010416666666666667
0 0.408984375 0.6421875 0.00546875 0.007291666666666667
0 0.3046875 0.6390625 0.0015625 0.003125
0 0.5265625 0.640625 0.00625 0.008333333333333333
0 0.287109375 0.6369791666666667 0.00234375 0.003125
0 0.57578125 0.6385416666666667 0.00625 0.008333333333333333
0 0.357421875 0.634375 0.00234375 0.0020833333333333333
0 0.4265625 0.6354166666666666 0.00625 0.00625
0 0.255859375 0.6276041666666666 0.00078125 0.0010416666666666667
0 0.27265625 0.6255208333333333 0.0015625 0.0010416666666666667
0 0.59765625 0.628125 0.00625 0.008333333333333333
0 0.45859375 0.6276041666666666 0.00625 0.007291666666666667
0 0.5375 0.6265625 0.00625 0.009375
0 0.38671875 0.6234375 0.0046875 0.007291666666666667
0 0.333984375 0.6203125 0.00234375 0.0010416666666666667
0 0.314453125 0.6208333333333333 0.00078125 0.0020833333333333333
0 0.484765625 0.6234375 0.00546875 0.009375
0 0.298046875 0.6192708333333333 0.00078125 0.0010416666666666667
0 0.732421875 0.6208333333333333 0.00546875 0.00625
0 0.75 0.6177083333333333 0.003125 0.0020833333333333333
0 0.4390625 0.6177083333333333 0.00625 0.008333333333333333
0 0.57578125 0.6078125 0.0046875 0.005208333333333333
0 0.40390625 0.6078125 0.00625 0.007291666666666667
0 0.268359375 0.6036458333333333 0.00078125 0.0010416666666666667
0 0.251171875 0.6036458333333333 0.00078125 0.0010416666666666667
0 0.608203125 0.6072916666666667 0.00546875 0.010416666666666666
0 0.356640625 0.603125 0.00234375 0.004166666666666667
0 0.287890625 0.6015625 0.00078125 0.0010416666666666667
0 0.30546875 0.5994791666666667 0.0015625 0.0010416666666666667
0 0.47265625 0.5947916666666667 0.003125 0.008333333333333333
0 0.387890625 0.590625 0.00234375 0.0020833333333333333
0 0.455859375 0.5880208333333333 0.00546875 0.009375
0 0.358984375 0.5817708333333333 0.00234375 0.0010416666666666667
0 0.295703125 0.58125 0.00078125 0.0020833333333333333
0 0.320703125 0.5802083333333333 0.00234375 0.004166666666666667
0 0.54765625 0.5791666666666667 0.00625 0.010416666666666666
0 0.4734375 0.5739583333333333 0.00625 0.0125
0 0.394140625 0.5692708333333333 0.00703125 0.007291666666666667
0 0.31015625 0.5640625 0.0015625 0.0010416666666666667
0 0.367578125 0.5614583333333333 0.00234375 0.004166666666666667
0 0.2890625 0.5609375 0.003125 0.003125
0 0.32734375 0.5588541666666667 0.003125 0.005208333333333333
0 0.3 0.54375 0.0015625 0.0020833333333333333
0 0.255078125 0.5411458333333333 0.00078125 0.003125
0 0.316015625 0.5322916666666667 0.00234375 0.004166666666666667
0 0.2671875 0.5270833333333333 0.0015625 0.0020833333333333333
0 0.3625 0.5286458333333334 0.00625 0.011458333333333333
0 0.3 0.5208333333333334 0.0015625 0.0020833333333333333
0 0.379296875 0.5203125 0.00546875 0.005208333333333333
0 0.68046875 0.5041666666666667 0.0015625 0.0020833333333333333
0 0.296875 0.49635416666666665 0.0015625 0.0010416666666666667
0 0.410546875 0.4828125 0.00078125 0.0010416666666666667
0 0.61484375 0.48020833333333335 0.00625 0.00625
0 0.28671875 0.47552083333333334 0.0015625 0.0010416666666666667
0 0.390234375 0.47239583333333335 0.00078125 0.0010416666666666667
0 0.27421875 0.46041666666666664 0.0015625 0.0020833333333333333
0 0.4015625 0.4583333333333333 0.00625 0.00625
0 0.6359375 0.4552083333333333 0.003125 0.00625
0 0.287890625 0.4473958333333333 0.00078125 0.0010416666666666667
0 0.3046875 0.4421875 0.003125 0.005208333333333333
0 0.49375 0.4401041666666667 0.00625 0.011458333333333333
0 0.369921875 0.42916666666666664 0.00859375 0.00625
0 0.47421875 0.43072916666666666 0.00625 0.011458333333333333
0 0.339453125 0.428125 0.00390625 0.00625
0 0.811328125 0.4140625 0.00078125 0.0010416666666666667
0 0.3578125 0.409375 0.0078125 0.00625
0 0.3203125 0.40572916666666664 0.0015625 0.003125
0 0.30390625 0.40520833333333334 0.0015625 0.0020833333333333333
0 0.73515625 0.40208333333333335 0.003125 0.00625
0 0.284375 0.39166666666666666 0.0046875 0.004166666666666667
0 0.76953125 0.3875 0.003125 0.0020833333333333333
0 0.327734375 0.38697916666666665 0.00546875 0.005208333333333333
0 0.3015625 0.3796875 0.0015625 0.003125
0 0.747265625 0.3734375 0.00546875 0.007291666666666667
0 0.2859375 0.37083333333333335 0.003125 0.0020833333333333333
0 0.77578125 0.3697916666666667 0.003125 0.0020833333333333333
0 0.270703125 0.3651041666666667 0.00078125 0.0010416666666666667
0 0.329296875 0.3619791666666667 0.00234375 0.003125
0 0.591015625 0.3609375 0.00859375 0.009375
0 0.702734375 0.3546875 0.00078125 0.0010416666666666667
0 0.375 0.3546875 0.0078125 0.007291666666666667
0 0.8265625 0.3515625 0.003125 0.003125
0 0.765234375 0.35 0.00234375 0.0020833333333333333
0 0.346484375 0.3458333333333333 0.00390625 0.00625
0 0.29921875 0.34270833333333334 0.003125 0.0020833333333333333
0 0.3203125 0.340625 0.003125 0.004166666666666667
0 0.677734375 0.33958333333333335 0.00859375 0.00625
0 0.448828125 0.34010416666666665 0.00546875 0.009375
0 0.71484375 0.3380208333333333 0.00625 0.007291666666666667
0 0.69453125 0.33489583333333334 0.00625 0.007291666666666667
0 0.587890625 0.33489583333333334 0.00859375 0.007291666666666667
0 0.360546875 0.334375 0.00703125 0.00625
0 0.67109375 0.3203125 0.0078125 0.007291666666666667
0 0.728125 0.315625 0.003125 0.004166666666666667
0 0.36640625 0.3151041666666667 0.00625 0.005208333333333333
0 0.328515625 0.31302083333333336 0.00234375 0.0010416666666666667
0 0.712109375 0.31302083333333336 0.00390625 0.005208333333333333
0 0.523828125 0.3140625 0.00703125 0.009375
0 0.780078125 0.3046875 0.00078125 0.0010416666666666667
0 0.615234375 0.30625 0.00703125 0.004166666666666667
0 0.384765625 0.3072916666666667 0.00859375 0.00625
0 0.439453125 0.3067708333333333 0.00859375 0.009375
0 0.344140625 0.3 0.00390625 0.0020833333333333333
0 0.73984375 0.29791666666666666 0.003125 0.0020833333333333333
0 0.555078125 0.29739583333333336 0.00703125 0.005208333333333333
0 0.36875 0.29583333333333334 0.0046875 0.00625
0 0.523046875 0.2911458333333333 0.00703125 0.005208333333333333
0 0.56875 0.2890625 0.00625 0.005208333333333333
0 0.316796875 0.28541666666666665 0.00078125 0.0020833333333333333
0 0.3328125 0.28541666666666665 0.003125 0.004166666666666667
0 0.355859375 0.2838541666666667 0.00546875 0.005208333333333333
0 0.70078125 0.28177083333333336 0.0078125 0.007291666666666667
0 0.290234375 0.27760416666666665 0.00078125 0.0010416666666666667
0 0.533984375 0.2755208333333333 0.00703125 0.005208333333333333
0 0.439453125 0.27447916666666666 0.00859375 0.007291666666666667
0 0.380078125 0.27291666666666664 0.00390625 0.004166666666666667
0 0.401953125 0.2713541666666667 0.00546875 0.005208333333333333
0 0.339453125 0.2682291666666667 0.00234375 0.0010416666666666667
0 0.322265625 0.2671875 0.00078125 0.0010416666666666667
0 0.668359375 0.26927083333333335 0.00859375 0.007291666666666667
0 0.556640625 0.2677083333333333 0.00390625 0.004166666666666667
0 0.366015625 0.2677083333333333 0.00390625 0.004166666666666667
0 0.280859375 0.26197916666666665 0.00078125 0.0010416666666666667
0 0.7015625 0.2598958333333333 0.003125 0.003125
0 0.722265625 0.25885416666666666 0.00546875 0.005208333333333333
0 0.35234375 0.2557291666666667 0.003125 0.005208333333333333
0 0.53203125 0.2546875 0.00625 0.005208333333333333
0 0.39296875 0.2546875 0.0046875 0.005208333333333333
0 0.44765625 0.25104166666666666 0.0078125 0.00625
0 0.314453125 0.24895833333333334 0.00546875 0.004166666666666667
0 0.66015625 0.2453125 0.0015625 0.0010416666666666667
0 0.617578125 0.24635416666666668 0.00546875 0.005208333333333333
0 0.334375 0.24479166666666666 0.0046875 0.004166666666666667
0 0.30078125 0.2390625 0.0046875 0.005208333333333333
0 0.7265625 0.23958333333333334 0.009375 0.008333333333333333
0 0.6015625 0.2390625 0.0046875 0.007291666666666667
0 0.433984375 0.23385416666666667 0.00078125 0.0010416666666666667
0 0.533984375 0.23229166666666667 0.00546875 0.00625
0 0.455078125 0.2296875 0.00390625 0.0010416666666666667
0 0.275390625 0.2296875 0.00234375 0.003125
0 0.255859375 0.22864583333333333 0.00390625 0.003125
0 0.342578125 0.22708333333333333 0.00078125 0.0020833333333333333
0 0.3234375 0.22239583333333332 0.0046875 0.005208333333333333
0 0.39453125 0.21927083333333333 0.00625 0.005208333333333333
0 0.466015625 0.21302083333333333 0.00390625 0.003125
0 0.36875 0.2125 0.003125 0.004166666666666667
0 0.28203125 0.2125 0.00625 0.00625
0 0.449609375 0.209375 0.00390625 0.004166666666666667
0 0.310546875 0.20833333333333334 0.00390625 0.004166666666666667
