0 0.794921875 0.8839390386869871 0.01484375 0.011723329425556858
0 0.48984375 0.8748534583821805 0.0125 0.00996483001172333
0 0.435546875 0.8625439624853458 0.01171875 0.00996483001172333
0 0.473828125 0.8563892145369285 0.01328125 0.010550996483001172
0 0.498828125 0.8558030480656507 0.01328125 0.010550996483001172
0 0.612890625 0.8464243845252052 0.01328125 0.010550996483001172
0 0.4453125 0.8426143024618992 0.0125 0.00996483001172333
0 0.358203125 0.8376318874560376 0.01171875 0.009378663540445486
0 0.475 0.794841735052755 0.0125 0.009378663540445486
0 0.646484375 0.7801875732708089 0.01328125 0.010550996483001172
0 0.62578125 0.7690504103165299 0.0140625 0.010550996483001172
0 0.601171875 0.7690504103165299 0.01328125 0.010550996483001172
0 0.673046875 0.7470691676436108 0.01328125 0.008792497069167644
0 0.58125 0.738862837045721 0.0125 0.00996483001172333
0 0.675 0.7271395076201641 0.0140625 0.011137162954279016
0 0.705078125 0.7107268464243846 0.01328125 0.00996483001172333
0 0.780859375 0.7036928487690504 0.01328125 0.00996483001172333
0 0.595703125 0.6946072684642438 0.01328125 0.009378663540445486
0 0.69921875 0.6869871043376319 0.0140625 0.010550996483001172
0 0.52890625 0.6749706916764361 0.0125 0.008792497069167644
0 0.727734375 0.6743845252051582 0.01328125 0.00996483001172333
0 0.686328125 0.6705744431418523 0.01328125 0.010550996483001172
0 0.55078125 0.6664712778429074 0.0125 0.009378663540445486
0 0.623046875 0.6585580304806565 0.01328125 0.008792497069167644
0 0.41015625 0.6500586166471278 0.0109375 0.008206330597889801
0 0.6578125 0.6336459554513482 0.0125 0.009378663540445486
0 0.60390625 0.6321805392731535 0.0125 0.008792497069167644
0 0.523828125 0.6324736225087925 0.01171875 0.009378663540445486
0 0.4015625 0.6310082063305978 0.0109375 0.008792497069167644
0 0.3890625 0.615767878077374 0.0109375 0.008792497069167644
0 0.35625 0.6052168815943728 0.0109375 0.0076201641266119575
0 0.508203125 0.5996483001172332 0.01015625 0.008206330597889801
0 0.2671875 0.5926143024618992 0.0109375 0.008206330597889801
0 0.34609375 0.5873388042203986 0.0109375 0.008206330597889801
0 0.629296875 0.5788393903868698 0.01171875 0.008792497069167644
0 0.802734375 0.5750293083235639 0.01328125 0.010550996483001172
0 0.70390625 0.57063305978898 0.0125 0.00996483001172333
0 0.33984375 0.5691676436107854 0.0109375 0.008206330597889801
0 0.710546875 0.5533411488862837 0.01328125 0.009378663540445486
0 0.2390625 0.552168815943728 0.0109375 0.008206330597889801
0 0.802734375 0.5398593200468933 0.01328125 0.010550996483001172
0 0.523828125 0.5304806565064478 0.01171875 0.008206330597889801
0 0.69296875 0.5254982415005862 0.0125 0.00996483001172333
0 0.33203125 0.5096717467760844 0.0109375 0.0076201641266119575
0 0.693359375 0.5076201641266119 0.01171875 0.008206330597889801
0 0.62421875 0.5076201641266119 0.0109375 0.008206330597889801
0 0.766015625 0.5064478311840562 0.01328125 0.009378663540445486
0 0.47890625 0.5043962485345839 0.0109375 0.008792497069167644
0 0.776953125 0.488862837045721 0.01328125 0.009378663540445486
0 0.4875 0.48563892145369286 0.0109375 0.0076201641266119575
0 0.64453125 0.48563892145369286 0.0125 0.008792497069167644
0 0.62109375 0.48300117233294254 0.0109375 0.008206330597889801
0 0.524609375 0.481535756154748 0.01015625 0.008792497069167644
0 0.505078125 0.46688159437280186 0.01171875 0.008792497069167644
0 0.527734375 0.4642438452520516 0.01171875 0.008206330597889801
0 0.618359375 0.4630715123094959 0.01171875 0.008206330597889801
0 0.46015625 0.4621922626025791 0.0109375 0.0076201641266119575
0 0.7 0.458968347010551 0.0125 0.008206330597889801
0 0.31328125 0.458968347010551 0.0109375 0.008206330597889801
0 0.398046875 0.45515826494724504 0.01015625 0.008792497069167644
0 0.519140625 0.4481242672919109 0.01171875 0.008792497069167644
0 0.39609375 0.4372801875732708 0.0109375 0.008206330597889801
0 0.47265625 0.4361078546307151 0.0109375 0.008206330597889801
0 0.365234375 0.4331770222743259 0.01015625 0.008206330597889801
0 0.534375 0.432883939038687 0.0109375 0.008792497069167644
0 0.5109375 0.42790152403282533 0.0109375 0.008206330597889801
0 0.3390625 0.4264361078546307 0.0109375 0.008792497069167644
0 0.617578125 0.4199882766705744 0.01171875 0.008792497069167644
0 0.464453125 0.4199882766705744 0.01171875 0.008792497069167644
0 0.394921875 0.41500586166471276 0.01171875 0.008206330597889801
0 0.295703125 0.41500586166471276 0.01171875 0.008206330597889801
0 0.35859375 0.4123681125439625 0.0109375 0.008792497069167644
0 0.41640625 0.4100234466588511 0.0109375 0.0076201641266119575
0 0.44765625 0.40885111371629546 0.0109375 0.0076201641266119575
0 0.33203125 0.40767878077373976 0.0109375 0.0076201641266119575
0 0.261328125 0.4056271981242673 0.01171875 0.008206330597889801
0 0.5140625 0.40386869871043374 0.0109375 0.008206330597889801
0 0.621875 0.4026963657678781 0.0125 0.008206330597889801
0 0.472265625 0.4026963657678781 0.01171875 0.008206330597889801
0 0.653515625 0.40123094958968347 0.01171875 0.008792497069167644
0 0.376171875 0.3994724501758499 0.01171875 0.0076201641266119575
0 0.355859375 0.39331770222743256 0.01171875 0.008206330597889801
0 0.490234375 0.39155920281359907 0.01171875 0.008206330597889801
0 0.23515625 0.3909730363423212 0.0109375 0.008206330597889801
0 0.713671875 0.3883352872215709 0.01171875 0.00996483001172333
0 0.343359375 0.37924970691676435 0.01015625 0.008206330597889801
0 0.730078125 0.37514654161781946 0.01328125 0.009378663540445486
0 0.567578125 0.37397420867526376 0.01171875 0.008206330597889801
0 0.772265625 0.3713364595545135 0.01328125 0.00996483001172333
0 0.70625 0.3698710433763189 0.0125 0.009378663540445486
0 0.258984375 0.36635404454865184 0.01171875 0.008206330597889801
0 0.791796875 0.3593200468933177 0.01328125 0.008206330597889801
0 0.42890625 0.3505275498241501 0.009375 0.008206330597889801
0 0.490625 0.3452520515826495 0.009375 0.008206330597889801
0 0.732421875 0.34114888628370454 0.01171875 0.009378663540445486
0 0.407421875 0.33382180539273154 0.01015625 0.008792497069167644
0 0.75234375 0.32942555685814773 0.0140625 0.009378663540445486
0 0.222265625 0.32590855803048063 0.01171875 0.008206330597889801
0 0.64921875 0.2963071512309496 0.0125 0.00996483001172333
0 0.353515625 0.28839390386869873 0.01171875 0.009378663540445486
0 0.596875 0.28604923798358733 0.0078125 0.008206330597889801
0 0.275390625 0.2664126611957796 0.01328125 0.00996483001172333
0 0.38515625 0.2640679953106682 0.0109375 0.00996483001172333
0 0.311328125 0.2623094958968347 0.01171875 0.0076201641266119575
0 0.2578125 0.2582063305978898 0.015625 0.00996483001172333
0 0.544921875 0.25205158264947247 0.01171875 0.009378663540445486
0 0.233203125 0.2444314185228605 0.00859375 0.005861664712778429
0 0.39453125 0.2458968347010551 0.0109375 0.011137162954279016
0 0.55859375 0.21101992966002345 0.0109375 0.010550996483001172
0 0.406640625 0.20867526377491208 0.01171875 0.008206330597889801
0 0.75546875 0.17790152403282533 0.015625 0.011137162954279016
0 0.73515625 0.17262602579132474 0.015625 0.011137162954279016
0 0.33984375 0.16090269636576787 0.0109375 0.011137162954279016
0 0.221875 0.13481828839390386 0.0125 0.009378663540445486
0 0.566015625 0.10228604923798358 0.00546875 0.0029308323563892145
0 0.575390625 0.08235638921453693 0.01171875 0.008792497069167644
