0 0.810546875 0.8692848769050411 0.01328125 0.010550996483001172
0 0.509765625 0.8660609613130129 0.01171875 0.008792497069167644
0 0.455859375 0.8549237983587339 0.01015625 0.008792497069167644
0 0.492578125 0.8478898007033998 0.01171875 0.008792497069167644
0 0.517578125 0.847010550996483 0.01171875 0.009378663540445486
0 0.6296875 0.8355803048065651 0.0125 0.00996483001172333
0 0.464453125 0.8344079718640094 0.01015625 0.008792497069167644
0 0.37890625 0.8317702227432591 0.0109375 0.008206330597889801
0 0.4921875 0.786928487690504 0.0109375 0.008792497069167644
0 0.659765625 0.7696365767878077 0.01171875 0.009378663540445486
0 0.61484375 0.7596717467760844 0.0125 0.009378663540445486
0 0.638671875 0.7584994138335287 0.01328125 0.009378663540445486
0 0.684375 0.7359320046893317 0.0125 0.008792497069167644
0 0.594140625 0.7300703399765534 0.01171875 0.008792497069167644
0 0.685546875 0.7171746776084408 0.01171875 0.00996483001172333
0 0.715234375 0.7001758499413834 0.01171875 0.008792497069167644
0 0.7890625 0.6916764361078547 0.0125 0.008206330597889801
0 0.606640625 0.686400937866354 0.01171875 0.008206330597889801
0 0.708203125 0.6764361078546307 0.01328125 0.009378663540445486
0 0.540234375 0.6685228604923799 0.01015625 0.0076201641266119575
0 0.735546875 0.6638335287221571 0.01328125 0.008792497069167644
0 0.69453125 0.6609026963657679 0.0125 0.008792497069167644
0 0.561328125 0.6594372801875733 0.01171875 0.008206330597889801
0 0.631640625 0.6506447831184057 0.01171875 0.008206330597889801
0 0.423046875 0.6462485345838218 0.01015625 0.0076201641266119575
0 0.413671875 0.6280773739742087 0.01015625 0.0076201641266119575
0 0.53359375 0.626905041031653 0.0109375 0.0076201641266119575
0 0.664453125 0.6248534583821805 0.01171875 0.008206330597889801
0 0.61171875 0.6248534583821805 0.0109375 0.008206330597889801
0 0.401171875 0.6134232121922626 0.01015625 0.0076201641266119575
0 0.369140625 0.6037514654161782 0.01015625 0.007033997655334115
0 0.517578125 0.5949589683470106 0.01015625 0.007033997655334115
0 0.28203125 0.593200468933177 0.0109375 0.007033997655334115
0 0.358203125 0.5867526377491208 0.01015625 0.007033997655334115
0 0.634375 0.5718053927315357 0.0109375 0.0076201641266119575
0 0.35078125 0.5685814771395076 0.009375 0.007033997655334115
0 0.80546875 0.5644783118405627 0.0125 0.009378663540445486
0 0.7078125 0.5621336459554513 0.0109375 0.008206330597889801
0 0.253125 0.5539273153575616 0.009375 0.007033997655334115
0 0.7140625 0.544841735052755 0.0109375 0.0076201641266119575
0 0.804296875 0.52989449003517 0.01171875 0.009378663540445486
0 0.530078125 0.5269636576787807 0.01015625 0.007033997655334115
0 0.694921875 0.5178780773739742 0.01171875 0.008792497069167644
0 0.34140625 0.5108440797186401 0.009375 0.006447831184056272
0 0.626953125 0.5026377491207503 0.01015625 0.006447831184056272
0 0.484765625 0.5023446658851114 0.01015625 0.007033997655334115
0 0.69453125 0.5005861664712778 0.0109375 0.008206330597889801
0 0.766015625 0.49794841735052753 0.01171875 0.0076201641266119575
0 0.492578125 0.4835873388042204 0.01015625 0.007033997655334115
0 0.7765625 0.4806565064478312 0.0109375 0.007033997655334115
0 0.64609375 0.4803634232121923 0.0109375 0.0076201641266119575
0 0.528515625 0.47860492379835873 0.01015625 0.008792497069167644
0 0.623046875 0.4742086752637749 0.01015625 0.007033997655334115
0 0.50859375 0.4654161781946073 0.0109375 0.007033997655334115
0 0.322265625 0.4621922626025791 0.01015625 0.006447831184056272
0 0.53046875 0.4618991793669402 0.0109375 0.008206330597889801
0 0.465625 0.4604337631887456 0.009375 0.006447831184056272
0 0.69921875 0.45310668229777257 0.0109375 0.007033997655334115
0 0.522265625 0.4466588511137163 0.01015625 0.007033997655334115
0 0.4515625 0.4466588511137163 0.009375 0.007033997655334115
0 0.4015625 0.43903868698710435 0.009375 0.007033997655334115
0 0.371484375 0.42936694021101995 0.01015625 0.0076201641266119575
0 0.344921875 0.4264361078546307 0.01015625 0.0076201641266119575
0 0.40390625 0.4152989449003517 0.009375 0.0076201641266119575
0 0.538671875 0.41471277842907384 0.01015625 0.0076201641266119575
0 0.338671875 0.4111957796014068 0.01015625 0.0076201641266119575
0 0.27109375 0.41060961313012895 0.009375 0.006447831184056272
0 0.373046875 0.41031652989449 0.01015625 0.007033997655334115
0 0.4265625 0.40328253223915594 0.009375 0.007033997655334115
0 0.524609375 0.4018171160609613 0.01015625 0.0076201641266119575
0 0.3921875 0.40211019929660025 0.009375 0.008206330597889801
0 0.24375 0.39771395076201643 0.009375 0.006447831184056272
0 0.651953125 0.3974208675263775 0.01015625 0.007033997655334115
0 0.71015625 0.38335287221570924 0.0109375 0.008206330597889801
0 0.487890625 0.37778429073856973 0.01015625 0.006447831184056272
0 0.566015625 0.373094958968347 0.01015625 0.0076201641266119575
0 0.44453125 0.37250879249706914 0.009375 0.006447831184056272
0 0.265625 0.37280187573270807 0.009375 0.007033997655334115
0 0.3765625 0.3698710433763189 0.009375 0.007033997655334115
0 0.726171875 0.3698710433763189 0.01171875 0.008206330597889801
0 0.70234375 0.365767878077374 0.0109375 0.008206330597889801
0 0.7671875 0.36547479484173506 0.0109375 0.008792497069167644
0 0.785546875 0.35199296600234464 0.01171875 0.0076201641266119575
0 0.727734375 0.33704572098475966 0.01171875 0.008206330597889801
0 0.229296875 0.3347010550996483 0.01015625 0.007033997655334115
0 0.745703125 0.32532239155920284 0.01171875 0.008206330597889801
0 0.643359375 0.2951348182883939 0.01015625 0.008792497069167644
0 0.35546875 0.29484173505275496 0.009375 0.008206330597889801
0 0.412109375 0.2895662368112544 0.01015625 0.008206330597889801
0 0.59375 0.2854630715123095 0.009375 0.008206330597889801
0 0.278515625 0.27549824150058616 0.01015625 0.008206330597889801
0 0.312890625 0.2693434935521688 0.01015625 0.008792497069167644
0 0.260546875 0.26787807737397423 0.01328125 0.008206330597889801
0 0.369140625 0.26582649472450176 0.01015625 0.0076201641266119575
0 0.387109375 0.2541031652989449 0.01015625 0.008792497069167644
0 0.5515625 0.2142438452520516 0.009375 0.008792497069167644
0 0.403125 0.21453692848769051 0.009375 0.009378663540445486
0 0.74296875 0.17672919109026963 0.0140625 0.008792497069167644
0 0.72265625 0.17174677608440797 0.0140625 0.010550996483001172
0 0.337109375 0.17116060961313012 0.01015625 0.009378663540445486
0 0.22109375 0.14859320046893318 0.009375 0.008792497069167644
0 0.555078125 0.10902696365767878 0.00390625 0.005861664712778429
0 0.562890625 0.08792497069167643 0.01015625 0.009378663540445486
