0 0.597265625 0.8944900351699883 0.01171875 0.010550996483001172
0 0.6703125 0.8739742086752638 0.0125 0.010550996483001172
0 0.3625 0.8622508792497069 0.00625 0.009378663540445486
0 0.603125 0.7494138335287222 0.0109375 0.008792497069167644
0 0.447265625 0.7406213364595545 0.01171875 0.008792497069167644
0 0.36875 0.7391559202813599 0.0109375 0.008206330597889801
0 0.2328125 0.7268464243845252 0.0109375 0.007033997655334115
0 0.45859375 0.7259671746776084 0.0109375 0.008792497069167644
0 0.49375 0.7136576787807737 0.0109375 0.008792497069167644
0 0.44609375 0.6521101992966002 0.0109375 0.008792497069167644
0 0.686328125 0.6389214536928488 0.01171875 0.009378663540445486
0 0.446484375 0.6354044548651817 0.01015625 0.008206330597889801
0 0.535546875 0.6166471277842908 0.01015625 0.008206330597889801
0 0.31171875 0.6151817116060961 0.009375 0.0076201641266119575
0 0.2984375 0.5958382180539273 0.009375 0.0076201641266119575
0 0.809375 0.5844079718640094 0.0140625 0.009378663540445486
0 0.428515625 0.570926143024619 0.01015625 0.007033997655334115
0 0.53671875 0.5354630715123095 0.0109375 0.0076201641266119575
0 0.309765625 0.5263774912075029 0.01171875 0.007033997655334115
0 0.20234375 0.4903282532239156 0.0109375 0.0076201641266119575
0 0.44921875 0.48329425556858147 0.0109375 0.0076201641266119575
0 0.28515625 0.48212192262602577 0.0109375 0.0076201641266119575
0 0.198046875 0.4727432590855803 0.01015625 0.0076201641266119575
0 0.4375 0.47010550996483 0.0109375 0.007033997655334115
0 0.676171875 0.4654161781946073 0.01171875 0.008206330597889801
0 0.41640625 0.41471277842907384 0.0109375 0.008792497069167644
0 0.684375 0.4111957796014068 0.0125 0.008792497069167644
0 0.4328125 0.4026963657678781 0.009375 0.008206330597889801
0 0.40859375 0.39976553341148885 0.0109375 0.008206330597889801
0 0.301953125 0.3971277842907386 0.01015625 0.0076201641266119575
0 0.546484375 0.39654161781946073 0.01015625 0.0076201641266119575
0 0.396875 0.3851113716295428 0.0109375 0.008206330597889801
0 0.426953125 0.38364595545134816 0.01015625 0.0076201641266119575
0 0.5625 0.3757327080890973 0.0109375 0.008206330597889801
0 0.873828125 0.35873388042203985 0.00859375 0.005861664712778429
0 0.385546875 0.34906213364595545 0.01015625 0.0076201641266119575
0 0.903125 0.33177022274325907 0.0140625 0.009378663540445486
0 0.405859375 0.31125439624853457 0.01015625 0.008206330597889801
0 0.274609375 0.30978898007034 0.01171875 0.008792497069167644
0 0.448828125 0.2708089097303634 0.01015625 0.009378663540445486
0 0.26796875 0.2690504103165299 0.0109375 0.009378663540445486
0 0.52109375 0.2511723329425557 0.0109375 0.00996483001172333
0 0.46796875 0.17028135990621338 0.0109375 0.011137162954279016
0 0.35078125 0.15181711606096132 0.0109375 0.010550996483001172
