0 0.283203125 0.9526041666666667 0.00078125 0.0010416666666666667
0 0.371484375 0.946875 0.00859375 0.010416666666666666
0 0.28671875 0.9458333333333333 0.009375 0.010416666666666666
0 0.26796875 0.9453125 0.009375 0.013541666666666667
0 0.666015625 0.94375 0.00703125 0.0125
0 0.4203125 0.94375 0.0078125 0.0125
0 0.35078125 0.94375 0.009375 0.0125
0 0.483984375 0.9416666666666667 0.00703125 0.0125
0 0.3890625 0.940625 0.009375 0.0125
0 0.33046875 0.9411458333333333 0.009375 0.013541666666666667
0 0.52578125 0.9395833333333333 0.0078125 0.0125
0 0.64765625 0.9385416666666667 0.00625 0.0125
0 0.57734375 0.9354166666666667 0.0046875 0.008333333333333333
0 0.62421875 0.9333333333333333 0.0046875 0.010416666666666666
0 0.606640625 0.9333333333333333 0.00546875 0.010416666666666666
0 0.56015625 0.9348958333333334 0.00625 0.013541666666666667
0 0.43515625 0.9333333333333333 0.0046875 0.010416666666666666
0 0.405859375 0.9333333333333333 0.00859375 0.010416666666666666
0 0.68203125 0.9317708333333333 0.00625 0.011458333333333333
0 0.7046875 0.9296875 0.0078125 0.011458333333333333
0 0.49921875 0.9291666666666667 0.0078125 0.0125
0 0.721484375 0.9255208333333333 0.00703125 0.009375
0 0.36328125 0.9265625 0.0078125 0.011458333333333333
0 0.59140625 0.9223958333333333 0.00625 0.011458333333333333
0 0.7375 0.9203125 0.0046875 0.009375
0 0.51484375 0.9203125 0.00625 0.011458333333333333
0 0.4734375 0.9197916666666667 0.0046875 0.010416666666666666
0 0.754296875 0.9145833333333333 0.00234375 0.0020833333333333333
0 0.78984375 0.9177083333333333 0.0078125 0.010416666666666666
0 0.635546875 0.9171875 0.00546875 0.011458333333333333
0 0.421484375 0.9177083333333333 0.00703125 0.0125
0 0.38046875 0.9182291666666667 0.0078125 0.013541666666666667
0 0.156640625 0.915625 0.01015625 0.0125
0 0.66875 0.9145833333333333 0.0046875 0.0125
0 0.61484375 0.9114583333333334 0.0046875 0.00625
0 0.57109375 0.9130208333333333 0.00625 0.009375
0 0.890234375 0.9135416666666667 0.00703125 0.0125
0 0.690625 0.9125 0.00625 0.010416666666666666
0 0.772265625 0.9125 0.00546875 0.0125
0 0.450390625 0.9125 0.00546875 0.0125
0 0.65234375 0.9104166666666667 0.0046875 0.0125
0 0.818359375 0.909375 0.00859375 0.0125
0 0.709375 0.9067708333333333 0.00625 0.009375
0 0.5296875 0.9072916666666667 0.00625 0.010416666666666666
0 0.400390625 0.9083333333333333 0.00703125 0.0125
0 0.490625 0.9072916666666667 0.0078125 0.0125
0 0.801953125 0.9020833333333333 0.00546875 0.004166666666666667
0 0.91953125 0.9036458333333334 0.0078125 0.009375
0 0.86640625 0.9052083333333333 0.00625 0.0125
0 0.35546875 0.9041666666666667 0.009375 0.0125
0 0.72578125 0.8994791666666667 0.00625 0.009375
0 0.584765625 0.8973958333333333 0.00546875 0.007291666666666667
0 0.54609375 0.8979166666666667 0.00625 0.010416666666666666
0 0.512109375 0.8973958333333333 0.00859375 0.011458333333333333
0 0.437109375 0.896875 0.00546875 0.010416666666666666
0 0.631640625 0.8932291666666666 0.00390625 0.005208333333333333
0 0.7453125 0.8953125 0.0078125 0.011458333333333333
0 0.414453125 0.8953125 0.00546875 0.011458333333333333
0 0.68046875 0.89375 0.00625 0.010416666666666666
0 0.784375 0.8927083333333333 0.009375 0.0125
0 0.763671875 0.8916666666666667 0.00859375 0.010416666666666666
0 0.697265625 0.8895833333333333 0.00546875 0.008333333333333333
0 0.562890625 0.8916666666666667 0.00546875 0.0125
0 0.662890625 0.8901041666666667 0.00859375 0.011458333333333333
0 0.3421875 0.8895833333333333 0.009375 0.0125
0 0.615625 0.8880208333333334 0.00625 0.011458333333333333
0 0.384765625 0.8885416666666667 0.00703125 0.0125
0 0.823046875 0.8875 0.01015625 0.0125
0 0.4796875 0.8875 0.0078125 0.0125
0 0.858984375 0.884375 0.00546875 0.010416666666666666
0 0.59765625 0.8833333333333333 0.0046875 0.008333333333333333
0 0.5265625 0.884375 0.0046875 0.0125
0 0.497265625 0.8838541666666667 0.00859375 0.011458333333333333
0 0.6453125 0.8802083333333334 0.00625 0.010416666666666666
0 0.911328125 0.878125 0.00703125 0.008333333333333333
0 0.401171875 0.8786458333333333 0.00703125 0.009375
0 0.358984375 0.8796875 0.00859375 0.011458333333333333
0 0.711328125 0.8791666666666667 0.00703125 0.0125
0 0.732421875 0.8765625 0.00703125 0.011458333333333333
0 0.57578125 0.875 0.00625 0.010416666666666666
0 0.770703125 0.8703125 0.00234375 0.003125
0 0.797265625 0.8744791666666667 0.00859375 0.013541666666666667
0 0.433984375 0.8729166666666667 0.00546875 0.010416666666666666
0 0.512890625 0.8723958333333334 0.00859375 0.011458333333333333
0 0.928125 0.8697916666666666 0.009375 0.008333333333333333
0 0.544921875 0.8713541666666667 0.00546875 0.011458333333333333
0 0.67265625 0.8703125 0.00625 0.011458333333333333
0 0.6265625 0.8692708333333333 0.0046875 0.011458333333333333
0 0.75390625 0.8682291666666667 0.0078125 0.011458333333333333
0 0.41796875 0.8677083333333333 0.009375 0.010416666666666666
0 0.690234375 0.8666666666666667 0.00546875 0.0125
0 0.484375 0.8645833333333334 0.0046875 0.008333333333333333
0 0.6109375 0.8651041666666667 0.0078125 0.011458333333333333
0 0.387109375 0.8645833333333334 0.00546875 0.010416666666666666
0 0.316015625 0.8651041666666667 0.00703125 0.011458333333333333
0 0.5609375 0.8630208333333333 0.00625 0.011458333333333333
0 0.370703125 0.8625 0.00703125 0.010416666666666666
0 0.175390625 0.8604166666666667 0.00703125 0.00625
0 0.863671875 0.8619791666666666 0.01015625 0.011458333333333333
0 0.451171875 0.8625 0.00546875 0.0125
0 0.344921875 0.8619791666666666 0.00546875 0.011458333333333333
0 0.53125 0.8583333333333333 0.0078125 0.0125
0 0.646875 0.85625 0.00625 0.010416666666666666
0 0.7015625 0.8515625 0.0046875 0.005208333333333333
0 0.777734375 0.853125 0.00859375 0.010416666666666666
0 0.33125 0.8473958333333333 0.0015625 0.003125
0 0.664453125 0.8510416666666667 0.00859375 0.0125
0 0.576171875 0.8510416666666667 0.00546875 0.0125
0 0.50390625 0.8505208333333333 0.0078125 0.013541666666666667
0 0.430859375 0.8494791666666667 0.00703125 0.011458333333333333
0 0.4015625 0.8489583333333334 0.0078125 0.010416666666666666
0 0.921484375 0.8484375 0.01015625 0.011458333333333333
0 0.794921875 0.8494791666666667 0.00859375 0.013541666666666667
0 0.5984375 0.8484375 0.0078125 0.011458333333333333
0 0.54765625 0.8479166666666667 0.009375 0.0125
0 0.838671875 0.8463541666666666 0.01015625 0.011458333333333333
0 0.30703125 0.8458333333333333 0.0078125 0.010416666666666666
0 0.618359375 0.8427083333333333 0.00703125 0.010416666666666666
0 0.36484375 0.8385416666666666 0.003125 0.0020833333333333333
0 0.6859375 0.8421875 0.00625 0.011458333333333333
0 0.38203125 0.8427083333333333 0.0078125 0.0125
0 0.459765625 0.8416666666666667 0.00546875 0.0125
0 0.758203125 0.840625 0.00859375 0.0125
0 0.63515625 0.8401041666666667 0.0046875 0.011458333333333333
0 0.48359375 0.8395833333333333 0.0046875 0.010416666666666666
0 0.34765625 0.8348958333333333 0.003125 0.0010416666666666667
0 0.415625 0.8364583333333333 0.0046875 0.008333333333333333
0 0.265234375 0.8369791666666667 0.00703125 0.009375
0 0.182421875 0.8338541666666667 0.00703125 0.007291666666666667
0 0.864453125 0.83125 0.00390625 0.004166666666666667
0 0.533203125 0.8348958333333333 0.00859375 0.011458333333333333
0 0.740234375 0.8322916666666667 0.00703125 0.008333333333333333
0 0.58515625 0.8317708333333333 0.0046875 0.007291666666666667
0 0.515625 0.8333333333333334 0.0078125 0.0125
0 0.44296875 0.8322916666666667 0.00625 0.010416666666666666
0 0.670703125 0.8307291666666666 0.00546875 0.011458333333333333
0 0.700390625 0.828125 0.00390625 0.008333333333333333
0 0.826171875 0.8270833333333333 0.00390625 0.008333333333333333
0 0.77265625 0.8286458333333333 0.009375 0.011458333333333333
0 0.55703125 0.8291666666666667 0.00625 0.0125
0 0.31875 0.828125 0.00625 0.010416666666666666
0 0.60546875 0.8276041666666667 0.00625 0.011458333333333333
0 0.4984375 0.825 0.00625 0.0125
0 0.296875 0.821875 0.00625 0.010416666666666666
0 0.390625 0.8213541666666667 0.0078125 0.011458333333333333
0 0.334375 0.81875 0.00625 0.00625
0 0.373046875 0.8203125 0.00703125 0.011458333333333333
0 0.642578125 0.8182291666666667 0.00703125 0.011458333333333333
0 0.80859375 0.8177083333333334 0.009375 0.0125
0 0.73203125 0.8119791666666667 0.003125 0.003125
0 0.48359375 0.8151041666666666 0.0078125 0.011458333333333333
0 0.356640625 0.8145833333333333 0.00859375 0.010416666666666666
0 0.175 0.8140625 0.00625 0.009375
0 0.876171875 0.8114583333333333 0.00390625 0.00625
0 0.71484375 0.8145833333333333 0.00625 0.0125
0 0.465234375 0.8145833333333333 0.00859375 0.0125
0 0.43359375 0.8145833333333333 0.0078125 0.0125
0 0.41640625 0.8130208333333333 0.0078125 0.011458333333333333
0 0.192578125 0.8119791666666667 0.00859375 0.009375
0 0.527734375 0.8125 0.00859375 0.0125
0 0.66171875 0.8114583333333333 0.0078125 0.0125
0 0.544921875 0.8104166666666667 0.00703125 0.0125
0 0.263671875 0.8078125 0.00546875 0.007291666666666667
0 0.583203125 0.8052083333333333 0.00390625 0.004166666666666667
0 0.67890625 0.8083333333333333 0.0078125 0.0125
0 0.565234375 0.8083333333333333 0.00703125 0.0125
0 0.246875 0.8052083333333333 0.00625 0.008333333333333333
0 0.840625 0.8057291666666667 0.0078125 0.011458333333333333
0 0.759765625 0.80625 0.00859375 0.0125
0 0.510546875 0.8052083333333333 0.00703125 0.010416666666666666
0 0.401171875 0.803125 0.00703125 0.010416666666666666
0 0.31640625 0.8015625 0.0078125 0.007291666666666667
0 0.280859375 0.8005208333333333 0.00546875 0.005208333333333333
0 0.821484375 0.8015625 0.00859375 0.009375
0 0.60546875 0.803125 0.0078125 0.0125
0 0.38203125 0.7994791666666666 0.00625 0.009375
0 0.344140625 0.7989583333333333 0.00859375 0.008333333333333333
0 0.62109375 0.7994791666666666 0.00625 0.011458333333333333
0 0.299609375 0.7979166666666667 0.00546875 0.008333333333333333
0 0.696875 0.7984375 0.009375 0.011458333333333333
0 0.494921875 0.7989583333333333 0.00859375 0.0125
0 0.862109375 0.796875 0.01015625 0.0125
0 0.447265625 0.796875 0.00703125 0.0125
0 0.744140625 0.7953125 0.00859375 0.011458333333333333
0 0.644921875 0.7953125 0.00859375 0.011458333333333333
0 0.4265625 0.79375 0.0078125 0.0125
0 0.477734375 0.7921875 0.00859375 0.011458333333333333
0 0.359765625 0.790625 0.00703125 0.008333333333333333
0 0.723046875 0.7895833333333333 0.00546875 0.008333333333333333
0 0.591796875 0.7885416666666667 0.00859375 0.0125
0 0.523046875 0.7885416666666667 0.00859375 0.0125
0 0.548828125 0.7875 0.00859375 0.0125
0 0.328515625 0.7859375 0.00859375 0.009375
0 0.777734375 0.7869791666666667 0.01015625 0.013541666666666667
0 0.671484375 0.7838541666666666 0.00859375 0.011458333333333333
0 0.565625 0.784375 0.0078125 0.0125
0 0.505859375 0.7807291666666667 0.00546875 0.009375
0 0.460546875 0.7817708333333333 0.00859375 0.011458333333333333
0 0.309765625 0.778125 0.00546875 0.004166666666666667
0 0.3984375 0.7802083333333333 0.0078125 0.010416666666666666
0 0.276171875 0.7796875 0.00859375 0.009375
0 0.1765625 0.7791666666666667 0.00625 0.008333333333333333
0 0.25859375 0.7765625 0.0078125 0.009375
0 0.489453125 0.7765625 0.00703125 0.011458333333333333
0 0.345703125 0.7734375 0.00390625 0.005208333333333333
0 0.293359375 0.7739583333333333 0.00703125 0.008333333333333333
0 0.74921875 0.775 0.0078125 0.0125
0 0.4359375 0.7744791666666667 0.0078125 0.011458333333333333
0 0.38203125 0.771875 0.00625 0.010416666666666666
0 0.474609375 0.76875 0.00859375 0.010416666666666666
0 0.86015625 0.76875 0.009375 0.0125
0 0.3625 0.7661458333333333 0.00625 0.007291666666666667
0 0.87890625 0.7671875 0.0078125 0.011458333333333333
0 0.5359375 0.7661458333333333 0.0078125 0.011458333333333333
0 0.51953125 0.7661458333333333 0.0078125 0.011458333333333333
0 0.414453125 0.7661458333333333 0.00859375 0.011458333333333333
0 0.232421875 0.7630208333333334 0.00703125 0.009375
0 0.330859375 0.7619791666666667 0.00703125 0.009375
0 0.8328125 0.7609375 0.009375 0.013541666666666667
0 0.804296875 0.7604166666666666 0.00703125 0.0125
0 0.785546875 0.7604166666666666 0.00859375 0.0125
0 0.30625 0.7572916666666667 0.0078125 0.008333333333333333
0 0.27265625 0.7552083333333334 0.00625 0.00625
0 0.759765625 0.7572916666666667 0.01015625 0.0125
0 0.396875 0.75625 0.0078125 0.010416666666666666
0 0.256640625 0.7536458333333333 0.00859375 0.011458333333333333
0 0.487109375 0.753125 0.00859375 0.0125
0 0.428515625 0.753125 0.00703125 0.0125
0 0.35 0.7510416666666667 0.0078125 0.008333333333333333
0 0.208203125 0.7489583333333333 0.00546875 0.00625
0 0.290234375 0.75 0.00703125 0.010416666666666666
0 0.71953125 0.7494791666666667 0.009375 0.011458333333333333
0 0.53046875 0.7447916666666666 0.0078125 0.010416666666666666
0 0.381640625 0.7447916666666666 0.00703125 0.010416666666666666
0 0.31953125 0.74375 0.00625 0.008333333333333333
0 0.241796875 0.7421875 0.00703125 0.007291666666666667
0 0.414453125 0.7432291666666667 0.00859375 0.011458333333333333
0 0.365625 0.740625 0.0078125 0.010416666666666666
0 0.799609375 0.7395833333333334 0.00703125 0.0125
0 0.74140625 0.7390625 0.009375 0.011458333333333333
0 0.337109375 0.7385416666666667 0.00859375 0.010416666666666666
0 0.78125 0.7354166666666667 0.0078125 0.008333333333333333
0 0.304296875 0.734375 0.00546875 0.00625
0 0.833984375 0.7354166666666667 0.01015625 0.0125
0 0.275 0.7333333333333333 0.0078125 0.008333333333333333
0 0.486328125 0.7307291666666667 0.00859375 0.011458333333333333
0 0.428125 0.7286458333333333 0.0078125 0.011458333333333333
0 0.352734375 0.7260416666666667 0.00703125 0.010416666666666666
0 0.20546875 0.721875 0.00625 0.008333333333333333
0 0.396484375 0.7223958333333333 0.00859375 0.011458333333333333
0 0.724609375 0.7213541666666666 0.00859375 0.011458333333333333
0 0.2453125 0.7208333333333333 0.00625 0.010416666666666666
0 0.373046875 0.7203125 0.00859375 0.011458333333333333
0 0.2625 0.7182291666666667 0.0078125 0.009375
0 0.413671875 0.7182291666666667 0.00703125 0.011458333333333333
0 0.3 0.7145833333333333 0.0078125 0.010416666666666666
0 0.603125 0.7140625 0.0078125 0.011458333333333333
0 0.2828125 0.7135416666666666 0.0078125 0.010416666666666666
0 0.82890625 0.7130208333333333 0.009375 0.011458333333333333
0 0.319921875 0.7125 0.00703125 0.010416666666666666
0 0.43828125 0.7109375 0.0078125 0.011458333333333333
0 0.33671875 0.7067708333333333 0.0078125 0.009375
0 0.47578125 0.7041666666666667 0.0078125 0.010416666666666666
0 0.35546875 0.703125 0.0078125 0.010416666666666666
0 0.687109375 0.7 0.00859375 0.010416666666666666
0 0.2203125 0.696875 0.00625 0.004166666666666667
0 0.23984375 0.6989583333333333 0.0078125 0.010416666666666666
0 0.258203125 0.696875 0.00859375 0.010416666666666666
0 0.41484375 0.6958333333333333 0.0078125 0.010416666666666666
0 0.293359375 0.69375 0.00859375 0.010416666666666666
0 0.276171875 0.6927083333333334 0.00859375 0.008333333333333333
0 0.31328125 0.690625 0.0078125 0.008333333333333333
0 0.43984375 0.6869791666666667 0.0046875 0.007291666666666667
0 0.36796875 0.6875 0.0078125 0.010416666666666666
0 0.657421875 0.6854166666666667 0.00859375 0.010416666666666666
0 0.346484375 0.6854166666666667 0.00703125 0.010416666666666666
0 0.33046875 0.6822916666666666 0.0046875 0.00625
0 0.55859375 0.6822916666666666 0.0078125 0.010416666666666666
0 0.832421875 0.6817708333333333 0.01015625 0.011458333333333333
0 0.23125 0.6791666666666667 0.0046875 0.00625
0 0.249609375 0.6776041666666667 0.00703125 0.009375
0 0.788671875 0.6776041666666667 0.01015625 0.011458333333333333
0 0.266796875 0.675 0.00859375 0.010416666666666666
0 0.2859375 0.6739583333333333 0.0078125 0.010416666666666666
0 0.576953125 0.6734375 0.00703125 0.011458333333333333
0 0.3046875 0.6723958333333333 0.0078125 0.009375
0 0.3578125 0.6682291666666667 0.0078125 0.009375
0 0.322265625 0.6645833333333333 0.00546875 0.00625
0 0.340625 0.6651041666666667 0.0078125 0.009375
0 0.76953125 0.6651041666666667 0.009375 0.011458333333333333
0 0.37890625 0.6635416666666667 0.0078125 0.010416666666666666
0 0.24140625 0.6567708333333333 0.00625 0.005208333333333333
0 0.258203125 0.6552083333333333 0.00703125 0.008333333333333333
0 0.2953125 0.6541666666666667 0.0078125 0.008333333333333333
0 0.2765625 0.653125 0.0078125 0.008333333333333333
0 0.546875 0.6526041666666667 0.0078125 0.011458333333333333
0 0.2265625 0.6494791666666667 0.00625 0.009375
0 0.170703125 0.6484375 0.00703125 0.007291666666666667
0 0.333203125 0.6442708333333333 0.00703125 0.007291666666666667
0 0.315234375 0.6453125 0.00859375 0.009375
0 0.46015625 0.6447916666666667 0.0078125 0.010416666666666666
0 0.384375 0.6375 0.0078125 0.010416666666666666
0 0.249609375 0.6375 0.00703125 0.010416666666666666
0 0.266796875 0.634375 0.00703125 0.00625
0 0.284375 0.6348958333333333 0.0078125 0.009375
0 0.3015625 0.6338541666666667 0.0078125 0.009375
0 0.215234375 0.6322916666666667 0.00703125 0.008333333333333333
0 0.1953125 0.6307291666666667 0.00625 0.005208333333333333
0 0.34453125 0.6302083333333334 0.0078125 0.010416666666666666
0 0.234375 0.6302083333333334 0.0078125 0.010416666666666666
0 0.54453125 0.6291666666666667 0.0078125 0.010416666666666666
0 0.176171875 0.6265625 0.00703125 0.009375
0 0.32265625 0.6244791666666667 0.0078125 0.007291666666666667
0 0.361328125 0.6244791666666667 0.00703125 0.009375
0 0.45625 0.6239583333333333 0.0078125 0.010416666666666666
0 0.377734375 0.6177083333333333 0.00703125 0.010416666666666666
0 0.25859375 0.6177083333333333 0.0078125 0.010416666666666666
0 0.29296875 0.6151041666666667 0.0078125 0.009375
0 0.223828125 0.6109375 0.00546875 0.003125
0 0.412890625 0.6119791666666666 0.00703125 0.009375
0 0.242578125 0.6098958333333333 0.00703125 0.007291666666666667
0 0.196875 0.6098958333333333 0.00625 0.007291666666666667
0 0.791015625 0.6072916666666667 0.01015625 0.010416666666666666
0 0.878125 0.60625 0.009375 0.010416666666666666
0 0.820703125 0.6067708333333334 0.01015625 0.011458333333333333
0 0.42890625 0.6020833333333333 0.0078125 0.010416666666666666
0 0.31171875 0.6015625 0.0078125 0.009375
0 0.27890625 0.6 0.00625 0.00625
0 0.705078125 0.6015625 0.00859375 0.011458333333333333
0 0.21171875 0.5958333333333333 0.00625 0.004166666666666667
0 0.444140625 0.5979166666666667 0.00703125 0.010416666666666666
0 0.328125 0.5973958333333333 0.0078125 0.009375
0 0.25546875 0.5953125 0.0078125 0.009375
0 0.234765625 0.5921875 0.00703125 0.009375
0 0.2953125 0.5911458333333334 0.0078125 0.009375
0 0.34453125 0.5901041666666667 0.0078125 0.009375
0 0.2703125 0.5838541666666667 0.0078125 0.009375
0 0.80078125 0.5838541666666667 0.009375 0.011458333333333333
0 0.3171875 0.5817708333333333 0.00625 0.009375
0 0.202734375 0.5802083333333333 0.00703125 0.00625
0 0.41171875 0.58125 0.0078125 0.010416666666666666
0 0.36796875 0.5765625 0.0078125 0.009375
0 0.175 0.5739583333333333 0.0046875 0.004166666666666667
0 0.253515625 0.5713541666666667 0.00703125 0.007291666666666667
0 0.235546875 0.5708333333333333 0.00703125 0.008333333333333333
0 0.533203125 0.5666666666666667 0.00703125 0.010416666666666666
0 0.29453125 0.5640625 0.0078125 0.007291666666666667
0 0.21953125 0.5645833333333333 0.00625 0.008333333333333333
0 0.27734375 0.5635416666666667 0.0078125 0.008333333333333333
0 0.8671875 0.5604166666666667 0.009375 0.010416666666666666
0 0.409375 0.559375 0.0078125 0.010416666666666666
0 0.549609375 0.5572916666666666 0.00703125 0.010416666666666666
0 0.375390625 0.5567708333333333 0.00703125 0.009375
0 0.262890625 0.5536458333333333 0.00703125 0.007291666666666667
0 0.24609375 0.5526041666666667 0.00625 0.007291666666666667
0 0.851953125 0.5510416666666667 0.00859375 0.008333333333333333
0 0.765625 0.5520833333333334 0.009375 0.010416666666666666
0 0.669140625 0.5479166666666667 0.00859375 0.010416666666666666
0 0.30390625 0.5453125 0.00625 0.005208333333333333
0 0.83359375 0.546875 0.0078125 0.010416666666666666
0 0.28671875 0.5458333333333333 0.0078125 0.008333333333333333
0 0.819140625 0.5369791666666667 0.00859375 0.009375
0 0.73125 0.5380208333333333 0.009375 0.011458333333333333
0 0.787890625 0.5369791666666667 0.00703125 0.011458333333333333
0 0.27265625 0.5354166666666667 0.0078125 0.008333333333333333
0 0.25625 0.5322916666666667 0.0046875 0.0020833333333333333
0 0.237109375 0.5338541666666666 0.00546875 0.005208333333333333
0 0.318359375 0.534375 0.00703125 0.008333333333333333
0 0.771875 0.534375 0.00625 0.010416666666666666
0 0.75546875 0.534375 0.0078125 0.010416666666666666
0 0.349609375 0.5317708333333333 0.00703125 0.009375
0 0.862109375 0.5307291666666667 0.00859375 0.011458333333333333
0 0.716796875 0.528125 0.00859375 0.010416666666666666
0 0.28828125 0.5244791666666667 0.00625 0.007291666666666667
0 0.224609375 0.5239583333333333 0.00703125 0.008333333333333333
0 0.305078125 0.521875 0.00703125 0.008333333333333333
0 0.848046875 0.5171875 0.00859375 0.005208333333333333
0 0.208203125 0.5171875 0.00546875 0.007291666666666667
0 0.8015625 0.5177083333333333 0.009375 0.010416666666666666
0 0.265234375 0.5161458333333333 0.00703125 0.007291666666666667
0 0.74765625 0.5166666666666667 0.009375 0.010416666666666666
0 0.240625 0.5145833333333333 0.0078125 0.008333333333333333
0 0.766796875 0.5140625 0.00859375 0.009375
0 0.318359375 0.5109375 0.00703125 0.009375
0 0.28046875 0.5078125 0.00625 0.009375
0 0.83515625 0.50625 0.009375 0.010416666666666666
0 0.78046875 0.5057291666666667 0.009375 0.011458333333333333
0 0.2265625 0.503125 0.0078125 0.008333333333333333
0 0.8578125 0.503125 0.009375 0.010416666666666666
0 0.255078125 0.5020833333333333 0.00703125 0.008333333333333333
0 0.333203125 0.5015625 0.00703125 0.009375
0 0.296484375 0.49895833333333334 0.00546875 0.004166666666666667
0 0.59296875 0.5010416666666667 0.0078125 0.010416666666666666
0 0.56953125 0.5005208333333333 0.0078125 0.009375
0 0.477734375 0.49583333333333335 0.00703125 0.010416666666666666
0 0.80703125 0.49375 0.009375 0.010416666666666666
0 0.376953125 0.49322916666666666 0.00703125 0.009375
0 0.270703125 0.49166666666666664 0.00703125 0.008333333333333333
0 0.73359375 0.49166666666666664 0.009375 0.010416666666666666
0 0.213671875 0.4901041666666667 0.00703125 0.007291666666666667
0 0.766015625 0.4901041666666667 0.00859375 0.011458333333333333
0 0.5546875 0.4859375 0.0078125 0.009375
0 0.28671875 0.48541666666666666 0.0078125 0.008333333333333333
0 0.582421875 0.48541666666666666 0.00703125 0.010416666666666666
0 0.324609375 0.48489583333333336 0.00703125 0.009375
0 0.782421875 0.48385416666666664 0.00859375 0.009375
0 0.61015625 0.484375 0.0078125 0.010416666666666666
0 0.305078125 0.4828125 0.00703125 0.007291666666666667
0 0.340234375 0.4822916666666667 0.00703125 0.008333333333333333
0 0.25 0.4791666666666667 0.0046875 0.004166666666666667
0 0.22734375 0.478125 0.00625 0.008333333333333333
0 0.441015625 0.4765625 0.00703125 0.009375
0 0.265234375 0.47291666666666665 0.00703125 0.008333333333333333
0 0.815625 0.471875 0.009375 0.010416666666666666
0 0.362890625 0.4713541666666667 0.00703125 0.009375
0 0.86953125 0.4708333333333333 0.009375 0.010416666666666666
0 0.204296875 0.4671875 0.00546875 0.007291666666666667
0 0.561328125 0.46770833333333334 0.00703125 0.010416666666666666
0 0.293359375 0.4661458333333333 0.00703125 0.007291666666666667
0 0.76484375 0.4671875 0.0078125 0.011458333333333333
0 0.308984375 0.4635416666666667 0.00703125 0.008333333333333333
0 0.7828125 0.4630208333333333 0.00625 0.009375
0 0.22109375 0.46041666666666664 0.0078125 0.008333333333333333
0 0.431640625 0.45989583333333334 0.00703125 0.009375
0 0.798828125 0.459375 0.00859375 0.010416666666666666
0 0.276953125 0.4578125 0.00703125 0.009375
0 0.254296875 0.45677083333333335 0.00703125 0.009375
0 0.2375 0.453125 0.00625 0.004166666666666667
0 0.3265625 0.45364583333333336 0.0078125 0.009375
0 0.6890625 0.45 0.0078125 0.010416666666666666
0 0.341796875 0.446875 0.00703125 0.010416666666666666
0 0.29609375 0.44635416666666666 0.0078125 0.009375
0 0.544921875 0.4453125 0.00703125 0.009375
0 0.31171875 0.4432291666666667 0.0078125 0.009375
0 0.7734375 0.44166666666666665 0.009375 0.010416666666666666
0 0.280859375 0.43854166666666666 0.00703125 0.008333333333333333
0 0.264453125 0.43854166666666666 0.00703125 0.008333333333333333
0 0.248046875 0.4375 0.00703125 0.00625
0 0.23125 0.43697916666666664 0.00625 0.009375
0 0.699609375 0.43645833333333334 0.00859375 0.010416666666666666
0 0.66953125 0.4432291666666667 0.0171875 0.023958333333333335
0 0.513671875 0.4359375 0.00703125 0.009375
0 0.65234375 0.4354166666666667 0.0078125 0.010416666666666666
0 0.53203125 0.434375 0.00625 0.010416666666666666
0 0.216015625 0.43385416666666665 0.00703125 0.009375
0 0.33046875 0.4328125 0.0078125 0.009375
0 0.412890625 0.43020833333333336 0.00703125 0.010416666666666666
0 0.30234375 0.428125 0.0078125 0.008333333333333333
0 0.6046875 0.4265625 0.0078125 0.009375
0 0.440234375 0.42552083333333335 0.00703125 0.009375
0 0.741796875 0.425 0.00859375 0.010416666666666666
0 0.640234375 0.421875 0.00859375 0.010416666666666666
0 0.2734375 0.42083333333333334 0.0078125 0.008333333333333333
0 0.31796875 0.42135416666666664 0.0078125 0.011458333333333333
0 0.1890625 0.4203125 0.00625 0.009375
0 0.425390625 0.4192708333333333 0.00703125 0.009375
0 0.24453125 0.4192708333333333 0.0078125 0.009375
0 0.358203125 0.41822916666666665 0.00703125 0.009375
0 0.227734375 0.4171875 0.00703125 0.009375
0 0.28984375 0.41510416666666666 0.0078125 0.009375
0 0.673046875 0.41458333333333336 0.00859375 0.010416666666666666
0 0.34140625 0.41458333333333336 0.0078125 0.010416666666666666
0 0.21171875 0.4140625 0.0078125 0.009375
0 0.71328125 0.41354166666666664 0.0078125 0.010416666666666666
0 0.691796875 0.41875 0.01796875 0.022916666666666665
0 0.259375 0.4125 0.0078125 0.010416666666666666
0 0.40546875 0.4109375 0.0078125 0.009375
0 0.595703125 0.41041666666666665 0.00703125 0.010416666666666666
0 0.532421875 0.4088541666666667 0.00703125 0.009375
0 0.3046875 0.40729166666666666 0.0078125 0.008333333333333333
0 0.51328125 0.40625 0.00625 0.010416666666666666
0 0.369140625 0.4046875 0.00703125 0.009375
0 0.65859375 0.4046875 0.0078125 0.011458333333333333
0 0.765234375 0.403125 0.00859375 0.010416666666666666
0 0.2765625 0.40208333333333335 0.0078125 0.008333333333333333
0 0.320703125 0.40208333333333335 0.00703125 0.010416666666666666
0 0.35234375 0.4 0.0078125 0.010416666666666666
0 0.246875 0.39947916666666666 0.0078125 0.009375
0 0.433203125 0.39791666666666664 0.00703125 0.010416666666666666
0 0.2015625 0.39791666666666664 0.0078125 0.010416666666666666
0 0.383984375 0.396875 0.00703125 0.010416666666666666
0 0.723828125 0.3963541666666667 0.00859375 0.011458333333333333
0 0.680859375 0.39479166666666665 0.00859375 0.010416666666666666
0 0.291015625 0.39427083333333335 0.00859375 0.009375
0 0.33515625 0.3927083333333333 0.0078125 0.010416666666666666
0 0.701953125 0.39166666666666666 0.00859375 0.010416666666666666
0 0.542578125 0.390625 0.00703125 0.010416666666666666
0 0.26171875 0.390625 0.0078125 0.010416666666666666
0 0.22421875 0.38645833333333335 0.0015625 0.0020833333333333333
0 0.621875 0.3885416666666667 0.0078125 0.010416666666666666
0 0.30625 0.38697916666666665 0.0078125 0.009375
0 0.65703125 0.38697916666666665 0.0078125 0.011458333333333333
0 0.567578125 0.3848958333333333 0.00703125 0.009375
0 0.420703125 0.38385416666666666 0.00703125 0.009375
0 0.362109375 0.3848958333333333 0.00703125 0.011458333333333333
0 0.321875 0.3828125 0.0078125 0.009375
0 0.441796875 0.38177083333333334 0.00703125 0.009375
0 0.405078125 0.38177083333333334 0.00703125 0.009375
0 0.27890625 0.38177083333333334 0.0078125 0.009375
0 0.24375 0.38177083333333334 0.0078125 0.011458333333333333
0 0.38984375 0.3776041666666667 0.0078125 0.009375
0 0.34609375 0.378125 0.0078125 0.010416666666666666
0 0.19765625 0.3776041666666667 0.0078125 0.009375
0 0.69140625 0.37604166666666666 0.0078125 0.010416666666666666
0 0.294140625 0.37447916666666664 0.00703125 0.009375
0 0.507421875 0.37135416666666665 0.00703125 0.009375
0 0.708984375 0.37083333333333335 0.00859375 0.010416666666666666
0 0.430078125 0.3692708333333333 0.00703125 0.009375
0 0.6484375 0.36770833333333336 0.0078125 0.010416666666666666
0 0.376171875 0.36770833333333336 0.00703125 0.010416666666666666
0 0.359765625 0.3671875 0.00703125 0.011458333333333333
0 0.3109375 0.3651041666666667 0.0078125 0.009375
0 0.6328125 0.3645833333333333 0.0078125 0.010416666666666666
0 0.326953125 0.36302083333333335 0.00703125 0.009375
0 0.28203125 0.3625 0.0078125 0.008333333333333333
0 0.266015625 0.3609375 0.00703125 0.009375
0 0.480859375 0.35989583333333336 0.00703125 0.009375
0 0.39921875 0.3609375 0.00625 0.011458333333333333
0 0.205078125 0.35833333333333334 0.00859375 0.010416666666666666
0 0.764453125 0.35625 0.00859375 0.010416666666666666
0 0.58984375 0.35520833333333335 0.0078125 0.010416666666666666
0 0.73046875 0.3541666666666667 0.0078125 0.010416666666666666
0 0.2515625 0.3536458333333333 0.0078125 0.009375
0 0.42109375 0.3536458333333333 0.0078125 0.011458333333333333
0 0.566796875 0.35052083333333334 0.00703125 0.009375
0 0.4671875 0.35104166666666664 0.00625 0.010416666666666666
0 0.36875 0.35104166666666664 0.00625 0.010416666666666666
0 0.339453125 0.34427083333333336 0.00234375 0.003125
0 0.45078125 0.346875 0.0078125 0.010416666666666666
0 0.4359375 0.346875 0.0078125 0.010416666666666666
0 0.394140625 0.34375 0.00703125 0.010416666666666666
0 0.628125 0.34010416666666665 0.0078125 0.009375
0 0.3265625 0.340625 0.0078125 0.0125
0 0.358984375 0.3359375 0.00703125 0.009375
0 0.27109375 0.33645833333333336 0.0078125 0.010416666666666666
0 0.423828125 0.33541666666666664 0.00703125 0.010416666666666666
0 0.287109375 0.33489583333333334 0.00703125 0.009375
0 0.21015625 0.33541666666666664 0.0078125 0.010416666666666666
0 0.598828125 0.3333333333333333 0.00703125 0.010416666666666666
0 0.25625 0.33177083333333335 0.0078125 0.009375
0 0.37421875 0.33125 0.00625 0.010416666666666666
0 0.3046875 0.33177083333333335 0.0078125 0.011458333333333333
0 0.446484375 0.3260416666666667 0.00703125 0.010416666666666666
0 0.319140625 0.3260416666666667 0.00703125 0.0125
0 0.403515625 0.321875 0.00703125 0.010416666666666666
0 0.348828125 0.32135416666666666 0.00703125 0.009375
0 0.387890625 0.32083333333333336 0.00703125 0.010416666666666666
0 0.278125 0.31875 0.0078125 0.010416666666666666
0 0.3640625 0.3171875 0.0078125 0.009375
0 0.435546875 0.31354166666666666 0.00703125 0.010416666666666666
0 0.30703125 0.31302083333333336 0.0078125 0.009375
0 0.446484375 0.29270833333333335 0.00703125 0.010416666666666666
0 0.23828125 0.290625 0.0078125 0.010416666666666666
