0 0.78828125 0.8182883939038686 0.009375 0.009378663540445486
0 0.733203125 0.8153575615474795 0.01171875 0.008206330597889801
0 0.4 0.805978898007034 0.00625 0.0035169988276670576
0 0.81640625 0.806271981242673 0.0078125 0.0076201641266119575
0 0.42734375 0.8027549824150059 0.00625 0.004103165298944901
0 0.696484375 0.8033411488862837 0.01171875 0.0076201641266119575
0 0.669140625 0.802168815943728 0.01171875 0.0076201641266119575
0 0.381640625 0.7989449003516998 0.00859375 0.004689331770222743
0 0.305078125 0.7989449003516998 0.00703125 0.004689331770222743
0 0.613671875 0.7942555685814772 0.00390625 0.005861664712778429
0 0.6171875 0.791031652989449 0.0015625 0.0005861664712778429
0 0.714453125 0.7942555685814772 0.01171875 0.009378663540445486
0 0.476171875 0.7901524032825322 0.00703125 0.0035169988276670576
0 0.399609375 0.7895662368112544 0.00390625 0.0023446658851113715
0 0.27890625 0.7883939038686987 0.00625 0.005861664712778429
0 0.8125 0.7886869871043376 0.0125 0.008792497069167644
0 0.3421875 0.7857561547479485 0.0046875 0.0029308323563892145
0 0.673046875 0.7851699882766706 0.00859375 0.005275498241500586
0 0.692578125 0.7834114888628371 0.00703125 0.0029308323563892145
0 0.26015625 0.7845838218053928 0.0078125 0.005275498241500586
0 0.298828125 0.7845838218053928 0.00703125 0.006447831184056272
0 0.45859375 0.7807737397420867 0.003125 0.0035169988276670576
0 0.4921875 0.779601406799531 0.0046875 0.0035169988276670576
0 0.36953125 0.7810668229777257 0.0078125 0.006447831184056272
0 0.24140625 0.77989449003517 0.0078125 0.005275498241500586
0 0.418359375 0.7790152403282532 0.00546875 0.004689331770222743
0 0.528125 0.776084407971864 0.009375 0.007033997655334115
0 0.31484375 0.7754982415005862 0.0078125 0.005861664712778429
0 0.333984375 0.7719812426729191 0.00703125 0.005861664712778429
0 0.4015625 0.7708089097303634 0.0078125 0.004689331770222743
0 0.6390625 0.772274325908558 0.0109375 0.008792497069167644
0 0.656640625 0.7669988276670574 0.00234375 0.0005861664712778429
0 0.265234375 0.7702227432590856 0.00703125 0.007033997655334115
0 0.653515625 0.7658264947245017 0.00234375 0.0017584994138335288
0 0.47265625 0.7661195779601406 0.0046875 0.0035169988276670576
0 0.36875 0.7658264947245017 0.0078125 0.006447831184056272
0 0.45390625 0.764947245017585 0.0046875 0.005861664712778429
0 0.2390625 0.7646541617819461 0.0078125 0.006447831184056272
0 0.2875 0.7617233294255569 0.003125 0.004103165298944901
0 0.6546875 0.7608440797186401 0.0078125 0.004689331770222743
0 0.317578125 0.7605509964830012 0.00546875 0.004103165298944901
0 0.385546875 0.7584994138335287 0.00390625 0.0035169988276670576
0 0.3375 0.757327080890973 0.00625 0.004689331770222743
0 0.42734375 0.7561547479484173 0.0046875 0.004689331770222743
0 0.58125 0.7570339976553341 0.0109375 0.0076201641266119575
0 0.487890625 0.7541031652989449 0.00390625 0.0017584994138335288
0 0.2546875 0.7543962485345839 0.0078125 0.005861664712778429
0 0.533984375 0.7543962485345839 0.01015625 0.007033997655334115
0 0.354296875 0.7523446658851114 0.00234375 0.0029308323563892145
0 0.6203125 0.7529308323563892 0.0109375 0.0076201641266119575
0 0.274609375 0.7511723329425557 0.00703125 0.006447831184056272
0 0.4484375 0.7479484173505275 0.0046875 0.0035169988276670576
0 0.301171875 0.7491207502930832 0.00859375 0.005861664712778429
0 0.55625 0.7488276670574443 0.0078125 0.006447831184056272
0 0.5140625 0.7450175849941383 0.0078125 0.0035169988276670576
0 0.39140625 0.7450175849941383 0.0046875 0.004689331770222743
0 0.321875 0.7453106682297772 0.0046875 0.005275498241500586
0 0.673828125 0.7456037514654161 0.01171875 0.009378663540445486
0 0.6375 0.7444314185228605 0.0078125 0.007033997655334115
0 0.472265625 0.7432590855803048 0.00390625 0.005861664712778429
0 0.340625 0.7417936694021102 0.0046875 0.0029308323563892145
0 0.5921875 0.7432590855803048 0.0109375 0.007033997655334115
0 0.49296875 0.7394490035169988 0.0046875 0.004103165298944901
0 0.429296875 0.7403282532239156 0.00546875 0.005861664712778429
0 0.260546875 0.7403282532239156 0.00703125 0.005861664712778429
0 0.534375 0.738569753810082 0.009375 0.004689331770222743
0 0.362890625 0.7382766705744431 0.00703125 0.005275498241500586
0 0.5703125 0.7373974208675264 0.009375 0.007033997655334115
0 0.309375 0.735052754982415 0.00625 0.004689331770222743
0 0.289453125 0.7353458382180539 0.00859375 0.005275498241500586
0 0.6171875 0.7362250879249707 0.0109375 0.008206330597889801
0 0.409765625 0.7332942555685815 0.00390625 0.0023446658851113715
0 0.544921875 0.7283118405627198 0.00078125 0.0005861664712778429
0 0.51171875 0.7303634232121923 0.009375 0.005861664712778429
0 0.24453125 0.7303634232121923 0.0078125 0.005861664712778429
0 0.46171875 0.7271395076201641 0.0046875 0.004103165298944901
0 0.3921875 0.7283118405627198 0.0078125 0.006447831184056272
0 0.34453125 0.7268464243845252 0.0046875 0.0035169988276670576
0 0.440234375 0.7259671746776084 0.00390625 0.0029308323563892145
0 0.324609375 0.7262602579132473 0.00546875 0.0035169988276670576
0 0.27109375 0.727432590855803 0.00625 0.005861664712778429
0 0.64140625 0.727725674091442 0.0109375 0.008792497069167644
0 0.5953125 0.7268464243845252 0.0109375 0.008206330597889801
0 0.372265625 0.7247948417350527 0.00703125 0.006447831184056272
0 0.662890625 0.7247948417350527 0.01171875 0.008792497069167644
0 0.53046875 0.7212778429073857 0.0015625 0.0017584994138335288
0 0.685546875 0.7218640093786636 0.00859375 0.006447831184056272
0 0.422265625 0.72010550996483 0.00390625 0.0029308323563892145
0 0.56875 0.7212778429073857 0.0109375 0.0076201641266119575
0 0.48203125 0.7186400937866354 0.0046875 0.0035169988276670576
0 0.64921875 0.7165885111371629 0.003125 0.0005861664712778429
0 0.30859375 0.7192262602579133 0.00625 0.005861664712778429
0 0.614453125 0.72010550996483 0.01171875 0.008792497069167644
0 0.706640625 0.7183470105509965 0.01015625 0.008792497069167644
0 0.2890625 0.7165885111371629 0.00625 0.006447831184056272
0 0.404296875 0.7160023446658851 0.00703125 0.006447831184056272
0 0.816015625 0.7165885111371629 0.01171875 0.008792497069167644
0 0.505859375 0.713071512309496 0.00546875 0.0017584994138335288
0 0.35703125 0.7148300117233294 0.00625 0.006447831184056272
0 0.541015625 0.7116060961313013 0.00078125 0.0011723329425556857
0 0.463671875 0.7116060961313013 0.00390625 0.004689331770222743
0 0.2671875 0.7118991793669402 0.0046875 0.005275498241500586
0 0.244921875 0.7124853458382181 0.00859375 0.006447831184056272
0 0.644921875 0.7121922626025792 0.00390625 0.007033997655334115
0 0.383203125 0.7121922626025792 0.00703125 0.007033997655334115
0 0.336328125 0.7121922626025792 0.00859375 0.007033997655334115
0 0.648828125 0.7083821805392732 0.00078125 0.0005861664712778429
0 0.58671875 0.7121922626025792 0.0109375 0.008206330597889801
0 0.66953125 0.7092614302461899 0.0109375 0.008206330597889801
0 0.44453125 0.7080890973036342 0.009375 0.005861664712778429
0 0.62734375 0.7080890973036342 0.0109375 0.008206330597889801
0 0.524609375 0.7066236811254396 0.00859375 0.005275498241500586
0 0.41796875 0.7042790152403282 0.0015625 0.0017584994138335288
0 0.691015625 0.7060375146541618 0.01171875 0.006447831184056272
0 0.31640625 0.705158264947245 0.003125 0.004689331770222743
0 0.225390625 0.7063305978898007 0.00703125 0.007033997655334115
0 0.48828125 0.7033997655334114 0.0078125 0.0023446658851113715
0 0.60546875 0.705158264947245 0.0109375 0.008206330597889801
0 0.56796875 0.7045720984759671 0.0109375 0.008206330597889801
0 0.3953125 0.7004689331770223 0.003125 0.0023446658851113715
0 0.298828125 0.7025205158264948 0.00703125 0.006447831184056272
0 0.368359375 0.7019343493552169 0.00703125 0.006447831184056272
0 0.8171875 0.7007620164126612 0.009375 0.006447831184056272
0 0.348828125 0.7007620164126612 0.00859375 0.006447831184056272
0 0.719921875 0.7013481828839391 0.01171875 0.008792497069167644
0 0.2796875 0.6992966002344666 0.0078125 0.007033997655334115
0 0.50703125 0.6972450175849941 0.009375 0.004103165298944901
0 0.469140625 0.6969519343493552 0.00546875 0.004689331770222743
0 0.549609375 0.6966588511137163 0.01015625 0.0076201641266119575
0 0.259765625 0.6960726846424384 0.00859375 0.006447831184056272
0 0.64453125 0.6966588511137163 0.0109375 0.008792497069167644
0 0.239453125 0.6954865181711606 0.00703125 0.006447831184056272
0 0.742578125 0.6960726846424384 0.01171875 0.008792497069167644
0 0.5875 0.6957796014067995 0.0109375 0.008206330597889801
0 0.433984375 0.6928487690504103 0.00546875 0.007033997655334115
0 0.665234375 0.6931418522860492 0.01015625 0.008792497069167644
0 0.328515625 0.6919695193434936 0.00703125 0.006447831184056272
0 0.5265625 0.6910902696365768 0.0078125 0.007033997655334115
0 0.38125 0.6907971864009379 0.00625 0.006447831184056272
0 0.30703125 0.6890386869871044 0.003125 0.005275498241500586
0 0.686328125 0.69021101992966 0.01015625 0.008792497069167644
0 0.4125 0.6887456037514654 0.0046875 0.005861664712778429
0 0.60546875 0.6887456037514654 0.0109375 0.008206330597889801
0 0.56875 0.6881594372801876 0.0109375 0.008206330597889801
0 0.492578125 0.686400937866354 0.00703125 0.004689331770222743
0 0.454296875 0.6869871043376319 0.00546875 0.005861664712778429
0 0.362109375 0.6872801875732708 0.00703125 0.006447831184056272
0 0.707421875 0.6878663540445487 0.01171875 0.008792497069167644
0 0.628125 0.686694021101993 0.009375 0.006447831184056272
0 0.28984375 0.6858147713950762 0.0078125 0.007033997655334115
0 0.2703125 0.6843493552168816 0.00625 0.006447831184056272
0 0.728515625 0.6834701055099648 0.01171875 0.009378663540445486
0 0.5421875 0.6820046893317703 0.0109375 0.006447831184056272
0 0.4703125 0.6796600234466589 0.003125 0.0017584994138335288
0 0.25078125 0.6822977725674091 0.0078125 0.007033997655334115
0 0.65 0.6814185228604924 0.0109375 0.0076201641266119575
0 0.425390625 0.6770222743259086 0.00078125 0.0011723329425556857
0 0.39765625 0.6796600234466589 0.00625 0.006447831184056272
0 0.5875 0.6799531066822978 0.0109375 0.008206330597889801
0 0.340234375 0.67936694021102 0.00859375 0.007033997655334115
0 0.52265625 0.675263774912075 0.00625 0.0035169988276670576
0 0.376953125 0.6764361078546307 0.00859375 0.005861664712778429
0 0.3203125 0.6767291910902696 0.00625 0.006447831184056272
0 0.67109375 0.6767291910902696 0.009375 0.008792497069167644
0 0.502734375 0.6729191090269636 0.00859375 0.0035169988276670576
0 0.693359375 0.6749706916764361 0.01171875 0.008792497069167644
0 0.56015625 0.6729191090269636 0.0078125 0.004689331770222743
0 0.44375 0.6720398593200468 0.0046875 0.0029308323563892145
0 0.7453125 0.6740914419695193 0.0109375 0.008206330597889801
0 0.301953125 0.6735052754982415 0.00703125 0.007033997655334115
0 0.6109375 0.6735052754982415 0.0109375 0.008206330597889801
0 0.35546875 0.6714536928487691 0.003125 0.004103165298944901
0 0.282421875 0.6711606096131302 0.00703125 0.007033997655334115
0 0.26328125 0.6705744431418523 0.0078125 0.005861664712778429
0 0.63203125 0.6711606096131302 0.0109375 0.008206330597889801
0 0.714453125 0.6702813599062134 0.01171875 0.008792497069167644
0 0.409375 0.667936694021102 0.0046875 0.005275498241500586
0 0.243359375 0.667936694021102 0.00703125 0.006447831184056272
0 0.48125 0.6661781946072685 0.0046875 0.005275498241500586
0 0.578515625 0.6664712778429074 0.00859375 0.007033997655334115
0 0.54140625 0.6652989449003517 0.0046875 0.004689331770222743
0 0.3890625 0.6647127784290738 0.0078125 0.005861664712778429
0 0.652734375 0.6652989449003517 0.01171875 0.008206330597889801
0 0.462109375 0.6629542790152403 0.00390625 0.0035169988276670576
0 0.33359375 0.6647127784290738 0.0078125 0.007033997655334115
0 0.516015625 0.6597303634232122 0.00078125 0.0005861664712778429
0 0.312109375 0.660609613130129 0.00390625 0.0035169988276670576
0 0.680078125 0.6617819460726846 0.01171875 0.008206330597889801
0 0.369921875 0.6603165298944901 0.00703125 0.006447831184056272
0 0.597265625 0.660609613130129 0.01015625 0.008206330597889801
0 0.731640625 0.6600234466588512 0.01015625 0.008206330597889801
0 0.29375 0.6591441969519344 0.00625 0.006447831184056272
0 0.812109375 0.6591441969519344 0.00859375 0.008792497069167644
0 0.618359375 0.6588511137162955 0.01015625 0.008206330597889801
0 0.35 0.6573856975381008 0.00625 0.006447831184056272
0 0.558203125 0.656799531066823 0.01015625 0.0076201641266119575
0 0.496875 0.6559202813599062 0.00625 0.005861664712778429
0 0.274609375 0.6565064478311841 0.00703125 0.007033997655334115
0 0.2546875 0.6559202813599062 0.00625 0.005861664712778429
0 0.42265625 0.6541617819460727 0.0046875 0.005861664712778429
0 0.23515625 0.6541617819460727 0.00625 0.005861664712778429
0 0.701953125 0.6544548651817116 0.00859375 0.008792497069167644
0 0.405078125 0.652989449003517 0.00859375 0.007033997655334115
0 0.766796875 0.6518171160609613 0.01171875 0.008206330597889801
0 0.47734375 0.6512309495896834 0.0078125 0.007033997655334115
0 0.64140625 0.6512309495896834 0.0109375 0.008206330597889801
0 0.533203125 0.6503516998827668 0.00859375 0.006447831184056272
0 0.663671875 0.6506447831184057 0.01171875 0.008206330597889801
0 0.383984375 0.64947245017585 0.00859375 0.007033997655334115
0 0.32421875 0.6483001172332943 0.0078125 0.007033997655334115
0 0.305078125 0.6468347010550997 0.00859375 0.006447831184056272
0 0.743359375 0.6468347010550997 0.01015625 0.0076201641266119575
0 0.623046875 0.6450762016412661 0.01015625 0.004103165298944901
0 0.4578125 0.6462485345838218 0.00625 0.006447831184056272
0 0.684375 0.6462485345838218 0.0109375 0.0076201641266119575
0 0.362890625 0.645662368112544 0.00703125 0.006447831184056272
0 0.721875 0.6450762016412661 0.009375 0.006447831184056272
0 0.5140625 0.6447831184056272 0.0078125 0.005861664712778429
0 0.815234375 0.6436107854630715 0.00703125 0.005861664712778429
0 0.6015625 0.6447831184056272 0.0109375 0.008206330597889801
0 0.342578125 0.6439038686987104 0.00703125 0.006447831184056272
0 0.2859375 0.6439038686987104 0.0078125 0.006447831184056272
0 0.265625 0.6430246189917936 0.00625 0.005861664712778429
0 0.54921875 0.6427315357561547 0.0078125 0.006447831184056272
0 0.4921875 0.641559202813599 0.0078125 0.005275498241500586
0 0.438671875 0.6421453692848769 0.00703125 0.006447831184056272
0 0.81640625 0.6389214536928488 0.003125 0.0023446658851113715
0 0.245703125 0.6403868698710434 0.00546875 0.005275498241500586
0 0.41875 0.6400937866354045 0.0078125 0.007033997655334115
0 0.7 0.638335287221571 0.009375 0.005861664712778429
0 0.397265625 0.638335287221571 0.00859375 0.007033997655334115
0 0.569140625 0.6368698710433763 0.00859375 0.0076201641266119575
0 0.781640625 0.6362837045720985 0.01171875 0.008792497069167644
0 0.758984375 0.6362837045720985 0.01171875 0.008792497069167644
0 0.661328125 0.6348182883939039 0.00859375 0.005861664712778429
0 0.532421875 0.6327667057444314 0.00234375 0.0017584994138335288
0 0.4734375 0.6354044548651817 0.0078125 0.007033997655334115
0 0.22890625 0.6348182883939039 0.0078125 0.007033997655334115
0 0.641796875 0.6348182883939039 0.00703125 0.008206330597889801
0 0.316796875 0.634232121922626 0.00859375 0.007033997655334115
0 0.375 0.6327667057444314 0.009375 0.006447831184056272
0 0.62265625 0.6324736225087925 0.009375 0.008206330597889801
0 0.29765625 0.6318874560375146 0.0078125 0.007033997655334115
0 0.3546875 0.6313012895662368 0.0078125 0.007033997655334115
0 0.589453125 0.6313012895662368 0.01015625 0.008206330597889801
0 0.4546875 0.6307151230949589 0.009375 0.007033997655334115
0 0.802734375 0.63042203985932 0.01015625 0.0076201641266119575
0 0.72578125 0.6298358733880423 0.0109375 0.006447831184056272
0 0.278125 0.6298358733880423 0.0078125 0.006447831184056272
0 0.68203125 0.6301289566236812 0.0109375 0.008206330597889801
0 0.334765625 0.6295427901524033 0.00703125 0.007033997655334115
0 0.511328125 0.6286635404454866 0.00859375 0.006447831184056272
0 0.258984375 0.6274912075029309 0.00859375 0.006447831184056272
0 0.553125 0.6266119577960141 0.009375 0.007033997655334115
0 0.48984375 0.6254396248534584 0.009375 0.005861664712778429
0 0.60859375 0.6251465416178195 0.0078125 0.006447831184056272
0 0.43515625 0.6257327080890973 0.009375 0.0076201641266119575
0 0.412890625 0.6251465416178195 0.01015625 0.006447831184056272
0 0.389453125 0.6236811254396248 0.00703125 0.005861664712778429
0 0.23984375 0.623094958968347 0.0078125 0.005861664712778429
0 0.745703125 0.6236811254396248 0.01171875 0.008206330597889801
0 0.822265625 0.6222157092614302 0.00859375 0.0076201641266119575
0 0.649609375 0.6216295427901524 0.00703125 0.006447831184056272
0 0.220703125 0.6216295427901524 0.00859375 0.006447831184056272
0 0.573046875 0.6210433763188745 0.01015625 0.006447831184056272
0 0.706640625 0.6213364595545134 0.01171875 0.008206330597889801
0 0.470703125 0.6201641266119577 0.00859375 0.005861664712778429
0 0.62890625 0.6186987104337632 0.009375 0.005275498241500586
0 0.36640625 0.6189917936694022 0.0078125 0.007033997655334115
0 0.308984375 0.6189917936694022 0.00859375 0.007033997655334115
0 0.53671875 0.6178194607268465 0.009375 0.005861664712778429
0 0.34609375 0.6175263774912075 0.00625 0.006447831184056272
0 0.67109375 0.615767878077374 0.0078125 0.004103165298944901
0 0.5921875 0.6154747948417351 0.009375 0.007033997655334115
0 0.32734375 0.6151817116060961 0.0078125 0.006447831184056272
0 0.4515625 0.6148886283704572 0.009375 0.007033997655334115
0 0.28984375 0.6148886283704572 0.0078125 0.007033997655334115
0 0.503515625 0.6140093786635404 0.01015625 0.006447831184056272
0 0.7953125 0.6140093786635404 0.0125 0.008792497069167644
0 0.768359375 0.6137162954279015 0.01171875 0.008206330597889801
0 0.727734375 0.6137162954279015 0.01171875 0.008206330597889801
0 0.42421875 0.6131301289566237 0.0078125 0.007033997655334115
0 0.40390625 0.611957796014068 0.009375 0.005861664712778429
0 0.816796875 0.6093200468933178 0.00546875 0.0017584994138335288
0 0.555859375 0.6110785463071512 0.01015625 0.006447831184056272
0 0.69140625 0.6104923798358733 0.009375 0.0076201641266119575
0 0.611328125 0.6101992966002344 0.00859375 0.007033997655334115
0 0.38203125 0.6099062133645955 0.0078125 0.006447831184056272
0 0.270703125 0.6101992966002344 0.00859375 0.007033997655334115
0 0.520703125 0.6081477139507621 0.00546875 0.004103165298944901
0 0.2484375 0.6090269636576788 0.00625 0.005861664712778429
0 0.484375 0.608440797186401 0.009375 0.007033997655334115
0 0.811328125 0.6063892145369285 0.00390625 0.005275498241500586
0 0.74765625 0.6072684642438453 0.0109375 0.008206330597889801
0 0.575390625 0.6058030480656507 0.01015625 0.006447831184056272
0 0.630078125 0.6040445486518171 0.00859375 0.006447831184056272
0 0.46640625 0.6014067995310668 0.0078125 0.004689331770222743
0 0.711328125 0.6025791324736225 0.01171875 0.008206330597889801
0 0.53984375 0.6014067995310668 0.009375 0.005861664712778429
0 0.337890625 0.6022860492379836 0.00859375 0.0076201641266119575
0 0.2984375 0.6016998827667057 0.00625 0.006447831184056272
0 0.6515625 0.6008206330597889 0.009375 0.005861664712778429
0 0.35859375 0.6014067995310668 0.009375 0.007033997655334115
0 0.318359375 0.6016998827667057 0.00859375 0.0076201641266119575
0 0.4453125 0.60052754982415 0.009375 0.006447831184056272
0 0.7828125 0.6008206330597889 0.0109375 0.008206330597889801
0 0.6734375 0.5996483001172332 0.009375 0.007033997655334115
0 0.59453125 0.5996483001172332 0.009375 0.007033997655334115
0 0.499609375 0.5987690504103166 0.01015625 0.006447831184056272
0 0.28046875 0.597303634232122 0.0078125 0.007033997655334115
0 0.237109375 0.597010550996483 0.00546875 0.006447831184056272
0 0.407421875 0.5964243845252052 0.00859375 0.006447831184056272
0 0.260546875 0.5964243845252052 0.00859375 0.006447831184056272
0 0.55859375 0.5958382180539273 0.009375 0.006447831184056272
0 0.761328125 0.5952520515826495 0.01171875 0.0076201641266119575
0 0.73671875 0.5943728018757327 0.0109375 0.007033997655334115
0 0.613671875 0.5943728018757327 0.01015625 0.007033997655334115
0 0.4265625 0.5940797186400938 0.0078125 0.006447831184056272
0 0.387890625 0.5943728018757327 0.00859375 0.007033997655334115
0 0.693359375 0.5940797186400938 0.01015625 0.0076201641266119575
0 0.577734375 0.5902696365767878 0.00546875 0.0035169988276670576
0 0.517578125 0.5917350527549824 0.00859375 0.006447831184056272
0 0.810546875 0.5902696365767878 0.01171875 0.008206330597889801
0 0.633984375 0.5888042203985931 0.01015625 0.006447831184056272
0 0.36953125 0.5890973036342321 0.009375 0.007033997655334115
0 0.4828125 0.5885111371629543 0.009375 0.007033997655334115
0 0.32890625 0.5888042203985931 0.009375 0.0076201641266119575
0 0.308984375 0.5885111371629543 0.00859375 0.007033997655334115
0 0.3484375 0.5870457209847597 0.009375 0.006447831184056272
0 0.65625 0.5852872215709262 0.009375 0.006447831184056272
0 0.59765625 0.5847010550996483 0.0078125 0.005275498241500586
0 0.450390625 0.5855803048065651 0.01015625 0.007033997655334115
0 0.53828125 0.5849941383352872 0.009375 0.007033997655334115
0 0.50078125 0.5835287221570926 0.0078125 0.005275498241500586
0 0.676953125 0.5838218053927315 0.01015625 0.007033997655334115
0 0.8359375 0.5823563892145369 0.009375 0.005275498241500586
0 0.2734375 0.5832356389214537 0.0078125 0.007033997655334115
0 0.724609375 0.5814771395076201 0.00859375 0.004689331770222743
0 0.254296875 0.5823563892145369 0.00859375 0.006447831184056272
0 0.750390625 0.5814771395076201 0.01171875 0.007033997655334115
0 0.77265625 0.5814771395076201 0.0109375 0.008206330597889801
0 0.702734375 0.5808909730363423 0.01015625 0.007033997655334115
0 0.558984375 0.5803048065650644 0.01015625 0.005861664712778429
0 0.41171875 0.5811840562719812 0.009375 0.0076201641266119575
0 0.292578125 0.5803048065650644 0.00859375 0.007033997655334115
0 0.6171875 0.5788393903868698 0.0109375 0.006447831184056272
0 0.3890625 0.5791324736225087 0.009375 0.007033997655334115
0 0.235546875 0.5788393903868698 0.00703125 0.006447831184056272
0 0.467578125 0.5785463071512309 0.01015625 0.007033997655334115
0 0.43203125 0.5788393903868698 0.009375 0.0076201641266119575
0 0.794921875 0.5779601406799532 0.01015625 0.008206330597889801
0 0.5203125 0.5764947245017585 0.009375 0.006447831184056272
0 0.81640625 0.5753223915592028 0.0078125 0.005275498241500586
0 0.580078125 0.5744431418522861 0.01015625 0.005861664712778429
0 0.3609375 0.5750293083235639 0.0078125 0.007033997655334115
0 0.3234375 0.5741500586166471 0.009375 0.0076201641266119575
0 0.64375 0.5723915592028136 0.009375 0.005275498241500586
0 0.342578125 0.5720984759671747 0.00859375 0.007033997655334115
0 0.66484375 0.570926143024619 0.009375 0.005861664712778429
0 0.687109375 0.5700468933177022 0.01015625 0.006447831184056272
0 0.60078125 0.5694607268464243 0.009375 0.005275498241500586
0 0.4828125 0.5700468933177022 0.00625 0.006447831184056272
0 0.448828125 0.5700468933177022 0.01015625 0.0076201641266119575
0 0.265625 0.5697538100820633 0.009375 0.007033997655334115
0 0.5375 0.5682883939038686 0.009375 0.006447831184056272
0 0.7375 0.5679953106682297 0.0109375 0.007033997655334115
0 0.305859375 0.5679953106682297 0.00859375 0.007033997655334115
0 0.78046875 0.5668229777256741 0.0109375 0.005861664712778429
0 0.42109375 0.5665298944900352 0.009375 0.006447831184056272
0 0.709765625 0.5659437280187574 0.01015625 0.006447831184056272
0 0.625 0.5653575615474795 0.009375 0.005275498241500586
0 0.40078125 0.5662368112543963 0.009375 0.007033997655334115
0 0.378125 0.5662368112543963 0.009375 0.007033997655334115
0 0.28515625 0.5665298944900352 0.009375 0.0076201641266119575
0 0.758984375 0.5641852286049238 0.01015625 0.005275498241500586
0 0.504296875 0.5644783118405627 0.01015625 0.007033997655334115
0 0.565625 0.5624267291910903 0.0078125 0.004103165298944901
0 0.466015625 0.563599062133646 0.00859375 0.006447831184056272
0 0.23359375 0.5638921453692849 0.009375 0.007033997655334115
0 0.803125 0.5609613130128956 0.0078125 0.004689331770222743
0 0.825390625 0.5603751465416178 0.01015625 0.005861664712778429
0 0.25234375 0.5592028135990621 0.009375 0.007033997655334115
0 0.587890625 0.5574443141852286 0.00703125 0.004689331770222743
0 0.324609375 0.5586166471277842 0.01015625 0.007033997655334115
0 0.437109375 0.5577373974208675 0.01015625 0.006447831184056272
0 0.6515625 0.5553927315357562 0.0046875 0.0029308323563892145
0 0.68828125 0.5545134818288394 0.0109375 0.004689331770222743
0 0.520703125 0.555978898007034 0.01015625 0.0076201641266119575
0 0.36328125 0.555978898007034 0.009375 0.0076201641266119575
0 0.388671875 0.5545134818288394 0.00859375 0.005861664712778429
0 0.27109375 0.5550996483001173 0.009375 0.007033997655334115
0 0.344140625 0.5545134818288394 0.00859375 0.007033997655334115
0 0.728125 0.5533411488862837 0.009375 0.005861664712778429
0 0.540234375 0.5533411488862837 0.00859375 0.005861664712778429
0 0.844140625 0.552168815943728 0.00859375 0.004689331770222743
0 0.490625 0.5530480656506448 0.009375 0.006447831184056272
0 0.299609375 0.5536342321219226 0.01015625 0.0076201641266119575
0 0.77265625 0.5518757327080891 0.009375 0.005275498241500586
0 0.612109375 0.552168815943728 0.00859375 0.005861664712778429
0 0.63359375 0.5504103165298945 0.0078125 0.004689331770222743
0 0.455078125 0.5495310668229777 0.01015625 0.004103165298944901
0 0.237890625 0.5495310668229777 0.00859375 0.006447831184056272
0 0.75078125 0.5466002344665886 0.0109375 0.005275498241500586
0 0.66953125 0.5466002344665886 0.009375 0.005275498241500586
0 0.708203125 0.5463071512309496 0.01015625 0.007033997655334115
0 0.81640625 0.544841735052755 0.0109375 0.005275498241500586
0 0.316015625 0.5451348182883939 0.01015625 0.007033997655334115
0 0.554296875 0.5433763188745604 0.00703125 0.004689331770222743
0 0.597265625 0.5427901524032825 0.00859375 0.004689331770222743
0 0.575390625 0.5427901524032825 0.00703125 0.004689331770222743
0 0.434375 0.5430832356389215 0.009375 0.005275498241500586
0 0.2828125 0.5436694021101993 0.0078125 0.006447831184056272
0 0.26015625 0.5427901524032825 0.009375 0.007033997655334115
0 0.359765625 0.5416178194607268 0.00859375 0.005861664712778429
0 0.7875 0.5398593200468933 0.0109375 0.004689331770222743
0 0.504296875 0.5407385697538101 0.01015625 0.006447831184056272
0 0.380078125 0.5404454865181711 0.01015625 0.007033997655334115
0 0.33671875 0.5404454865181711 0.009375 0.007033997655334115
0 0.650390625 0.5392731535756154 0.01015625 0.005861664712778429
0 0.52734375 0.5398593200468933 0.009375 0.007033997655334115
0 0.484375 0.5389800703399765 0.009375 0.005275498241500586
0 0.73203125 0.5381008206330598 0.009375 0.004689331770222743
0 0.68984375 0.5381008206330598 0.0109375 0.005861664712778429
0 0.625390625 0.5354630715123095 0.01015625 0.005275498241500586
0 0.299609375 0.5363423212192263 0.00859375 0.007033997655334115
0 0.83515625 0.5348769050410317 0.0109375 0.005275498241500586
0 0.24375 0.5351699882766706 0.009375 0.007033997655334115
0 0.765625 0.5342907385697538 0.0109375 0.006447831184056272
0 0.80546875 0.5313599062133646 0.00625 0.004103165298944901
0 0.71171875 0.5319460726846424 0.0109375 0.005275498241500586
0 0.4 0.5325322391559203 0.009375 0.0076201641266119575
0 0.321484375 0.529601406799531 0.01015625 0.004103165298944901
0 0.270703125 0.5304806565064478 0.00859375 0.007033997655334115
0 0.670703125 0.529601406799531 0.01015625 0.006447831184056272
0 0.5453125 0.5293083235638921 0.009375 0.005861664712778429
0 0.60625 0.5284290738569754 0.009375 0.005275498241500586
0 0.565234375 0.5278429073856975 0.00703125 0.004103165298944901
0 0.746875 0.5269636576787807 0.0109375 0.004689331770222743
0 0.853125 0.5246189917936694 0.0078125 0.004689331770222743
0 0.382421875 0.5254982415005862 0.00859375 0.006447831184056272
0 0.362890625 0.5257913247362251 0.00859375 0.007033997655334115
0 0.63984375 0.5243259085580305 0.009375 0.005275498241500586
0 0.5859375 0.5243259085580305 0.009375 0.005275498241500586
0 0.693359375 0.5231535756154748 0.01015625 0.005275498241500586
0 0.230078125 0.5240328253223916 0.01015625 0.007033997655334115
0 0.41953125 0.5228604923798359 0.009375 0.007033997655334115
0 0.343359375 0.522567409144197 0.00859375 0.006447831184056272
0 0.2875 0.522274325908558 0.009375 0.007033997655334115
0 0.307421875 0.5205158264947245 0.00859375 0.007033997655334115
0 0.257421875 0.5202227432590856 0.00859375 0.006447831184056272
0 0.83046875 0.518757327080891 0.009375 0.004689331770222743
0 0.7671875 0.518757327080891 0.0109375 0.004689331770222743
0 0.726171875 0.5193434935521688 0.01015625 0.007033997655334115
0 0.808984375 0.5158264947245017 0.00390625 0.0023446658851113715
0 0.65859375 0.5169988276670574 0.0109375 0.005861664712778429
0 0.3265625 0.5161195779601406 0.009375 0.0076201641266119575
0 0.708203125 0.511430246189918 0.00546875 0.0029308323563892145
0 0.746875 0.511137162954279 0.0078125 0.0035169988276670576
0 0.512109375 0.5126025791324736 0.01015625 0.006447831184056272
0 0.49140625 0.5120164126611958 0.009375 0.005275498241500586
0 0.7828125 0.5096717467760844 0.0015625 0.0017584994138335288
0 0.678125 0.5117233294255569 0.009375 0.005861664712778429
0 0.27421875 0.511137162954279 0.0078125 0.007033997655334115
0 0.402734375 0.5096717467760844 0.00859375 0.006447831184056272
0 0.8515625 0.5082063305978898 0.009375 0.004689331770222743
0 0.639453125 0.5084994138335287 0.01015625 0.005275498241500586
0 0.430078125 0.5090855803048066 0.01015625 0.006447831184056272
0 0.370703125 0.5079132473622509 0.00859375 0.005275498241500586
0 0.2453125 0.507327080890973 0.009375 0.0076201641266119575
0 0.618359375 0.5049824150058617 0.00859375 0.004103165298944901
0 0.3015625 0.5061547479484173 0.009375 0.006447831184056272
0 0.575 0.5043962485345839 0.009375 0.006447831184056272
0 0.828515625 0.5026377491207503 0.01015625 0.004103165298944901
0 0.767578125 0.5026377491207503 0.01015625 0.005275498241500586
0 0.72578125 0.5008792497069168 0.0109375 0.006447831184056272
0 0.662109375 0.5008792497069168 0.01015625 0.006447831184056272
0 0.80703125 0.4985345838218054 0.009375 0.004103165298944901
0 0.594140625 0.4988276670574443 0.01015625 0.005861664712778429
0 0.31796875 0.4991207502930832 0.009375 0.006447831184056272
0 0.263671875 0.49941383352872215 0.01015625 0.007033997655334115
0 0.534375 0.49736225087924973 0.009375 0.005275498241500586
0 0.6875 0.4967760844079719 0.009375 0.006447831184056272
0 0.51328125 0.4967760844079719 0.009375 0.006447831184056272
0 0.422265625 0.4958968347010551 0.00859375 0.004689331770222743
0 0.39453125 0.4956037514654162 0.009375 0.0076201641266119575
0 0.84765625 0.49208675263774915 0.009375 0.004103165298944901
0 0.7859375 0.49296600234466587 0.009375 0.005861664712778429
0 0.240234375 0.4917936694021102 0.00859375 0.007033997655334115
0 0.744921875 0.4912075029308324 0.01015625 0.007033997655334115
0 0.299609375 0.4912075029308324 0.00859375 0.007033997655334115
0 0.278515625 0.49091441969519345 0.00859375 0.006447831184056272
0 0.70625 0.4903282532239156 0.0109375 0.006447831184056272
0 0.765234375 0.48710433763188743 0.00859375 0.004689331770222743
0 0.65546875 0.48651817116060964 0.0078125 0.004689331770222743
0 0.634375 0.48681125439624856 0.0109375 0.0076201641266119575
0 0.610546875 0.4859320046893318 0.01015625 0.005861664712778429
0 0.408203125 0.48534583821805394 0.00859375 0.004689331770222743
0 0.25703125 0.4847596717467761 0.009375 0.007033997655334115
0 0.676953125 0.48212192262602577 0.00859375 0.004103165298944901
0 0.808203125 0.48212192262602577 0.00859375 0.005275498241500586
0 0.83203125 0.4806565064478312 0.0078125 0.004689331770222743
0 0.72421875 0.48124267291910905 0.009375 0.005861664712778429
0 0.339453125 0.48007033997655335 0.01015625 0.007033997655334115
0 0.783984375 0.47743259085580303 0.00859375 0.004103165298944901
0 0.74453125 0.47596717467760846 0.009375 0.004689331770222743
0 0.696875 0.4765533411488863 0.0109375 0.005861664712778429
0 0.2921875 0.4771395076201641 0.009375 0.007033997655334115
0 0.239453125 0.4765533411488863 0.00859375 0.007033997655334115
0 0.434375 0.4762602579132474 0.009375 0.0076201641266119575
0 0.272265625 0.47596717467760846 0.00859375 0.007033997655334115
0 0.64375 0.47362250879249707 0.0109375 0.005861664712778429
0 0.315625 0.47332942555685814 0.0078125 0.006447831184056272
0 0.765234375 0.4698124267291911 0.00859375 0.005275498241500586
0 0.45625 0.4706916764361079 0.009375 0.007033997655334115
0 0.62109375 0.46893317702227433 0.0078125 0.004689331770222743
0 0.846484375 0.4683470105509965 0.01015625 0.004689331770222743
0 0.80078125 0.4674677608440797 0.009375 0.005275498241500586
0 0.256640625 0.4683470105509965 0.00859375 0.007033997655334115
0 0.822265625 0.466295427901524 0.00390625 0.004103165298944901
0 0.7140625 0.46688159437280186 0.0109375 0.005275498241500586
0 0.52421875 0.46688159437280186 0.009375 0.005275498241500586
0 0.504296875 0.46776084407971863 0.01015625 0.007033997655334115
0 0.68046875 0.4657092614302462 0.009375 0.005275498241500586
0 0.301171875 0.46395076201641267 0.00859375 0.0076201641266119575
0 0.73515625 0.4610199296600234 0.0109375 0.005275498241500586
0 0.2828125 0.4601406799531067 0.009375 0.007033997655334115
0 0.662109375 0.458968347010551 0.01015625 0.007033997655334115
0 0.31953125 0.4577960140679953 0.009375 0.007033997655334115
0 0.24296875 0.45808909730363423 0.0078125 0.0076201641266119575
0 0.778125 0.4566236811254396 0.009375 0.005861664712778429
0 0.43671875 0.4575029308323564 0.009375 0.0076201641266119575
0 0.409765625 0.45720984759671746 0.01015625 0.007033997655334115
0 0.75546875 0.45515826494724504 0.009375 0.005275498241500586
0 0.6109375 0.4548651817116061 0.00625 0.004689331770222743
0 0.696875 0.4548651817116061 0.0109375 0.005861664712778429
0 0.45546875 0.45427901524032827 0.009375 0.007033997655334115
0 0.263671875 0.45427901524032827 0.00703125 0.007033997655334115
0 0.7984375 0.45193434935521687 0.0078125 0.0035169988276670576
0 0.718359375 0.45164126611957794 0.00546875 0.0029308323563892145
0 0.844140625 0.45193434935521687 0.01015625 0.004689331770222743
0 0.82109375 0.4492966002344666 0.0078125 0.004103165298944901
0 0.676953125 0.4492966002344666 0.01015625 0.005275498241500586
0 0.3 0.4490035169988277 0.009375 0.005861664712778429
0 0.509375 0.44841735052754983 0.009375 0.005861664712778429
0 0.64765625 0.4469519343493552 0.0109375 0.006447831184056272
0 0.738671875 0.4451934349355217 0.00859375 0.005275498241500586
0 0.28125 0.44431418522860494 0.009375 0.007033997655334115
0 0.768359375 0.44226260257913247 0.00859375 0.004103165298944901
0 0.570703125 0.44343493552168817 0.01015625 0.0076201641266119575
0 0.248828125 0.44314185228604924 0.01015625 0.007033997655334115
0 0.8359375 0.4372801875732708 0.0046875 0.0023446658851113715
0 0.69453125 0.4384525205158265 0.0078125 0.004689331770222743
0 0.806640625 0.43669402110199296 0.00859375 0.004689331770222743
0 0.393359375 0.43786635404454866 0.01015625 0.007033997655334115
0 0.71484375 0.43464243845252054 0.009375 0.006447831184056272
0 0.786328125 0.4320046893317702 0.00703125 0.0035169988276670576
0 0.75078125 0.4317116060961313 0.0109375 0.005275498241500586
0 0.2359375 0.4317116060961313 0.0078125 0.006447831184056272
0 0.65078125 0.43112543962485345 0.0109375 0.006447831184056272
0 0.680078125 0.4264361078546307 0.01015625 0.005275498241500586
0 0.280078125 0.42702227432590856 0.01015625 0.0076201641266119575
0 0.821484375 0.4243845252051583 0.00859375 0.004689331770222743
0 0.73046875 0.42467760844079716 0.009375 0.005275498241500586
0 0.76875 0.4223329425556858 0.009375 0.005275498241500586
0 0.84453125 0.42174677608440797 0.009375 0.005275498241500586
0 0.800390625 0.4191090269636577 0.00234375 0.0035169988276670576
0 0.262890625 0.42028135990621335 0.00859375 0.007033997655334115
0 0.709765625 0.4188159437280188 0.01015625 0.006447831184056272
0 0.649609375 0.41588511137162953 0.01015625 0.005275498241500586
0 0.74921875 0.4152989449003517 0.009375 0.005275498241500586
0 0.620703125 0.41500586166471276 0.01015625 0.005861664712778429
0 0.539453125 0.41500586166471276 0.01015625 0.005861664712778429
0 0.452734375 0.4152989449003517 0.01015625 0.006447831184056272
0 0.23828125 0.4152989449003517 0.0109375 0.0076201641266119575
0 0.6921875 0.41295427901524034 0.009375 0.005275498241500586
0 0.668359375 0.4123681125439625 0.00390625 0.004103165298944901
0 0.316015625 0.41295427901524034 0.01015625 0.0076201641266119575
0 0.781640625 0.4097303634232122 0.00859375 0.004689331770222743
0 0.729296875 0.40855803048065653 0.00859375 0.004689331770222743
0 0.819921875 0.4079718640093787 0.00703125 0.004689331770222743
0 0.5703125 0.40767878077373976 0.0078125 0.005275498241500586
0 0.436328125 0.40650644783118406 0.01015625 0.0076201641266119575
0 0.709375 0.40357561547479487 0.009375 0.005275498241500586
0 0.7625 0.4026963657678781 0.009375 0.004689331770222743
0 0.251953125 0.40328253223915594 0.01015625 0.007033997655334115
0 0.8 0.40123094958968347 0.0046875 0.004103165298944901
0 0.293359375 0.40123094958968347 0.00859375 0.006447831184056272
0 0.840234375 0.3994724501758499 0.00859375 0.005275498241500586
0 0.74296875 0.3959554513481829 0.009375 0.005275498241500586
0 0.690234375 0.3962485345838218 0.01171875 0.005861664712778429
0 0.271484375 0.39683470105509966 0.01015625 0.007033997655334115
0 0.66875 0.3947831184056272 0.0109375 0.006447831184056272
0 0.318359375 0.39536928487690504 0.01015625 0.0076201641266119575
0 0.780859375 0.39331770222743256 0.00859375 0.004689331770222743
0 0.820703125 0.391852286049238 0.00859375 0.004103165298944901
0 0.721875 0.3906799531066823 0.00625 0.005275498241500586
0 0.357421875 0.39126611957796015 0.01015625 0.0076201641266119575
0 0.301171875 0.3874560375146542 0.00859375 0.005861664712778429
0 0.799609375 0.3851113716295428 0.00234375 0.0023446658851113715
0 0.257421875 0.3874560375146542 0.00859375 0.007033997655334115
0 0.761328125 0.38569753810082064 0.00859375 0.004689331770222743
0 0.237890625 0.3862837045720985 0.00859375 0.007033997655334115
0 0.839453125 0.38276670574443145 0.01015625 0.004689331770222743
0 0.324609375 0.3813012895662368 0.01015625 0.006447831184056272
0 0.741015625 0.3795427901524033 0.00859375 0.004103165298944901
0 0.67734375 0.380715123094959 0.0109375 0.006447831184056272
0 0.6390625 0.38042203985932005 0.0109375 0.008206330597889801
0 0.706640625 0.3786635404454865 0.01015625 0.005861664712778429
0 0.78046875 0.37719812426729193 0.009375 0.004103165298944901
0 0.81953125 0.3757327080890973 0.0078125 0.0035169988276670576
0 0.26875 0.37631887456037516 0.0078125 0.007033997655334115
0 0.28828125 0.3757327080890973 0.0078125 0.007033997655334115
0 0.248046875 0.37280187573270807 0.00703125 0.005861664712778429
0 0.3078125 0.37280187573270807 0.0078125 0.007033997655334115
0 0.8 0.369284876905041 0.003125 0.0011723329425556857
0 0.761328125 0.3698710433763189 0.00859375 0.004689331770222743
0 0.7234375 0.3689917936694021 0.0109375 0.005275498241500586
0 0.337890625 0.3701641266119578 0.01015625 0.0076201641266119575
0 0.83828125 0.3669402110199297 0.0078125 0.0035169988276670576
0 0.651171875 0.3678194607268464 0.01015625 0.0076201641266119575
0 0.6734375 0.36518171160609614 0.009375 0.005861664712778429
0 0.40859375 0.36518171160609614 0.009375 0.007033997655334115
0 0.22734375 0.3637162954279015 0.0109375 0.0076201641266119575
0 0.7796875 0.3613716295427902 0.0078125 0.004103165298944901
0 0.81953125 0.35990621336459555 0.00625 0.0035169988276670576
0 0.744140625 0.3604923798358734 0.00859375 0.004689331770222743
0 0.3890625 0.3604923798358734 0.00625 0.004689331770222743
0 0.262109375 0.3616647127784291 0.00859375 0.007033997655334115
0 0.281640625 0.35990621336459555 0.00859375 0.007033997655334115
0 0.364453125 0.3590269636576788 0.01015625 0.0076201641266119575
0 0.798828125 0.35228604923798357 0.00703125 0.0035169988276670576
0 0.3 0.35433763188745604 0.009375 0.0076201641266119575
0 0.72421875 0.35199296600234464 0.0109375 0.005275498241500586
0 0.7640625 0.3511137162954279 0.009375 0.004689331770222743
0 0.415625 0.35140679953106685 0.009375 0.005275498241500586
0 0.34296875 0.35199296600234464 0.009375 0.0076201641266119575
0 0.70078125 0.35023446658851115 0.0109375 0.005275498241500586
0 0.676171875 0.34876905041031653 0.01015625 0.005861664712778429
0 0.3890625 0.34466588511137164 0.00625 0.0035169988276670576
0 0.321484375 0.347010550996483 0.01015625 0.008206330597889801
0 0.8203125 0.34349355216881594 0.0078125 0.0035169988276670576
0 0.277734375 0.34466588511137164 0.01015625 0.007033997655334115
0 0.74453125 0.34349355216881594 0.009375 0.005861664712778429
0 0.782421875 0.34261430246189917 0.00703125 0.005275498241500586
0 0.359765625 0.34349355216881594 0.00859375 0.007033997655334115
0 0.257421875 0.34378663540445487 0.00859375 0.0076201641266119575
0 0.428125 0.3388042203985932 0.009375 0.007033997655334115
0 0.3046875 0.33821805392731535 0.009375 0.007033997655334115
0 0.490625 0.3364595545134818 0.00625 0.004689331770222743
0 0.455859375 0.33704572098475966 0.01015625 0.007033997655334115
0 0.23515625 0.33675263774912073 0.00625 0.0076201641266119575
0 0.838671875 0.33499413833528724 0.00703125 0.005275498241500586
0 0.628125 0.3344079718640094 0.0109375 0.0076201641266119575
0 0.80546875 0.33264947245017584 0.0078125 0.005275498241500586
0 0.51171875 0.33294255568581477 0.009375 0.005861664712778429
0 0.732421875 0.33147713950762014 0.01015625 0.005275498241500586
0 0.532421875 0.3323563892145369 0.01015625 0.008206330597889801
0 0.33359375 0.3308909730363423 0.009375 0.0076201641266119575
0 0.353515625 0.32971864009378665 0.01015625 0.006447831184056272
0 0.28203125 0.3300117233294256 0.009375 0.007033997655334115
0 0.775 0.3276670574443142 0.0109375 0.004689331770222743
0 0.4203125 0.3250293083235639 0.0078125 0.005275498241500586
0 0.753125 0.32415005861664714 0.0078125 0.004689331770222743
0 0.824609375 0.3238569753810082 0.00703125 0.005275498241500586
0 0.25625 0.3238569753810082 0.009375 0.0076201641266119575
0 0.68125 0.3215123094958968 0.0109375 0.006447831184056272
0 0.7953125 0.3182883939038687 0.009375 0.004689331770222743
0 0.730859375 0.31477139507620167 0.00859375 0.004689331770222743
0 0.279296875 0.3150644783118406 0.01015625 0.006447831184056272
0 0.519921875 0.3138921453692849 0.01015625 0.005275498241500586
0 0.344921875 0.31447831184056274 0.00546875 0.006447831184056272
0 0.77578125 0.31096131301289565 0.0078125 0.004103165298944901
0 0.326953125 0.3127198124267292 0.00859375 0.0076201641266119575
0 0.8390625 0.31096131301289565 0.0078125 0.005275498241500586
0 0.8125 0.3094958968347011 0.00625 0.004689331770222743
0 0.3078125 0.31096131301289565 0.009375 0.0076201641266119575
0 0.23359375 0.3103751465416178 0.0109375 0.0076201641266119575
0 0.255859375 0.3074443141852286 0.01015625 0.0076201641266119575
0 0.757421875 0.30392731535756157 0.00234375 0.0029308323563892145
0 0.719140625 0.30275498241500587 0.00859375 0.005275498241500586
0 0.697265625 0.30275498241500587 0.01015625 0.005275498241500586
0 0.655078125 0.2995310668229777 0.00859375 0.004689331770222743
0 0.27109375 0.30011723329425555 0.00625 0.005861664712778429
0 0.79921875 0.29835873388042206 0.00625 0.004689331770222743
0 0.354296875 0.2995310668229777 0.01015625 0.008206330597889801
0 0.828125 0.29718640093786636 0.00625 0.004689331770222743
0 0.319140625 0.2977725674091442 0.00859375 0.007033997655334115
0 0.298828125 0.29718640093786636 0.00703125 0.007033997655334115
0 0.777734375 0.2951348182883939 0.00703125 0.004103165298944901
0 0.676953125 0.29484173505275496 0.01015625 0.005861664712778429
0 0.441015625 0.29572098475967173 0.01015625 0.0076201641266119575
0 0.73984375 0.29396248534583824 0.00625 0.005275498241500586
0 0.508203125 0.28839390386869873 0.00546875 0.004689331770222743
0 0.7203125 0.28604923798358733 0.00625 0.004689331770222743
0 0.8125 0.28516998827667056 0.00625 0.005275498241500586
0 0.269140625 0.2845838218053927 0.00703125 0.005275498241500586
0 0.791796875 0.2828253223915592 0.00546875 0.004103165298944901
0 0.834765625 0.2813599062133646 0.00703125 0.004689331770222743
0 0.69453125 0.2816529894490035 0.00625 0.005275498241500586
0 0.7703125 0.2804806565064478 0.0078125 0.004103165298944901
0 0.295703125 0.2801875732708089 0.01015625 0.008206330597889801
0 0.575390625 0.2757913247362251 0.00703125 0.005275498241500586
0 0.39921875 0.27520515826494724 0.0078125 0.0076201641266119575
0 0.626953125 0.2737397420867526 0.00703125 0.005861664712778429
0 0.323046875 0.2746189917936694 0.00859375 0.0076201641266119575
0 0.36484375 0.2728604923798359 0.009375 0.008792497069167644
0 0.8046875 0.2696365767878077 0.00625 0.004689331770222743
0 0.674609375 0.2702227432590856 0.00859375 0.005861664712778429
0 0.548828125 0.2696365767878077 0.00703125 0.005861664712778429
0 0.34140625 0.2705158264947245 0.0078125 0.0076201641266119575
0 0.78125 0.26670574443141853 0.00625 0.004689331770222743
0 0.533984375 0.26465416178194606 0.00078125 0.0005861664712778429
0 0.826953125 0.26582649472450176 0.00546875 0.004103165298944901
0 0.648828125 0.26582649472450176 0.00703125 0.004103165298944901
0 0.305078125 0.2672919109026964 0.00859375 0.007033997655334115
0 0.760546875 0.26348182883939036 0.00859375 0.005275498241500586
0 0.732421875 0.26289566236811257 0.00703125 0.005275498241500586
0 0.403515625 0.2593786635404455 0.00703125 0.006447831184056272
0 0.465234375 0.2584994138335287 0.00546875 0.005861664712778429
0 0.325390625 0.2584994138335287 0.00859375 0.007033997655334115
0 0.7125 0.25498241500586166 0.0015625 0.0011723329425556857
0 0.670703125 0.2541031652989449 0.00078125 0.0005861664712778429
0 0.34375 0.2541031652989449 0.0078125 0.0076201641266119575
0 0.516796875 0.2511723329425557 0.00546875 0.0029308323563892145
0 0.799609375 0.2514654161781946 0.00390625 0.004689331770222743
0 0.246484375 0.25175849941383355 0.01015625 0.0076201641266119575
0 0.26640625 0.24794841735052756 0.0109375 0.008206330597889801
0 0.776953125 0.2458968347010551 0.00390625 0.005275498241500586
0 0.730859375 0.2447245017584994 0.00234375 0.0029308323563892145
0 0.451953125 0.2456037514654162 0.00703125 0.005861664712778429
0 0.56171875 0.2429660023446659 0.009375 0.005275498241500586
0 0.5375 0.24267291910902697 0.00625 0.004689331770222743
0 0.425 0.24150058616647127 0.003125 0.0035169988276670576
0 0.28671875 0.24384525205158264 0.009375 0.008206330597889801
0 0.331640625 0.24237983587338804 0.00703125 0.0076201641266119575
0 0.666015625 0.23856975381008205 0.00390625 0.0035169988276670576
0 0.7453125 0.23446658851113716 0.0015625 0.0011723329425556857
0 0.519921875 0.23534583821805394 0.00546875 0.0029308323563892145
0 0.359375 0.2376905041031653 0.009375 0.008792497069167644
0 0.746484375 0.23300117233294257 0.00078125 0.0005861664712778429
0 0.71328125 0.235052754982415 0.003125 0.004689331770222743
0 0.408203125 0.23446658851113716 0.00703125 0.008206330597889801
0 0.255859375 0.23417350527549824 0.01015625 0.0076201641266119575
0 0.77109375 0.23065650644783117 0.003125 0.0017584994138335288
0 0.444140625 0.23065650644783117 0.00546875 0.0029308323563892145
0 0.79453125 0.23007033997655335 0.0015625 0.0029308323563892145
0 0.81484375 0.22977725674091443 0.0046875 0.0035169988276670576
0 0.388671875 0.2321219226260258 0.00703125 0.008206330597889801
0 0.3421875 0.2283118405627198 0.00625 0.0076201641266119575
0 0.323046875 0.22801875732708088 0.00859375 0.008206330597889801
0 0.698046875 0.2250879249706917 0.00390625 0.0035169988276670576
0 0.62421875 0.22450175849941384 0.00625 0.005861664712778429
0 0.426171875 0.22362250879249707 0.00703125 0.005275498241500586
0 0.370703125 0.22479484173505276 0.00859375 0.0076201641266119575
0 0.726171875 0.22186400937866355 0.00390625 0.005275498241500586
0 0.53203125 0.22069167643610785 0.003125 0.0029308323563892145
0 0.750390625 0.2174677608440797 0.00546875 0.0035169988276670576
0 0.455859375 0.2174677608440797 0.00390625 0.0035169988276670576
0 0.807421875 0.21512309495896834 0.00234375 0.0035169988276670576
0 0.55234375 0.21395076201641267 0.003125 0.0023446658851113715
0 0.487109375 0.21453692848769051 0.00390625 0.004689331770222743
0 0.4109375 0.21395076201641267 0.0078125 0.004689331770222743
0 0.515625 0.21189917936694022 0.0078125 0.005275498241500586
0 0.642578125 0.21131301289566237 0.00546875 0.005275498241500586
0 0.701953125 0.208968347010551 0.00234375 0.0017584994138335288
0 0.665234375 0.20926143024618993 0.00390625 0.0035169988276670576
0 0.76484375 0.2048651817116061 0.003125 0.005275498241500586
0 0.62734375 0.2022274325908558 0.003125 0.0035169988276670576
0 0.424609375 0.20457209847596716 0.00703125 0.008206330597889801
0 0.576953125 0.1981242672919109 0.00234375 0.0011723329425556857
0 0.684375 0.19871043376318875 0.00625 0.0035169988276670576
0 0.7921875 0.1969519343493552 0.0015625 0.004689331770222743
0 0.356640625 0.19636576787807739 0.00703125 0.005861664712778429
0 0.39453125 0.1951934349355217 0.003125 0.004689331770222743
0 0.751171875 0.19138335287221572 0.00546875 0.0017584994138335288
0 0.6671875 0.18962485345838218 0.003125 0.0017584994138335288
0 0.561328125 0.18933177022274325 0.00390625 0.0035169988276670576
0 0.48125 0.1899179366940211 0.009375 0.007033997655334115
0 0.63515625 0.18640093786635403 0.00625 0.0023446658851113715
0 0.5328125 0.1858147713950762 0.00625 0.0035169988276670576
0 0.3703125 0.1858147713950762 0.0046875 0.004689331770222743
0 0.80859375 0.18141852286049237 0.003125 0.004103165298944901
0 0.59375 0.17995310668229778 0.003125 0.0023446658851113715
0 0.787890625 0.17995310668229778 0.00390625 0.0035169988276670576
0 0.748046875 0.17526377491207504 0.00390625 0.0035169988276670576
0 0.57421875 0.1749706916764361 0.009375 0.005275498241500586
0 0.678515625 0.1708675263774912 0.00078125 0.0005861664712778429
0 0.443359375 0.16998827667057445 0.00078125 0.0011723329425556857
0 0.405859375 0.16998827667057445 0.00703125 0.005861664712778429
0 0.804296875 0.16617819460726846 0.00390625 0.0029308323563892145
0 0.463671875 0.16178194607268465 0.00703125 0.0035169988276670576
0 0.631640625 0.15240328253223914 0.00078125 0.0035169988276670576
0 0.673828125 0.14800703399765533 0.00078125 0.0005861664712778429
0 0.40234375 0.1477139507620164 0.0046875 0.007033997655334115
0 0.652734375 0.1450762016412661 0.00390625 0.0029308323563892145
0 0.592578125 0.14566236811254396 0.00859375 0.006447831184056272
0 0.42734375 0.13892145369284878 0.00625 0.0035169988276670576
0 0.373046875 0.134232121922626 0.01015625 0.007033997655334115
0 0.6796875 0.13130128956623682 0.003125 0.0035169988276670576
0 0.454296875 0.13042203985932005 0.00703125 0.005275498241500586
0 0.794140625 0.1254396248534584 0.00859375 0.0035169988276670576
0 0.5671875 0.1228018757327081 0.003125 0.005275498241500586
0 0.708984375 0.12192262602579132 0.00546875 0.009378663540445486
0 0.52421875 0.1201641266119578 0.00625 0.008206330597889801
0 0.641796875 0.11664712778429073 0.00546875 0.005861664712778429
0 0.54375 0.11019929660023446 0.0015625 0.0035169988276670576
0 0.57734375 0.10873388042203985 0.0015625 0.0029308323563892145
0 0.794921875 0.10726846424384526 0.00859375 0.008206330597889801
0 0.800390625 0.08206330597889801 0.00703125 0.007033997655334115
