0 0.262109375 0.9358147713950762 0.00078125 0.0005861664712778429
0 0.256640625 0.9328839390386869 0.00546875 0.0017584994138335288
0 0.283984375 0.9270222743259086 0.00390625 0.005275498241500586
0 0.248828125 0.9176436107854631 0.00859375 0.004103165298944901
0 0.366796875 0.9117819460726846 0.01015625 0.006447831184056272
0 0.5453125 0.9035756154747948 0.0109375 0.011137162954279016
0 0.694140625 0.8933177022274326 0.01171875 0.010550996483001172
0 0.21171875 0.8898007033997656 0.009375 0.0035169988276670576
0 0.37265625 0.8845252051582649 0.003125 0.0023446658851113715
0 0.59453125 0.8856975381008206 0.0109375 0.009378663540445486
0 0.319921875 0.8821805392731535 0.00703125 0.005861664712778429
0 0.628125 0.8824736225087925 0.0109375 0.0076201641266119575
0 0.556640625 0.8815943728018757 0.01171875 0.010550996483001172
0 0.402734375 0.8766119577960141 0.00390625 0.0029308323563892145
0 0.3953125 0.8754396248534584 0.00625 0.0029308323563892145
0 0.658203125 0.8783704572098476 0.01171875 0.00996483001172333
0 0.444921875 0.8716295427901524 0.00546875 0.007033997655334115
0 0.60625 0.8701641266119577 0.0078125 0.0076201641266119575
0 0.645703125 0.8660609613130129 0.00078125 0.0005861664712778429
0 0.27109375 0.8660609613130129 0.0015625 0.0029308323563892145
0 0.218359375 0.8654747948417351 0.00234375 0.0017584994138335288
0 0.641796875 0.8637162954279015 0.00078125 0.0005861664712778429
0 0.367578125 0.8675263774912075 0.01171875 0.008206330597889801
0 0.33671875 0.8669402110199297 0.0125 0.010550996483001172
0 0.265625 0.861664712778429 0.0078125 0.0035169988276670576
0 0.246875 0.8587338804220399 0.0078125 0.005861664712778429
0 0.405078125 0.8590269636576788 0.01171875 0.00996483001172333
0 0.65546875 0.8525791324736225 0.0125 0.00996483001172333
0 0.50546875 0.8511137162954279 0.0125 0.009378663540445486
0 0.47578125 0.85052754982415 0.0109375 0.010550996483001172
0 0.609765625 0.8493552168815943 0.01171875 0.009378663540445486
0 0.328125 0.8423212192262602 0.0125 0.009378663540445486
0 0.45859375 0.8405627198124267 0.0109375 0.010550996483001172
0 0.28515625 0.8388042203985931 0.0125 0.009378663540445486
0 0.49140625 0.8370457209847597 0.0125 0.010550996483001172
0 0.376171875 0.8373388042203986 0.01171875 0.011137162954279016
0 0.62265625 0.8332356389214537 0.0078125 0.006447831184056272
0 0.694921875 0.8332356389214537 0.01171875 0.008792497069167644
0 0.303515625 0.8267878077373975 0.00703125 0.0076201641266119575
0 0.330859375 0.8223915592028136 0.01328125 0.009378663540445486
0 0.669921875 0.8215123094958968 0.01171875 0.00996483001172333
0 0.243359375 0.8185814771395076 0.00703125 0.005275498241500586
0 0.712109375 0.8182883939038686 0.00859375 0.009378663540445486
0 0.691015625 0.8138921453692849 0.00859375 0.006447831184056272
0 0.213671875 0.8118405627198124 0.00546875 0.0023446658851113715
0 0.557421875 0.8153575615474795 0.01171875 0.010550996483001172
0 0.640234375 0.813599062133646 0.01171875 0.009378663540445486
0 0.35390625 0.8103751465416178 0.0125 0.0076201641266119575
0 0.316796875 0.8074443141852286 0.01171875 0.00996483001172333
0 0.61484375 0.8071512309495897 0.009375 0.010550996483001172
0 0.235546875 0.8033411488862837 0.00859375 0.006447831184056272
0 0.708203125 0.8012895662368112 0.00859375 0.005861664712778429
0 0.485546875 0.7995310668229777 0.01171875 0.010550996483001172
0 0.527734375 0.7989449003516998 0.01171875 0.010550996483001172
0 0.261328125 0.7963071512309496 0.00859375 0.008792497069167644
0 0.6546875 0.7942555685814772 0.0125 0.009378663540445486
0 0.56953125 0.7942555685814772 0.0125 0.010550996483001172
0 0.284765625 0.7922039859320047 0.01171875 0.0076201641266119575
0 0.351171875 0.7913247362250879 0.01015625 0.009378663540445486
0 0.634765625 0.7883939038686987 0.01171875 0.010550996483001172
0 0.376953125 0.7854630715123095 0.00390625 0.007033997655334115
0 0.730078125 0.7863423212192263 0.01171875 0.00996483001172333
0 0.5109375 0.7834114888628371 0.009375 0.0076201641266119575
0 0.22734375 0.7828253223915592 0.0046875 0.006447831184056272
0 0.426953125 0.7842907385697538 0.01171875 0.010550996483001172
0 0.400390625 0.7825322391559203 0.00703125 0.007033997655334115
0 0.18671875 0.7828253223915592 0.0109375 0.008792497069167644
0 0.705078125 0.7822391559202814 0.01328125 0.008792497069167644
0 0.82734375 0.7804806565064478 0.0125 0.00996483001172333
0 0.2515625 0.779601406799531 0.009375 0.009378663540445486
0 0.77421875 0.7793083235638921 0.0125 0.00996483001172333
0 0.651953125 0.7740328253223916 0.01171875 0.0076201641266119575
0 0.28125 0.7728604923798359 0.0078125 0.005275498241500586
0 0.7484375 0.7693434935521688 0.0125 0.008792497069167644
0 0.32890625 0.7681711606096131 0.0125 0.0076201641266119575
0 0.500390625 0.7678780773739742 0.01171875 0.009378663540445486
0 0.3703125 0.7672919109026963 0.0125 0.009378663540445486
0 0.30546875 0.7675849941383353 0.0109375 0.00996483001172333
0 0.23828125 0.765240328253224 0.0109375 0.008792497069167644
0 0.715625 0.7640679953106683 0.0125 0.00996483001172333
0 0.623828125 0.7637749120750293 0.01171875 0.010550996483001172
0 0.265234375 0.7608440797186401 0.00546875 0.005861664712778429
0 0.394921875 0.761137162954279 0.00546875 0.0076201641266119575
0 0.683984375 0.7570339976553341 0.01171875 0.008792497069167644
0 0.417578125 0.7555685814771395 0.01171875 0.005861664712778429
0 0.648046875 0.7564478311840562 0.01171875 0.008792497069167644
0 0.35 0.7570339976553341 0.0125 0.00996483001172333
0 0.287890625 0.7546893317702228 0.01171875 0.008792497069167644
0 0.74921875 0.7517584994138335 0.0125 0.008792497069167644
0 0.3171875 0.7511723329425557 0.0109375 0.0076201641266119575
0 0.24765625 0.7470691676436108 0.0125 0.0076201641266119575
0 0.2171875 0.7470691676436108 0.009375 0.0076201641266119575
0 0.631640625 0.7450175849941383 0.01171875 0.009378663540445486
0 0.83125 0.742672919109027 0.0125 0.009378663540445486
0 0.673828125 0.7415005861664713 0.01171875 0.009378663540445486
0 0.422265625 0.738569753810082 0.01171875 0.009378663540445486
0 0.3359375 0.7353458382180539 0.009375 0.0076201641266119575
0 0.653515625 0.7341735052754983 0.01171875 0.00996483001172333
0 0.2796875 0.7335873388042204 0.0125 0.008792497069167644
0 0.7828125 0.7332942555685815 0.0125 0.009378663540445486
0 0.23359375 0.7330011723329426 0.0125 0.008792497069167644
0 0.54375 0.7309495896834701 0.0109375 0.009378663540445486
0 0.20546875 0.7303634232121923 0.0109375 0.009378663540445486
0 0.310546875 0.727432590855803 0.01171875 0.008206330597889801
0 0.764453125 0.7224501758499414 0.01171875 0.008792497069167644
0 0.388671875 0.7224501758499414 0.01171875 0.00996483001172333
0 0.2484375 0.7183470105509965 0.0125 0.0076201641266119575
0 0.814453125 0.7174677608440797 0.00859375 0.009378663540445486
0 0.22421875 0.7160023446658851 0.0109375 0.00996483001172333
0 0.272265625 0.7116060961313013 0.01171875 0.005861664712778429
0 0.641796875 0.7104337631887456 0.01171875 0.009378663540445486
0 0.790625 0.708968347010551 0.009375 0.008792497069167644
0 0.186328125 0.7083821805392732 0.01015625 0.008792497069167644
0 0.333984375 0.7060375146541618 0.01171875 0.00996483001172333
0 0.765234375 0.7045720984759671 0.01171875 0.008206330597889801
0 0.73125 0.7042790152403282 0.0125 0.008792497069167644
0 0.3578125 0.7033997655334114 0.0125 0.009378663540445486
0 0.209375 0.7010550996483002 0.0109375 0.008206330597889801
0 0.511328125 0.7004689331770223 0.01171875 0.009378663540445486
0 0.254296875 0.7004689331770223 0.01328125 0.009378663540445486
0 0.807421875 0.697831184056272 0.01328125 0.008792497069167644
0 0.232421875 0.6922626025791325 0.01328125 0.009378663540445486
0 0.75078125 0.6910902696365768 0.0125 0.008206330597889801
0 0.384765625 0.6916764361078547 0.01171875 0.009378663540445486
0 0.723046875 0.6890386869871044 0.00859375 0.008792497069167644
0 0.341015625 0.6872801875732708 0.01171875 0.00996483001172333
0 0.786328125 0.6849355216881594 0.01171875 0.008792497069167644
0 0.67421875 0.6849355216881594 0.0125 0.008792497069167644
0 0.30078125 0.6843493552168816 0.0125 0.0076201641266119575
0 0.211328125 0.6817116060961314 0.01328125 0.009378663540445486
0 0.255078125 0.6779015240328253 0.01328125 0.008792497069167644
0 0.76484375 0.6767291910902696 0.009375 0.008792497069167644
0 0.32265625 0.6764361078546307 0.0125 0.009378663540445486
0 0.740625 0.6755568581477139 0.0109375 0.008792497069167644
0 0.2796875 0.6749706916764361 0.0125 0.008792497069167644
0 0.809765625 0.6673505275498242 0.01171875 0.008792497069167644
0 0.234765625 0.6655920281359906 0.01328125 0.008792497069167644
0 0.19765625 0.6652989449003517 0.0125 0.008206330597889801
0 0.723828125 0.6638335287221571 0.01171875 0.0076201641266119575
0 0.615234375 0.6638335287221571 0.01171875 0.008792497069167644
0 0.33671875 0.6597303634232122 0.0015625 0.0017584994138335288
0 0.33046875 0.6609026963657679 0.009375 0.004103165298944901
0 0.3078125 0.6623681125439624 0.0125 0.009378663540445486
0 0.36171875 0.6611957796014069 0.0125 0.009378663540445486
0 0.787890625 0.6591441969519344 0.01171875 0.008792497069167644
0 0.2578125 0.6591441969519344 0.0125 0.00996483001172333
0 0.845703125 0.6570926143024619 0.01015625 0.009378663540445486
0 0.283203125 0.6565064478311841 0.01328125 0.009378663540445486
0 0.74921875 0.6544548651817116 0.0109375 0.008792497069167644
0 0.217578125 0.652696365767878 0.01328125 0.008792497069167644
0 0.18203125 0.64947245017585 0.003125 0.0023446658851113715
0 0.1890625 0.64947245017585 0.009375 0.005861664712778429
0 0.82578125 0.6491793669402111 0.0125 0.0076201641266119575
0 0.716015625 0.6474208675263775 0.01171875 0.008792497069167644
0 0.267578125 0.6444900351699883 0.01171875 0.005275498241500586
0 0.273828125 0.6409730363423212 0.00078125 0.0005861664712778429
0 0.24140625 0.645369284876905 0.0125 0.009378663540445486
0 0.35 0.6444900351699883 0.0125 0.00996483001172333
0 0.30234375 0.6439038686987104 0.0125 0.008792497069167644
0 0.7703125 0.6365767878077374 0.0109375 0.008206330597889801
0 0.7453125 0.6362837045720985 0.0109375 0.0076201641266119575
0 0.3265625 0.6359906213364596 0.0125 0.009378663540445486
0 0.221484375 0.6333528722157092 0.01328125 0.006447831184056272
0 0.823046875 0.6324736225087925 0.00859375 0.007033997655334115
0 0.19296875 0.6307151230949589 0.0125 0.009378663540445486
0 0.2515625 0.6283704572098476 0.0125 0.008206330597889801
0 0.616015625 0.6245603751465416 0.01171875 0.008792497069167644
0 0.2765625 0.6236811254396248 0.0125 0.007033997655334115
0 0.746875 0.6207502930832356 0.0109375 0.004689331770222743
0 0.3234375 0.6178194607268465 0.0125 0.009378663540445486
0 0.2109375 0.6178194607268465 0.0109375 0.009378663540445486
0 0.81328125 0.6166471277842908 0.0125 0.008206330597889801
0 0.298828125 0.6160609613130129 0.01328125 0.009378663540445486
0 0.780859375 0.6137162954279015 0.00546875 0.007033997655334115
0 0.237109375 0.6131301289566237 0.01015625 0.005861664712778429
0 0.588671875 0.6125439624853458 0.01171875 0.008206330597889801
0 0.26171875 0.6101992966002344 0.0125 0.008206330597889801
0 0.3546875 0.6081477139507621 0.0125 0.008792497069167644
0 0.180078125 0.6075615474794842 0.01328125 0.0076201641266119575
0 0.76015625 0.6049237983587339 0.0109375 0.008206330597889801
0 0.2921875 0.5987690504103166 0.0125 0.00996483001172333
0 0.21953125 0.5961313012895663 0.0109375 0.005861664712778429
0 0.24453125 0.5967174677608441 0.0125 0.008206330597889801
0 0.71796875 0.5955451348182884 0.0109375 0.008206330597889801
0 0.580859375 0.5946658851113716 0.01171875 0.008792497069167644
0 0.33359375 0.5943728018757327 0.0125 0.009378663540445486
0 0.269140625 0.5920281359906213 0.01328125 0.009378663540445486
0 0.196484375 0.5888042203985931 0.01328125 0.006447831184056272
0 0.828125 0.5867526377491208 0.0125 0.008206330597889801
0 0.73515625 0.5835287221570926 0.0109375 0.008792497069167644
0 0.31484375 0.5829425556858148 0.0125 0.008792497069167644
0 0.713671875 0.578253223915592 0.01171875 0.008792497069167644
0 0.2859375 0.5785463071512309 0.0125 0.009378663540445486
0 0.250390625 0.5770808909730364 0.01171875 0.006447831184056272
0 0.181640625 0.5750293083235639 0.01328125 0.008206330597889801
0 0.206640625 0.5720984759671747 0.01171875 0.007033997655334115
0 0.774609375 0.5668229777256741 0.00859375 0.007033997655334115
0 0.305078125 0.5653575615474795 0.01328125 0.0076201641266119575
0 0.35078125 0.5641852286049238 0.0125 0.008792497069167644
0 0.227734375 0.5612543962485346 0.01015625 0.005275498241500586
0 0.262890625 0.5624267291910903 0.01328125 0.008792497069167644
0 0.665234375 0.5592028135990621 0.01171875 0.008206330597889801
0 0.19375 0.555978898007034 0.0015625 0.0017584994138335288
0 0.69921875 0.5571512309495897 0.0109375 0.008792497069167644
0 0.61015625 0.5548065650644783 0.0109375 0.005275498241500586
0 0.325 0.5545134818288394 0.0125 0.007033997655334115
0 0.286328125 0.5550996483001173 0.01328125 0.009378663540445486
0 0.587109375 0.5498241500586166 0.01171875 0.008206330597889801
0 0.245703125 0.5492379835873388 0.01328125 0.009378663540445486
0 0.436328125 0.5477725674091442 0.01015625 0.0076201641266119575
0 0.8234375 0.5454279015240329 0.009375 0.0076201641266119575
0 0.220703125 0.5442555685814772 0.01328125 0.0076201641266119575
0 0.33359375 0.5398593200468933 0.0125 0.005861664712778429
0 0.802734375 0.5375146541617819 0.01171875 0.008206330597889801
0 0.271484375 0.5378077373974208 0.01328125 0.008792497069167644
0 0.308984375 0.5357561547479485 0.01328125 0.008206330597889801
0 0.591796875 0.5325322391559203 0.01171875 0.008792497069167644
0 0.428515625 0.5307737397420867 0.01015625 0.006447831184056272
0 0.291015625 0.5252051582649473 0.01328125 0.005861664712778429
0 0.390234375 0.5254982415005862 0.01171875 0.0076201641266119575
0 0.2 0.5231535756154748 0.0125 0.006447831184056272
0 0.225390625 0.5219812426729191 0.01328125 0.0076201641266119575
0 0.32421875 0.5216881594372802 0.0125 0.009378663540445486
0 0.816015625 0.5205158264947245 0.01171875 0.008206330597889801
0 0.34921875 0.5202227432590856 0.0125 0.0076201641266119575
0 0.266015625 0.5199296600234466 0.01328125 0.009378663540445486
0 0.372265625 0.5143610785463072 0.01171875 0.008792497069167644
0 0.759765625 0.5117233294255569 0.01171875 0.008206330597889801
0 0.30546875 0.5090855803048066 0.0125 0.008792497069167644
0 0.39765625 0.5084994138335287 0.0125 0.008792497069167644
0 0.191015625 0.5064478311840562 0.01328125 0.008206330597889801
0 0.714453125 0.503810082063306 0.01171875 0.005275498241500586
0 0.28125 0.5058616647127784 0.0125 0.009378663540445486
0 0.32890625 0.5029308323563892 0.0125 0.008206330597889801
0 0.84140625 0.5023446658851114 0.0125 0.008206330597889801
0 0.353125 0.5029308323563892 0.0125 0.009378663540445486
0 0.25625 0.5026377491207503 0.0125 0.008792497069167644
0 0.22265625 0.5008792497069168 0.0125 0.005275498241500586
0 0.570703125 0.4976553341148886 0.01171875 0.008206330597889801
0 0.44140625 0.49648300117233296 0.0109375 0.005861664712778429
0 0.417578125 0.4956037514654162 0.01171875 0.005275498241500586
0 0.768359375 0.4956037514654162 0.01171875 0.008792497069167644
0 0.3796875 0.4958968347010551 0.0125 0.009378663540445486
0 0.30703125 0.49296600234466587 0.0125 0.005861664712778429
0 0.8015625 0.48710433763188743 0.0125 0.008206330597889801
0 0.23984375 0.48710433763188743 0.0140625 0.009378663540445486
0 0.265625 0.4859320046893318 0.0140625 0.009378663540445486
0 0.33046875 0.48417350527549824 0.009375 0.007033997655334115
0 0.35625 0.48212192262602577 0.0109375 0.005275498241500586
0 0.83984375 0.48300117233294254 0.0125 0.008206330597889801
0 0.487890625 0.4803634232121923 0.01171875 0.005275498241500586
0 0.51875 0.4806565064478312 0.0109375 0.008206330597889801
0 0.38046875 0.47889800703399765 0.009375 0.004689331770222743
0 0.373828125 0.4768464243845252 0.00078125 0.0005861664712778429
0 0.42890625 0.47596717467760846 0.009375 0.005861664712778429
0 0.466015625 0.47479484173505276 0.00859375 0.005861664712778429
0 0.287890625 0.47596717467760846 0.01328125 0.009378663540445486
0 0.3125 0.47362250879249707 0.0125 0.009378663540445486
0 0.86171875 0.47245017584994137 0.0125 0.008206330597889801
0 0.820703125 0.47245017584994137 0.01171875 0.008206330597889801
0 0.4015625 0.4709847596717468 0.0125 0.0076201641266119575
0 0.257421875 0.47010550996483 0.01328125 0.007033997655334115
0 0.341796875 0.46922626025791325 0.01171875 0.008792497069167644
0 0.23203125 0.46922626025791325 0.0125 0.00996483001172333
0 0.732421875 0.4674677608440797 0.01171875 0.008792497069167644
0 0.8421875 0.4657092614302462 0.009375 0.0076201641266119575
0 0.50078125 0.46365767878077374 0.009375 0.004689331770222743
0 0.365234375 0.4642438452520516 0.01171875 0.005861664712778429
0 0.494140625 0.46131301289566234 0.00078125 0.0011723329425556857
0 0.2078125 0.46395076201641267 0.0140625 0.00996483001172333
0 0.795703125 0.46160609613130127 0.01328125 0.008792497069167644
0 0.455859375 0.45515826494724504 0.00078125 0.0005861664712778429
0 0.42265625 0.45808909730363423 0.0125 0.0076201641266119575
0 0.29609375 0.4577960140679953 0.0125 0.007033997655334115
0 0.4609375 0.4548651817116061 0.0078125 0.0035169988276670576
0 0.45390625 0.45398593200468934 0.0015625 0.0017584994138335288
0 0.323046875 0.4563305978898007 0.01328125 0.0076201641266119575
0 0.38828125 0.4566236811254396 0.0125 0.009378663540445486
0 0.7171875 0.45574443141852283 0.009375 0.008792497069167644
0 0.74609375 0.45398593200468934 0.0109375 0.008792497069167644
0 0.8265625 0.45310668229777257 0.0125 0.008206330597889801
0 0.85390625 0.4504689331770223 0.0125 0.0076201641266119575
0 0.34609375 0.451348182883939 0.0125 0.009378663540445486
0 0.191796875 0.4492966002344666 0.01328125 0.008792497069167644
0 0.2453125 0.447831184056272 0.0125 0.009378663540445486
0 0.76796875 0.4466588511137163 0.0109375 0.008206330597889801
0 0.6953125 0.4469519343493552 0.0125 0.008792497069167644
0 0.512109375 0.4469519343493552 0.01171875 0.008792497069167644
0 0.271484375 0.44431418522860494 0.01328125 0.0035169988276670576
0 0.36875 0.4451934349355217 0.0125 0.008792497069167644
0 0.66484375 0.44431418522860494 0.0109375 0.008206330597889801
0 0.391015625 0.4393317702227433 0.01171875 0.005275498241500586
0 0.444140625 0.4405041031652989 0.01171875 0.008792497069167644
0 0.21171875 0.4393317702227433 0.0140625 0.00996483001172333
0 0.415625 0.43640093786635403 0.0109375 0.005275498241500586
0 0.3234375 0.4381594372801876 0.0125 0.008792497069167644
0 0.749609375 0.43640093786635403 0.01171875 0.008792497069167644
0 0.500390625 0.4317116060961313 0.00078125 0.0005861664712778429
0 0.505078125 0.432883939038687 0.00703125 0.004103165298944901
0 0.498046875 0.4305392731535756 0.00234375 0.0017584994138335288
0 0.35 0.4331770222743259 0.0125 0.009378663540445486
0 0.29921875 0.4331770222743259 0.0125 0.009378663540445486
0 0.771484375 0.42936694021101995 0.01171875 0.008792497069167644
0 0.677734375 0.42936694021101995 0.01171875 0.008792497069167644
0 0.599609375 0.42790152403282533 0.01171875 0.008206330597889801
0 0.252734375 0.4287807737397421 0.01328125 0.00996483001172333
0 0.373046875 0.4264361078546307 0.01171875 0.0076201641266119575
0 0.86640625 0.4249706916764361 0.0125 0.008206330597889801
0 0.80859375 0.4235052754982415 0.0125 0.008792497069167644
0 0.524609375 0.4223329425556858 0.01015625 0.006447831184056272
0 0.438671875 0.4220398593200469 0.01171875 0.007033997655334115
0 0.280078125 0.42174677608440797 0.01328125 0.008792497069167644
0 0.33046875 0.42145369284876905 0.0125 0.009378663540445486
0 0.2109375 0.42057444314185227 0.0140625 0.00996483001172333
0 0.41328125 0.4191090269636577 0.0125 0.008206330597889801
0 0.35390625 0.41500586166471276 0.0125 0.008206330597889801
0 0.390234375 0.4135404454865182 0.01171875 0.006447831184056272
0 0.306640625 0.41471277842907384 0.01328125 0.00996483001172333
0 0.183984375 0.4070926143024619 0.00078125 0.0005861664712778429
0 0.85 0.4097303634232122 0.0125 0.008206330597889801
0 0.762109375 0.4079718640093787 0.01171875 0.008206330597889801
0 0.191015625 0.40767878077373976 0.01328125 0.008792497069167644
0 0.784375 0.4070926143024619 0.0109375 0.008792497069167644
0 0.73984375 0.40650644783118406 0.0109375 0.008792497069167644
0 0.80703125 0.4059202813599062 0.0125 0.008792497069167644
0 0.43828125 0.40416178194607266 0.0125 0.008792497069167644
0 0.269921875 0.4044548651817116 0.01328125 0.009378663540445486
0 0.325390625 0.4026963657678781 0.01328125 0.008206330597889801
0 0.462109375 0.4026963657678781 0.01171875 0.009378663540445486
0 0.219140625 0.402989449003517 0.01328125 0.00996483001172333
0 0.244921875 0.40123094958968347 0.01328125 0.00996483001172333
0 0.3734375 0.39859320046893315 0.0125 0.009378663540445486
0 0.293359375 0.39859320046893315 0.01328125 0.009378663540445486
0 0.398828125 0.39654161781946073 0.01171875 0.008792497069167644
0 0.34921875 0.39683470105509966 0.0125 0.009378663540445486
0 0.490234375 0.3947831184056272 0.01171875 0.006447831184056272
0 0.5140625 0.39536928487690504 0.0109375 0.008792497069167644
0 0.860546875 0.39449003516998826 0.01328125 0.008206330597889801
0 0.83359375 0.39243845252051585 0.0125 0.008792497069167644
0 0.754296875 0.391852286049238 0.01015625 0.008792497069167644
0 0.80390625 0.3886283704572098 0.0015625 0.0035169988276670576
0 0.784765625 0.3895076201641266 0.01171875 0.008792497069167644
0 0.42109375 0.3892145369284877 0.0125 0.008206330597889801
0 0.809765625 0.38481828839390386 0.00234375 0.0005861664712778429
0 0.731640625 0.3886283704572098 0.01171875 0.008206330597889801
0 0.196484375 0.3883352872215709 0.01328125 0.00996483001172333
0 0.451953125 0.38599062133645956 0.01171875 0.008792497069167644
0 0.330078125 0.38481828839390386 0.01328125 0.008792497069167644
0 0.532421875 0.38364595545134816 0.01171875 0.0076201641266119575
0 0.273046875 0.384232121922626 0.01328125 0.00996483001172333
0 0.22265625 0.384232121922626 0.0140625 0.00996483001172333
0 0.304296875 0.38159437280187575 0.01171875 0.007033997655334115
0 0.597265625 0.38188745603751467 0.01171875 0.008792497069167644
0 0.384375 0.3813012895662368 0.0125 0.008792497069167644
0 0.24765625 0.38188745603751467 0.0140625 0.00996483001172333
0 0.36015625 0.38042203985932005 0.0125 0.009378663540445486
0 0.850390625 0.3795427901524033 0.01171875 0.008792497069167644
0 0.57421875 0.37807737397420865 0.0109375 0.007033997655334115
0 0.790625 0.37368112543962484 0.0015625 0.0017584994138335288
0 0.651171875 0.37602579132473624 0.01015625 0.006447831184056272
0 0.494140625 0.37749120750293086 0.01171875 0.009378663540445486
0 0.796875 0.3710433763188746 0.0078125 0.0011723329425556857
0 0.81484375 0.37075029308323565 0.0015625 0.0017584994138335288
0 0.756640625 0.3742672919109027 0.01171875 0.008792497069167644
0 0.703125 0.37397420867526376 0.0109375 0.008206330597889801
0 0.40703125 0.37485345838218054 0.0109375 0.00996483001172333
0 0.81875 0.369284876905041 0.0046875 0.0011723329425556857
0 0.441015625 0.3698710433763189 0.01171875 0.009378663540445486
0 0.287109375 0.369284876905041 0.01328125 0.009378663540445486
0 0.340234375 0.36811254396248533 0.01328125 0.008206330597889801
0 0.20703125 0.369284876905041 0.0140625 0.010550996483001172
0 0.533984375 0.365767878077374 0.01015625 0.007033997655334115
0 0.467578125 0.3660609613130129 0.01171875 0.008792497069167644
0 0.262109375 0.36664712778429076 0.01328125 0.00996483001172333
0 0.843359375 0.3613716295427902 0.00078125 0.0005861664712778429
0 0.834765625 0.3596131301289566 0.00078125 0.0005861664712778429
0 0.8375 0.3590269636576788 0.003125 0.0005861664712778429
0 0.636328125 0.3622508792497069 0.01171875 0.008206330597889801
0 0.38515625 0.3622508792497069 0.0125 0.008206330597889801
0 0.576171875 0.3607854630715123 0.01171875 0.0076201641266119575
0 0.2375 0.3613716295427902 0.0140625 0.00996483001172333
0 0.86484375 0.3590269636576788 0.0125 0.008792497069167644
0 0.489453125 0.3593200468933177 0.01171875 0.009378663540445486
0 0.318359375 0.3593200468933177 0.01328125 0.009378663540445486
0 0.823828125 0.35433763188745604 0.00078125 0.0005861664712778429
0 0.3609375 0.35873388042203985 0.0125 0.009378663540445486
0 0.812890625 0.3540445486518171 0.00078125 0.0011723329425556857
0 0.794140625 0.3569753810082063 0.01171875 0.008206330597889801
0 0.763671875 0.35726846424384523 0.01171875 0.008792497069167644
0 0.51328125 0.3569753810082063 0.0109375 0.008206330597889801
0 0.699609375 0.35668229777256744 0.01171875 0.008792497069167644
0 0.407421875 0.35580304806565066 0.01171875 0.008206330597889801
0 0.819921875 0.35228604923798357 0.00703125 0.0023446658851113715
0 0.673046875 0.3537514654161782 0.01171875 0.008792497069167644
0 0.550390625 0.35345838218053927 0.01171875 0.008206330597889801
0 0.431640625 0.3525791324736225 0.01171875 0.008792497069167644
0 0.276953125 0.35199296600234464 0.01328125 0.00996483001172333
0 0.3390625 0.3481828839390387 0.0125 0.005861664712778429
0 0.2 0.3505275498241501 0.0125 0.010550996483001172
0 0.73203125 0.34788980070339975 0.009375 0.0076201641266119575
0 0.65078125 0.3481828839390387 0.0125 0.008206330597889801
0 0.862109375 0.34378663540445487 0.00078125 0.0005861664712778429
0 0.848046875 0.34759671746776083 0.01328125 0.008206330597889801
0 0.62109375 0.34613130128956626 0.0109375 0.008792497069167644
0 0.300390625 0.34583821805392734 0.01328125 0.009378663540445486
0 0.862890625 0.3402696365767878 0.00078125 0.0005861664712778429
0 0.452734375 0.3440797186400938 0.01171875 0.008206330597889801
0 0.252734375 0.3452520515826495 0.01328125 0.010550996483001172
0 0.598046875 0.3440797186400938 0.01171875 0.009378663540445486
0 0.216796875 0.33968347010551 0.00078125 0.0005861664712778429
0 0.529296875 0.34232121922626024 0.01171875 0.007033997655334115
0 0.777734375 0.3429073856975381 0.01171875 0.009378663540445486
0 0.2234375 0.34261430246189917 0.0109375 0.008792497069167644
0 0.87109375 0.33939038686987105 0.0078125 0.004689331770222743
0 0.80390625 0.34144196951934347 0.0125 0.008792497069167644
0 0.710546875 0.3402696365767878 0.01171875 0.0076201641266119575
0 0.4875 0.34056271981242675 0.0109375 0.009378663540445486
0 0.362109375 0.33939038686987105 0.00859375 0.007033997655334115
0 0.572265625 0.3388042203985932 0.01171875 0.009378663540445486
0 0.4109375 0.3376318874560375 0.0125 0.008206330597889801
0 0.3875 0.3361664712778429 0.00625 0.005275498241500586
0 0.683984375 0.3344079718640094 0.00703125 0.006447831184056272
0 0.32421875 0.33411488862837047 0.0125 0.008206330597889801
0 0.640234375 0.33264947245017584 0.01171875 0.008792497069167644
0 0.279296875 0.3332356389214537 0.01328125 0.00996483001172333
0 0.83671875 0.332063305978898 0.0125 0.008792497069167644
0 0.54765625 0.33147713950762014 0.0109375 0.008792497069167644
0 0.220703125 0.32708089097303633 0.00078125 0.0011723329425556857
0 0.191015625 0.33177022274325907 0.01328125 0.010550996483001172
0 0.85078125 0.32708089097303633 0.0015625 0.0023446658851113715
0 0.508984375 0.3305978898007034 0.01171875 0.009378663540445486
0 0.43359375 0.3300117233294256 0.0109375 0.008206330597889801
0 0.74921875 0.32971864009378665 0.009375 0.008792497069167644
0 0.851953125 0.3250293083235639 0.00078125 0.0005861664712778429
0 0.614453125 0.32825322391559203 0.01171875 0.008206330597889801
0 0.7265625 0.3276670574443142 0.0109375 0.008206330597889801
0 0.854296875 0.32327080890973037 0.00078125 0.0005861664712778429
0 0.85703125 0.3226846424384525 0.003125 0.0005861664712778429
0 0.815625 0.3267878077373974 0.0109375 0.008792497069167644
0 0.79296875 0.3267878077373974 0.0109375 0.008792497069167644
0 0.770703125 0.32620164126611956 0.01171875 0.008792497069167644
0 0.45703125 0.3256154747948417 0.0109375 0.0076201641266119575
0 0.590234375 0.3256154747948417 0.01015625 0.008792497069167644
0 0.3015625 0.3250293083235639 0.0125 0.0076201641266119575
0 0.239453125 0.3215123094958968 0.00078125 0.0005861664712778429
0 0.70078125 0.324736225087925 0.009375 0.008206330597889801
0 0.216015625 0.3215123094958968 0.00859375 0.004103165298944901
0 0.4828125 0.32209847596717467 0.00625 0.0076201641266119575
0 0.403125 0.3215123094958968 0.00625 0.006447831184056272
0 0.353515625 0.3223915592028136 0.00859375 0.008206330597889801
0 0.378125 0.3191676436107855 0.003125 0.0029308323563892145
0 0.56640625 0.32063305978898005 0.0109375 0.008206330597889801
0 0.53125 0.32004689331770225 0.0078125 0.008206330597889801
0 0.263671875 0.31770222743259086 0.01171875 0.008206330597889801
0 0.68046875 0.3168229777256741 0.009375 0.0076201641266119575
0 0.653125 0.31652989449003516 0.009375 0.008206330597889801
0 0.233203125 0.3127198124267292 0.00078125 0.0005861664712778429
0 0.330859375 0.3150644783118406 0.00859375 0.0076201641266119575
0 0.239453125 0.31623681125439623 0.01015625 0.00996483001172333
0 0.83203125 0.3141852286049238 0.0125 0.008206330597889801
0 0.6296875 0.3141852286049238 0.0109375 0.008206330597889801
0 0.50078125 0.3130128956623681 0.0109375 0.008206330597889801
0 0.808984375 0.3086166471277843 0.00078125 0.0005861664712778429
0 0.739453125 0.31242672919109027 0.01015625 0.008206330597889801
0 0.425 0.31242672919109027 0.009375 0.008206330597889801
0 0.807421875 0.30803048065650646 0.00078125 0.0005861664712778429
0 0.8046875 0.3074443141852286 0.003125 0.0005861664712778429
0 0.60625 0.3115474794841735 0.009375 0.008792497069167644
0 0.78203125 0.3106682297772567 0.0109375 0.008206330597889801
0 0.71640625 0.30978898007034 0.0078125 0.006447831184056272
0 0.19609375 0.31125439624853457 0.0140625 0.010550996483001172
0 0.86015625 0.30890973036342323 0.0125 0.007033997655334115
0 0.305859375 0.30773739742086753 0.00859375 0.004689331770222743
0 0.548828125 0.30920281359906215 0.01015625 0.008792497069167644
0 0.448046875 0.3086166471277843 0.01015625 0.008792497069167644
0 0.583203125 0.30803048065650646 0.01015625 0.008792497069167644
0 0.76015625 0.30685814771395076 0.0109375 0.008792497069167644
0 0.47265625 0.30539273153575613 0.0078125 0.005861664712778429
0 0.28046875 0.305978898007034 0.0125 0.009378663540445486
0 0.52109375 0.30275498241500587 0.0078125 0.0076201641266119575
0 0.346875 0.3030480656506448 0.0109375 0.008206330597889801
0 0.6671875 0.30246189917936694 0.009375 0.008206330597889801
0 0.3734375 0.3007033997655334 0.00625 0.004689331770222743
0 0.644140625 0.2998241500586166 0.01015625 0.0076201641266119575
0 0.251171875 0.3009964830011723 0.01328125 0.00996483001172333
0 0.84296875 0.2995310668229777 0.0109375 0.008206330597889801
0 0.819921875 0.2995310668229777 0.01171875 0.009378663540445486
0 0.400390625 0.29923798358733883 0.00859375 0.008792497069167644
0 0.62265625 0.2951348182883939 0.0078125 0.005275498241500586
0 0.731640625 0.29601406799531066 0.00859375 0.008206330597889801
0 0.565625 0.29601406799531066 0.009375 0.008206330597889801
0 0.793359375 0.29572098475967173 0.01015625 0.008792497069167644
0 0.496875 0.2951348182883939 0.00625 0.0076201641266119575
0 0.32421875 0.29425556858147717 0.0125 0.007033997655334115
0 0.59765625 0.29425556858147717 0.0109375 0.008206330597889801
0 0.541015625 0.29191090269636577 0.00546875 0.004689331770222743
0 0.423046875 0.2936694021101993 0.01015625 0.008206330597889801
0 0.709765625 0.2924970691676436 0.00859375 0.008206330597889801
0 0.77265625 0.2913247362250879 0.009375 0.008206330597889801
0 0.446484375 0.2901524032825322 0.01015625 0.008206330597889801
0 0.294140625 0.2898593200468933 0.01171875 0.0076201641266119575
0 0.199609375 0.28927315357561545 0.01328125 0.00996483001172333
0 0.749609375 0.2869284876905041 0.01171875 0.008792497069167644
0 0.684765625 0.2857561547479484 0.00859375 0.006447831184056272
0 0.471484375 0.28516998827667056 0.00546875 0.006447831184056272
0 0.3546875 0.2857561547479484 0.0109375 0.0076201641266119575
0 0.66015625 0.2854630715123095 0.00625 0.008206330597889801
0 0.5171875 0.2845838218053927 0.0046875 0.006447831184056272
0 0.858984375 0.2854630715123095 0.01328125 0.009378663540445486
0 0.8328125 0.28077373974208675 0.0046875 0.0011723329425556857
0 0.809375 0.28399765533411486 0.0125 0.008792497069167644
0 0.3859375 0.2828253223915592 0.009375 0.008792497069167644
0 0.580859375 0.28194607268464245 0.00859375 0.008206330597889801
0 0.728125 0.27960140679953105 0.0046875 0.004689331770222743
0 0.55859375 0.2784290738569754 0.0078125 0.007033997655334115
0 0.787890625 0.2787221570926143 0.01015625 0.008792497069167644
0 0.624609375 0.27754982415005863 0.00859375 0.0076201641266119575
0 0.40859375 0.2781359906213365 0.0109375 0.008792497069167644
0 0.491796875 0.276084407971864 0.00703125 0.005861664712778429
0 0.313671875 0.27637749120750293 0.01171875 0.008792497069167644
0 0.702734375 0.27520515826494724 0.00859375 0.0076201641266119575
0 0.76640625 0.27432590855803046 0.009375 0.008206330597889801
0 0.4328125 0.27432590855803046 0.0109375 0.008206330597889801
0 0.534765625 0.2728604923798359 0.00703125 0.006447831184056272
0 0.278125 0.27256740914419697 0.0125 0.009378663540445486
0 0.8796875 0.2716881594372802 0.0125 0.008792497069167644
0 0.841015625 0.26787807737397423 0.00234375 0.0011723329425556857
0 0.64765625 0.26992966002344665 0.0046875 0.005275498241500586
0 0.603515625 0.2708089097303634 0.00859375 0.007033997655334115
0 0.3375 0.27139507620164127 0.0109375 0.008206330597889801
0 0.845703125 0.26699882766705746 0.00546875 0.0017584994138335288
0 0.744140625 0.2696365767878077 0.01015625 0.008206330597889801
0 0.675 0.2696365767878077 0.0078125 0.008206330597889801
0 0.460546875 0.268464243845252 0.01015625 0.008206330597889801
0 0.370703125 0.26787807737397423 0.00703125 0.007033997655334115
0 0.821875 0.268464243845252 0.0109375 0.009378663540445486
0 0.51171875 0.2661195779601407 0.00625 0.008206330597889801
0 0.800390625 0.2640679953106682 0.01171875 0.008792497069167644
0 0.392578125 0.26289566236811257 0.01015625 0.008792497069167644
0 0.7171875 0.26172332942555687 0.009375 0.0076201641266119575
0 0.417578125 0.2605509964830012 0.00703125 0.005275498241500586
0 0.298046875 0.261137162954279 0.01171875 0.0076201641266119575
0 0.625390625 0.2596717467760844 0.00546875 0.005861664712778429
0 0.8640625 0.26025791324736225 0.0125 0.009378663540445486
0 0.5828125 0.2593786635404455 0.00625 0.0076201641266119575
0 0.77890625 0.2593786635404455 0.009375 0.008792497069167644
0 0.6953125 0.2584994138335287 0.0078125 0.008206330597889801
0 0.48515625 0.2582063305978898 0.0109375 0.0076201641266119575
0 0.441015625 0.2564478311840563 0.00859375 0.0076201641266119575
0 0.322265625 0.25615474794841736 0.01015625 0.007033997655334115
0 0.5296875 0.2552754982415006 0.009375 0.0076201641266119575
0 0.350390625 0.2552754982415006 0.01015625 0.0076201641266119575
0 0.75703125 0.25468933177022274 0.009375 0.008792497069167644
0 0.837890625 0.25351699882766704 0.01015625 0.008792497069167644
0 0.65078125 0.2529308323563892 0.0078125 0.0076201641266119575
0 0.675390625 0.2511723329425557 0.00546875 0.005275498241500586
0 0.603125 0.2511723329425557 0.0078125 0.0076201641266119575
0 0.816015625 0.2511723329425557 0.01015625 0.008792497069167644
0 0.73515625 0.2508792497069168 0.009375 0.008206330597889801
0 0.5609375 0.2488276670574443 0.00625 0.0076201641266119575
0 0.464453125 0.24912075029308323 0.01015625 0.008206330597889801
0 0.50703125 0.24794841735052756 0.009375 0.008206330597889801
0 0.37734375 0.24794841735052756 0.0078125 0.008206330597889801
0 0.79453125 0.24648300117233293 0.0109375 0.008792497069167644
0 0.4015625 0.2447245017584994 0.0078125 0.0076201641266119575
0 0.714453125 0.24384525205158264 0.00859375 0.008206330597889801
0 0.8578125 0.24355216881594371 0.0125 0.008792497069167644
0 0.774609375 0.24120750293083235 0.00703125 0.008792497069167644
0 0.580859375 0.24062133645955452 0.00859375 0.0076201641266119575
0 0.194140625 0.24237983587338804 0.01328125 0.011137162954279016
0 0.691015625 0.24003516998827668 0.01015625 0.0076201641266119575
0 0.6234375 0.2391559202813599 0.009375 0.007033997655334115
0 0.484375 0.23974208675263775 0.0109375 0.008206330597889801
0 0.44296875 0.23827667057444316 0.0078125 0.0076201641266119575
0 0.3484375 0.2365181711606096 0.0046875 0.005275498241500586
0 0.534375 0.23710433763188746 0.0078125 0.0076201641266119575
0 0.75 0.23710433763188746 0.009375 0.008792497069167644
0 0.647265625 0.2347596717467761 0.00703125 0.006447831184056272
0 0.876953125 0.23563892145369286 0.01171875 0.009378663540445486
0 0.669140625 0.23329425556858147 0.00859375 0.007033997655334115
0 0.8390625 0.23329425556858147 0.0125 0.009378663540445486
0 0.81328125 0.23300117233294257 0.0125 0.008792497069167644
0 0.6015625 0.23036342321219228 0.009375 0.007033997655334115
0 0.730078125 0.23065650644783117 0.00703125 0.008792497069167644
0 0.41953125 0.2294841735052755 0.0078125 0.0076201641266119575
0 0.370703125 0.2294841735052755 0.00859375 0.0076201641266119575
0 0.505859375 0.22919109026963658 0.01015625 0.008206330597889801
0 0.790234375 0.22889800703399765 0.00859375 0.008792497069167644
0 0.463671875 0.22889800703399765 0.00859375 0.008792497069167644
0 0.55859375 0.22772567409144198 0.00625 0.0076201641266119575
0 0.39375 0.2268464243845252 0.0109375 0.008206330597889801
0 0.858984375 0.22538100820633059 0.01171875 0.008792497069167644
0 0.769140625 0.22303634232121922 0.00859375 0.0076201641266119575
0 0.6875 0.22215709261430247 0.009375 0.007033997655334115
0 0.581640625 0.22215709261430247 0.00703125 0.008206330597889801
0 0.527734375 0.21922626025791325 0.00546875 0.004689331770222743
0 0.485546875 0.22039859320046892 0.00703125 0.007033997655334115
0 0.197265625 0.22215709261430247 0.01328125 0.010550996483001172
0 0.309765625 0.21922626025791325 0.00859375 0.007033997655334115
0 0.65703125 0.21805392731535755 0.0046875 0.005861664712778429
0 0.885546875 0.21893317702227433 0.01328125 0.008792497069167644
0 0.748828125 0.21776084407971863 0.00546875 0.006447831184056272
0 0.3453125 0.21658851113716296 0.0046875 0.004103165298944901
0 0.709375 0.21805392731535755 0.009375 0.008206330597889801
0 0.43828125 0.2160023446658851 0.009375 0.0076201641266119575
0 0.82578125 0.2160023446658851 0.0109375 0.008792497069167644
0 0.802734375 0.21541617819460726 0.01015625 0.00996483001172333
0 0.60625 0.21248534583821804 0.0078125 0.0076201641266119575
0 0.54765625 0.2116060961313013 0.0078125 0.007033997655334115
0 0.37578125 0.2116060961313013 0.009375 0.007033997655334115
0 0.50546875 0.2104337631887456 0.0078125 0.007033997655334115
0 0.46171875 0.21014067995310667 0.0078125 0.006447831184056272
0 0.780859375 0.20955451348182885 0.01171875 0.008792497069167644
0 0.4 0.20838218053927315 0.0078125 0.0076201641266119575
0 0.8671875 0.20838218053927315 0.0125 0.008792497069167644
0 0.726953125 0.20691676436107856 0.00859375 0.009378663540445486
0 0.6265625 0.205158264947245 0.0078125 0.007033997655334115
0 0.56953125 0.20574443141852286 0.0078125 0.008206330597889801
0 0.690625 0.20457209847596716 0.0078125 0.007033997655334115
0 0.4828125 0.20164126611957797 0.003125 0.004689331770222743
0 0.5265625 0.2007620164126612 0.00625 0.0076201641266119575
0 0.747265625 0.1995896834701055 0.00703125 0.006447831184056272
0 0.591015625 0.19753810082063306 0.00703125 0.007033997655334115
0 0.4375 0.19724501758499413 0.0078125 0.006447831184056272
0 0.7109375 0.19490035169988276 0.0046875 0.005275498241500586
0 0.836328125 0.19138335287221572 0.00078125 0.0005861664712778429
0 0.76875 0.19577960140679954 0.0078125 0.009378663540445486
0 0.546875 0.1925556858147714 0.00625 0.004103165298944901
0 0.50390625 0.19138335287221572 0.0046875 0.004103165298944901
0 0.41328125 0.1925556858147714 0.0078125 0.0076201641266119575
0 0.458984375 0.19138335287221572 0.01015625 0.0076201641266119575
0 0.612109375 0.1910902696365768 0.00703125 0.008206330597889801
0 0.791015625 0.1899179366940211 0.01171875 0.009378663540445486
0 0.733203125 0.1872801875732708 0.00390625 0.004103165298944901
0 0.83359375 0.18786635404454866 0.003125 0.006447831184056272
0 0.57109375 0.18698710433763188 0.00625 0.007033997655334115
0 0.836328125 0.18317702227432592 0.00078125 0.0005861664712778429
0 0.840234375 0.182883939038687 0.00546875 0.0011723329425556857
0 0.48203125 0.182883939038687 0.0046875 0.0035169988276670576
0 0.391015625 0.18376318874560374 0.00703125 0.006447831184056272
0 0.75390625 0.18200468933177022 0.00625 0.005275498241500586
0 0.52578125 0.18229777256740914 0.0078125 0.008206330597889801
0 0.592578125 0.17936694021101993 0.00546875 0.005861664712778429
0 0.7734375 0.1776084407971864 0.009375 0.008206330597889801
0 0.70234375 0.1764361078546307 0.009375 0.005861664712778429
0 0.65078125 0.17731535756154748 0.009375 0.0076201641266119575
0 0.626171875 0.17438452520515826 0.00390625 0.0029308323563892145
0 0.808203125 0.1720398593200469 0.00078125 0.0005861664712778429
0 0.80546875 0.17145369284876905 0.003125 0.0005861664712778429
0 0.55625 0.17291910902696367 0.003125 0.0035169988276670576
0 0.46171875 0.17028135990621338 0.0046875 0.005275498241500586
0 0.344140625 0.17057444314185227 0.00703125 0.007033997655334115
0 0.722265625 0.1694021101992966 0.01015625 0.007033997655334115
0 0.83515625 0.16881594372801875 0.0125 0.009378663540445486
0 0.60390625 0.16441969519343494 0.009375 0.005275498241500586
0 0.531640625 0.16412661195779601 0.01015625 0.007033997655334115
0 0.753515625 0.1638335287221571 0.01015625 0.0076201641266119575
0 0.50859375 0.16266119577960142 0.0078125 0.006447831184056272
0 0.571484375 0.15943728018757328 0.00546875 0.004689331770222743
0 0.40625 0.15797186400937865 0.0046875 0.005275498241500586
0 0.775390625 0.15914419695193435 0.01015625 0.008792497069167644
0 0.8640625 0.15738569753810083 0.0125 0.00996483001172333
0 0.435546875 0.15445486518171161 0.00703125 0.006447831184056272
0 0.73203125 0.15240328253223914 0.00625 0.007033997655334115
0 0.6234375 0.15093786635404455 0.0046875 0.004103165298944901
0 0.656640625 0.15064478311840562 0.00390625 0.007033997655334115
0 0.8375 0.15093786635404455 0.0125 0.008792497069167644
0 0.79375 0.14859320046893318 0.0125 0.00996483001172333
0 0.678515625 0.14742086752637748 0.00546875 0.0076201641266119575
0 0.5578125 0.1447831184056272 0.00625 0.007033997655334115
0 0.533984375 0.14243845252051582 0.00546875 0.004689331770222743
0 0.8171875 0.1444900351699883 0.0109375 0.00996483001172333
0 0.340234375 0.141852286049238 0.00859375 0.007033997655334115
0 0.590234375 0.13862837045720985 0.00859375 0.0076201641266119575
0 0.768359375 0.1336459554513482 0.01171875 0.007033997655334115
0 0.31640625 0.13071512309495897 0.0078125 0.007033997655334115
0 0.701171875 0.12924970691676435 0.00859375 0.006447831184056272
0 0.639453125 0.1271981242672919 0.00859375 0.008206330597889801
0 0.375390625 0.12338804220398593 0.00390625 0.005275498241500586
0 0.337109375 0.12250879249706917 0.00859375 0.005861664712778429
0 0.677734375 0.12250879249706917 0.00859375 0.007033997655334115
0 0.54140625 0.12162954279015241 0.0046875 0.006447831184056272
0 0.285546875 0.12104337631887456 0.01015625 0.005275498241500586
0 0.595703125 0.12045720984759671 0.00703125 0.005275498241500586
0 0.516015625 0.1160609613130129 0.00703125 0.007033997655334115
0 0.234375 0.10463071512309496 0.0078125 0.00996483001172333
0 0.230859375 0.09876905041031653 0.00546875 0.0017584994138335288
