0 0.379296875 0.8755208333333333 0.00078125 0.0010416666666666667
0 0.66796875 0.8786458333333333 0.0078125 0.013541666666666667
0 0.361328125 0.8765625 0.00546875 0.011458333333333333
0 0.385546875 0.8671875 0.00078125 0.0010416666666666667
0 0.276953125 0.8729166666666667 0.01015625 0.0125
0 0.480078125 0.8729166666666667 0.01015625 0.014583333333333334
0 0.650390625 0.871875 0.01015625 0.014583333333333334
0 0.522265625 0.8713541666666667 0.01015625 0.013541666666666667
0 0.413671875 0.8723958333333334 0.01015625 0.015625
0 0.3421875 0.8713541666666667 0.009375 0.013541666666666667
0 0.25859375 0.8713541666666667 0.0109375 0.013541666666666667
0 0.575390625 0.86875 0.00546875 0.010416666666666666
0 0.625390625 0.8677083333333333 0.00859375 0.0125
0 0.380859375 0.8682291666666667 0.00859375 0.013541666666666667
0 0.321875 0.8682291666666667 0.009375 0.013541666666666667
0 0.55859375 0.8671875 0.009375 0.013541666666666667
0 0.68515625 0.8661458333333333 0.0078125 0.013541666666666667
0 0.607421875 0.8661458333333333 0.00859375 0.013541666666666667
0 0.709375 0.8640625 0.009375 0.011458333333333333
0 0.72578125 0.8604166666666667 0.00625 0.010416666666666666
0 0.43046875 0.8614583333333333 0.009375 0.014583333333333334
0 0.3984375 0.8614583333333333 0.009375 0.014583333333333334
0 0.4953125 0.8604166666666667 0.009375 0.014583333333333334
0 0.798046875 0.8541666666666666 0.00703125 0.010416666666666666
0 0.762109375 0.853125 0.00546875 0.008333333333333333
0 0.74375 0.8541666666666666 0.0078125 0.0125
0 0.591015625 0.8541666666666666 0.00859375 0.0125
0 0.3546875 0.853125 0.009375 0.0125
0 0.909375 0.8515625 0.0109375 0.013541666666666667
0 0.6375 0.8505208333333333 0.009375 0.011458333333333333
0 0.780078125 0.8494791666666667 0.00546875 0.011458333333333333
0 0.51171875 0.8510416666666667 0.009375 0.014583333333333334
0 0.67265625 0.8494791666666667 0.009375 0.013541666666666667
0 0.483984375 0.8432291666666667 0.00234375 0.003125
0 0.469921875 0.8489583333333334 0.01015625 0.014583333333333334
0 0.830859375 0.846875 0.01015625 0.0125
0 0.69609375 0.8463541666666666 0.009375 0.011458333333333333
0 0.882421875 0.8442708333333333 0.00546875 0.009375
0 0.615234375 0.8453125 0.00546875 0.011458333333333333
0 0.415625 0.8463541666666666 0.009375 0.013541666666666667
0 0.5703125 0.8442708333333333 0.009375 0.011458333333333333
0 0.37265625 0.8458333333333333 0.009375 0.014583333333333334
0 0.940234375 0.8427083333333333 0.01015625 0.010416666666666666
0 0.654296875 0.84375 0.00703125 0.0125
0 0.885546875 0.8375 0.00234375 0.0020833333333333333
0 0.811328125 0.8369791666666667 0.00390625 0.003125
0 0.445703125 0.8427083333333333 0.01015625 0.014583333333333334
0 0.716796875 0.840625 0.00546875 0.0125
0 0.527734375 0.8395833333333333 0.01015625 0.014583333333333334
0 0.14765625 0.8375 0.0109375 0.010416666666666666
0 0.485546875 0.8354166666666667 0.00859375 0.010416666666666666
0 0.394140625 0.8359375 0.01015625 0.013541666666666667
0 0.73359375 0.8322916666666667 0.009375 0.0125
0 0.58359375 0.83125 0.00625 0.010416666666666666
0 0.346875 0.83125 0.009375 0.014583333333333334
0 0.75234375 0.8296875 0.0078125 0.013541666666666667
0 0.79375 0.8286458333333333 0.0078125 0.013541666666666667
0 0.54453125 0.8286458333333333 0.009375 0.013541666666666667
0 0.633203125 0.8260416666666667 0.00546875 0.010416666666666666
0 0.773046875 0.8265625 0.01015625 0.013541666666666667
0 0.508203125 0.8265625 0.01015625 0.013541666666666667
0 0.9296875 0.8208333333333333 0.003125 0.004166666666666667
0 0.68515625 0.8255208333333334 0.009375 0.013541666666666667
0 0.83671875 0.8239583333333333 0.0109375 0.0125
0 0.663671875 0.8239583333333333 0.00703125 0.0125
0 0.4328125 0.8255208333333334 0.009375 0.015625
0 0.703125 0.8223958333333333 0.0078125 0.011458333333333333
0 0.562890625 0.8223958333333333 0.00703125 0.013541666666666667
0 0.408984375 0.8229166666666666 0.01015625 0.014583333333333334
0 0.61640625 0.8203125 0.0078125 0.011458333333333333
0 0.87421875 0.8203125 0.009375 0.013541666666666667
0 0.933203125 0.8119791666666667 0.00390625 0.003125
0 0.598046875 0.8151041666666666 0.00703125 0.011458333333333333
0 0.475390625 0.8166666666666667 0.01015625 0.014583333333333334
0 0.377734375 0.8166666666666667 0.01015625 0.014583333333333334
0 0.33359375 0.8166666666666667 0.009375 0.014583333333333334
0 0.524609375 0.8140625 0.01015625 0.013541666666666667
0 0.6484375 0.8125 0.0078125 0.0125
0 0.49296875 0.8130208333333333 0.009375 0.013541666666666667
0 0.71875 0.8119791666666667 0.009375 0.013541666666666667
0 0.741015625 0.8109375 0.01015625 0.013541666666666667
0 0.809375 0.809375 0.009375 0.014583333333333334
0 0.951171875 0.8072916666666666 0.01171875 0.0125
0 0.780859375 0.8046875 0.00390625 0.007291666666666667
0 0.57578125 0.80625 0.009375 0.0125
0 0.39453125 0.8072916666666666 0.009375 0.014583333333333334
0 0.35078125 0.8067708333333333 0.009375 0.013541666666666667
0 0.7625 0.8020833333333334 0.0078125 0.0125
0 0.678125 0.8026041666666667 0.009375 0.013541666666666667
0 0.543359375 0.8020833333333334 0.00859375 0.0125
0 0.62890625 0.8010416666666667 0.0046875 0.0125
0 0.509375 0.8015625 0.009375 0.013541666666666667
0 0.429296875 0.8015625 0.01015625 0.013541666666666667
0 0.6953125 0.7989583333333333 0.0078125 0.0125
0 0.88125 0.7984375 0.0109375 0.013541666666666667
0 0.611328125 0.796875 0.00859375 0.0125
0 0.4109375 0.7958333333333333 0.009375 0.014583333333333334
0 0.481640625 0.79375 0.01015625 0.0125
0 0.559765625 0.7932291666666667 0.00703125 0.013541666666666667
0 0.159765625 0.7869791666666667 0.00078125 0.0010416666666666667
0 0.380859375 0.7916666666666666 0.00859375 0.0125
0 0.30703125 0.7921875 0.009375 0.013541666666666667
0 0.160546875 0.7848958333333333 0.00078125 0.0010416666666666667
0 0.446484375 0.790625 0.00859375 0.014583333333333334
0 0.36328125 0.7890625 0.009375 0.013541666666666667
0 0.3375 0.7890625 0.009375 0.013541666666666667
0 0.708203125 0.7864583333333334 0.00703125 0.010416666666666666
0 0.651171875 0.7880208333333333 0.01015625 0.013541666666666667
0 0.528125 0.7875 0.009375 0.014583333333333334
0 0.165234375 0.784375 0.00859375 0.008333333333333333
0 0.944921875 0.784375 0.01171875 0.0125
0 0.788671875 0.7848958333333333 0.01015625 0.013541666666666667
0 0.80703125 0.7828125 0.0078125 0.013541666666666667
0 0.66796875 0.7822916666666667 0.009375 0.0125
0 0.8546875 0.7807291666666667 0.0109375 0.011458333333333333
0 0.57578125 0.78125 0.0078125 0.0125
0 0.5 0.7796875 0.009375 0.013541666666666667
0 0.598828125 0.7786458333333334 0.00859375 0.013541666666666667
0 0.545703125 0.7776041666666667 0.01015625 0.013541666666666667
0 0.425390625 0.7776041666666667 0.01015625 0.013541666666666667
0 0.3953125 0.7765625 0.009375 0.013541666666666667
0 0.32265625 0.7755208333333333 0.009375 0.013541666666666667
0 0.619921875 0.7734375 0.00859375 0.011458333333333333
0 0.767578125 0.7729166666666667 0.00859375 0.0125
0 0.692578125 0.7729166666666667 0.00859375 0.0125
0 0.297265625 0.7723958333333333 0.01015625 0.013541666666666667
0 0.638671875 0.7713541666666667 0.00859375 0.013541666666666667
0 0.884375 0.7677083333333333 0.00625 0.008333333333333333
0 0.455859375 0.7692708333333333 0.00859375 0.013541666666666667
0 0.373828125 0.7682291666666666 0.00859375 0.011458333333333333
0 0.4828125 0.7682291666666666 0.00625 0.013541666666666667
0 0.356640625 0.7671875 0.00859375 0.013541666666666667
0 0.839453125 0.7609375 0.00703125 0.005208333333333333
0 0.749609375 0.7651041666666667 0.00859375 0.013541666666666667
0 0.4109375 0.7645833333333333 0.009375 0.0125
0 0.53046875 0.7635416666666667 0.009375 0.0125
0 0.338671875 0.7630208333333334 0.00859375 0.013541666666666667
0 0.25625 0.7598958333333333 0.0078125 0.007291666666666667
0 0.783984375 0.7614583333333333 0.01015625 0.0125
0 0.70625 0.7598958333333333 0.00625 0.009375
0 0.6765625 0.7614583333333333 0.009375 0.0125
0 0.58515625 0.7614583333333333 0.00625 0.0125
0 0.5125 0.7619791666666667 0.009375 0.013541666666666667
0 0.43828125 0.7609375 0.009375 0.013541666666666667
0 0.171875 0.7598958333333333 0.009375 0.013541666666666667
0 0.55625 0.7583333333333333 0.0078125 0.0125
0 0.60703125 0.7567708333333333 0.009375 0.013541666666666667
0 0.309375 0.7536458333333333 0.009375 0.013541666666666667
0 0.495703125 0.7526041666666666 0.00859375 0.013541666666666667
0 0.823046875 0.75 0.01015625 0.0125
0 0.897265625 0.7463541666666667 0.00703125 0.007291666666666667
0 0.646875 0.7484375 0.009375 0.013541666666666667
0 0.2875 0.7479166666666667 0.009375 0.0125
0 0.740625 0.7432291666666667 0.0046875 0.005208333333333333
0 0.383203125 0.7473958333333334 0.00859375 0.013541666666666667
0 0.3265625 0.746875 0.009375 0.0125
0 0.723046875 0.7458333333333333 0.00859375 0.0125
0 0.365234375 0.7458333333333333 0.00859375 0.0125
0 0.4796875 0.7432291666666667 0.009375 0.013541666666666667
0 0.66640625 0.7416666666666667 0.009375 0.0125
0 0.46015625 0.7416666666666667 0.009375 0.0125
0 0.428125 0.7416666666666667 0.009375 0.0125
0 0.5265625 0.740625 0.00625 0.0125
0 0.3484375 0.740625 0.009375 0.0125
0 0.41015625 0.7395833333333334 0.009375 0.0125
0 0.543359375 0.7385416666666667 0.00859375 0.0125
0 0.164453125 0.7385416666666667 0.01015625 0.0125
0 0.8578125 0.7380208333333333 0.009375 0.013541666666666667
0 0.683984375 0.7380208333333333 0.00859375 0.013541666666666667
0 0.5828125 0.7375 0.009375 0.0125
0 0.7703125 0.7364583333333333 0.0078125 0.0125
0 0.56484375 0.7369791666666666 0.009375 0.013541666666666667
0 0.18203125 0.7359375 0.009375 0.011458333333333333
0 0.837890625 0.7354166666666667 0.01015625 0.014583333333333334
0 0.5078125 0.7338541666666667 0.0078125 0.011458333333333333
0 0.254296875 0.7333333333333333 0.00859375 0.0125
0 0.60703125 0.7317708333333334 0.009375 0.013541666666666667
0 0.23671875 0.7307291666666667 0.009375 0.011458333333333333
0 0.3953125 0.7291666666666666 0.009375 0.0125
0 0.30703125 0.7291666666666666 0.009375 0.0125
0 0.88203125 0.7286458333333333 0.0109375 0.013541666666666667
0 0.70390625 0.728125 0.009375 0.0125
0 0.62421875 0.728125 0.009375 0.0125
0 0.271484375 0.7270833333333333 0.00859375 0.0125
0 0.7546875 0.7260416666666667 0.009375 0.0125
0 0.49140625 0.7260416666666667 0.009375 0.0125
0 0.375390625 0.7260416666666667 0.00859375 0.0125
0 0.3359375 0.725 0.009375 0.0125
0 0.648046875 0.7239583333333334 0.00859375 0.0125
0 0.289453125 0.7239583333333334 0.01015625 0.0125
0 0.441796875 0.7234375 0.00859375 0.013541666666666667
0 0.732421875 0.7213541666666666 0.00703125 0.011458333333333333
0 0.4203125 0.7197916666666667 0.009375 0.0125
0 0.4734375 0.71875 0.009375 0.0125
0 0.791015625 0.7177083333333333 0.01015625 0.0125
0 0.352734375 0.7171875 0.00859375 0.011458333333333333
0 0.5921875 0.7166666666666667 0.009375 0.0125
0 0.54765625 0.7151041666666667 0.009375 0.011458333333333333
0 0.520703125 0.715625 0.00859375 0.0125
0 0.505859375 0.7104166666666667 0.00234375 0.004166666666666667
0 0.677734375 0.7130208333333333 0.01015625 0.011458333333333333
0 0.56484375 0.7114583333333333 0.009375 0.0125
0 0.31953125 0.7114583333333333 0.009375 0.0125
0 0.505078125 0.7041666666666667 0.00078125 0.0020833333333333333
0 0.455859375 0.7083333333333334 0.00859375 0.0125
0 0.391796875 0.7057291666666666 0.00859375 0.011458333333333333
0 0.30078125 0.7057291666666666 0.0078125 0.011458333333333333
0 0.26640625 0.7046875 0.009375 0.011458333333333333
0 0.7609375 0.703125 0.009375 0.010416666666666666
0 0.16484375 0.7036458333333333 0.0078125 0.011458333333333333
0 0.4859375 0.703125 0.0078125 0.0125
0 0.24765625 0.7015625 0.0078125 0.011458333333333333
0 0.335546875 0.7010416666666667 0.00703125 0.0125
0 0.430078125 0.7 0.00859375 0.0125
0 0.2828125 0.6994791666666667 0.0078125 0.011458333333333333
0 0.88203125 0.6989583333333333 0.009375 0.0125
0 0.375390625 0.6973958333333333 0.00859375 0.011458333333333333
0 0.9015625 0.6973958333333333 0.009375 0.013541666666666667
0 0.4703125 0.6947916666666667 0.009375 0.0125
0 0.534765625 0.6927083333333334 0.00859375 0.0125
0 0.5171875 0.6921875 0.009375 0.011458333333333333
0 0.35390625 0.6911458333333333 0.0078125 0.009375
0 0.799609375 0.6901041666666666 0.00703125 0.009375
0 0.408203125 0.6916666666666667 0.00859375 0.0125
0 0.85 0.6890625 0.0078125 0.009375
0 0.819921875 0.6901041666666666 0.00859375 0.011458333333333333
0 0.22109375 0.6864583333333333 0.00625 0.008333333333333333
0 0.322265625 0.6869791666666667 0.00859375 0.011458333333333333
0 0.772265625 0.6854166666666667 0.01015625 0.0125
0 0.29609375 0.6817708333333333 0.0078125 0.009375
0 0.389453125 0.6817708333333333 0.00859375 0.011458333333333333
0 0.262890625 0.6817708333333333 0.00859375 0.011458333333333333
0 0.48359375 0.6791666666666667 0.009375 0.0125
0 0.423046875 0.678125 0.00859375 0.0125
0 0.34140625 0.6770833333333334 0.0078125 0.010416666666666666
0 0.729296875 0.6770833333333334 0.01015625 0.0125
0 0.245703125 0.6770833333333334 0.00703125 0.0125
0 0.280078125 0.6729166666666667 0.00703125 0.010416666666666666
0 0.196875 0.6713541666666667 0.00625 0.007291666666666667
0 0.52890625 0.6703125 0.0078125 0.011458333333333333
0 0.37421875 0.6692708333333334 0.0078125 0.011458333333333333
0 0.4078125 0.6682291666666667 0.009375 0.011458333333333333
0 0.3109375 0.6677083333333333 0.0078125 0.010416666666666666
0 0.815625 0.6666666666666666 0.009375 0.0125
0 0.230078125 0.6661458333333333 0.00703125 0.011458333333333333
0 0.7953125 0.6640625 0.00625 0.009375
0 0.751953125 0.665625 0.00703125 0.0125
0 0.357421875 0.6651041666666667 0.00859375 0.011458333333333333
0 0.328125 0.6630208333333333 0.0078125 0.011458333333333333
0 0.85390625 0.6630208333333333 0.0109375 0.013541666666666667
0 0.294921875 0.6583333333333333 0.00546875 0.008333333333333333
0 0.2640625 0.6578125 0.0078125 0.011458333333333333
0 0.482421875 0.6557291666666667 0.00859375 0.011458333333333333
0 0.422265625 0.6536458333333334 0.00859375 0.011458333333333333
0 0.34453125 0.6494791666666667 0.0078125 0.011458333333333333
0 0.38984375 0.646875 0.009375 0.010416666666666666
0 0.73515625 0.646875 0.009375 0.0125
0 0.193359375 0.6442708333333333 0.00703125 0.009375
0 0.8484375 0.6411458333333333 0.009375 0.007291666666666667
0 0.365234375 0.6432291666666666 0.00859375 0.011458333333333333
0 0.233984375 0.6432291666666666 0.00703125 0.011458333333333333
0 0.407421875 0.6416666666666667 0.00859375 0.0125
0 0.2515625 0.6390625 0.0078125 0.007291666666666667
0 0.605859375 0.6390625 0.00859375 0.011458333333333333
0 0.28984375 0.6364583333333333 0.0078125 0.010416666666666666
0 0.309375 0.6354166666666666 0.0078125 0.010416666666666666
0 0.271875 0.6359375 0.0078125 0.011458333333333333
0 0.434765625 0.634375 0.00546875 0.0125
0 0.32734375 0.6291666666666667 0.0078125 0.010416666666666666
0 0.472265625 0.6276041666666666 0.00859375 0.011458333333333333
0 0.347265625 0.6265625 0.00859375 0.011458333333333333
0 0.69609375 0.6244791666666667 0.009375 0.011458333333333333
0 0.22890625 0.6192708333333333 0.0078125 0.007291666666666667
0 0.208203125 0.6182291666666667 0.00390625 0.005208333333333333
0 0.40859375 0.6192708333333333 0.0078125 0.011458333333333333
0 0.24765625 0.6171875 0.0078125 0.009375
0 0.283203125 0.615625 0.00859375 0.010416666666666666
0 0.26484375 0.6145833333333334 0.0078125 0.010416666666666666
0 0.303125 0.6130208333333333 0.0078125 0.009375
0 0.434375 0.6119791666666666 0.0046875 0.011458333333333333
0 0.359765625 0.6098958333333333 0.00859375 0.011458333333333333
0 0.664453125 0.6088541666666667 0.00859375 0.011458333333333333
0 0.337890625 0.6052083333333333 0.00859375 0.008333333333333333
0 0.319921875 0.6052083333333333 0.00703125 0.008333333333333333
0 0.85390625 0.6057291666666667 0.0109375 0.011458333333333333
0 0.559375 0.6057291666666667 0.0078125 0.011458333333333333
0 0.806640625 0.6015625 0.01015625 0.011458333333333333
0 0.219140625 0.6010416666666667 0.00546875 0.010416666666666666
0 0.237890625 0.596875 0.00703125 0.00625
0 0.578515625 0.596875 0.00859375 0.010416666666666666
0 0.255078125 0.5963541666666666 0.00703125 0.011458333333333333
0 0.274609375 0.5947916666666667 0.00703125 0.010416666666666666
0 0.294140625 0.5927083333333333 0.00703125 0.010416666666666666
0 0.349609375 0.5895833333333333 0.00859375 0.010416666666666666
0 0.7859375 0.5880208333333333 0.009375 0.011458333333333333
0 0.31171875 0.5848958333333333 0.00625 0.007291666666666667
0 0.371484375 0.5854166666666667 0.00859375 0.010416666666666666
0 0.33125 0.5854166666666667 0.0078125 0.010416666666666666
0 0.229296875 0.5776041666666667 0.00546875 0.007291666666666667
0 0.247265625 0.5765625 0.00703125 0.011458333333333333
0 0.284375 0.5734375 0.0078125 0.007291666666666667
0 0.548046875 0.5744791666666667 0.00859375 0.011458333333333333
0 0.265234375 0.5744791666666667 0.00859375 0.011458333333333333
0 0.213671875 0.5692708333333333 0.00546875 0.009375
0 0.15703125 0.5682291666666667 0.00625 0.007291666666666667
0 0.455859375 0.565625 0.00859375 0.010416666666666666
0 0.323828125 0.5640625 0.00703125 0.007291666666666667
0 0.305859375 0.565625 0.00859375 0.010416666666666666
0 0.3765625 0.5572916666666666 0.0078125 0.010416666666666666
0 0.238671875 0.5557291666666667 0.00703125 0.007291666666666667
0 0.2546875 0.5546875 0.00625 0.009375
0 0.2734375 0.5541666666666667 0.0078125 0.010416666666666666
0 0.290625 0.553125 0.0078125 0.010416666666666666
0 0.202734375 0.5515625 0.00703125 0.009375
0 0.18203125 0.5489583333333333 0.0046875 0.004166666666666667
0 0.5453125 0.55 0.0078125 0.010416666666666666
0 0.3359375 0.55 0.0078125 0.010416666666666666
0 0.221875 0.5484375 0.0078125 0.009375
0 0.1625 0.5427083333333333 0.00625 0.004166666666666667
0 0.353125 0.54375 0.0078125 0.008333333333333333
0 0.3125 0.5447916666666667 0.0078125 0.010416666666666666
0 0.452734375 0.54375 0.00859375 0.010416666666666666
0 0.3703125 0.5375 0.0078125 0.010416666666666666
0 0.246875 0.5354166666666667 0.0078125 0.008333333333333333
0 0.28203125 0.534375 0.0078125 0.010416666666666666
0 0.209765625 0.5291666666666667 0.00546875 0.004166666666666667
0 0.407421875 0.5307291666666667 0.00859375 0.011458333333333333
0 0.18359375 0.5276041666666667 0.00625 0.007291666666666667
0 0.230078125 0.5270833333333333 0.00703125 0.008333333333333333
0 0.811328125 0.5255208333333333 0.01015625 0.011458333333333333
0 0.90703125 0.525 0.0109375 0.0125
0 0.844140625 0.525 0.01171875 0.0125
0 0.423828125 0.5208333333333334 0.00859375 0.010416666666666666
0 0.71796875 0.5197916666666667 0.009375 0.010416666666666666
0 0.301171875 0.5197916666666667 0.00703125 0.010416666666666666
0 0.2671875 0.5192708333333333 0.00625 0.009375
0 0.440625 0.515625 0.0078125 0.010416666666666666
0 0.198046875 0.5145833333333333 0.00703125 0.008333333333333333
0 0.31875 0.5145833333333333 0.0078125 0.010416666666666666
0 0.24296875 0.5125 0.0078125 0.010416666666666666
0 0.222265625 0.5083333333333333 0.00703125 0.008333333333333333
0 0.284765625 0.5083333333333333 0.00859375 0.010416666666666666
0 0.335546875 0.5072916666666667 0.00859375 0.010416666666666666
0 0.258203125 0.5005208333333333 0.00703125 0.009375
0 0.82265625 0.5005208333333333 0.0109375 0.011458333333333333
0 0.3078125 0.4979166666666667 0.0078125 0.008333333333333333
0 0.40625 0.4979166666666667 0.0078125 0.010416666666666666
0 0.1890625 0.4973958333333333 0.00625 0.009375
0 0.161328125 0.490625 0.00546875 0.004166666666666667
0 0.360546875 0.49322916666666666 0.00859375 0.011458333333333333
0 0.24140625 0.4869791666666667 0.0078125 0.005208333333333333
0 0.223046875 0.4864583333333333 0.00703125 0.008333333333333333
0 0.534765625 0.48333333333333334 0.00859375 0.010416666666666666
0 0.206640625 0.4791666666666667 0.00546875 0.00625
0 0.28359375 0.48020833333333335 0.0078125 0.010416666666666666
0 0.265625 0.48020833333333335 0.0078125 0.010416666666666666
0 0.403515625 0.47552083333333334 0.00859375 0.011458333333333333
0 0.89765625 0.475 0.009375 0.0125
0 0.5515625 0.47239583333333335 0.0078125 0.011458333333333333
0 0.36796875 0.471875 0.0078125 0.010416666666666666
0 0.25078125 0.46979166666666666 0.0078125 0.010416666666666666
0 0.23359375 0.4671875 0.00625 0.007291666666666667
0 0.78515625 0.4661458333333333 0.009375 0.011458333333333333
0 0.88203125 0.4635416666666667 0.0046875 0.008333333333333333
0 0.293359375 0.459375 0.00703125 0.004166666666666667
0 0.680859375 0.46197916666666666 0.00859375 0.011458333333333333
0 0.275 0.46145833333333336 0.0078125 0.010416666666666666
0 0.860546875 0.4588541666666667 0.00859375 0.009375
0 0.7484375 0.4505208333333333 0.009375 0.011458333333333333
0 0.2609375 0.45 0.0078125 0.010416666666666666
0 0.24296875 0.4479166666666667 0.0046875 0.00625
0 0.22421875 0.4479166666666667 0.0046875 0.00625
0 0.844921875 0.44947916666666665 0.01015625 0.011458333333333333
0 0.8109375 0.4479166666666667 0.0078125 0.008333333333333333
0 0.308203125 0.44635416666666666 0.00859375 0.007291666666666667
0 0.792578125 0.44583333333333336 0.00703125 0.010416666666666666
0 0.775 0.44635416666666666 0.009375 0.011458333333333333
0 0.34140625 0.44583333333333336 0.0078125 0.010416666666666666
0 0.89296875 0.44166666666666665 0.0109375 0.0125
0 0.73359375 0.4401041666666667 0.009375 0.011458333333333333
0 0.276953125 0.43802083333333336 0.00703125 0.007291666666666667
0 0.2109375 0.4375 0.00625 0.008333333333333333
0 0.294140625 0.4359375 0.00703125 0.009375
0 0.253125 0.42864583333333334 0.00625 0.005208333333333333
0 0.19453125 0.43020833333333336 0.00625 0.008333333333333333
0 0.880078125 0.4270833333333333 0.00390625 0.004166666666666667
0 0.22734375 0.4270833333333333 0.0078125 0.008333333333333333
0 0.8265625 0.4276041666666667 0.0109375 0.011458333333333333
0 0.766796875 0.42552083333333335 0.01015625 0.007291666666666667
0 0.78828125 0.4244791666666667 0.009375 0.011458333333333333
0 0.308203125 0.4239583333333333 0.00703125 0.010416666666666666
0 0.26875 0.4203125 0.0078125 0.009375
0 0.21328125 0.4161458333333333 0.0078125 0.009375
0 0.24296875 0.41458333333333336 0.0078125 0.008333333333333333
0 0.8640625 0.415625 0.0109375 0.0125
0 0.803515625 0.4140625 0.01015625 0.009375
0 0.3234375 0.4125 0.0078125 0.008333333333333333
0 0.284765625 0.4109375 0.00703125 0.005208333333333333
0 0.888671875 0.4119791666666667 0.01015625 0.011458333333333333
0 0.599609375 0.4114583333333333 0.00859375 0.010416666666666666
0 0.57421875 0.4109375 0.0078125 0.009375
0 0.476171875 0.40625 0.00859375 0.010416666666666666
0 0.36953125 0.4041666666666667 0.0078125 0.010416666666666666
0 0.25859375 0.40260416666666665 0.0078125 0.007291666666666667
0 0.199609375 0.40260416666666665 0.00703125 0.009375
0 0.83359375 0.4010416666666667 0.0109375 0.0125
0 0.752734375 0.4 0.01015625 0.010416666666666666
0 0.7875 0.39791666666666664 0.009375 0.0125
0 0.275 0.3963541666666667 0.0078125 0.009375
0 0.558984375 0.3958333333333333 0.00859375 0.010416666666666666
0 0.3140625 0.3958333333333333 0.0078125 0.010416666666666666
0 0.590625 0.3953125 0.0046875 0.011458333333333333
0 0.29453125 0.39427083333333335 0.0078125 0.009375
0 0.588671875 0.3890625 0.00078125 0.0010416666666666667
0 0.6203125 0.3932291666666667 0.0046875 0.011458333333333333
0 0.33125 0.3927083333333333 0.0078125 0.010416666666666666
0 0.2375 0.390625 0.00625 0.00625
0 0.80625 0.3890625 0.0078125 0.007291666666666667
0 0.213671875 0.3880208333333333 0.00703125 0.007291666666666667
0 0.4390625 0.3854166666666667 0.0046875 0.010416666666666666
0 0.253125 0.3828125 0.0078125 0.009375
0 0.3546875 0.38125 0.0078125 0.010416666666666666
0 0.190234375 0.378125 0.00703125 0.008333333333333333
0 0.84375 0.3770833333333333 0.0109375 0.0125
0 0.28203125 0.37552083333333336 0.0078125 0.009375
0 0.90390625 0.37604166666666666 0.0109375 0.0125
0 0.56640625 0.37552083333333336 0.0078125 0.011458333333333333
0 0.2984375 0.3729166666666667 0.0078125 0.010416666666666666
0 0.7875 0.3729166666666667 0.009375 0.0125
0 0.20703125 0.3703125 0.0078125 0.009375
0 0.80703125 0.3671875 0.0078125 0.009375
0 0.42734375 0.36822916666666666 0.0078125 0.011458333333333333
0 0.26484375 0.3671875 0.0078125 0.009375
0 0.24140625 0.3651041666666667 0.0078125 0.009375
0 0.225 0.3614583333333333 0.0046875 0.004166666666666667
0 0.825390625 0.3640625 0.01015625 0.011458333333333333
0 0.31640625 0.36041666666666666 0.0078125 0.008333333333333333
0 0.7046875 0.35520833333333335 0.0078125 0.010416666666666666
0 0.678515625 0.35520833333333335 0.00859375 0.010416666666666666
0 0.284375 0.3546875 0.0078125 0.009375
0 0.3328125 0.3541666666666667 0.0078125 0.010416666666666666
0 0.54921875 0.35104166666666664 0.0078125 0.010416666666666666
0 0.30078125 0.35104166666666664 0.0078125 0.010416666666666666
0 0.268359375 0.3458333333333333 0.00703125 0.008333333333333333
0 0.251953125 0.3463541666666667 0.00703125 0.009375
0 0.234765625 0.3458333333333333 0.00703125 0.008333333333333333
0 0.217578125 0.34270833333333334 0.00546875 0.00625
0 0.79765625 0.34479166666666666 0.0109375 0.0125
0 0.201171875 0.3411458333333333 0.00703125 0.009375
0 0.515625 0.340625 0.0078125 0.010416666666666666
0 0.6890625 0.33958333333333335 0.009375 0.010416666666666666
0 0.320703125 0.3390625 0.00859375 0.009375
0 0.716796875 0.3390625 0.00859375 0.011458333333333333
0 0.665234375 0.3385416666666667 0.00859375 0.010416666666666666
0 0.53515625 0.3390625 0.0078125 0.011458333333333333
0 0.40703125 0.33541666666666664 0.0078125 0.010416666666666666
0 0.291015625 0.33489583333333334 0.00859375 0.009375
0 0.43671875 0.3302083333333333 0.0078125 0.010416666666666666
0 0.613671875 0.32916666666666666 0.00859375 0.010416666666666666
0 0.260546875 0.32708333333333334 0.00703125 0.008333333333333333
0 0.173046875 0.3265625 0.00546875 0.007291666666666667
0 0.702734375 0.32708333333333334 0.00859375 0.010416666666666666
0 0.30703125 0.32708333333333334 0.0078125 0.010416666666666666
0 0.230078125 0.3260416666666667 0.00703125 0.008333333333333333
0 0.763671875 0.3260416666666667 0.01015625 0.0125
0 0.652734375 0.32395833333333335 0.00859375 0.010416666666666666
0 0.349609375 0.32395833333333335 0.00703125 0.010416666666666666
0 0.212890625 0.3234375 0.00703125 0.009375
0 0.42109375 0.3234375 0.0078125 0.011458333333333333
0 0.277734375 0.31979166666666664 0.00703125 0.00625
0 0.196484375 0.31979166666666664 0.00703125 0.008333333333333333
0 0.331640625 0.31927083333333334 0.00703125 0.009375
0 0.24609375 0.3171875 0.0078125 0.009375
0 0.687890625 0.31614583333333335 0.00859375 0.011458333333333333
0 0.399609375 0.3151041666666667 0.00703125 0.011458333333333333
0 0.732421875 0.31354166666666666 0.00859375 0.0125
0 0.715234375 0.31302083333333336 0.00859375 0.011458333333333333
0 0.293359375 0.31145833333333334 0.00703125 0.008333333333333333
0 0.6046875 0.31145833333333334 0.0078125 0.010416666666666666
0 0.5359375 0.3109375 0.0078125 0.011458333333333333
0 0.515625 0.30833333333333335 0.0078125 0.010416666666666666
0 0.36171875 0.30833333333333335 0.0078125 0.010416666666666666
0 0.263671875 0.30572916666666666 0.00703125 0.007291666666666667
0 0.31015625 0.30572916666666666 0.0078125 0.009375
0 0.233203125 0.3046875 0.00859375 0.009375
0 0.67265625 0.30520833333333336 0.009375 0.0125
0 0.34375 0.303125 0.0078125 0.010416666666666666
0 0.186328125 0.3026041666666667 0.00703125 0.009375
0 0.790234375 0.3020833333333333 0.01015625 0.0125
0 0.429296875 0.3 0.00859375 0.010416666666666666
0 0.376953125 0.3 0.00859375 0.010416666666666666
0 0.27890625 0.29739583333333336 0.0078125 0.009375
0 0.325 0.29583333333333334 0.0078125 0.010416666666666666
0 0.248828125 0.2947916666666667 0.00859375 0.010416666666666666
0 0.21171875 0.2942708333333333 0.00625 0.009375
0 0.74453125 0.2947916666666667 0.009375 0.0125
0 0.697265625 0.29322916666666665 0.00859375 0.011458333333333333
0 0.546875 0.290625 0.0078125 0.0125
0 0.294921875 0.2890625 0.00703125 0.009375
0 0.720703125 0.28854166666666664 0.00859375 0.010416666666666666
0 0.633203125 0.2869791666666667 0.00859375 0.011458333333333333
0 0.35390625 0.2864583333333333 0.0078125 0.010416666666666666
0 0.31171875 0.28541666666666665 0.009375 0.010416666666666666
0 0.26640625 0.28541666666666665 0.0078125 0.010416666666666666
0 0.57421875 0.284375 0.0078125 0.010416666666666666
0 0.416015625 0.28489583333333335 0.00859375 0.011458333333333333
0 0.2296875 0.28489583333333335 0.0078125 0.011458333333333333
0 0.671484375 0.28489583333333335 0.00859375 0.013541666666666667
0 0.39921875 0.2833333333333333 0.0078125 0.010416666666666666
0 0.43828125 0.2828125 0.0078125 0.011458333333333333
0 0.18203125 0.28125 0.0078125 0.010416666666666666
0 0.337109375 0.2796875 0.00859375 0.011458333333333333
0 0.383203125 0.2786458333333333 0.00859375 0.011458333333333333
0 0.282421875 0.2765625 0.00859375 0.009375
0 0.709765625 0.2713541666666667 0.00859375 0.011458333333333333
0 0.509375 0.2703125 0.0078125 0.011458333333333333
0 0.426171875 0.26927083333333335 0.00859375 0.011458333333333333
0 0.36875 0.2671875 0.0078125 0.011458333333333333
0 0.351953125 0.2677083333333333 0.00859375 0.0125
0 0.72890625 0.26666666666666666 0.009375 0.0125
0 0.300390625 0.26614583333333336 0.00859375 0.011458333333333333
0 0.2703125 0.26458333333333334 0.009375 0.010416666666666666
0 0.3171875 0.2640625 0.0078125 0.011458333333333333
0 0.6625 0.2630208333333333 0.0078125 0.011458333333333333
0 0.253515625 0.2625 0.00859375 0.010416666666666666
0 0.242578125 0.2578125 0.00078125 0.0010416666666666667
0 0.645703125 0.2609375 0.00859375 0.011458333333333333
0 0.189453125 0.2609375 0.00859375 0.011458333333333333
0 0.393359375 0.2604166666666667 0.00859375 0.0125
0 0.233984375 0.25416666666666665 0.00078125 0.0020833333333333333
0 0.48046875 0.25729166666666664 0.0078125 0.010416666666666666
0 0.416796875 0.2526041666666667 0.00859375 0.011458333333333333
0 0.59921875 0.25052083333333336 0.0078125 0.011458333333333333
0 0.3609375 0.25104166666666666 0.0078125 0.0125
0 0.790625 0.24947916666666667 0.0109375 0.011458333333333333
0 0.46640625 0.24791666666666667 0.0078125 0.0125
0 0.33203125 0.246875 0.0078125 0.010416666666666666
0 0.753515625 0.246875 0.01015625 0.0125
0 0.57421875 0.2453125 0.0078125 0.011458333333333333
0 0.44921875 0.24427083333333333 0.0078125 0.011458333333333333
0 0.4328125 0.24427083333333333 0.0078125 0.011458333333333333
0 0.387890625 0.24114583333333334 0.00859375 0.013541666666666667
0 0.316796875 0.240625 0.00859375 0.0125
0 0.19453125 0.23645833333333333 0.009375 0.010416666666666666
0 0.258203125 0.2359375 0.00859375 0.011458333333333333
0 0.351171875 0.23385416666666667 0.00859375 0.011458333333333333
0 0.64140625 0.2328125 0.0078125 0.011458333333333333
0 0.275 0.23333333333333334 0.0078125 0.0125
0 0.419921875 0.23072916666666668 0.00859375 0.011458333333333333
0 0.270703125 0.22552083333333334 0.00078125 0.0010416666666666667
0 0.24296875 0.23125 0.009375 0.0125
0 0.293359375 0.23020833333333332 0.00859375 0.0125
0 0.34375 0.2234375 0.0015625 0.0010416666666666667
0 0.3671875 0.22760416666666666 0.0078125 0.011458333333333333
0 0.60859375 0.22604166666666667 0.0078125 0.0125
0 0.308203125 0.2234375 0.00859375 0.013541666666666667
0 0.444140625 0.22083333333333333 0.00859375 0.0125
0 0.33671875 0.2171875 0.0015625 0.005208333333333333
0 0.338671875 0.21302083333333333 0.00078125 0.0010416666666666667
0 0.3984375 0.21770833333333334 0.0078125 0.0125
0 0.266015625 0.21770833333333334 0.00859375 0.0125
0 0.381640625 0.21666666666666667 0.00859375 0.0125
0 0.35625 0.21302083333333333 0.0078125 0.011458333333333333
0 0.296875 0.21041666666666667 0.009375 0.0125
0 0.4328125 0.20729166666666668 0.009375 0.0125
0 0.444921875 0.19010416666666666 0.00078125 0.0010416666666666667
0 0.443359375 0.1890625 0.00078125 0.0010416666666666667
0 0.223828125 0.18645833333333334 0.00859375 0.0125
0 0.44296875 0.18229166666666666 0.0046875 0.010416666666666666
