0 0.802734375 0.8763188745603752 0.01328125 0.010550996483001172
0 0.501171875 0.8728018757327081 0.01171875 0.008206330597889801
0 0.447265625 0.8607854630715123 0.01171875 0.008792497069167644
0 0.483984375 0.8540445486518171 0.01171875 0.009378663540445486
0 0.508984375 0.8531652989449003 0.01171875 0.00996483001172333
0 0.62109375 0.8420281359906213 0.0125 0.00996483001172333
0 0.45625 0.8405627198124267 0.0109375 0.009378663540445486
0 0.36953125 0.8379249706916765 0.0109375 0.008792497069167644
0 0.48359375 0.7930832356389215 0.0109375 0.008206330597889801
0 0.651953125 0.776084407971864 0.01171875 0.009378663540445486
0 0.60703125 0.765240328253224 0.0125 0.008792497069167644
0 0.630859375 0.764947245017585 0.01328125 0.009378663540445486
0 0.6765625 0.7412075029308324 0.0125 0.00996483001172333
0 0.586328125 0.7359320046893317 0.01171875 0.008792497069167644
0 0.678125 0.7236225087924971 0.0125 0.008792497069167644
0 0.707421875 0.7060375146541618 0.01171875 0.008792497069167644
0 0.781640625 0.697831184056272 0.01328125 0.008792497069167644
0 0.598828125 0.6919695193434936 0.01171875 0.008792497069167644
0 0.703515625 0.686694021101993 0.00078125 0.0005861664712778429
0 0.698046875 0.682590855803048 0.00703125 0.00996483001172333
0 0.532421875 0.6740914419695193 0.01015625 0.008206330597889801
0 0.728125 0.6694021101992966 0.0125 0.009378663540445486
0 0.687109375 0.6664712778429074 0.01171875 0.009378663540445486
0 0.553125 0.6650058616647128 0.0109375 0.008792497069167644
0 0.62421875 0.6565064478311841 0.0125 0.008206330597889801
0 0.41484375 0.6515240328253223 0.0109375 0.0076201641266119575
0 0.405859375 0.6336459554513482 0.01015625 0.007033997655334115
0 0.52578125 0.6321805392731535 0.0109375 0.0076201641266119575
0 0.657421875 0.6307151230949589 0.01171875 0.008206330597889801
0 0.604296875 0.63042203985932 0.01171875 0.0076201641266119575
0 0.393359375 0.6184056271981243 0.01015625 0.007033997655334115
0 0.360546875 0.6087338804220399 0.01015625 0.006447831184056272
0 0.509375 0.6002344665885111 0.009375 0.007033997655334115
0 0.2734375 0.5978898007033998 0.009375 0.007033997655334115
0 0.350390625 0.5914419695193435 0.00859375 0.007033997655334115
0 0.626953125 0.5773739742086753 0.01015625 0.007033997655334115
0 0.343359375 0.5732708089097304 0.01015625 0.007033997655334115
0 0.798046875 0.5703399765533411 0.01171875 0.009378663540445486
0 0.700390625 0.5677022274325909 0.01171875 0.008792497069167644
0 0.244921875 0.5589097303634232 0.00859375 0.006447831184056272
0 0.70625 0.5507033997655334 0.0109375 0.0076201641266119575
0 0.796875 0.5354630715123095 0.0109375 0.008792497069167644
0 0.522265625 0.5322391559202814 0.01015625 0.007033997655334115
0 0.68828125 0.5237397420867527 0.0109375 0.008792497069167644
0 0.333984375 0.5155334114888629 0.01015625 0.006447831184056272
0 0.619921875 0.5076201641266119 0.01015625 0.007033997655334115
0 0.477734375 0.507327080890973 0.01015625 0.0076201641266119575
0 0.6875 0.5061547479484173 0.0109375 0.008792497069167644
0 0.759375 0.503810082063306 0.0109375 0.0076201641266119575
0 0.48515625 0.48827667057444313 0.0109375 0.007033997655334115
0 0.769140625 0.4862250879249707 0.01171875 0.0076201641266119575
0 0.6390625 0.48563892145369286 0.0109375 0.0076201641266119575
0 0.52109375 0.4838804220398593 0.009375 0.0076201641266119575
0 0.616015625 0.4794841735052755 0.01015625 0.007033997655334115
0 0.5015625 0.47039859320046895 0.0109375 0.006447831184056272
0 0.523828125 0.46688159437280186 0.01015625 0.0076201641266119575
0 0.31484375 0.46658851113716293 0.009375 0.007033997655334115
0 0.45859375 0.4654161781946073 0.009375 0.007033997655334115
0 0.692578125 0.45838218053927315 0.01015625 0.007033997655334115
0 0.515234375 0.451348182883939 0.01015625 0.007033997655334115
0 0.444921875 0.451348182883939 0.01015625 0.007033997655334115
0 0.39375 0.4437280187573271 0.009375 0.007033997655334115
0 0.364453125 0.4340562719812427 0.01015625 0.0076201641266119575
0 0.3375 0.4308323563892145 0.009375 0.008206330597889801
0 0.396875 0.42028135990621335 0.009375 0.007033997655334115
0 0.531640625 0.4196951934349355 0.01015625 0.007033997655334115
0 0.33125 0.41588511137162953 0.009375 0.006447831184056272
0 0.366015625 0.41471277842907384 0.01015625 0.006447831184056272
0 0.2640625 0.41500586166471276 0.009375 0.007033997655334115
0 0.41953125 0.40767878077373976 0.009375 0.0076201641266119575
0 0.517578125 0.406799531066823 0.01015625 0.007033997655334115
0 0.38515625 0.40650644783118406 0.009375 0.0076201641266119575
0 0.644921875 0.4026963657678781 0.01015625 0.007033997655334115
0 0.23671875 0.4018171160609613 0.009375 0.006447831184056272
0 0.703515625 0.3886283704572098 0.01015625 0.008206330597889801
0 0.480859375 0.3824736225087925 0.01015625 0.0076201641266119575
0 0.559765625 0.37807737397420865 0.01015625 0.007033997655334115
0 0.437890625 0.37719812426729193 0.00859375 0.006447831184056272
0 0.258984375 0.37749120750293086 0.01015625 0.007033997655334115
0 0.719140625 0.3754396248534584 0.01171875 0.0076201641266119575
0 0.369140625 0.3742672919109027 0.00859375 0.006447831184056272
0 0.6953125 0.3713364595545135 0.0109375 0.0076201641266119575
0 0.76015625 0.37075029308323565 0.0109375 0.008792497069167644
0 0.7796875 0.35756154747948415 0.0109375 0.008206330597889801
0 0.72109375 0.3429073856975381 0.0109375 0.008206330597889801
0 0.222265625 0.3388042203985932 0.01015625 0.007033997655334115
0 0.7390625 0.3303048065650645 0.0125 0.008792497069167644
0 0.63671875 0.30041031652989447 0.0109375 0.0076201641266119575
0 0.3484375 0.2998241500586166 0.009375 0.0076201641266119575
0 0.40546875 0.29396248534583824 0.009375 0.008792497069167644
0 0.587109375 0.29073856975381007 0.01015625 0.008206330597889801
0 0.272265625 0.27960140679953105 0.01015625 0.008206330597889801
0 0.30625 0.27432590855803046 0.009375 0.007033997655334115
0 0.253515625 0.2728604923798359 0.01171875 0.006447831184056272
0 0.36328125 0.27110199296600235 0.009375 0.006447831184056272
0 0.38125 0.2587924970691676 0.009375 0.008792497069167644
0 0.545703125 0.2198124267291911 0.01015625 0.008206330597889801
0 0.397265625 0.21922626025791325 0.01015625 0.009378663540445486
0 0.73671875 0.18259085580304807 0.0125 0.008792497069167644
0 0.716796875 0.17672919109026963 0.01328125 0.00996483001172333
0 0.330859375 0.17584994138335286 0.01015625 0.009378663540445486
0 0.215234375 0.152989449003517 0.01015625 0.008206330597889801
0 0.550390625 0.111957796014068 0.00703125 0.004689331770222743
0 0.55703125 0.09261430246189918 0.0109375 0.010550996483001172
