0 0.67734375 0.8007033997655334 0.0109375 0.009378663540445486
0 0.691015625 0.7793083235638921 0.01171875 0.008792497069167644
0 0.78125 0.7746189917936694 0.0109375 0.008792497069167644
0 0.301953125 0.7746189917936694 0.01171875 0.00996483001172333
0 0.62421875 0.7669988276670574 0.0109375 0.0076201641266119575
0 0.2796875 0.7681711606096131 0.0125 0.00996483001172333
0 0.5234375 0.7631887456037515 0.009375 0.009378663540445486
0 0.205078125 0.7514654161781946 0.01328125 0.009378663540445486
0 0.623046875 0.7497069167643611 0.01015625 0.008206330597889801
0 0.725 0.7441383352872216 0.0109375 0.008792497069167644
0 0.355078125 0.7441383352872216 0.01171875 0.00996483001172333
0 0.393359375 0.7382766705744431 0.01171875 0.005275498241500586
0 0.4421875 0.738862837045721 0.0109375 0.008792497069167644
0 0.676953125 0.7359320046893317 0.01171875 0.008792497069167644
0 0.4578125 0.7265533411488863 0.0109375 0.008792497069167644
0 0.502734375 0.72010550996483 0.01171875 0.005275498241500586
0 0.439453125 0.7168815943728019 0.01171875 0.009378663540445486
0 0.68046875 0.7154161781946072 0.0109375 0.008792497069167644
0 0.773828125 0.7118991793669402 0.01171875 0.008792497069167644
0 0.409765625 0.7092614302461899 0.01171875 0.009378663540445486
0 0.35703125 0.7060375146541618 0.0109375 0.008792497069167644
0 0.490625 0.7042790152403282 0.0109375 0.008792497069167644
0 0.3984375 0.693728018757327 0.0109375 0.008792497069167644
0 0.74609375 0.6910902696365768 0.0109375 0.008206330597889801
0 0.637890625 0.6899179366940211 0.01171875 0.008206330597889801
0 0.70390625 0.6881594372801876 0.0109375 0.008206330597889801
0 0.688671875 0.6770222743259086 0.01171875 0.008206330597889801
0 0.238671875 0.6664712778429074 0.01171875 0.009378663540445486
0 0.671875 0.6655920281359906 0.0109375 0.008792497069167644
0 0.72109375 0.6556271981242673 0.0109375 0.008792497069167644
0 0.297265625 0.6485932004689332 0.01171875 0.008792497069167644
0 0.2546875 0.638042203985932 0.0125 0.0076201641266119575
0 0.77265625 0.6151817116060961 0.0109375 0.0076201641266119575
0 0.265625 0.6101992966002344 0.0125 0.009378663540445486
0 0.301171875 0.6066822977725674 0.01171875 0.007033997655334115
0 0.23359375 0.6066822977725674 0.0125 0.009378663540445486
0 0.324609375 0.604630715123095 0.01171875 0.008792497069167644
0 0.596875 0.5993552168815943 0.0109375 0.0076201641266119575
0 0.25 0.5902696365767878 0.0125 0.009378663540445486
0 0.6515625 0.5870457209847597 0.0109375 0.0076201641266119575
0 0.393359375 0.5855803048065651 0.01171875 0.008206330597889801
0 0.591015625 0.5835287221570926 0.01171875 0.0076201641266119575
0 0.330859375 0.5811840562719812 0.01171875 0.008792497069167644
0 0.30703125 0.578253223915592 0.0125 0.006447831184056272
0 0.269140625 0.5788393903868698 0.01328125 0.008792497069167644
0 0.780859375 0.5691676436107854 0.01171875 0.008206330597889801
0 0.242578125 0.567409144196952 0.01328125 0.009378663540445486
0 0.461328125 0.563599062133646 0.01171875 0.0076201641266119575
0 0.3234375 0.5641852286049238 0.0125 0.008792497069167644
0 0.3453125 0.5583235638921453 0.0125 0.008792497069167644
0 0.725 0.5565650644783119 0.0109375 0.0076201641266119575
0 0.75546875 0.5548065650644783 0.0109375 0.0076201641266119575
0 0.317578125 0.5466002344665886 0.01171875 0.008792497069167644
0 0.223046875 0.5436694021101993 0.01328125 0.008792497069167644
0 0.136328125 0.5424970691676436 0.01328125 0.0076201641266119575
0 0.708203125 0.5407385697538101 0.01171875 0.0076201641266119575
0 0.6046875 0.5354630715123095 0.0109375 0.0076201641266119575
0 0.26796875 0.5339976553341149 0.0125 0.009378663540445486
0 0.396875 0.5319460726846424 0.0109375 0.008792497069167644
0 0.637890625 0.5202227432590856 0.01015625 0.0076201641266119575
0 0.173828125 0.5137749120750293 0.01328125 0.0076201641266119575
0 0.355859375 0.49736225087924973 0.00078125 0.0005861664712778429
0 0.361328125 0.5 0.00859375 0.007033997655334115
0 0.22265625 0.4988276670574443 0.0140625 0.009378663540445486
0 0.177734375 0.49384525205158264 0.01328125 0.008792497069167644
0 0.74921875 0.48681125439624856 0.0109375 0.0076201641266119575
0 0.240234375 0.48534583821805394 0.01328125 0.009378663540445486
0 0.262890625 0.4791910902696366 0.01328125 0.008792497069167644
0 0.385546875 0.4771395076201641 0.01171875 0.005861664712778429
0 0.637109375 0.47596717467760846 0.01015625 0.008206330597889801
0 0.396484375 0.4598475967174678 0.01171875 0.005275498241500586
0 0.26015625 0.46160609613130127 0.0125 0.008792497069167644
0 0.6703125 0.4586752637749121 0.0109375 0.0076201641266119575
0 0.31171875 0.45574443141852283 0.0125 0.008792497069167644
0 0.199609375 0.45193434935521687 0.01328125 0.009378663540445486
0 0.476953125 0.4501758499413834 0.01171875 0.008206330597889801
0 0.446875 0.4469519343493552 0.0109375 0.008792497069167644
0 0.33046875 0.44460726846424387 0.0125 0.008792497069167644
0 0.37578125 0.43991793669402113 0.0046875 0.006447831184056272
0 0.81953125 0.43552168815943726 0.0109375 0.008206330597889801
0 0.28359375 0.4331770222743259 0.003125 0.005861664712778429
0 0.18671875 0.43024618991793667 0.009375 0.004689331770222743
0 0.436328125 0.43112543962485345 0.01015625 0.0076201641266119575
0 0.208984375 0.42379835873388044 0.01328125 0.009378663540445486
0 0.404296875 0.4199882766705744 0.00703125 0.008792497069167644
0 0.77421875 0.4144196951934349 0.0109375 0.008206330597889801
0 0.49921875 0.406799531066823 0.0109375 0.005861664712778429
0 0.376171875 0.399179366940211 0.01171875 0.009378663540445486
0 0.69453125 0.3930246189917937 0.0109375 0.008792497069167644
0 0.53046875 0.3930246189917937 0.0109375 0.008792497069167644
0 0.2375 0.3892145369284877 0.0125 0.009378663540445486
0 0.431640625 0.384232121922626 0.01171875 0.008792497069167644
0 0.5625 0.3789566236811254 0.0109375 0.008792497069167644
0 0.33671875 0.37807737397420865 0.0125 0.009378663540445486
0 0.585546875 0.3754396248534584 0.01171875 0.008792497069167644
0 0.65234375 0.3733880422039859 0.0109375 0.008206330597889801
0 0.143359375 0.3634232121922626 0.01328125 0.004689331770222743
0 0.61875 0.361957796014068 0.0109375 0.0076201641266119575
0 0.240234375 0.3540445486518171 0.01328125 0.009378663540445486
0 0.519921875 0.3525791324736225 0.01171875 0.008792497069167644
0 0.480859375 0.3493552168815944 0.01171875 0.009378663540445486
0 0.392578125 0.34906213364595545 0.01171875 0.008792497069167644
0 0.33125 0.3493552168815944 0.0125 0.009378663540445486
0 0.6296875 0.34261430246189917 0.0109375 0.008792497069167644
0 0.55234375 0.34144196951934347 0.0109375 0.006447831184056272
0 0.41015625 0.33821805392731535 0.0125 0.009378663540445486
0 0.383203125 0.33294255568581477 0.01171875 0.009378663540445486
0 0.35390625 0.32825322391559203 0.0125 0.009378663540445486
0 0.429296875 0.3276670574443142 0.01171875 0.009378663540445486
0 0.54765625 0.32532239155920284 0.0109375 0.008206330597889801
0 0.525390625 0.3238569753810082 0.01171875 0.008792497069167644
0 0.505859375 0.31242672919109027 0.01171875 0.009378663540445486
0 0.65234375 0.31008206330597887 0.0109375 0.008206330597889801
0 0.412109375 0.30890973036342323 0.01171875 0.009378663540445486
0 0.61875 0.30363423212192264 0.0109375 0.008206330597889801
0 0.348046875 0.30363423212192264 0.01328125 0.009378663540445486
0 0.479296875 0.302168815943728 0.01171875 0.008792497069167644
0 0.498828125 0.2936694021101993 0.01171875 0.009378663540445486
0 0.3171875 0.29279015240328254 0.0125 0.00996483001172333
0 0.4265625 0.2881008206330598 0.0125 0.00996483001172333
0 0.62109375 0.28634232121922626 0.0109375 0.0076201641266119575
0 0.341796875 0.28604923798358733 0.01171875 0.009378663540445486
0 0.469921875 0.2854630715123095 0.01171875 0.009378663540445486
0 0.230078125 0.28077373974208675 0.01328125 0.009378663540445486
0 0.448046875 0.2787221570926143 0.01171875 0.00996483001172333
0 0.603125 0.27637749120750293 0.0109375 0.008792497069167644
0 0.361328125 0.2716881594372802 0.00703125 0.004103165298944901
0 0.725 0.2731535756154748 0.0109375 0.008206330597889801
0 0.384765625 0.27139507620164127 0.01171875 0.009378663540445486
0 0.46796875 0.2672919109026964 0.0109375 0.009378663540445486
0 0.75859375 0.2596717467760844 0.0109375 0.008206330597889801
0 0.28515625 0.25381008206330596 0.0125 0.009378663540445486
0 0.442578125 0.2532239155920281 0.01171875 0.009378663540445486
0 0.65390625 0.2508792497069168 0.0109375 0.008206330597889801
0 0.534765625 0.24824150058616648 0.01171875 0.008792497069167644
0 0.351171875 0.2417936694021102 0.00078125 0.0005861664712778429
0 0.35703125 0.2447245017584994 0.009375 0.0076201641266119575
0 0.462109375 0.23886283704572098 0.01171875 0.00996483001172333
0 0.430859375 0.23446658851113716 0.01171875 0.009378663540445486
0 0.631640625 0.21951934349355218 0.00703125 0.006447831184056272
0 0.415625 0.22039859320046892 0.0125 0.009378663540445486
0 0.438671875 0.2171746776084408 0.01171875 0.008792497069167644
0 0.518359375 0.20281359906213364 0.01171875 0.009378663540445486
0 0.72890625 0.1954865181711606 0.0046875 0.005275498241500586
0 0.63125 0.19196951934349354 0.0109375 0.008792497069167644
0 0.696484375 0.1855216881594373 0.01015625 0.008792497069167644
0 0.550390625 0.1858147713950762 0.01171875 0.009378663540445486
0 0.409765625 0.18610785463071514 0.01171875 0.00996483001172333
0 0.813671875 0.18405627198124266 0.01015625 0.008206330597889801
0 0.866796875 0.17936694021101993 0.01015625 0.008206330597889801
0 0.43046875 0.17819460726846426 0.0125 0.009378663540445486
0 0.54609375 0.16647127784290738 0.0109375 0.008206330597889801
0 0.523046875 0.16647127784290738 0.01171875 0.009378663540445486
0 0.795703125 0.16060961313012895 0.01015625 0.009378663540445486
0 0.580859375 0.15445486518171161 0.01015625 0.0076201641266119575
0 0.56015625 0.15005861664712777 0.0015625 0.0023446658851113715
0 0.6265625 0.15093786635404455 0.0109375 0.008792497069167644
0 0.470703125 0.13980070339976552 0.01171875 0.00996483001172333
0 0.576171875 0.13481828839390386 0.00546875 0.005861664712778429
0 0.546484375 0.13276670574443142 0.01171875 0.0076201641266119575
0 0.68125 0.13276670574443142 0.0109375 0.008792497069167644
0 0.21796875 0.1310082063305979 0.0125 0.011137162954279016
0 0.5921875 0.12514654161781946 0.0078125 0.006447831184056272
0 0.562890625 0.11928487690504103 0.00703125 0.006447831184056272
0 0.543359375 0.10902696365767878 0.00703125 0.004689331770222743
0 0.67265625 0.10785463071512309 0.0109375 0.009378663540445486
0 0.604296875 0.10375146541617819 0.00859375 0.007033997655334115
0 0.2828125 0.05158264947245018 0.0125 0.010550996483001172
