0 0.284765625 0.9484173505275498 0.01171875 0.005861664712778429
0 0.25078125 0.9396248534583822 0.0046875 0.005861664712778429
0 0.3734375 0.9340562719812426 0.0078125 0.004103165298944901
0 0.54921875 0.9229191090269636 0.0125 0.011137162954279016
0 0.222265625 0.914126611957796 0.00234375 0.0017584994138335288
0 0.212109375 0.9129542790152403 0.00078125 0.0005861664712778429
0 0.698828125 0.9117819460726846 0.01171875 0.011137162954279016
0 0.376171875 0.9059202813599062 0.00390625 0.0029308323563892145
0 0.5984375 0.9041617819460727 0.0125 0.00996483001172333
0 0.63203125 0.9015240328253223 0.0125 0.007033997655334115
0 0.406640625 0.8977139507620164 0.00390625 0.0029308323563892145
0 0.560546875 0.9009378663540446 0.01171875 0.010550996483001172
0 0.6640625 0.8968347010550997 0.009375 0.010550996483001172
0 0.44765625 0.8909730363423212 0.003125 0.004689331770222743
0 0.646875 0.8874560375146542 0.003125 0.0023446658851113715
0 0.609765625 0.888042203985932 0.00859375 0.008206330597889801
0 0.371484375 0.8877491207502931 0.01171875 0.00996483001172333
0 0.3421875 0.888042203985932 0.009375 0.010550996483001172
0 0.271484375 0.8854044548651817 0.01015625 0.005275498241500586
0 0.409375 0.8810082063305978 0.0109375 0.007033997655334115
0 0.251953125 0.8801289566236812 0.00546875 0.006447831184056272
0 0.480078125 0.8722157092614302 0.01015625 0.008206330597889801
0 0.509375 0.8716295427901524 0.0125 0.010550996483001172
0 0.659375 0.8710433763188745 0.0125 0.010550996483001172
0 0.613671875 0.8678194607268465 0.01171875 0.008792497069167644
0 0.326171875 0.861664712778429 0.00234375 0.0023446658851113715
0 0.334765625 0.8625439624853458 0.00546875 0.005275498241500586
0 0.28828125 0.861664712778429 0.0109375 0.007033997655334115
0 0.46171875 0.8607854630715123 0.0109375 0.011137162954279016
0 0.380078125 0.8578546307151231 0.01171875 0.008792497069167644
0 0.494921875 0.8569753810082064 0.01171875 0.010550996483001172
0 0.626171875 0.8522860492379836 0.00703125 0.0035169988276670576
0 0.698828125 0.8516998827667057 0.01171875 0.008206330597889801
0 0.306640625 0.8475967174677609 0.01171875 0.009378663540445486
0 0.333984375 0.8437866354044549 0.01328125 0.00996483001172333
0 0.24453125 0.8423212192262602 0.0125 0.009378663540445486
0 0.6734375 0.8411488862837045 0.0109375 0.008206330597889801
0 0.715234375 0.8367526377491208 0.01015625 0.008792497069167644
0 0.560546875 0.8349941383352872 0.01171875 0.011137162954279016
0 0.6953125 0.8323563892145369 0.00625 0.007033997655334115
0 0.359765625 0.8294255568581477 0.00859375 0.0035169988276670576
0 0.643359375 0.8326494724501758 0.01171875 0.011137162954279016
0 0.618359375 0.828253223915592 0.00859375 0.007033997655334115
0 0.31953125 0.8291324736225087 0.0125 0.00996483001172333
0 0.236328125 0.8253223915592028 0.00390625 0.007033997655334115
0 0.71328125 0.8197538100820633 0.00625 0.005275498241500586
0 0.48828125 0.8197538100820633 0.0125 0.011137162954279016
0 0.530859375 0.8185814771395076 0.01171875 0.011137162954279016
0 0.263671875 0.8177022274325909 0.01328125 0.009378663540445486
0 0.28671875 0.8138921453692849 0.0109375 0.0076201641266119575
0 0.65859375 0.813599062133646 0.0109375 0.010550996483001172
0 0.57421875 0.813599062133646 0.0078125 0.010550996483001172
0 0.354296875 0.8127198124267292 0.01171875 0.008792497069167644
0 0.23046875 0.8071512309495897 0.00625 0.004689331770222743
0 0.376171875 0.8074443141852286 0.00546875 0.006447831184056272
0 0.6375 0.8071512309495897 0.0109375 0.010550996483001172
0 0.514453125 0.8048065650644783 0.00859375 0.005861664712778429
0 0.1921875 0.8036342321219226 0.0078125 0.005861664712778429
0 0.403125 0.8045134818288394 0.0078125 0.008792497069167644
0 0.733203125 0.8045134818288394 0.01171875 0.00996483001172333
0 0.430078125 0.8050996483001173 0.01171875 0.011137162954279016
0 0.2546875 0.8018757327080891 0.0125 0.009378663540445486
0 0.7078125 0.8004103165298945 0.0125 0.008792497069167644
0 0.83046875 0.7977725674091442 0.0125 0.009378663540445486
0 0.283203125 0.7960140679953107 0.01171875 0.007033997655334115
0 0.77734375 0.7968933177022274 0.0125 0.00996483001172333
0 0.655078125 0.7930832356389215 0.01171875 0.007033997655334115
0 0.307421875 0.7895662368112544 0.01015625 0.009378663540445486
0 0.33203125 0.7892731535756154 0.0109375 0.00996483001172333
0 0.267578125 0.7842907385697538 0.00234375 0.0011723329425556857
0 0.241796875 0.7878077373974208 0.01015625 0.008206330597889801
0 0.751171875 0.787221570926143 0.01328125 0.008206330597889801
0 0.502734375 0.7881008206330598 0.01171875 0.00996483001172333
0 0.37265625 0.7881008206330598 0.0125 0.00996483001172333
0 0.6265625 0.7828253223915592 0.0125 0.00996483001172333
0 0.397265625 0.7828253223915592 0.00703125 0.00996483001172333
0 0.71796875 0.7822391559202814 0.0125 0.00996483001172333
0 0.423046875 0.7781359906213364 0.00703125 0.0076201641266119575
0 0.352734375 0.7781359906213364 0.01171875 0.00996483001172333
0 0.28984375 0.7763774912075029 0.0109375 0.0076201641266119575
0 0.651953125 0.7754982415005862 0.00859375 0.008206330597889801
0 0.68671875 0.7749120750293084 0.0125 0.009378663540445486
0 0.3234375 0.772567409144197 0.00625 0.007033997655334115
0 0.2203125 0.7696365767878077 0.0078125 0.005861664712778429
0 0.25078125 0.7693434935521688 0.00625 0.0076201641266119575
0 0.7515625 0.7696365767878077 0.0125 0.009378663540445486
0 0.633984375 0.7620164126611958 0.01171875 0.004689331770222743
0 0.676171875 0.7602579132473622 0.01171875 0.009378663540445486
0 0.833984375 0.7596717467760844 0.01328125 0.009378663540445486
0 0.423828125 0.7587924970691676 0.01171875 0.008792497069167644
0 0.340625 0.7561547479484173 0.0046875 0.005861664712778429
0 0.281640625 0.7555685814771395 0.01171875 0.008206330597889801
0 0.236328125 0.7549824150058617 0.00859375 0.007033997655334115
0 0.2078125 0.7532239155920282 0.009375 0.009378663540445486
0 0.65546875 0.7532239155920282 0.0109375 0.010550996483001172
0 0.78515625 0.7508792497069168 0.0125 0.009378663540445486
0 0.545703125 0.7505861664712778 0.01171875 0.00996483001172333
0 0.31328125 0.7485345838218054 0.0109375 0.007033997655334115
0 0.390625 0.7435521688159438 0.0125 0.00996483001172333
0 0.766796875 0.7406213364595545 0.01171875 0.0076201641266119575
0 0.250390625 0.7409144196951934 0.01171875 0.008206330597889801
0 0.2265625 0.7382766705744431 0.009375 0.008792497069167644
0 0.816796875 0.734759671746776 0.00859375 0.0076201641266119575
0 0.275390625 0.7338804220398594 0.00859375 0.007033997655334115
0 0.188671875 0.7306565064478312 0.01015625 0.008792497069167644
0 0.644140625 0.7294841735052755 0.01171875 0.00996483001172333
0 0.792578125 0.7271395076201641 0.01015625 0.008792497069167644
0 0.335546875 0.727725674091442 0.01171875 0.00996483001172333
0 0.359765625 0.7247948417350527 0.01171875 0.00996483001172333
0 0.21171875 0.723915592028136 0.0109375 0.008206330597889801
0 0.766796875 0.7224501758499414 0.01171875 0.008792497069167644
0 0.73359375 0.7227432590855803 0.0125 0.009378663540445486
0 0.255859375 0.7224501758499414 0.01171875 0.008792497069167644
0 0.513671875 0.7206916764361079 0.01171875 0.00996483001172333
0 0.809375 0.7148300117233294 0.0125 0.008792497069167644
0 0.23515625 0.7136576787807737 0.0125 0.0076201641266119575
0 0.386328125 0.712778429073857 0.01171875 0.009378663540445486
0 0.752734375 0.708968347010551 0.01171875 0.0076201641266119575
0 0.342578125 0.7086752637749121 0.01171875 0.009378663540445486
0 0.723828125 0.7072098475967175 0.01171875 0.008792497069167644
0 0.30234375 0.7060375146541618 0.0125 0.006447831184056272
0 0.21328125 0.7045720984759671 0.0125 0.009378663540445486
0 0.67578125 0.7033997655334114 0.0125 0.009378663540445486
0 0.787890625 0.7028135990621337 0.01328125 0.009378663540445486
0 0.256640625 0.7007620164126612 0.01328125 0.008792497069167644
0 0.32421875 0.6981242672919109 0.0125 0.009378663540445486
0 0.28125 0.6969519343493552 0.0125 0.008206330597889801
0 0.765625 0.6946072684642438 0.0125 0.009378663540445486
0 0.7421875 0.693728018757327 0.0109375 0.008792497069167644
0 0.235546875 0.6884525205158265 0.01171875 0.00996483001172333
0 0.19921875 0.6878663540445487 0.0125 0.008792497069167644
0 0.8109375 0.6849355216881594 0.0125 0.008792497069167644
0 0.3328125 0.6831770222743259 0.0125 0.005275498241500586
0 0.30859375 0.6840562719812426 0.0125 0.009378663540445486
0 0.616796875 0.6831770222743259 0.01171875 0.008792497069167644
0 0.725390625 0.6817116060961314 0.01171875 0.008206330597889801
0 0.362890625 0.682590855803048 0.01171875 0.00996483001172333
0 0.258984375 0.6817116060961314 0.01171875 0.009378663540445486
0 0.284765625 0.6781946072684643 0.01328125 0.009378663540445486
0 0.789453125 0.6767291910902696 0.01171875 0.008792497069167644
0 0.219140625 0.6749706916764361 0.01171875 0.0076201641266119575
0 0.84609375 0.6740914419695193 0.0125 0.009378663540445486
0 0.749609375 0.6726260257913247 0.01171875 0.008792497069167644
0 0.1890625 0.6714536928487691 0.0125 0.008792497069167644
0 0.24296875 0.6676436107854631 0.0125 0.009378663540445486
0 0.826953125 0.6664712778429074 0.01171875 0.008206330597889801
0 0.717578125 0.6655920281359906 0.01171875 0.008792497069167644
0 0.351171875 0.6658851113716295 0.01171875 0.009378663540445486
0 0.303515625 0.6661781946072685 0.01328125 0.00996483001172333
0 0.269140625 0.6644196951934349 0.01171875 0.008792497069167644
0 0.223046875 0.6585580304806565 0.01328125 0.005275498241500586
0 0.327734375 0.6576787807737398 0.01328125 0.009378663540445486
0 0.745703125 0.6544548651817116 0.01171875 0.0076201641266119575
0 0.772265625 0.6544548651817116 0.01015625 0.008792497069167644
0 0.194921875 0.6532825322391559 0.01328125 0.008792497069167644
0 0.253125 0.6512309495896834 0.0125 0.009378663540445486
0 0.823828125 0.6497655334114889 0.00859375 0.0076201641266119575
0 0.277734375 0.6465416178194607 0.01328125 0.008206330597889801
0 0.616796875 0.6436107854630715 0.01171875 0.008206330597889801
0 0.212890625 0.6400937866354045 0.01328125 0.008206330597889801
0 0.32421875 0.6392145369284877 0.0125 0.00996483001172333
0 0.299609375 0.638042203985932 0.01328125 0.008792497069167644
0 0.748046875 0.6365767878077374 0.01015625 0.008206330597889801
0 0.237109375 0.6356975381008206 0.01015625 0.006447831184056272
0 0.8140625 0.634232121922626 0.0125 0.008206330597889801
0 0.2625 0.6330597889800703 0.0125 0.009378663540445486
0 0.78125 0.63042203985932 0.00625 0.005275498241500586
0 0.5890625 0.6318874560375146 0.0109375 0.008206330597889801
0 0.181640625 0.6310082063305978 0.01328125 0.008792497069167644
0 0.35546875 0.6295427901524033 0.0125 0.009378663540445486
0 0.76015625 0.6228018757327081 0.0109375 0.008792497069167644
0 0.29296875 0.6207502930832356 0.0125 0.009378663540445486
0 0.2203125 0.6184056271981243 0.009375 0.005861664712778429
0 0.2453125 0.6186987104337632 0.0125 0.0076201641266119575
0 0.334375 0.6172332942555686 0.0125 0.007033997655334115
0 0.71875 0.6137162954279015 0.0109375 0.008206330597889801
0 0.580859375 0.6140093786635404 0.01171875 0.008792497069167644
0 0.269921875 0.6143024618991794 0.01328125 0.009378663540445486
0 0.197265625 0.6122508792497069 0.01171875 0.0076201641266119575
0 0.315625 0.604337631887456 0.0125 0.008206330597889801
0 0.828125 0.6037514654161782 0.0125 0.008206330597889801
0 0.735546875 0.6014067995310668 0.01015625 0.008206330597889801
0 0.286328125 0.6002344665885111 0.01328125 0.008206330597889801
0 0.25078125 0.5999413833528722 0.009375 0.0076201641266119575
0 0.18203125 0.5981828839390387 0.0125 0.008792497069167644
0 0.713671875 0.5964243845252052 0.01171875 0.008792497069167644
0 0.208203125 0.5961313012895663 0.01328125 0.008206330597889801
0 0.305859375 0.5867526377491208 0.01015625 0.005861664712778429
0 0.22890625 0.5844079718640094 0.009375 0.004689331770222743
0 0.775 0.5838218053927315 0.0078125 0.005861664712778429
0 0.350390625 0.5855803048065651 0.01171875 0.009378663540445486
0 0.262890625 0.5841148886283705 0.01328125 0.0076201641266119575
0 0.665234375 0.5779601406799532 0.01171875 0.008206330597889801
0 0.325 0.5770808909730364 0.0125 0.008792497069167644
0 0.286328125 0.5773739742086753 0.01328125 0.009378663540445486
0 0.6984375 0.5753223915592028 0.0125 0.008792497069167644
0 0.609375 0.5720984759671747 0.0109375 0.008206330597889801
0 0.435546875 0.5700468933177022 0.01171875 0.004103165298944901
0 0.245703125 0.5715123094958968 0.01328125 0.008206330597889801
0 0.586328125 0.5691676436107854 0.01171875 0.008206330597889801
0 0.220703125 0.567409144196952 0.01171875 0.008206330597889801
0 0.8234375 0.5630128956623681 0.0078125 0.0076201641266119575
0 0.333203125 0.5600820633059789 0.01171875 0.008792497069167644
0 0.271484375 0.5603751465416178 0.01328125 0.009378663540445486
0 0.308984375 0.5568581477139508 0.01328125 0.007033997655334115
0 0.802734375 0.5542203985932005 0.01015625 0.0076201641266119575
0 0.42734375 0.5518757327080891 0.0109375 0.0076201641266119575
0 0.59140625 0.5518757327080891 0.0109375 0.008792497069167644
0 0.199609375 0.5466002344665886 0.01171875 0.006447831184056272
0 0.3890625 0.5468933177022274 0.0125 0.008206330597889801
0 0.290625 0.5463071512309496 0.0125 0.009378663540445486
0 0.225390625 0.5460140679953107 0.01328125 0.00996483001172333
0 0.323828125 0.5433763188745604 0.01328125 0.009378663540445486
0 0.266015625 0.5424970691676436 0.01328125 0.008792497069167644
0 0.3484375 0.5419109026963658 0.0125 0.008792497069167644
0 0.815625 0.537221570926143 0.0109375 0.0076201641266119575
0 0.37109375 0.5357561547479485 0.0125 0.009378663540445486
0 0.305078125 0.5310668229777257 0.01328125 0.008206330597889801
0 0.191015625 0.5301875732708089 0.01328125 0.008792497069167644
0 0.759765625 0.5284290738569754 0.01015625 0.006447831184056272
0 0.396484375 0.529601406799531 0.01171875 0.008792497069167644
0 0.28125 0.5278429073856975 0.0125 0.008792497069167644
0 0.328515625 0.5252051582649473 0.01328125 0.008206330597889801
0 0.25625 0.5254982415005862 0.0125 0.008792497069167644
0 0.35234375 0.5243259085580305 0.0125 0.008792497069167644
0 0.222265625 0.5231535756154748 0.01328125 0.0076201641266119575
0 0.712890625 0.5208089097303634 0.01171875 0.008792497069167644
0 0.8421875 0.5193434935521688 0.009375 0.008206330597889801
0 0.440234375 0.5172919109026963 0.01171875 0.006447831184056272
0 0.56953125 0.5175849941383353 0.0109375 0.008206330597889801
0 0.37890625 0.5167057444314185 0.0125 0.0076201641266119575
0 0.416796875 0.514947245017585 0.01171875 0.008792497069167644
0 0.767578125 0.5131887456037515 0.01171875 0.008792497069167644
0 0.30625 0.5134818288393904 0.0125 0.009378663540445486
0 0.239453125 0.5093786635404455 0.01328125 0.008206330597889801
0 0.26484375 0.5084994138335287 0.0125 0.008792497069167644
0 0.33046875 0.5064478311840562 0.009375 0.007033997655334115
0 0.35546875 0.503810082063306 0.0109375 0.005275498241500586
0 0.800390625 0.5046893317702228 0.01171875 0.008206330597889801
0 0.378125 0.5011723329425557 0.0125 0.005861664712778429
0 0.28203125 0.4985345838218054 0.003125 0.0017584994138335288
0 0.83828125 0.5002930832356389 0.0125 0.0076201641266119575
0 0.516796875 0.5005861664712778 0.01171875 0.008206330597889801
0 0.289453125 0.4991207502930832 0.00859375 0.006447831184056272
0 0.48671875 0.4991207502930832 0.0109375 0.0076201641266119575
0 0.426953125 0.49736225087924973 0.01015625 0.006447831184056272
0 0.460546875 0.49413833528722156 0.00390625 0.0035169988276670576
0 0.31171875 0.4958968347010551 0.0125 0.009378663540445486
0 0.231640625 0.4935521688159437 0.01328125 0.007033997655334115
0 0.400390625 0.49208675263774915 0.01171875 0.0076201641266119575
0 0.34140625 0.4906213364595545 0.0125 0.008206330597889801
0 0.256640625 0.4912075029308324 0.01328125 0.009378663540445486
0 0.8609375 0.4894490035169988 0.0109375 0.008206330597889801
0 0.819140625 0.48974208675263775 0.01171875 0.008792497069167644
0 0.20703125 0.4859320046893318 0.0125 0.007033997655334115
0 0.730078125 0.48534583821805394 0.01171875 0.008206330597889801
0 0.498046875 0.48417350527549824 0.01171875 0.005861664712778429
0 0.3640625 0.4835873388042204 0.0125 0.007033997655334115
0 0.291015625 0.48182883939038684 0.00390625 0.0035169988276670576
0 0.300390625 0.4803634232121923 0.00234375 0.0017584994138335288
0 0.841015625 0.4827080890973036 0.00859375 0.0076201641266119575
0 0.42109375 0.48007033997655335 0.0125 0.008206330597889801
0 0.79375 0.4791910902696366 0.0125 0.008792497069167644
0 0.321875 0.4791910902696366 0.0125 0.008792497069167644
0 0.38671875 0.47743259085580303 0.0125 0.0076201641266119575
0 0.457421875 0.4742086752637749 0.01171875 0.007033997655334115
0 0.713671875 0.4742086752637749 0.01171875 0.008206330597889801
0 0.344921875 0.4727432590855803 0.01328125 0.0076201641266119575
0 0.190625 0.47332942555685814 0.0140625 0.00996483001172333
0 0.74453125 0.4718640093786635 0.0109375 0.008206330597889801
0 0.825390625 0.47039859320046895 0.01171875 0.008792497069167644
0 0.510546875 0.46893317702227433 0.01171875 0.005861664712778429
0 0.244921875 0.4706916764361079 0.01328125 0.009378663540445486
0 0.85234375 0.4671746776084408 0.0125 0.007033997655334115
0 0.3671875 0.466295427901524 0.0125 0.0076201641266119575
0 0.270703125 0.4654161781946073 0.01171875 0.005861664712778429
0 0.693359375 0.4654161781946073 0.01171875 0.008206330597889801
0 0.76640625 0.4645369284876905 0.0109375 0.008792497069167644
0 0.662890625 0.4633645955451348 0.01171875 0.008792497069167644
0 0.2109375 0.46248534583821804 0.0140625 0.009378663540445486
0 0.442578125 0.46131301289566234 0.01171875 0.008206330597889801
0 0.321875 0.4601406799531067 0.0125 0.008206330597889801
0 0.38984375 0.45926143024618993 0.0125 0.0076201641266119575
0 0.4140625 0.4577960140679953 0.0109375 0.005861664712778429
0 0.298046875 0.45603751465416176 0.01328125 0.009378663540445486
0 0.3484375 0.45545134818288396 0.0125 0.009378663540445486
0 0.747265625 0.45427901524032827 0.01171875 0.008206330597889801
0 0.251953125 0.4536928487690504 0.01328125 0.007033997655334115
0 0.501171875 0.451348182883939 0.01171875 0.009378663540445486
0 0.37109375 0.44753810082063306 0.0125 0.006447831184056272
0 0.675390625 0.4481242672919109 0.01171875 0.008792497069167644
0 0.768359375 0.44724501758499413 0.01171875 0.008206330597889801
0 0.597265625 0.44753810082063306 0.01015625 0.008792497069167644
0 0.278515625 0.4457796014067995 0.01328125 0.006447831184056272
0 0.522265625 0.44343493552168817 0.01171875 0.0076201641266119575
0 0.43671875 0.4428487690504103 0.0109375 0.006447831184056272
0 0.32890625 0.44343493552168817 0.0125 0.008792497069167644
0 0.209765625 0.444021101992966 0.01328125 0.00996483001172333
0 0.8640625 0.44196951934349354 0.0125 0.008206330597889801
0 0.80625 0.44109026963657677 0.0125 0.008792497069167644
0 0.412109375 0.44109026963657677 0.01171875 0.008792497069167644
0 0.35234375 0.4372801875732708 0.0125 0.008206330597889801
0 0.305078125 0.4372801875732708 0.01328125 0.009378663540445486
0 0.38828125 0.43640093786635403 0.0125 0.008792497069167644
0 0.190234375 0.43229777256740914 0.01328125 0.00996483001172333
0 0.26796875 0.42790152403282533 0.0140625 0.009378663540445486
0 0.847265625 0.42672919109026963 0.01328125 0.008206330597889801
0 0.2171875 0.42702227432590856 0.0125 0.00996483001172333
0 0.760546875 0.42584994138335286 0.01171875 0.008792497069167644
0 0.323828125 0.42584994138335286 0.01328125 0.008792497069167644
0 0.78125 0.4249706916764361 0.0125 0.008206330597889801
0 0.737109375 0.4249706916764361 0.01171875 0.008206330597889801
0 0.4359375 0.42555685814771393 0.0125 0.009378663540445486
0 0.804296875 0.42379835873388044 0.01171875 0.008206330597889801
0 0.243359375 0.4243845252051583 0.01328125 0.009378663540445486
0 0.459765625 0.4232121922626026 0.01171875 0.008206330597889801
0 0.29140625 0.42174677608440797 0.0125 0.00996483001172333
0 0.371875 0.4208675263774912 0.0125 0.009378663540445486
0 0.346875 0.4191090269636577 0.0125 0.009378663540445486
0 0.397265625 0.417936694021102 0.01171875 0.008206330597889801
0 0.487890625 0.4155920281359906 0.01171875 0.007033997655334115
0 0.511328125 0.41588511137162953 0.01171875 0.008792497069167644
0 0.8578125 0.4114888628370457 0.0125 0.008206330597889801
0 0.1953125 0.4123681125439625 0.0140625 0.00996483001172333
0 0.41875 0.4114888628370457 0.0125 0.009378663540445486
0 0.830859375 0.4100234466588511 0.01328125 0.008792497069167644
0 0.751171875 0.4100234466588511 0.01015625 0.008792497069167644
0 0.781640625 0.40767878077373976 0.01171875 0.008792497069167644
0 0.45 0.4070926143024619 0.0109375 0.0076201641266119575
0 0.22109375 0.4082649472450176 0.0140625 0.00996483001172333
0 0.72890625 0.4070926143024619 0.0109375 0.008792497069167644
0 0.328125 0.4070926143024619 0.0125 0.008792497069167644
0 0.271484375 0.40738569753810083 0.01328125 0.009378663540445486
0 0.80625 0.40621336459554513 0.0125 0.008206330597889801
0 0.5296875 0.4044548651817116 0.0109375 0.007033997655334115
0 0.303125 0.40504103165298944 0.0125 0.008206330597889801
0 0.24609375 0.40533411488862836 0.0140625 0.00996483001172333
0 0.38203125 0.40328253223915594 0.0125 0.009378663540445486
0 0.3578125 0.402989449003517 0.0125 0.00996483001172333
0 0.594140625 0.4018171160609613 0.01171875 0.008792497069167644
0 0.57109375 0.39800703399765536 0.0109375 0.005861664712778429
0 0.491015625 0.39800703399765536 0.01171875 0.008206330597889801
0 0.787109375 0.3930246189917937 0.00078125 0.0005861664712778429
0 0.648046875 0.3962485345838218 0.01015625 0.007033997655334115
0 0.84765625 0.39654161781946073 0.0125 0.008792497069167644
0 0.404296875 0.39654161781946073 0.01171875 0.008792497069167644
0 0.699609375 0.3930246189917937 0.01171875 0.008792497069167644
0 0.79296875 0.3898007033997655 0.0109375 0.0035169988276670576
0 0.753515625 0.39243845252051585 0.01171875 0.008792497069167644
0 0.20546875 0.39331770222743256 0.0140625 0.010550996483001172
0 0.285546875 0.3921453692848769 0.01328125 0.009378663540445486
0 0.437890625 0.39126611957796015 0.01171875 0.008792497069167644
0 0.81640625 0.3906799531066823 0.0109375 0.008792497069167644
0 0.33828125 0.3906799531066823 0.0125 0.008792497069167644
0 0.26015625 0.39009378663540445 0.0125 0.00996483001172333
0 0.53125 0.38599062133645956 0.009375 0.006447831184056272
0 0.464453125 0.38716295427901526 0.01171875 0.008792497069167644
0 0.382421875 0.3851113716295428 0.01171875 0.009378663540445486
0 0.235546875 0.3854044548651817 0.01328125 0.00996483001172333
0 0.316015625 0.3824736225087925 0.01328125 0.008792497069167644
0 0.2015625 0.3786635404454865 0.0015625 0.0011723329425556857
0 0.633203125 0.38159437280187575 0.01171875 0.008206330597889801
0 0.573046875 0.380715123094959 0.01171875 0.0076201641266119575
0 0.35859375 0.38159437280187575 0.0125 0.009378663540445486
0 0.834765625 0.380715123094959 0.01171875 0.008792497069167644
0 0.48671875 0.3801289566236811 0.0109375 0.008792497069167644
0 0.51015625 0.3783704572098476 0.0109375 0.008792497069167644
0 0.4046875 0.37778429073856973 0.0125 0.0076201641266119575
0 0.861328125 0.37602579132473624 0.01328125 0.008792497069167644
0 0.791015625 0.37514654161781946 0.01015625 0.008206330597889801
0 0.760546875 0.3754396248534584 0.01171875 0.008792497069167644
0 0.69609375 0.37514654161781946 0.0109375 0.008206330597889801
0 0.274609375 0.3754396248534584 0.01328125 0.00996483001172333
0 0.547265625 0.3742672919109027 0.01171875 0.008792497069167644
0 0.428515625 0.3742672919109027 0.01171875 0.008792497069167644
0 0.1984375 0.37368112543962484 0.0125 0.0076201641266119575
0 0.814453125 0.3704572098475967 0.01171875 0.0035169988276670576
0 0.66953125 0.373094958968347 0.0109375 0.008792497069167644
0 0.336328125 0.37192262602579135 0.01171875 0.0076201641266119575
0 0.647265625 0.3678194607268464 0.01171875 0.0076201641266119575
0 0.298046875 0.3689917936694021 0.01328125 0.00996483001172333
0 0.25078125 0.3686987104337632 0.0140625 0.009378663540445486
0 0.728515625 0.36635404454865184 0.00859375 0.007033997655334115
0 0.220703125 0.36723329425556855 0.01328125 0.00996483001172333
0 0.61796875 0.365767878077374 0.0109375 0.008206330597889801
0 0.44921875 0.3660609613130129 0.0109375 0.008792497069167644
0 0.846484375 0.36518171160609614 0.01015625 0.008206330597889801
0 0.59453125 0.36400937866354044 0.0109375 0.008206330597889801
0 0.52578125 0.3634232121922626 0.0125 0.008206330597889801
0 0.358984375 0.3625439624853458 0.01015625 0.0076201641266119575
0 0.48515625 0.3616647127784291 0.009375 0.009378663540445486
0 0.77421875 0.36107854630715125 0.0125 0.009378663540445486
0 0.408203125 0.3596131301289566 0.01171875 0.0076201641266119575
0 0.80078125 0.3593200468933177 0.0125 0.008206330597889801
0 0.7078125 0.3596131301289566 0.009375 0.008792497069167644
0 0.864453125 0.35873388042203985 0.01328125 0.008206330597889801
0 0.56953125 0.3593200468933177 0.0109375 0.009378663540445486
0 0.383203125 0.3578546307151231 0.00546875 0.006447831184056272
0 0.32109375 0.35756154747948415 0.0125 0.009378663540445486
0 0.276953125 0.3569753810082063 0.01328125 0.009378663540445486
0 0.68046875 0.35463071512309496 0.00625 0.007033997655334115
0 0.189453125 0.3540445486518171 0.01171875 0.005861664712778429
0 0.429296875 0.35228604923798357 0.01171875 0.007033997655334115
0 0.636328125 0.35228604923798357 0.01171875 0.008206330597889801
0 0.544140625 0.35228604923798357 0.01171875 0.008206330597889801
0 0.505859375 0.35199296600234464 0.01171875 0.008792497069167644
0 0.832421875 0.3493552168815944 0.01171875 0.008206330597889801
0 0.453515625 0.3484759671746776 0.01015625 0.0076201641266119575
0 0.29921875 0.34876905041031653 0.0125 0.008206330597889801
0 0.7453125 0.3481828839390387 0.009375 0.008206330597889801
0 0.6109375 0.3484759671746776 0.0109375 0.008792497069167644
0 0.213671875 0.34876905041031653 0.01328125 0.009378663540445486
0 0.723828125 0.34642438452520513 0.00859375 0.008206330597889801
0 0.5859375 0.34583821805392734 0.0109375 0.008206330597889801
0 0.349609375 0.34583821805392734 0.01171875 0.008206330597889801
0 0.478125 0.3443728018757327 0.0078125 0.006447831184056272
0 0.853125 0.3440797186400938 0.0125 0.008206330597889801
0 0.81171875 0.3443728018757327 0.0109375 0.008792497069167644
0 0.7890625 0.34466588511137164 0.0109375 0.009378663540445486
0 0.766015625 0.34466588511137164 0.01171875 0.009378663540445486
0 0.398828125 0.34349355216881594 0.00859375 0.007033997655334115
0 0.69765625 0.34349355216881594 0.0078125 0.008206330597889801
0 0.37578125 0.3417350527549824 0.0046875 0.004689331770222743
0 0.562890625 0.34144196951934347 0.01015625 0.0076201641266119575
0 0.261328125 0.34144196951934347 0.01171875 0.0076201641266119575
0 0.528515625 0.34056271981242675 0.00546875 0.007033997655334115
0 0.23515625 0.3402696365767878 0.0140625 0.00996483001172333
0 0.326171875 0.33909730363423213 0.01171875 0.008792497069167644
0 0.675390625 0.33675263774912073 0.01015625 0.0076201641266119575
0 0.64921875 0.335873388042204 0.009375 0.008206330597889801
0 0.498828125 0.3344079718640094 0.00703125 0.0076201641266119575
0 0.194140625 0.3355803048065651 0.01328125 0.00996483001172333
0 0.626171875 0.3344079718640094 0.01015625 0.008792497069167644
0 0.423046875 0.3344079718640094 0.00703125 0.008792497069167644
0 0.828125 0.3323563892145369 0.0109375 0.007033997655334115
0 0.601953125 0.33177022274325907 0.01015625 0.008206330597889801
0 0.735546875 0.3311840562719812 0.00859375 0.008206330597889801
0 0.44453125 0.3303048065650645 0.0109375 0.0076201641266119575
0 0.302734375 0.3303048065650645 0.01015625 0.0076201641266119575
0 0.804296875 0.3267878077373974 0.00234375 0.0017584994138335288
0 0.544140625 0.3303048065650645 0.01171875 0.008792497069167644
0 0.7984375 0.3267878077373974 0.0078125 0.0029308323563892145
0 0.778515625 0.32942555685814773 0.01015625 0.008206330597889801
0 0.7109375 0.32942555685814773 0.009375 0.008206330597889801
0 0.278125 0.32971864009378665 0.0125 0.00996483001172333
0 0.579296875 0.32825322391559203 0.01015625 0.008206330597889801
0 0.469140625 0.32708089097303633 0.00546875 0.007033997655334115
0 0.856640625 0.3264947245017585 0.01171875 0.008206330597889801
0 0.34375 0.3264947245017585 0.0109375 0.008206330597889801
0 0.75625 0.3256154747948417 0.0109375 0.008792497069167644
0 0.51640625 0.32415005861664714 0.009375 0.008206330597889801
0 0.36875 0.3226846424384525 0.0046875 0.005275498241500586
0 0.248046875 0.3250293083235639 0.01328125 0.00996483001172333
0 0.66328125 0.32209847596717467 0.009375 0.008792497069167644
0 0.39609375 0.32180539273153574 0.0109375 0.009378663540445486
0 0.640234375 0.31975381008206333 0.00859375 0.0076201641266119575
0 0.838671875 0.317116060961313 0.01171875 0.008206330597889801
0 0.815625 0.31770222743259086 0.0125 0.009378663540445486
0 0.5609375 0.317116060961313 0.0109375 0.008206330597889801
0 0.4921875 0.3168229777256741 0.0078125 0.0076201641266119575
0 0.320703125 0.31770222743259086 0.01171875 0.009378663540445486
0 0.617578125 0.3156506447831184 0.00859375 0.006447831184056272
0 0.419140625 0.3159437280187573 0.01015625 0.008206330597889801
0 0.727734375 0.3150644783118406 0.00859375 0.0076201641266119575
0 0.594140625 0.31477139507620167 0.01015625 0.008206330597889801
0 0.789453125 0.3141852286049238 0.01015625 0.008206330597889801
0 0.53671875 0.3127198124267292 0.0046875 0.006447831184056272
0 0.29140625 0.31359906213364597 0.0125 0.009378663540445486
0 0.197265625 0.3138921453692849 0.01328125 0.00996483001172333
0 0.442578125 0.31242672919109027 0.01015625 0.008206330597889801
0 0.705078125 0.3118405627198124 0.00859375 0.008206330597889801
0 0.768359375 0.3094958968347011 0.00859375 0.007033997655334115
0 0.468359375 0.30773739742086753 0.00546875 0.004689331770222743
0 0.351171875 0.3086166471277843 0.01015625 0.0076201641266119575
0 0.5125 0.30656506447831183 0.00625 0.005861664712778429
0 0.38359375 0.305978898007034 0.0078125 0.008206330597889801
0 0.74609375 0.30568581477139506 0.009375 0.008792497069167644
0 0.68046875 0.30568581477139506 0.0078125 0.008792497069167644
0 0.653515625 0.30539273153575613 0.01015625 0.008206330597889801
0 0.8546875 0.3030480656506448 0.0125 0.009378663540445486
0 0.5765625 0.30246189917936694 0.009375 0.008206330597889801
0 0.826953125 0.302168815943728 0.01171875 0.008792497069167644
0 0.805078125 0.302168815943728 0.01171875 0.008792497069167644
0 0.552734375 0.2998241500586166 0.01015625 0.0076201641266119575
0 0.405078125 0.30041031652989447 0.01015625 0.008792497069167644
0 0.4875 0.29835873388042206 0.0078125 0.005861664712778429
0 0.31015625 0.30011723329425555 0.0125 0.009378663540445486
0 0.7234375 0.2977725674091442 0.0046875 0.007033997655334115
0 0.619921875 0.2977725674091442 0.00859375 0.007033997655334115
0 0.779296875 0.29396248534583824 0.00234375 0.0017584994138335288
0 0.42890625 0.29689331770222743 0.0109375 0.008792497069167644
0 0.278515625 0.2966002344665885 0.00546875 0.009378663540445486
0 0.53046875 0.29454865181711604 0.00625 0.006447831184056272
0 0.69765625 0.29454865181711604 0.009375 0.0076201641266119575
0 0.333984375 0.29484173505275496 0.01171875 0.008206330597889801
0 0.3671875 0.29191090269636577 0.0046875 0.0035169988276670576
0 0.761328125 0.29308323563892147 0.01015625 0.008206330597889801
0 0.598828125 0.29161781946072685 0.00859375 0.0076201641266119575
0 0.642578125 0.29044548651817115 0.00546875 0.006447831184056272
0 0.455859375 0.29073856975381007 0.01015625 0.008206330597889801
0 0.669921875 0.2895662368112544 0.00859375 0.008206330597889801
0 0.875390625 0.28927315357561545 0.01328125 0.008792497069167644
0 0.836328125 0.2857561547479484 0.00234375 0.0017584994138335288
0 0.841796875 0.28516998827667056 0.00546875 0.0017584994138335288
0 0.73984375 0.2881008206330598 0.009375 0.0076201641266119575
0 0.50625 0.2878077373974209 0.0078125 0.008206330597889801
0 0.82109375 0.283704572098476 0.0015625 0.0011723329425556857
0 0.81640625 0.28311840562719814 0.00625 0.0023446658851113715
0 0.388671875 0.28604923798358733 0.01015625 0.008206330597889801
0 0.413671875 0.28341148886283707 0.00703125 0.004103165298944901
0 0.29453125 0.2857561547479484 0.0125 0.008792497069167644
0 0.795703125 0.28223915592028137 0.01171875 0.008792497069167644
0 0.713671875 0.2816529894490035 0.00703125 0.0076201641266119575
0 0.620703125 0.27989449003517 0.00390625 0.005275498241500586
0 0.57734375 0.2801875732708089 0.0078125 0.008206330597889801
0 0.48046875 0.27989449003517 0.0109375 0.0076201641266119575
0 0.31796875 0.2801875732708089 0.0109375 0.008206330597889801
0 0.43671875 0.2790152403282532 0.009375 0.008206330597889801
0 0.691015625 0.2781359906213365 0.00703125 0.0076201641266119575
0 0.346484375 0.2787221570926143 0.01015625 0.008792497069167644
0 0.7734375 0.2781359906213365 0.009375 0.008792497069167644
0 0.858984375 0.27754982415005863 0.01328125 0.008792497069167644
0 0.524609375 0.2769636576787808 0.01015625 0.0076201641266119575
0 0.7515625 0.2734466588511137 0.009375 0.008792497069167644
0 0.6453125 0.27256740914419697 0.009375 0.007033997655334115
0 0.598046875 0.2716881594372802 0.00859375 0.0076201641266119575
0 0.8328125 0.2719812426729191 0.0109375 0.009378663540445486
0 0.669140625 0.2708089097303634 0.00703125 0.007033997655334115
0 0.37265625 0.27110199296600235 0.009375 0.0076201641266119575
0 0.459765625 0.2708089097303634 0.01015625 0.008206330597889801
0 0.73046875 0.26992966002344665 0.0078125 0.0076201641266119575
0 0.5546875 0.26992966002344665 0.009375 0.0076201641266119575
0 0.502734375 0.2696365767878077 0.00859375 0.008206330597889801
0 0.8109375 0.2693434935521688 0.0109375 0.008792497069167644
0 0.395703125 0.26787807737397423 0.01015625 0.008206330597889801
0 0.194921875 0.2675849941383353 0.00546875 0.00996483001172333
0 0.190625 0.2623094958968347 0.0015625 0.0005861664712778429
0 0.78984375 0.264947245017585 0.009375 0.008206330597889801
0 0.708203125 0.26348182883939036 0.01015625 0.0076201641266119575
0 0.344921875 0.2608440797186401 0.00546875 0.004689331770222743
0 0.576171875 0.26143024618991795 0.00859375 0.008206330597889801
0 0.48125 0.26143024618991795 0.0078125 0.008206330597889801
0 0.85234375 0.261137162954279 0.0140625 0.008792497069167644
0 0.7703125 0.2599648300117233 0.0046875 0.006447831184056272
0 0.6859375 0.26025791324736225 0.009375 0.008206330597889801
0 0.61875 0.2599648300117233 0.009375 0.0076201641266119575
0 0.43671875 0.26025791324736225 0.0109375 0.008206330597889801
0 0.528515625 0.2584994138335287 0.01015625 0.007033997655334115
0 0.7453125 0.25586166471277844 0.009375 0.0076201641266119575
0 0.6421875 0.25498241500586166 0.00625 0.005861664712778429
0 0.663671875 0.2532239155920281 0.00859375 0.007033997655334115
0 0.871484375 0.25351699882766704 0.01328125 0.008792497069167644
0 0.414453125 0.2523446658851114 0.00859375 0.0076201641266119575
0 0.365625 0.25263774912075027 0.0109375 0.008206330597889801
0 0.59609375 0.2511723329425557 0.0109375 0.0076201641266119575
0 0.458203125 0.2514654161781946 0.01015625 0.008206330597889801
0 0.834375 0.2514654161781946 0.0140625 0.009378663540445486
0 0.80859375 0.2511723329425557 0.0125 0.008792497069167644
0 0.50078125 0.25058616647127785 0.009375 0.0076201641266119575
0 0.723046875 0.2502930832356389 0.01015625 0.008206330597889801
0 0.55390625 0.24941383352872215 0.00625 0.0076201641266119575
0 0.38984375 0.24970691676436108 0.0109375 0.008206330597889801
0 0.784765625 0.2473622508792497 0.00859375 0.008206330597889801
0 0.193359375 0.2473622508792497 0.01328125 0.010550996483001172
0 0.851953125 0.24325908558030482 0.01484375 0.008206330597889801
0 0.47890625 0.2429660023446659 0.0109375 0.0076201641266119575
0 0.305859375 0.24325908558030482 0.01015625 0.008206330597889801
0 0.7640625 0.24237983587338804 0.0078125 0.0076201641266119575
0 0.681640625 0.24237983587338804 0.01015625 0.0076201641266119575
0 0.575 0.24267291910902697 0.009375 0.008206330597889801
0 0.522265625 0.24150058616647127 0.00546875 0.005861664712778429
0 0.340234375 0.24062133645955452 0.00390625 0.005275498241500586
0 0.651171875 0.23827667057444316 0.00703125 0.006447831184056272
0 0.433203125 0.23886283704572098 0.01015625 0.008792497069167644
0 0.704296875 0.23827667057444316 0.00859375 0.008792497069167644
0 0.74296875 0.23710433763188746 0.00625 0.0076201641266119575
0 0.8796875 0.2365181711606096 0.0125 0.008792497069167644
0 0.37109375 0.235052754982415 0.009375 0.007033997655334115
0 0.8203125 0.23417350527549824 0.0109375 0.008792497069167644
0 0.797265625 0.2335873388042204 0.01015625 0.008792497069167644
0 0.60078125 0.23329425556858147 0.0078125 0.008206330597889801
0 0.5421875 0.2321219226260258 0.0078125 0.007033997655334115
0 0.500390625 0.23241500586166472 0.00703125 0.0076201641266119575
0 0.455859375 0.23241500586166472 0.01015625 0.0076201641266119575
0 0.394140625 0.23153575615474795 0.01015625 0.008206330597889801
0 0.77578125 0.2283118405627198 0.0109375 0.008792497069167644
0 0.56328125 0.2268464243845252 0.009375 0.008206330597889801
0 0.86171875 0.22655334114888628 0.0125 0.008792497069167644
0 0.721484375 0.22596717467760843 0.00859375 0.0076201641266119575
0 0.622265625 0.22596717467760843 0.00703125 0.0076201641266119575
0 0.478515625 0.22332942555685814 0.00546875 0.0035169988276670576
0 0.685546875 0.22479484173505276 0.00703125 0.0076201641266119575
0 0.5203125 0.2224501758499414 0.0078125 0.0076201641266119575
0 0.431640625 0.22039859320046892 0.00859375 0.007033997655334115
0 0.741796875 0.21893317702227433 0.00703125 0.0076201641266119575
0 0.5859375 0.21893317702227433 0.00625 0.0076201641266119575
0 0.49921875 0.21395076201641267 0.0046875 0.0035169988276670576
0 0.704296875 0.21453692848769051 0.00703125 0.005861664712778429
0 0.408203125 0.21483001172332944 0.00703125 0.006447831184056272
0 0.453515625 0.21395076201641267 0.01015625 0.007033997655334115
0 0.762109375 0.21453692848769051 0.01015625 0.009378663540445486
0 0.53984375 0.21336459554513482 0.009375 0.007033997655334115
0 0.60625 0.21189917936694022 0.0078125 0.0076201641266119575
0 0.780859375 0.20545134818288394 0.00078125 0.0005861664712778429
0 0.7265625 0.20750293083235638 0.0046875 0.004689331770222743
0 0.563671875 0.208968347010551 0.01015625 0.0076201641266119575
0 0.38515625 0.20750293083235638 0.0078125 0.005861664712778429
0 0.78515625 0.20427901524032827 0.003125 0.0005861664712778429
0 0.4765625 0.205158264947245 0.0046875 0.004689331770222743
0 0.8328125 0.205158264947245 0.0125 0.009378663540445486
0 0.51953125 0.20398593200468934 0.0078125 0.007033997655334115
0 0.748046875 0.20134818288393905 0.00546875 0.006447831184056272
0 0.58671875 0.20017584994138335 0.0046875 0.006447831184056272
0 0.644921875 0.19783118405627198 0.01015625 0.0076201641266119575
0 0.619921875 0.1954865181711606 0.00390625 0.0029308323563892145
0 0.69609375 0.19724501758499413 0.009375 0.0076201641266119575
0 0.7671875 0.19665885111371628 0.009375 0.0076201641266119575
0 0.55 0.19460726846424384 0.003125 0.0035169988276670576
0 0.456640625 0.19226260257913247 0.00234375 0.0023446658851113715
0 0.3390625 0.19460726846424384 0.0078125 0.007033997655334115
0 0.7984375 0.1943141852286049 0.0109375 0.008792497069167644
0 0.71640625 0.18874560375146543 0.009375 0.007033997655334115
0 0.526953125 0.18610785463071514 0.00703125 0.006447831184056272
0 0.82890625 0.18698710433763188 0.0125 0.009378663540445486
0 0.598046875 0.18522860492379836 0.00859375 0.007033997655334115
0 0.50234375 0.18522860492379836 0.0078125 0.007033997655334115
0 0.74765625 0.18317702227432592 0.0078125 0.0076201641266119575
0 0.401171875 0.18112543962485345 0.00546875 0.0035169988276670576
0 0.5640625 0.18141852286049237 0.009375 0.006447831184056272
0 0.4296875 0.1776084407971864 0.0078125 0.005861664712778429
0 0.76875 0.17848769050410315 0.009375 0.008792497069167644
0 0.8578125 0.17555685814771396 0.0125 0.00996483001172333
0 0.8265625 0.1720398593200469 0.003125 0.0029308323563892145
0 0.617578125 0.17233294255568582 0.00390625 0.005861664712778429
0 0.725 0.17262602579132474 0.0078125 0.0076201641266119575
0 0.64921875 0.17057444314185227 0.00625 0.007033997655334115
0 0.835546875 0.16617819460726846 0.00234375 0.0017584994138335288
0 0.832421875 0.1650058616647128 0.00078125 0.0005861664712778429
0 0.672265625 0.16735052754982416 0.00546875 0.0076201641266119575
0 0.55 0.16647127784290738 0.009375 0.005861664712778429
0 0.334765625 0.1667643610785463 0.00859375 0.006447831184056272
0 0.787109375 0.16764361078546308 0.01171875 0.009378663540445486
0 0.527734375 0.1652989449003517 0.00546875 0.005861664712778429
0 0.809765625 0.16295427901524032 0.01171875 0.009378663540445486
0 0.583984375 0.16002344665885113 0.00859375 0.007033997655334115
0 0.30859375 0.15504103165298944 0.0125 0.0076201641266119575
0 0.76171875 0.152989449003517 0.0109375 0.007033997655334115
0 0.694140625 0.15064478311840562 0.00859375 0.008206330597889801
0 0.368359375 0.1477139507620164 0.00703125 0.005861664712778429
0 0.633203125 0.14800703399765533 0.00859375 0.0076201641266119575
0 0.33203125 0.14712778429073858 0.0078125 0.005861664712778429
0 0.280859375 0.14830011723329425 0.01171875 0.009378663540445486
0 0.534375 0.14419695193434937 0.00625 0.007033997655334115
0 0.67109375 0.1433177022274326 0.0078125 0.006447831184056272
0 0.589453125 0.1421453692848769 0.00546875 0.005275498241500586
0 0.508984375 0.13862837045720985 0.00703125 0.006447831184056272
0 0.22890625 0.13012895662368112 0.0078125 0.010550996483001172
0 0.225390625 0.12456037514654161 0.00390625 0.0005861664712778429
