0 0.404296875 0.8487690504103166 0.01015625 0.009378663540445486
0 0.34140625 0.8437866354044549 0.0109375 0.008792497069167644
0 0.468359375 0.8390973036342321 0.00703125 0.0029308323563892145
0 0.44609375 0.8294255568581477 0.0046875 0.007033997655334115
0 0.4140625 0.8256154747948418 0.00625 0.006447831184056272
0 0.74765625 0.8226846424384525 0.0078125 0.005275498241500586
0 0.17890625 0.8232708089097304 0.0125 0.008792497069167644
0 0.717578125 0.8153575615474795 0.01171875 0.009378663540445486
0 0.46015625 0.813305978898007 0.00625 0.0076201641266119575
0 0.43046875 0.8130128956623681 0.0046875 0.007033997655334115
0 0.54375 0.8009964830011723 0.0109375 0.008792497069167644
0 0.444921875 0.7968933177022274 0.00390625 0.0017584994138335288
0 0.19375 0.8007033997655334 0.0140625 0.009378663540445486
0 0.139453125 0.7974794841735052 0.01171875 0.008792497069167644
0 0.173046875 0.7971864009378663 0.01484375 0.009378663540445486
0 0.423046875 0.7936694021101993 0.00859375 0.009378663540445486
0 0.376953125 0.791031652989449 0.01015625 0.008792497069167644
0 0.458984375 0.7775498241500586 0.00859375 0.0076201641266119575
0 0.484765625 0.776084407971864 0.01015625 0.008206330597889801
0 0.296484375 0.7669988276670574 0.01171875 0.008792497069167644
0 0.453125 0.7570339976553341 0.009375 0.008792497069167644
0 0.366015625 0.7555685814771395 0.01015625 0.008206330597889801
0 0.18203125 0.7561547479484173 0.0125 0.009378663540445486
0 0.51640625 0.7546893317702228 0.009375 0.008792497069167644
0 0.605859375 0.7470691676436108 0.01015625 0.008792497069167644
0 0.2625 0.7458968347010551 0.0125 0.008792497069167644
0 0.49453125 0.7435521688159438 0.0109375 0.008792497069167644
0 0.575390625 0.7382766705744431 0.00703125 0.006447831184056272
0 0.4984375 0.7253810082063306 0.0109375 0.0076201641266119575
0 0.3640625 0.723915592028136 0.0078125 0.008206330597889801
0 0.212109375 0.7174677608440797 0.01328125 0.008206330597889801
0 0.596875 0.7107268464243846 0.0109375 0.008792497069167644
0 0.4890625 0.6972450175849941 0.0109375 0.0076201641266119575
0 0.576171875 0.6954865181711606 0.01015625 0.008792497069167644
0 0.323046875 0.6957796014067995 0.01171875 0.009378663540445486
0 0.543359375 0.6922626025791325 0.01171875 0.008206330597889801
0 0.2515625 0.6910902696365768 0.0125 0.009378663540445486
0 0.22265625 0.6890386869871044 0.0125 0.0076201641266119575
0 0.337109375 0.6817116060961314 0.01171875 0.008206330597889801
0 0.2578125 0.6743845252051582 0.0125 0.008792497069167644
0 0.568359375 0.6740914419695193 0.01171875 0.009378663540445486
0 0.370703125 0.6735052754982415 0.01171875 0.008206330597889801
0 0.54375 0.6723329425556858 0.0109375 0.009378663540445486
0 0.739453125 0.6673505275498242 0.01171875 0.008792497069167644
0 0.12890625 0.6644196951934349 0.0125 0.0076201641266119575
0 0.394921875 0.6644196951934349 0.01171875 0.008792497069167644
0 0.865625 0.6635404454865181 0.0140625 0.009378663540445486
0 0.476953125 0.6591441969519344 0.01171875 0.008792497069167644
0 0.417578125 0.6576787807737398 0.00859375 0.005861664712778429
0 0.319140625 0.6576787807737398 0.01171875 0.008206330597889801
0 0.528515625 0.6573856975381008 0.01171875 0.008792497069167644
0 0.1984375 0.6556271981242673 0.0125 0.008792497069167644
0 0.71953125 0.6535756154747948 0.0125 0.008206330597889801
0 0.506640625 0.6471277842907386 0.00859375 0.008206330597889801
0 0.215234375 0.6430246189917936 0.01171875 0.008206330597889801
0 0.684375 0.641559202813599 0.0125 0.008792497069167644
0 0.378125 0.6336459554513482 0.0109375 0.007033997655334115
0 0.568359375 0.6327667057444314 0.01171875 0.008792497069167644
0 0.325 0.6327667057444314 0.0125 0.008792497069167644
0 0.4609375 0.6321805392731535 0.0109375 0.008792497069167644
0 0.662890625 0.63042203985932 0.01171875 0.008792497069167644
0 0.4984375 0.6286635404454866 0.0109375 0.008792497069167644
0 0.544921875 0.6260257913247362 0.01015625 0.008206330597889801
0 0.3703125 0.6160609613130129 0.0078125 0.005861664712778429
0 0.60234375 0.615767878077374 0.0109375 0.008792497069167644
0 0.3953125 0.615767878077374 0.0109375 0.008792497069167644
0 0.46875 0.6145955451348183 0.0109375 0.008792497069167644
0 0.504296875 0.6104923798358733 0.01171875 0.008792497069167644
0 0.447265625 0.6066822977725674 0.01015625 0.007033997655334115
0 0.571875 0.604630715123095 0.0109375 0.008792497069167644
0 0.3375 0.6016998827667057 0.009375 0.0076201641266119575
0 0.66953125 0.6011137162954279 0.0125 0.008792497069167644
0 0.694140625 0.597010550996483 0.01328125 0.008792497069167644
0 0.644140625 0.597010550996483 0.01171875 0.008792497069167644
0 0.391015625 0.5940797186400938 0.01015625 0.0076201641266119575
0 0.483203125 0.5926143024618992 0.01171875 0.008206330597889801
0 0.31875 0.5917350527549824 0.0109375 0.0076201641266119575
0 0.506640625 0.5917350527549824 0.01171875 0.008792497069167644
0 0.35703125 0.5905627198124267 0.0109375 0.0076201641266119575
0 0.42265625 0.589390386869871 0.0109375 0.0076201641266119575
0 0.451953125 0.5864595545134819 0.01171875 0.008792497069167644
0 0.59921875 0.5764947245017585 0.0109375 0.008792497069167644
0 0.568359375 0.574736225087925 0.01171875 0.008792497069167644
0 0.244140625 0.5720984759671747 0.01328125 0.008206330597889801
0 0.490625 0.570926143024619 0.0109375 0.008206330597889801
0 0.190234375 0.5685814771395076 0.01171875 0.008206330597889801
0 0.27109375 0.5650644783118406 0.0140625 0.008206330597889801
0 0.2921875 0.5638921453692849 0.0125 0.008206330597889801
0 0.627734375 0.563599062133646 0.01171875 0.008792497069167644
0 0.7046875 0.5621336459554513 0.0125 0.009378663540445486
0 0.3578125 0.5612543962485346 0.0109375 0.0076201641266119575
0 0.587109375 0.559495896834701 0.01171875 0.008792497069167644
0 0.6609375 0.5586166471277842 0.0125 0.008206330597889801
0 0.55546875 0.5550996483001173 0.0109375 0.008206330597889801
0 0.43203125 0.5536342321219226 0.0109375 0.008792497069167644
0 0.50546875 0.5504103165298945 0.0109375 0.008206330597889801
0 0.462890625 0.5427901524032825 0.01171875 0.008206330597889801
0 0.67265625 0.5416178194607268 0.0125 0.008206330597889801
0 0.378125 0.5413247362250879 0.0109375 0.0076201641266119575
0 0.585546875 0.5381008206330598 0.01171875 0.008206330597889801
0 0.441015625 0.537221570926143 0.01171875 0.0076201641266119575
0 0.5515625 0.5360492379835874 0.0109375 0.0076201641266119575
0 0.64765625 0.5354630715123095 0.0109375 0.008792497069167644
0 0.248828125 0.5334114888628371 0.01328125 0.008206330597889801
0 0.70546875 0.5319460726846424 0.0125 0.008792497069167644
0 0.39609375 0.5290152403282532 0.0109375 0.0076201641266119575
0 0.61328125 0.5257913247362251 0.0109375 0.008206330597889801
0 0.36171875 0.5252051582649473 0.0109375 0.008206330597889801
0 0.26796875 0.5252051582649473 0.0125 0.008206330597889801
0 0.42421875 0.5243259085580305 0.0109375 0.0076201641266119575
0 0.5515625 0.5172919109026963 0.0109375 0.0076201641266119575
0 0.653515625 0.5172919109026963 0.01171875 0.008792497069167644
0 0.215234375 0.514947245017585 0.01171875 0.0076201641266119575
0 0.28984375 0.5137749120750293 0.0109375 0.0076201641266119575
0 0.515234375 0.5134818288393904 0.01171875 0.008206330597889801
0 0.591796875 0.5128956623681126 0.01171875 0.008206330597889801
0 0.37578125 0.5102579132473622 0.0109375 0.0076201641266119575
0 0.12109375 0.5093786635404455 0.0109375 0.008206330597889801
0 0.636328125 0.5035169988276671 0.01171875 0.008206330597889801
0 0.696484375 0.5023446658851114 0.01171875 0.008206330597889801
0 0.352734375 0.5011723329425557 0.01015625 0.008206330597889801
0 0.165625 0.49941383352872215 0.0125 0.008206330597889801
0 0.54921875 0.49531066822977726 0.0109375 0.008206330597889801
0 0.61328125 0.49413833528722156 0.0109375 0.008206330597889801
0 0.587890625 0.4935521688159437 0.01171875 0.008206330597889801
0 0.76953125 0.4932590855803048 0.0140625 0.008792497069167644
0 0.73515625 0.4879835873388042 0.0125 0.008792497069167644
0 0.679296875 0.48710433763188743 0.01171875 0.008206330597889801
0 0.639453125 0.4838804220398593 0.01171875 0.008792497069167644
0 0.533203125 0.4827080890973036 0.01171875 0.006447831184056272
0 0.486328125 0.48329425556858147 0.01171875 0.0076201641266119575
0 0.35234375 0.48329425556858147 0.0125 0.0076201641266119575
0 0.33125 0.4835873388042204 0.0125 0.008206330597889801
0 0.162109375 0.4827080890973036 0.01171875 0.0076201641266119575
0 0.508203125 0.48124267291910905 0.01015625 0.007033997655334115
0 0.569921875 0.48124267291910905 0.01015625 0.008206330597889801
0 0.13671875 0.48124267291910905 0.0140625 0.008206330597889801
0 0.20078125 0.47332942555685814 0.0125 0.0076201641266119575
0 0.61953125 0.4727432590855803 0.0125 0.008792497069167644
0 0.39609375 0.4709847596717468 0.0109375 0.0076201641266119575
0 0.724609375 0.4709847596717468 0.01171875 0.008792497069167644
0 0.248046875 0.4698124267291911 0.01484375 0.0076201641266119575
0 0.594921875 0.4698124267291911 0.01171875 0.008792497069167644
0 0.546484375 0.4657092614302462 0.01171875 0.008792497069167644
0 0.29140625 0.4657092614302462 0.0125 0.008792497069167644
0 0.269140625 0.46483001172332944 0.01640625 0.008206330597889801
0 0.646875 0.4642438452520516 0.0109375 0.008206330597889801
0 0.351953125 0.46365767878077374 0.01171875 0.008206330597889801
0 0.5203125 0.46248534583821804 0.0109375 0.008206330597889801
0 0.323046875 0.45545134818288396 0.01171875 0.008206330597889801
0 0.144140625 0.4548651817116061 0.01171875 0.008206330597889801
0 0.7125 0.45398593200468934 0.0125 0.008792497069167644
0 0.603515625 0.45281359906213364 0.01171875 0.008792497069167644
0 0.5015625 0.45076201641266117 0.0125 0.008206330597889801
0 0.17421875 0.4501758499413834 0.0125 0.008206330597889801
0 0.478515625 0.4492966002344666 0.01171875 0.008792497069167644
0 0.287890625 0.44871043376318875 0.01171875 0.008792497069167644
0 0.548828125 0.447831184056272 0.01171875 0.008206330597889801
0 0.6875 0.44724501758499413 0.0125 0.008206330597889801
0 0.343359375 0.4466588511137163 0.01015625 0.008206330597889801
0 0.626953125 0.444021101992966 0.01171875 0.008792497069167644
0 0.524609375 0.4437280187573271 0.01171875 0.008206330597889801
0 0.663671875 0.4416764361078546 0.01171875 0.0076201641266119575
0 0.43125 0.43991793669402113 0.0109375 0.0076201641266119575
0 0.867578125 0.43991793669402113 0.01484375 0.00996483001172333
0 0.460546875 0.4372801875732708 0.01171875 0.008206330597889801
0 0.565625 0.4340562719812427 0.0109375 0.008792497069167644
0 0.48984375 0.4331770222743259 0.0109375 0.008206330597889801
0 0.70625 0.4331770222743259 0.0125 0.009378663540445486
0 0.609375 0.43141852286049237 0.0109375 0.008206330597889801
0 0.7390625 0.4305392731535756 0.0125 0.008792497069167644
0 0.642578125 0.4296600234466589 0.01171875 0.008206330597889801
0 0.259765625 0.4284876905041032 0.01171875 0.008206330597889801
0 0.846875 0.42819460726846426 0.0140625 0.00996483001172333
0 0.349609375 0.41852286049237986 0.01015625 0.008206330597889801
0 0.541015625 0.41822977725674093 0.01171875 0.008792497069167644
0 0.6765625 0.41617819460726846 0.0125 0.008206330597889801
0 0.86796875 0.41617819460726846 0.0140625 0.009378663540445486
0 0.62578125 0.41588511137162953 0.0125 0.008792497069167644
0 0.512890625 0.4155920281359906 0.01015625 0.008206330597889801
0 0.564453125 0.4152989449003517 0.01171875 0.008792497069167644
0 0.701171875 0.4144196951934349 0.01328125 0.009378663540445486
0 0.448046875 0.41060961313012895 0.01015625 0.0076201641266119575
0 0.595703125 0.4079718640093787 0.01171875 0.008206330597889801
0 0.658203125 0.39976553341148885 0.01171875 0.009378663540445486
0 0.71953125 0.3988862837045721 0.0125 0.008792497069167644
0 0.574609375 0.39859320046893315 0.01171875 0.008206330597889801
0 0.39140625 0.3959554513481829 0.0109375 0.0076201641266119575
0 0.158984375 0.3947831184056272 0.01171875 0.008792497069167644
0 0.68203125 0.3936107854630715 0.0125 0.008792497069167644
0 0.637109375 0.3877491207502931 0.01171875 0.00996483001172333
0 0.81015625 0.3854044548651817 0.0140625 0.008792497069167644
0 0.53671875 0.3830597889800703 0.0109375 0.008792497069167644
0 0.786328125 0.37924970691676435 0.01328125 0.009378663540445486
0 0.23671875 0.3766119577960141 0.0125 0.008792497069167644
0 0.5828125 0.37602579132473624 0.0125 0.008792497069167644
0 0.668359375 0.37485345838218054 0.01328125 0.008792497069167644
0 0.69375 0.3733880422039859 0.0125 0.009378663540445486
0 0.559375 0.373094958968347 0.0125 0.008792497069167644
0 0.64375 0.3701641266119578 0.0125 0.00996483001172333
0 0.6203125 0.3678194607268464 0.0125 0.008792497069167644
0 0.31796875 0.3675263774912075 0.0109375 0.008206330597889801
0 0.729296875 0.36107854630715125 0.01328125 0.009378663540445486
0 0.54140625 0.3607854630715123 0.0109375 0.008792497069167644
0 0.66484375 0.3560961313012896 0.0125 0.0076201641266119575
0 0.705859375 0.3563892145369285 0.01328125 0.009378663540445486
0 0.6359375 0.347010550996483 0.0109375 0.009378663540445486
0 0.686328125 0.3440797186400938 0.01171875 0.009378663540445486
0 0.573046875 0.34349355216881594 0.01171875 0.009378663540445486
0 0.615234375 0.3347010550996483 0.01171875 0.009378663540445486
0 0.230859375 0.3323563892145369 0.01171875 0.010550996483001172
0 0.653515625 0.3276670574443142 0.01328125 0.009378663540445486
0 0.738671875 0.3264947245017585 0.01171875 0.009378663540445486
0 0.70703125 0.32590855803048063 0.0125 0.009378663540445486
0 0.330078125 0.3235638921453693 0.01171875 0.009378663540445486
0 0.6765625 0.3215123094958968 0.0125 0.008792497069167644
0 0.431640625 0.32092614302461897 0.01015625 0.008792497069167644
0 0.11171875 0.31975381008206333 0.0109375 0.008792497069167644
0 0.5625 0.31740914419695193 0.0109375 0.008792497069167644
0 0.23046875 0.3159437280187573 0.0125 0.010550996483001172
0 0.657421875 0.30978898007034 0.01171875 0.00996483001172333
0 0.699609375 0.3050996483001172 0.01328125 0.00996483001172333
0 0.683203125 0.29161781946072685 0.00859375 0.0076201641266119575
0 0.713671875 0.2878077373974209 0.01328125 0.009378663540445486
0 0.240625 0.29425556858147717 0.0234375 0.023446658851113716
0 0.87109375 0.28634232121922626 0.0140625 0.00996483001172333
0 0.366796875 0.28223915592028137 0.01171875 0.00996483001172333
0 0.596875 0.2781359906213365 0.0109375 0.00996483001172333
0 0.8078125 0.27754982415005863 0.0125 0.00996483001172333
0 0.625 0.27227432590855805 0.0125 0.00996483001172333
0 0.898828125 0.2716881594372802 0.01328125 0.00996483001172333
0 0.1640625 0.2620164126611958 0.0125 0.009378663540445486
0 0.12109375 0.2605509964830012 0.0125 0.0076201641266119575
0 0.239453125 0.2605509964830012 0.03359375 0.013481828839390387
0 0.644140625 0.25468933177022274 0.01171875 0.00996483001172333
0 0.629296875 0.24091441969519342 0.01171875 0.010550996483001172
0 0.191796875 0.23593200468933176 0.01328125 0.00996483001172333
0 0.5671875 0.23534583821805394 0.0109375 0.00996483001172333
0 0.6484375 0.22977725674091443 0.0140625 0.010550996483001172
0 0.891796875 0.22303634232121922 0.01328125 0.0076201641266119575
0 0.6734375 0.22186400937866355 0.0125 0.011137162954279016
0 0.52578125 0.2174677608440797 0.0125 0.011723329425556858
0 0.553125 0.21453692848769051 0.0125 0.010550996483001172
0 0.447265625 0.20867526377491208 0.01171875 0.010550996483001172
0 0.657421875 0.20808909730363423 0.00859375 0.010550996483001172
0 0.404296875 0.20691676436107856 0.01171875 0.008206330597889801
0 0.51015625 0.20398593200468934 0.0078125 0.010550996483001172
0 0.68984375 0.19871043376318875 0.0125 0.010550996483001172
0 0.593359375 0.19138335287221572 0.01171875 0.005275498241500586
0 0.2859375 0.19167643610785462 0.0125 0.010550996483001172
0 0.553125 0.19021101992966002 0.0125 0.011137162954279016
0 0.770703125 0.18903868698710433 0.01328125 0.00996483001172333
0 0.663671875 0.18493552168815944 0.01015625 0.0076201641266119575
0 0.3046875 0.18200468933177022 0.0125 0.011137162954279016
0 0.5234375 0.17555685814771396 0.0078125 0.004103165298944901
0 0.26171875 0.17526377491207504 0.0125 0.009378663540445486
0 0.50234375 0.1694021101992966 0.009375 0.007033997655334115
0 0.605078125 0.16412661195779601 0.01171875 0.008206330597889801
0 0.236328125 0.16295427901524032 0.01484375 0.008206330597889801
0 0.290234375 0.15885111371629543 0.01171875 0.007033997655334115
0 0.253515625 0.1570926143024619 0.01015625 0.004689331770222743
0 0.542578125 0.15211019929660025 0.00859375 0.004103165298944901
0 0.833203125 0.15357561547479484 0.01328125 0.010550996483001172
0 0.762890625 0.1477139507620164 0.01171875 0.010550996483001172
0 0.61328125 0.14243845252051582 0.0125 0.008206330597889801
0 0.608203125 0.13745603751465416 0.00078125 0.0005861664712778429
0 0.659375 0.1421453692848769 0.0125 0.011137162954279016
0 0.31796875 0.14155920281359907 0.0109375 0.011137162954279016
0 0.864453125 0.14038686987104337 0.01328125 0.011137162954279016
0 0.551171875 0.1336459554513482 0.00546875 0.0035169988276670576
0 0.359765625 0.13599062133645956 0.01171875 0.008206330597889801
0 0.292578125 0.1160609613130129 0.00703125 0.007033997655334115
0 0.238671875 0.12133645955451348 0.04453125 0.02813599062133646
0 0.262109375 0.10726846424384526 0.00546875 0.0035169988276670576
