0 0.25703125 0.9563305978898007 0.009375 0.0029308323563892145
0 0.281640625 0.9519343493552169 0.01171875 0.010550996483001172
0 0.226171875 0.9457796014067995 0.00859375 0.005275498241500586
0 0.250390625 0.9396248534583822 0.01015625 0.005861664712778429
0 0.369140625 0.9346424384525205 0.00859375 0.008792497069167644
0 0.545703125 0.9246776084407972 0.01171875 0.011137162954279016
0 0.214453125 0.9155920281359906 0.01171875 0.005861664712778429
0 0.694140625 0.9132473622508792 0.01171875 0.010550996483001172
0 0.369140625 0.9070926143024619 0.01171875 0.0029308323563892145
0 0.594140625 0.9059202813599062 0.01171875 0.00996483001172333
0 0.55703125 0.902696365767878 0.0109375 0.010550996483001172
0 0.627734375 0.9018171160609613 0.01171875 0.00996483001172333
0 0.39921875 0.89947245017585 0.0125 0.005275498241500586
0 0.658203125 0.8980070339976554 0.01171875 0.009378663540445486
0 0.64375 0.8892145369284877 0.0046875 0.004689331770222743
0 0.446484375 0.891559202813599 0.00703125 0.009378663540445486
0 0.337890625 0.8909730363423212 0.00859375 0.008206330597889801
0 0.220703125 0.8892145369284877 0.00703125 0.004689331770222743
0 0.368359375 0.8900937866354045 0.01171875 0.0076201641266119575
0 0.605859375 0.8898007033997656 0.00859375 0.009378663540445486
0 0.26796875 0.888042203985932 0.0125 0.007033997655334115
0 0.25 0.8827667057444314 0.003125 0.0023446658851113715
0 0.24140625 0.8810082063305978 0.0046875 0.0023446658851113715
0 0.40546875 0.8813012895662368 0.0125 0.00996483001172333
0 0.4765625 0.8739742086752638 0.009375 0.008206330597889801
0 0.505859375 0.8733880422039859 0.01171875 0.010550996483001172
0 0.655078125 0.8728018757327081 0.01171875 0.010550996483001172
0 0.609765625 0.8707502930832356 0.01171875 0.006447831184056272
0 0.328515625 0.8631301289566237 0.01171875 0.004103165298944901
0 0.285546875 0.8625439624853458 0.01171875 0.008792497069167644
0 0.458203125 0.8625439624853458 0.01171875 0.011137162954279016
0 0.3765625 0.8599062133645955 0.0125 0.010550996483001172
0 0.49140625 0.8587338804220399 0.0125 0.010550996483001172
0 0.621875 0.8540445486518171 0.0078125 0.008206330597889801
0 0.694140625 0.8528722157092614 0.01171875 0.009378663540445486
0 0.303515625 0.8499413833528722 0.00703125 0.008206330597889801
0 0.330859375 0.8455451348182884 0.01328125 0.00996483001172333
0 0.243359375 0.8423212192262602 0.00859375 0.007033997655334115
0 0.66875 0.8417350527549824 0.0109375 0.010550996483001172
0 0.2203125 0.8388042203985931 0.0046875 0.004689331770222743
0 0.21328125 0.8364595545134819 0.00625 0.0035169988276670576
0 0.710546875 0.8385111371629543 0.01015625 0.008792497069167644
0 0.68984375 0.8344079718640094 0.0078125 0.006447831184056272
0 0.556640625 0.8367526377491208 0.01171875 0.011137162954279016
0 0.35390625 0.8335287221570926 0.0125 0.008206330597889801
0 0.6390625 0.8314771395076201 0.0109375 0.005275498241500586
0 0.31640625 0.8305978898007034 0.0125 0.010550996483001172
0 0.612890625 0.8285463071512309 0.01171875 0.00996483001172333
0 0.234375 0.8256154747948418 0.0125 0.008792497069167644
0 0.707421875 0.82063305978898 0.00859375 0.005861664712778429
0 0.484765625 0.8215123094958968 0.01171875 0.011137162954279016
0 0.526953125 0.8203399765533411 0.01171875 0.011137162954279016
0 0.2609375 0.8194607268464243 0.0125 0.009378663540445486
0 0.28515625 0.8153575615474795 0.0125 0.008206330597889801
0 0.56875 0.8159437280187574 0.0109375 0.010550996483001172
0 0.65390625 0.8153575615474795 0.0125 0.010550996483001172
0 0.3515625 0.8141852286049238 0.0125 0.009378663540445486
0 0.37578125 0.8089097303634232 0.0078125 0.007033997655334115
0 0.227734375 0.8083235638921453 0.01015625 0.008206330597889801
0 0.63359375 0.806271981242673 0.0109375 0.005275498241500586
0 0.1875 0.8056858147713951 0.0125 0.006447831184056272
0 0.72890625 0.806271981242673 0.0125 0.00996483001172333
0 0.4265625 0.8068581477139508 0.0125 0.011137162954279016
0 0.508984375 0.805978898007034 0.01171875 0.010550996483001172
0 0.399609375 0.8053927315357562 0.01171875 0.010550996483001172
0 0.251953125 0.802168815943728 0.01171875 0.005275498241500586
0 0.70390625 0.802168815943728 0.0125 0.008792497069167644
0 0.82578125 0.7995310668229777 0.0125 0.009378663540445486
0 0.280859375 0.7980656506447831 0.01328125 0.0076201641266119575
0 0.77265625 0.7986518171160609 0.0125 0.00996483001172333
0 0.650390625 0.794841735052755 0.01171875 0.008206330597889801
0 0.330859375 0.7904454865181711 0.00703125 0.005275498241500586
0 0.30390625 0.7913247362250879 0.0109375 0.010550996483001172
0 0.36953125 0.7904454865181711 0.0125 0.00996483001172333
0 0.746875 0.7892731535756154 0.0125 0.008792497069167644
0 0.5 0.7875146541617819 0.0109375 0.005275498241500586
0 0.23828125 0.7892731535756154 0.0125 0.008792497069167644
0 0.26484375 0.7863423212192263 0.0078125 0.0076201641266119575
0 0.62265625 0.7848769050410317 0.0125 0.010550996483001172
0 0.39296875 0.7845838218053928 0.009375 0.00996483001172333
0 0.7140625 0.7839976553341149 0.0125 0.00996483001172333
0 0.416796875 0.77989449003517 0.01171875 0.008792497069167644
0 0.349609375 0.7801875732708089 0.01171875 0.010550996483001172
0 0.287109375 0.7790152403282532 0.01328125 0.009378663540445486
0 0.682421875 0.7772567409144197 0.01171875 0.009378663540445486
0 0.646484375 0.7772567409144197 0.01171875 0.009378663540445486
0 0.31875 0.7757913247362251 0.009375 0.008792497069167644
0 0.24765625 0.7719812426729191 0.0125 0.009378663540445486
0 0.218359375 0.7719812426729191 0.01171875 0.009378663540445486
0 0.74765625 0.7713950762016413 0.0125 0.009378663540445486
0 0.630078125 0.7661195779601406 0.01171875 0.009378663540445486
0 0.671875 0.7620164126611958 0.0125 0.009378663540445486
0 0.82890625 0.761430246189918 0.0125 0.009378663540445486
0 0.421875 0.761430246189918 0.009375 0.009378663540445486
0 0.334765625 0.7582063305978898 0.01015625 0.006447831184056272
0 0.27890625 0.7579132473622509 0.0125 0.009378663540445486
0 0.23359375 0.7579132473622509 0.0125 0.009378663540445486
0 0.205859375 0.7555685814771395 0.01171875 0.009378663540445486
0 0.6515625 0.7552754982415005 0.0109375 0.00996483001172333
0 0.78046875 0.7529308323563892 0.0125 0.00996483001172333
0 0.541796875 0.7529308323563892 0.01171875 0.00996483001172333
0 0.31015625 0.7517584994138335 0.0125 0.00996483001172333
0 0.387109375 0.7453106682297772 0.01171875 0.00996483001172333
0 0.248046875 0.7432590855803048 0.01171875 0.008206330597889801
0 0.762109375 0.7417936694021102 0.01171875 0.008792497069167644
0 0.2234375 0.7403282532239156 0.0125 0.008206330597889801
0 0.8109375 0.7368112543962485 0.0109375 0.009378663540445486
0 0.271875 0.7359320046893317 0.0109375 0.0076201641266119575
0 0.187109375 0.7332942555685815 0.01171875 0.009378663540445486
0 0.640234375 0.7318288393903869 0.01171875 0.00996483001172333
0 0.3328125 0.7297772567409144 0.0125 0.009378663540445486
0 0.78671875 0.7286049237983587 0.0125 0.009378663540445486
0 0.356640625 0.7268464243845252 0.01171875 0.009378663540445486
0 0.209765625 0.7259671746776084 0.01171875 0.008792497069167644
0 0.253515625 0.7242086752637749 0.01171875 0.0076201641266119575
0 0.7625 0.7245017584994138 0.0125 0.009378663540445486
0 0.72890625 0.7245017584994138 0.0125 0.009378663540445486
0 0.509765625 0.7227432590855803 0.01171875 0.009378663540445486
0 0.8046875 0.7171746776084408 0.0125 0.008792497069167644
0 0.23203125 0.7168815943728019 0.0125 0.009378663540445486
0 0.383203125 0.7145369284876905 0.01171875 0.009378663540445486
0 0.74765625 0.7107268464243846 0.0125 0.008792497069167644
0 0.33984375 0.7110199296600235 0.0125 0.009378663540445486
0 0.719140625 0.7095545134818289 0.01171875 0.008792497069167644
0 0.3 0.7092614302461899 0.0125 0.009378663540445486
0 0.2109375 0.7066236811254396 0.0125 0.00996483001172333
0 0.671875 0.7057444314185228 0.0125 0.009378663540445486
0 0.783203125 0.7045720984759671 0.01328125 0.009378663540445486
0 0.254296875 0.7031066822977726 0.01328125 0.008792497069167644
0 0.32109375 0.7004689331770223 0.0125 0.009378663540445486
0 0.278515625 0.6990035169988277 0.01328125 0.008792497069167644
0 0.7609375 0.6969519343493552 0.0125 0.009378663540445486
0 0.7375 0.6960726846424384 0.0109375 0.008792497069167644
0 0.23359375 0.6907971864009379 0.0125 0.00996483001172333
0 0.196875 0.690504103165299 0.0125 0.009378663540445486
0 0.80625 0.6869871043376319 0.0125 0.009378663540445486
0 0.30625 0.6861078546307151 0.0125 0.008792497069167644
0 0.612890625 0.6855216881594373 0.01171875 0.008792497069167644
0 0.359765625 0.6849355216881594 0.01171875 0.00996483001172333
0 0.72109375 0.6837631887456037 0.0125 0.008792497069167644
0 0.330078125 0.6834701055099648 0.01171875 0.009378663540445486
0 0.256640625 0.6837631887456037 0.01328125 0.00996483001172333
0 0.28203125 0.6805392731535757 0.0125 0.009378663540445486
0 0.784765625 0.6787807737397421 0.01171875 0.009378663540445486
0 0.21640625 0.6776084407971864 0.0125 0.009378663540445486
0 0.745703125 0.6746776084407972 0.01171875 0.009378663540445486
0 0.186328125 0.6740914419695193 0.01328125 0.009378663540445486
0 0.240234375 0.6699882766705745 0.01328125 0.009378663540445486
0 0.83203125 0.6729191090269636 0.03125 0.016412661195779603
0 0.26640625 0.667936694021102 0.0125 0.0076201641266119575
0 0.713671875 0.667936694021102 0.01171875 0.008792497069167644
0 0.348046875 0.6682297772567409 0.01171875 0.009378663540445486
0 0.300390625 0.6685228604923799 0.01171875 0.00996483001172333
0 0.325 0.6603165298944901 0.0125 0.008792497069167644
0 0.2203125 0.6594372801875733 0.0125 0.009378663540445486
0 0.76640625 0.6565064478311841 0.0125 0.008206330597889801
0 0.741796875 0.6565064478311841 0.01171875 0.008206330597889801
0 0.192578125 0.6559202813599062 0.01328125 0.009378663540445486
0 0.25 0.6535756154747948 0.0125 0.009378663540445486
0 0.8171875 0.6521101992966002 0.0125 0.0076201641266119575
0 0.275 0.64947245017585 0.0125 0.009378663540445486
0 0.612890625 0.6462485345838218 0.01171875 0.008792497069167644
0 0.210546875 0.6430246189917936 0.01328125 0.009378663540445486
0 0.32109375 0.6418522860492379 0.0125 0.009378663540445486
0 0.296875 0.6406799531066822 0.0125 0.009378663540445486
0 0.23515625 0.6389214536928488 0.0109375 0.007033997655334115
0 0.743359375 0.6389214536928488 0.01171875 0.008206330597889801
0 0.809375 0.6365767878077374 0.0125 0.008206330597889801
0 0.259375 0.6356975381008206 0.0125 0.00996483001172333
0 0.774609375 0.634232121922626 0.01015625 0.008206330597889801
0 0.58515625 0.6345252051582649 0.0109375 0.008792497069167644
0 0.17890625 0.634232121922626 0.0125 0.009378663540445486
0 0.35234375 0.6318874560375146 0.0125 0.009378663540445486
0 0.755859375 0.6251465416178195 0.01171875 0.008792497069167644
0 0.290234375 0.623094958968347 0.01328125 0.009378663540445486
0 0.243359375 0.6222157092614302 0.01328125 0.008792497069167644
0 0.217578125 0.6228018757327081 0.01171875 0.00996483001172333
0 0.2671875 0.6178194607268465 0.0125 0.007033997655334115
0 0.33125 0.6184056271981243 0.0125 0.009378663540445486
0 0.714453125 0.6160609613130129 0.01171875 0.008206330597889801
0 0.57734375 0.6163540445486518 0.0109375 0.008792497069167644
0 0.195703125 0.6154747948417351 0.01328125 0.009378663540445486
0 0.3125 0.6072684642438453 0.0125 0.009378663540445486
0 0.823828125 0.6063892145369285 0.01171875 0.008792497069167644
0 0.73046875 0.6040445486518171 0.0109375 0.008792497069167644
0 0.28359375 0.6028722157092614 0.0125 0.008792497069167644
0 0.2484375 0.6028722157092614 0.0125 0.008792497069167644
0 0.180078125 0.6008206330597889 0.01328125 0.009378663540445486
0 0.709765625 0.5987690504103166 0.01171875 0.008792497069167644
0 0.20546875 0.5981828839390387 0.0125 0.0076201641266119575
0 0.34765625 0.5899765533411488 0.0125 0.005275498241500586
0 0.30234375 0.5896834701055099 0.0125 0.007033997655334115
0 0.226171875 0.5867526377491208 0.01328125 0.005861664712778429
0 0.76875 0.5873388042203986 0.0109375 0.008206330597889801
0 0.260546875 0.5876318874560376 0.01328125 0.008792497069167644
0 0.197265625 0.5835287221570926 0.00390625 0.0005861664712778429
0 0.1921875 0.5814771395076201 0.0015625 0.0011723329425556857
0 0.661328125 0.5803048065650644 0.01171875 0.008206330597889801
0 0.321875 0.5797186400937866 0.0125 0.009378663540445486
0 0.283984375 0.5797186400937866 0.01328125 0.009378663540445486
0 0.694140625 0.5779601406799532 0.01171875 0.008206330597889801
0 0.583203125 0.5735638921453693 0.01015625 0.004103165298944901
0 0.60546875 0.574736225087925 0.0109375 0.008792497069167644
0 0.243359375 0.5741500586166471 0.01328125 0.008792497069167644
0 0.432421875 0.570926143024619 0.01171875 0.007033997655334115
0 0.21875 0.570926143024619 0.0125 0.009378663540445486
0 0.818359375 0.5653575615474795 0.00859375 0.0076201641266119575
0 0.30625 0.5621336459554513 0.0125 0.005861664712778429
0 0.26875 0.5630128956623681 0.0125 0.008792497069167644
0 0.33046875 0.5627198124267292 0.0125 0.009378663540445486
0 0.7984375 0.5577373974208675 0.0109375 0.008792497069167644
0 0.42421875 0.5550996483001173 0.0109375 0.008206330597889801
0 0.5875 0.5548065650644783 0.0109375 0.008792497069167644
0 0.287890625 0.5504103165298945 0.01328125 0.007033997655334115
0 0.386328125 0.5501172332942555 0.01171875 0.008792497069167644
0 0.198046875 0.5504103165298945 0.01328125 0.009378663540445486
0 0.32109375 0.5477725674091442 0.0125 0.006447831184056272
0 0.223046875 0.5486518171160609 0.01328125 0.009378663540445486
0 0.34609375 0.544841735052755 0.0125 0.008792497069167644
0 0.263671875 0.5451348182883939 0.01328125 0.009378663540445486
0 0.8109375 0.5404454865181711 0.0109375 0.008206330597889801
0 0.368359375 0.5383939038686987 0.01171875 0.008792497069167644
0 0.30234375 0.5357561547479485 0.0125 0.005861664712778429
0 0.188671875 0.5334114888628371 0.01328125 0.009378663540445486
0 0.7546875 0.5322391559202814 0.0109375 0.008206330597889801
0 0.39375 0.5325322391559203 0.0125 0.008792497069167644
0 0.278125 0.5307737397420867 0.0125 0.008792497069167644
0 0.32578125 0.5284290738569754 0.0125 0.008792497069167644
0 0.25390625 0.5287221570926143 0.0125 0.009378663540445486
0 0.35 0.5269636576787807 0.0125 0.008206330597889801
0 0.2203125 0.526084407971864 0.0125 0.008792497069167644
0 0.708984375 0.5234466588511137 0.01171875 0.008206330597889801
0 0.8359375 0.522274325908558 0.0125 0.008206330597889801
0 0.43671875 0.5208089097303634 0.0109375 0.0076201641266119575
0 0.413671875 0.5196365767878077 0.01171875 0.005275498241500586
0 0.566015625 0.5205158264947245 0.01171875 0.008206330597889801
0 0.37578125 0.5202227432590856 0.0125 0.008792497069167644
0 0.76328125 0.5164126611957796 0.0109375 0.008206330597889801
0 0.303515625 0.5161195779601406 0.01328125 0.008792497069167644
0 0.237109375 0.5120164126611958 0.01328125 0.0076201641266119575
0 0.2625 0.511430246189918 0.0140625 0.008792497069167644
0 0.326953125 0.5090855803048066 0.01015625 0.006447831184056272
0 0.352734375 0.507327080890973 0.01171875 0.006447831184056272
0 0.795703125 0.5076201641266119 0.01171875 0.008206330597889801
0 0.483203125 0.503810082063306 0.01171875 0.005275498241500586
0 0.375 0.503810082063306 0.0125 0.005275498241500586
0 0.513671875 0.5035169988276671 0.01171875 0.008206330597889801
0 0.284765625 0.5026377491207503 0.01328125 0.006447831184056272
0 0.83359375 0.5029308323563892 0.0125 0.008206330597889801
0 0.423828125 0.5 0.01171875 0.005861664712778429
0 0.309375 0.5 0.0125 0.007033997655334115
0 0.460546875 0.4991207502930832 0.01171875 0.0076201641266119575
0 0.22421875 0.49531066822977726 0.003125 0.0023446658851113715
0 0.231640625 0.49618991793669404 0.00859375 0.006447831184056272
0 0.397265625 0.4956037514654162 0.01171875 0.008792497069167644
0 0.33828125 0.4935521688159437 0.0125 0.008206330597889801
0 0.254296875 0.49413833528722156 0.01328125 0.009378663540445486
0 0.814453125 0.49296600234466587 0.01171875 0.008206330597889801
0 0.85546875 0.492379835873388 0.0125 0.008206330597889801
0 0.205078125 0.4900351699882767 0.01328125 0.009378663540445486
0 0.726171875 0.488862837045721 0.01171875 0.008206330597889801
0 0.3609375 0.48739742086752635 0.0125 0.008792497069167644
0 0.28828125 0.48417350527549824 0.003125 0.0023446658851113715
0 0.29609375 0.48534583821805394 0.00625 0.005861664712778429
0 0.835546875 0.4859320046893318 0.01015625 0.008206330597889801
0 0.49453125 0.48563892145369286 0.0109375 0.008792497069167644
0 0.418359375 0.48329425556858147 0.01171875 0.008792497069167644
0 0.789453125 0.4824150058616647 0.01171875 0.008206330597889801
0 0.318359375 0.4824150058616647 0.01171875 0.009378663540445486
0 0.38359375 0.4809495896834701 0.0125 0.008792497069167644
0 0.454296875 0.47743259085580303 0.01171875 0.0076201641266119575
0 0.709765625 0.4771395076201641 0.01171875 0.008206330597889801
0 0.3421875 0.4762602579132474 0.0125 0.008792497069167644
0 0.187890625 0.4762602579132474 0.01328125 0.00996483001172333
0 0.73984375 0.4750879249706917 0.0109375 0.008792497069167644
0 0.820703125 0.47362250879249707 0.01171875 0.008206330597889801
0 0.242578125 0.4742086752637749 0.01328125 0.009378663540445486
0 0.50703125 0.4718640093786635 0.0109375 0.005861664712778429
0 0.847265625 0.47039859320046895 0.01328125 0.0076201641266119575
0 0.267578125 0.46922626025791325 0.01328125 0.006447831184056272
0 0.36484375 0.4698124267291911 0.0125 0.008792497069167644
0 0.6890625 0.4683470105509965 0.0109375 0.008206330597889801
0 0.761328125 0.46776084407971863 0.01171875 0.008206330597889801
0 0.658984375 0.466295427901524 0.01171875 0.008792497069167644
0 0.20859375 0.4657092614302462 0.0140625 0.00996483001172333
0 0.439453125 0.4645369284876905 0.01171875 0.008792497069167644
0 0.31953125 0.4642438452520516 0.0125 0.009378663540445486
0 0.410546875 0.46131301289566234 0.01171875 0.005861664712778429
0 0.387109375 0.4630715123094959 0.01171875 0.009378663540445486
0 0.295703125 0.458968347010551 0.01328125 0.009378663540445486
0 0.743359375 0.4577960140679953 0.01171875 0.008206330597889801
0 0.3453125 0.45838218053927315 0.0125 0.009378663540445486
0 0.49765625 0.45603751465416176 0.0109375 0.005861664712778429
0 0.248828125 0.4563305978898007 0.01328125 0.006447831184056272
0 0.671484375 0.451348182883939 0.01171875 0.008206330597889801
0 0.36796875 0.45193434935521687 0.0125 0.009378663540445486
0 0.59375 0.45076201641266117 0.0109375 0.008206330597889801
0 0.764453125 0.4504689331770223 0.01171875 0.008792497069167644
0 0.2078125 0.44841735052754983 0.0140625 0.008206330597889801
0 0.276171875 0.447831184056272 0.01328125 0.009378663540445486
0 0.51875 0.4469519343493552 0.0109375 0.008792497069167644
0 0.433203125 0.4466588511137163 0.01171875 0.008206330597889801
0 0.3265625 0.4466588511137163 0.0125 0.009378663540445486
0 0.859375 0.4454865181711606 0.0125 0.008206330597889801
0 0.8015625 0.44431418522860494 0.0125 0.008206330597889801
0 0.40859375 0.44431418522860494 0.0125 0.008206330597889801
0 0.34921875 0.44079718640093785 0.0125 0.009378663540445486
0 0.30234375 0.44021101992966 0.0125 0.009378663540445486
0 0.385546875 0.4396248534583822 0.01171875 0.009378663540445486
0 0.1875 0.43522860492379833 0.0140625 0.00996483001172333
0 0.84296875 0.43024618991793667 0.0125 0.008206330597889801
0 0.266015625 0.4308323563892145 0.01328125 0.009378663540445486
0 0.755859375 0.42936694021101995 0.01171875 0.008792497069167644
0 0.215625 0.42995310668229775 0.0140625 0.00996483001172333
0 0.776953125 0.4284876905041032 0.01328125 0.008206330597889801
0 0.433203125 0.42819460726846426 0.01171875 0.0076201641266119575
0 0.321484375 0.4287807737397421 0.01328125 0.008792497069167644
0 0.733203125 0.42819460726846426 0.01171875 0.008792497069167644
0 0.241015625 0.42790152403282533 0.01328125 0.009378663540445486
0 0.799609375 0.42702227432590856 0.01328125 0.008792497069167644
0 0.456640625 0.4273153575615475 0.01171875 0.009378663540445486
0 0.36875 0.42409144196951937 0.0125 0.008792497069167644
0 0.2890625 0.4243845252051583 0.0125 0.009378663540445486
0 0.34453125 0.42262602579132474 0.0125 0.009378663540445486
0 0.39375 0.42145369284876905 0.0125 0.008206330597889801
0 0.484765625 0.4196951934349355 0.01171875 0.008206330597889801
0 0.508203125 0.4194021101992966 0.01171875 0.008792497069167644
0 0.853125 0.41500586166471276 0.0125 0.008206330597889801
0 0.415625 0.41471277842907384 0.0125 0.008792497069167644
0 0.19296875 0.4152989449003517 0.0125 0.00996483001172333
0 0.826171875 0.4135404454865182 0.01328125 0.008792497069167644
0 0.746484375 0.41324736225087927 0.01171875 0.008206330597889801
0 0.77734375 0.4111957796014068 0.0109375 0.008792497069167644
0 0.21875 0.4114888628370457 0.0140625 0.009378663540445486
0 0.725 0.41031652989449 0.0125 0.008206330597889801
0 0.446484375 0.41090269636576787 0.01171875 0.009378663540445486
0 0.32578125 0.41060961313012895 0.0125 0.008792497069167644
0 0.8015625 0.4097303634232122 0.0125 0.008206330597889801
0 0.269140625 0.41060961313012895 0.01328125 0.00996483001172333
0 0.590234375 0.40650644783118406 0.01171875 0.005275498241500586
0 0.526171875 0.40738569753810083 0.01171875 0.007033997655334115
0 0.30078125 0.40855803048065653 0.0125 0.009378663540445486
0 0.24375 0.4082649472450176 0.0140625 0.00996483001172333
0 0.379296875 0.406799531066823 0.01171875 0.009378663540445486
0 0.35546875 0.40621336459554513 0.0125 0.009378663540445486
0 0.56796875 0.402989449003517 0.0109375 0.008792497069167644
0 0.487890625 0.4018171160609613 0.01171875 0.008792497069167644
0 0.644140625 0.4000586166471278 0.01015625 0.0076201641266119575
0 0.842578125 0.4000586166471278 0.01328125 0.008792497069167644
0 0.401171875 0.4000586166471278 0.01171875 0.008792497069167644
0 0.6953125 0.39654161781946073 0.0109375 0.008792497069167644
0 0.78828125 0.39331770222743256 0.0109375 0.0035169988276670576
0 0.748828125 0.3959554513481829 0.01171875 0.008792497069167644
0 0.203125 0.39654161781946073 0.0140625 0.00996483001172333
0 0.2828125 0.39566236811254396 0.0125 0.009378663540445486
0 0.434765625 0.3950762016412661 0.01171875 0.009378663540445486
0 0.811328125 0.39419695193434934 0.01171875 0.008792497069167644
0 0.335546875 0.39419695193434934 0.01328125 0.008792497069167644
0 0.2578125 0.3936107854630715 0.0140625 0.00996483001172333
0 0.526953125 0.3898007033997655 0.01171875 0.007033997655334115
0 0.461328125 0.3909730363423212 0.01171875 0.009378663540445486
0 0.82421875 0.3865767878077374 0.0015625 0.0017584994138335288
0 0.380078125 0.3883352872215709 0.01171875 0.008792497069167644
0 0.233203125 0.3883352872215709 0.01328125 0.00996483001172333
0 0.629296875 0.3854044548651817 0.01171875 0.008792497069167644
0 0.31328125 0.38569753810082064 0.0125 0.009378663540445486
0 0.8265625 0.3810082063305979 0.0015625 0.0011723329425556857
0 0.569921875 0.38481828839390386 0.01171875 0.008792497069167644
0 0.35546875 0.38481828839390386 0.0125 0.008792497069167644
0 0.83203125 0.3813012895662368 0.0078125 0.0029308323563892145
0 0.483203125 0.3839390386869871 0.01171875 0.009378663540445486
0 0.50703125 0.3821805392731536 0.0109375 0.009378663540445486
0 0.401953125 0.38159437280187575 0.01171875 0.008206330597889801
0 0.85703125 0.3798358733880422 0.0125 0.008206330597889801
0 0.804296875 0.3754396248534584 0.00078125 0.0005861664712778429
0 0.75625 0.37924970691676435 0.0109375 0.008206330597889801
0 0.691796875 0.37924970691676435 0.01171875 0.008206330597889801
0 0.78671875 0.3786635404454865 0.0109375 0.008206330597889801
0 0.272265625 0.3789566236811254 0.01328125 0.00996483001172333
0 0.543359375 0.37778429073856973 0.01171875 0.008792497069167644
0 0.425390625 0.37778429073856973 0.01171875 0.008792497069167644
0 0.1953125 0.3783704572098476 0.0140625 0.00996483001172333
0 0.81171875 0.37397420867526376 0.0078125 0.0035169988276670576
0 0.665234375 0.3766119577960141 0.01171875 0.008792497069167644
0 0.333984375 0.3754396248534584 0.01171875 0.0076201641266119575
0 0.295703125 0.37250879249706914 0.01328125 0.008792497069167644
0 0.643359375 0.3716295427901524 0.01171875 0.008206330597889801
0 0.248828125 0.37221570926143027 0.01328125 0.009378663540445486
0 0.7234375 0.3701641266119578 0.0109375 0.0076201641266119575
0 0.220703125 0.3704572098475967 0.00859375 0.009378663540445486
0 0.6140625 0.36957796014067995 0.0109375 0.008792497069167644
0 0.446484375 0.36957796014067995 0.01171875 0.008792497069167644
0 0.840234375 0.3689917936694021 0.01328125 0.008792497069167644
0 0.590625 0.3678194607268464 0.0109375 0.008792497069167644
0 0.52265625 0.3678194607268464 0.0109375 0.008792497069167644
0 0.355859375 0.3660609613130129 0.01171875 0.0076201641266119575
0 0.48125 0.36547479484173506 0.0109375 0.008792497069167644
0 0.769921875 0.3648886283704572 0.01171875 0.008792497069167644
0 0.703125 0.3634232121922626 0.0109375 0.008206330597889801
0 0.40546875 0.3637162954279015 0.0125 0.008792497069167644
0 0.79609375 0.36313012895662367 0.0125 0.008792497069167644
0 0.565625 0.36283704572098474 0.0109375 0.008206330597889801
0 0.859765625 0.3625439624853458 0.01328125 0.008792497069167644
0 0.380078125 0.3616647127784291 0.01015625 0.007033997655334115
0 0.31875 0.3607854630715123 0.0125 0.008792497069167644
0 0.274609375 0.3604923798358734 0.01328125 0.009378663540445486
0 0.1875 0.3596131301289566 0.0140625 0.00996483001172333
0 0.674609375 0.35726846424384523 0.01015625 0.006447831184056272
0 0.6328125 0.3560961313012896 0.0109375 0.008792497069167644
0 0.540234375 0.3560961313012896 0.01171875 0.008792497069167644
0 0.50234375 0.35550996483001174 0.0109375 0.008792497069167644
0 0.426953125 0.35550996483001174 0.01015625 0.008792497069167644
0 0.828515625 0.35316529894490034 0.01171875 0.008792497069167644
0 0.233203125 0.34906213364595545 0.00078125 0.0005861664712778429
0 0.60703125 0.35228604923798357 0.0109375 0.008206330597889801
0 0.296875 0.35228604923798357 0.0125 0.008206330597889801
0 0.741015625 0.3516998827667057 0.01015625 0.008206330597889801
0 0.210546875 0.3525791324736225 0.01328125 0.00996483001172333
0 0.45078125 0.35140679953106685 0.009375 0.008792497069167644
0 0.718359375 0.3505275498241501 0.01015625 0.008206330597889801
0 0.582421875 0.3496483001172333 0.01015625 0.008792497069167644
0 0.346875 0.34906213364595545 0.0109375 0.008792497069167644
0 0.784375 0.3484759671746776 0.0109375 0.008792497069167644
0 0.7625 0.3481828839390387 0.0109375 0.008206330597889801
0 0.8484375 0.34788980070339975 0.0125 0.008792497069167644
0 0.807421875 0.34788980070339975 0.01171875 0.008792497069167644
0 0.692578125 0.34759671746776083 0.01015625 0.008206330597889801
0 0.473828125 0.3473036342321219 0.01015625 0.0076201641266119575
0 0.39453125 0.3473036342321219 0.0109375 0.0076201641266119575
0 0.558984375 0.3452520515826495 0.01171875 0.008206330597889801
0 0.258203125 0.34613130128956626 0.01328125 0.00996483001172333
0 0.5234375 0.34466588511137164 0.0078125 0.008206330597889801
0 0.371875 0.3440797186400938 0.0078125 0.007033997655334115
0 0.227734375 0.3408558030480657 0.00078125 0.0005861664712778429
0 0.234765625 0.3440797186400938 0.01015625 0.009378663540445486
0 0.323046875 0.34261430246189917 0.01171875 0.008792497069167644
0 0.671484375 0.34056271981242675 0.01015625 0.008206330597889801
0 0.644921875 0.3399765533411489 0.01015625 0.008206330597889801
0 0.621875 0.33821805392731535 0.0109375 0.008206330597889801
0 0.494921875 0.33821805392731535 0.00859375 0.008206330597889801
0 0.41796875 0.3385111371629543 0.0109375 0.008792497069167644
0 0.191796875 0.33909730363423213 0.01328125 0.00996483001172333
0 0.82265625 0.3361664712778429 0.0125 0.008792497069167644
0 0.30078125 0.3347010550996483 0.0125 0.005861664712778429
0 0.730859375 0.3355803048065651 0.01015625 0.008792497069167644
0 0.598046875 0.3355803048065651 0.01015625 0.008792497069167644
0 0.441796875 0.3344079718640094 0.01015625 0.008792497069167644
0 0.541015625 0.33411488862837047 0.01171875 0.009378663540445486
0 0.79453125 0.33147713950762014 0.0125 0.005275498241500586
0 0.773828125 0.3332356389214537 0.01171875 0.008792497069167644
0 0.707421875 0.33294255568581477 0.00859375 0.008206330597889801
0 0.575 0.3323563892145369 0.0109375 0.008206330597889801
0 0.27578125 0.3332356389214537 0.0125 0.00996483001172333
0 0.466015625 0.3308909730363423 0.00703125 0.006447831184056272
0 0.8515625 0.3305978898007034 0.0125 0.008206330597889801
0 0.341015625 0.3303048065650645 0.01171875 0.008792497069167644
0 0.7515625 0.32942555685814773 0.0109375 0.008206330597889801
0 0.5125 0.3276670574443142 0.0109375 0.008206330597889801
0 0.245703125 0.32854630715123095 0.01328125 0.00996483001172333
0 0.36484375 0.3264947245017585 0.0109375 0.007033997655334115
0 0.194921875 0.3226846424384525 0.00078125 0.0005861664712778429
0 0.659375 0.32590855803048063 0.009375 0.008206330597889801
0 0.39296875 0.3256154747948417 0.0109375 0.008792497069167644
0 0.636328125 0.32327080890973037 0.00859375 0.0076201641266119575
0 0.83359375 0.3212192262602579 0.0125 0.008206330597889801
0 0.81171875 0.3215123094958968 0.0125 0.008792497069167644
0 0.318359375 0.3215123094958968 0.01171875 0.008792497069167644
0 0.55703125 0.32092614302461897 0.0109375 0.008792497069167644
0 0.488671875 0.32063305978898005 0.00859375 0.008206330597889801
0 0.6140625 0.3191676436107855 0.0078125 0.006447831184056272
0 0.416015625 0.32004689331770225 0.01171875 0.008206330597889801
0 0.72265625 0.31887456037514655 0.009375 0.008206330597889801
0 0.58984375 0.3182883939038687 0.0109375 0.008206330597889801
0 0.784765625 0.3179953106682298 0.01015625 0.008792497069167644
0 0.532421875 0.31652989449003516 0.00703125 0.008206330597889801
0 0.2890625 0.317116060961313 0.0125 0.009378663540445486
0 0.196875 0.31740914419695193 0.009375 0.00996483001172333
0 0.700390625 0.31623681125439623 0.01015625 0.008792497069167644
0 0.4390625 0.31623681125439623 0.0109375 0.008792497069167644
0 0.76328125 0.3141852286049238 0.009375 0.008206330597889801
0 0.3484375 0.3130128956623681 0.0109375 0.008206330597889801
0 0.463671875 0.31096131301289565 0.00859375 0.006447831184056272
0 0.50859375 0.3106682297772567 0.00625 0.007033997655334115
0 0.741015625 0.3094958968347011 0.01171875 0.008206330597889801
0 0.676171875 0.30920281359906215 0.00859375 0.0076201641266119575
0 0.649609375 0.3094958968347011 0.01015625 0.008206330597889801
0 0.37890625 0.30978898007034 0.0109375 0.008792497069167644
0 0.85 0.30685814771395076 0.0125 0.008792497069167644
0 0.572265625 0.30656506447831183 0.01015625 0.008206330597889801
0 0.821875 0.3062719812426729 0.0125 0.008792497069167644
0 0.801171875 0.3062719812426729 0.01171875 0.008792497069167644
0 0.54921875 0.30392731535756157 0.0109375 0.0076201641266119575
0 0.401953125 0.3045134818288394 0.01171875 0.008792497069167644
0 0.3078125 0.30392731535756157 0.0125 0.008792497069167644
0 0.718359375 0.30158264947245017 0.00703125 0.006447831184056272
0 0.615625 0.30246189917936694 0.0109375 0.008206330597889801
0 0.484375 0.3018757327080891 0.0078125 0.007033997655334115
0 0.774609375 0.29806565064478313 0.00078125 0.0005861664712778429
0 0.7796875 0.29835873388042206 0.0078125 0.0035169988276670576
0 0.83125 0.2966002344665885 0.0015625 0.0011723329425556857
0 0.42578125 0.30041031652989447 0.0109375 0.008792497069167644
0 0.27265625 0.30011723329425555 0.0125 0.009378663540445486
0 0.693359375 0.2989449003516999 0.01015625 0.008206330597889801
0 0.52578125 0.29835873388042206 0.009375 0.007033997655334115
0 0.331640625 0.2989449003516999 0.01171875 0.008206330597889801
0 0.75703125 0.29718640093786636 0.0109375 0.008206330597889801
0 0.59453125 0.29572098475967173 0.009375 0.008792497069167644
0 0.364453125 0.2951348182883939 0.00546875 0.0076201641266119575
0 0.637109375 0.2936694021101993 0.00859375 0.005861664712778429
0 0.453125 0.29425556858147717 0.0109375 0.008206330597889801
0 0.870703125 0.2933763188745604 0.01171875 0.008792497069167644
0 0.83125 0.2901524032825322 0.003125 0.0023446658851113715
0 0.665234375 0.29308323563892147 0.01015625 0.008206330597889801
0 0.73515625 0.2924970691676436 0.0109375 0.008206330597889801
0 0.8375 0.28927315357561545 0.00625 0.0029308323563892145
0 0.50234375 0.29191090269636577 0.009375 0.008206330597889801
0 0.8125 0.29073856975381007 0.0109375 0.009378663540445486
0 0.3859375 0.2895662368112544 0.009375 0.008206330597889801
0 0.2921875 0.2895662368112544 0.0125 0.009378663540445486
0 0.4109375 0.2869284876905041 0.0078125 0.006447831184056272
0 0.791015625 0.28634232121922626 0.01171875 0.008792497069167644
0 0.70859375 0.2854630715123095 0.009375 0.008206330597889801
0 0.6171875 0.28399765533411486 0.0046875 0.006447831184056272
0 0.476953125 0.2842907385697538 0.01171875 0.008206330597889801
0 0.572265625 0.28399765533411486 0.01015625 0.008792497069167644
0 0.316015625 0.283704572098476 0.01171875 0.008206330597889801
0 0.433203125 0.2825322391559203 0.01015625 0.008206330597889801
0 0.34375 0.2828253223915592 0.0109375 0.008792497069167644
0 0.76953125 0.28223915592028137 0.009375 0.008792497069167644
0 0.6859375 0.28194607268464245 0.009375 0.008206330597889801
0 0.8546875 0.28194607268464245 0.0125 0.009378663540445486
0 0.52109375 0.28077373974208675 0.0109375 0.008206330597889801
0 0.74765625 0.27754982415005863 0.009375 0.008792497069167644
0 0.64140625 0.2769636576787808 0.009375 0.0076201641266119575
0 0.827734375 0.276084407971864 0.01171875 0.009378663540445486
0 0.665234375 0.27520515826494724 0.00859375 0.0076201641266119575
0 0.594140625 0.2757913247362251 0.00859375 0.008792497069167644
0 0.455859375 0.27520515826494724 0.01171875 0.008792497069167644
0 0.369921875 0.27520515826494724 0.01015625 0.008792497069167644
0 0.7265625 0.27432590855803046 0.0078125 0.008206330597889801
0 0.551171875 0.2737397420867526 0.01015625 0.008206330597889801
0 0.4984375 0.2734466588511137 0.0109375 0.0076201641266119575
0 0.806640625 0.2734466588511137 0.01015625 0.008792497069167644
0 0.39375 0.2719812426729191 0.009375 0.008206330597889801
0 0.19140625 0.27110199296600235 0.009375 0.00996483001172333
0 0.78515625 0.2693434935521688 0.0109375 0.008792497069167644
0 0.7046875 0.2675849941383353 0.009375 0.0076201641266119575
0 0.571875 0.26553341148886284 0.009375 0.008206330597889801
0 0.4765625 0.26553341148886284 0.0109375 0.008206330597889801
0 0.341015625 0.264947245017585 0.00703125 0.007033997655334115
0 0.8484375 0.26553341148886284 0.0140625 0.009378663540445486
0 0.76484375 0.2637749120750293 0.0078125 0.007033997655334115
0 0.68203125 0.26436107854630714 0.009375 0.008206330597889801
0 0.61484375 0.26436107854630714 0.009375 0.008206330597889801
0 0.433984375 0.26436107854630714 0.01015625 0.008206330597889801
0 0.799609375 0.2593786635404455 0.00078125 0.0005861664712778429
0 0.524609375 0.26289566236811257 0.01015625 0.0076201641266119575
0 0.825 0.2584994138335287 0.0015625 0.0011723329425556857
0 0.740625 0.26025791324736225 0.009375 0.008206330597889801
0 0.798046875 0.2564478311840563 0.00078125 0.0017584994138335288
0 0.6375 0.25908558030480655 0.0078125 0.007033997655334115
0 0.66015625 0.257620164126612 0.009375 0.0076201641266119575
0 0.865625 0.257620164126612 0.0140625 0.008792497069167644
0 0.835546875 0.2532239155920281 0.00234375 0.0011723329425556857
0 0.4109375 0.2564478311840563 0.0109375 0.0076201641266119575
0 0.3625 0.25703399765533413 0.0109375 0.008792497069167644
0 0.8 0.2532239155920281 0.003125 0.0023446658851113715
0 0.825390625 0.2532239155920281 0.00390625 0.0035169988276670576
0 0.5921875 0.2555685814771395 0.0109375 0.008206330597889801
0 0.83046875 0.2511723329425557 0.0015625 0.0005861664712778429
0 0.80625 0.25263774912075027 0.0078125 0.0035169988276670576
0 0.497265625 0.2552754982415006 0.01015625 0.008792497069167644
0 0.455078125 0.2552754982415006 0.01015625 0.008792497069167644
0 0.71953125 0.2541031652989449 0.009375 0.0076201641266119575
0 0.38671875 0.2541031652989449 0.0109375 0.008792497069167644
0 0.55 0.2532239155920281 0.00625 0.008206330597889801
0 0.780078125 0.25175849941383355 0.01015625 0.008792497069167644
0 0.191796875 0.2514654161781946 0.01328125 0.010550996483001172
0 0.84375 0.24794841735052756 0.00625 0.008206330597889801
0 0.84921875 0.24355216881594371 0.0015625 0.0005861664712778429
0 0.303125 0.24765533411488863 0.0109375 0.008792497069167644
0 0.758984375 0.24677608440797186 0.00859375 0.008206330597889801
0 0.677734375 0.24677608440797186 0.01015625 0.008206330597889801
0 0.572265625 0.24677608440797186 0.00859375 0.008206330597889801
0 0.51875 0.24531066822977726 0.00625 0.005275498241500586
0 0.337109375 0.24531066822977726 0.00859375 0.005275498241500586
0 0.476953125 0.24648300117233293 0.00859375 0.008792497069167644
0 0.648046875 0.2429660023446659 0.00546875 0.006447831184056272
0 0.430078125 0.2429660023446659 0.01015625 0.008792497069167644
0 0.699609375 0.2417936694021102 0.01015625 0.0076201641266119575
0 0.738671875 0.24120750293083235 0.00703125 0.0076201641266119575
0 0.875 0.24091441969519342 0.0125 0.008206330597889801
0 0.368359375 0.23974208675263775 0.01015625 0.007033997655334115
0 0.815234375 0.23856975381008205 0.01171875 0.009378663540445486
0 0.792578125 0.23827667057444316 0.01171875 0.008792497069167644
0 0.59609375 0.23739742086752638 0.009375 0.008206330597889801
0 0.537890625 0.2365181711606096 0.01015625 0.0076201641266119575
0 0.495703125 0.2365181711606096 0.01015625 0.0076201641266119575
0 0.45234375 0.23710433763188746 0.0109375 0.008792497069167644
0 0.391796875 0.23563892145369286 0.00859375 0.008206330597889801
0 0.770703125 0.23270808909730364 0.01171875 0.008206330597889801
0 0.56015625 0.2309495896834701 0.009375 0.008206330597889801
0 0.85703125 0.2309495896834701 0.0125 0.009378663540445486
0 0.71640625 0.23036342321219228 0.009375 0.008206330597889801
0 0.616796875 0.23007033997655335 0.01015625 0.0076201641266119575
0 0.68125 0.22889800703399765 0.0078125 0.0076201641266119575
0 0.47421875 0.22713950762016413 0.0078125 0.0076201641266119575
0 0.516796875 0.2268464243845252 0.00859375 0.008206330597889801
0 0.427734375 0.2250879249706917 0.01015625 0.007033997655334115
0 0.73828125 0.22362250879249707 0.00625 0.0076201641266119575
0 0.58046875 0.2227432590855803 0.009375 0.008206330597889801
0 0.405859375 0.2198124267291911 0.00703125 0.007033997655334115
0 0.69921875 0.2186400937866354 0.009375 0.007033997655334115
0 0.494921875 0.21776084407971863 0.00703125 0.006447831184056272
0 0.451171875 0.2186400937866354 0.01015625 0.008206330597889801
0 0.75703125 0.21805392731535755 0.0109375 0.008206330597889801
0 0.536328125 0.2174677608440797 0.01015625 0.007033997655334115
0 0.603125 0.21629542790152403 0.0078125 0.008206330597889801
0 0.776171875 0.21014067995310667 0.00078125 0.0005861664712778429
0 0.72265625 0.21101992966002345 0.0046875 0.0035169988276670576
0 0.782421875 0.21014067995310667 0.00703125 0.0029308323563892145
0 0.559765625 0.21277842907385697 0.01015625 0.008206330597889801
0 0.3828125 0.21189917936694022 0.0078125 0.006447831184056272
0 0.472265625 0.20955451348182885 0.00703125 0.006447831184056272
0 0.828125 0.20984759671746775 0.0125 0.009378663540445486
0 0.5171875 0.208968347010551 0.00625 0.0076201641266119575
0 0.581640625 0.20603751465416179 0.00859375 0.006447831184056272
0 0.741796875 0.20574443141852286 0.01015625 0.008206330597889801
0 0.642578125 0.20252051582649472 0.00703125 0.0076201641266119575
0 0.6921875 0.20164126611957797 0.009375 0.007033997655334115
0 0.615234375 0.2007620164126612 0.00703125 0.005275498241500586
0 0.54609375 0.19988276670574442 0.0046875 0.004689331770222743
0 0.762890625 0.20134818288393905 0.01015625 0.008792497069167644
0 0.33671875 0.19871043376318875 0.0078125 0.007033997655334115
0 0.79375 0.19900351699882768 0.0125 0.008792497069167644
0 0.452734375 0.19753810082063306 0.00546875 0.005861664712778429
0 0.7125 0.1937280187573271 0.009375 0.0076201641266119575
0 0.82421875 0.19167643610785462 0.0125 0.009378663540445486
0 0.522265625 0.19079718640093787 0.01015625 0.0076201641266119575
0 0.594921875 0.19021101992966002 0.00859375 0.0076201641266119575
0 0.499609375 0.18962485345838218 0.00859375 0.0076201641266119575
0 0.742578125 0.18786635404454866 0.01015625 0.0076201641266119575
0 0.398046875 0.1855216881594373 0.00546875 0.004103165298944901
0 0.560546875 0.18610785463071514 0.00859375 0.006447831184056272
0 0.764453125 0.18347010550996484 0.01015625 0.009378663540445486
0 0.426953125 0.1817116060961313 0.00859375 0.005861664712778429
0 0.853125 0.1802461899179367 0.0125 0.00996483001172333
0 0.61171875 0.17731535756154748 0.0078125 0.006447831184056272
0 0.719921875 0.17731535756154748 0.00859375 0.0076201641266119575
0 0.644140625 0.17584994138335286 0.00859375 0.008206330597889801
0 0.826953125 0.17409144196951934 0.01171875 0.008206330597889801
0 0.66640625 0.1720398593200469 0.009375 0.0076201641266119575
0 0.783203125 0.17233294255568582 0.01171875 0.009378663540445486
0 0.54609375 0.1708675263774912 0.009375 0.006447831184056272
0 0.524609375 0.16881594372801875 0.00703125 0.005861664712778429
0 0.33203125 0.16969519343493553 0.0078125 0.008792497069167644
0 0.80546875 0.16764361078546308 0.0125 0.009378663540445486
0 0.58046875 0.16471277842907386 0.0078125 0.007033997655334115
0 0.306640625 0.1597303634232122 0.01171875 0.0076201641266119575
0 0.758984375 0.1585580304806565 0.00859375 0.0076201641266119575
0 0.689453125 0.15504103165298944 0.01015625 0.0076201641266119575
0 0.283203125 0.15386869871043377 0.00234375 0.005275498241500586
0 0.365625 0.15211019929660025 0.0078125 0.006447831184056272
0 0.629296875 0.15211019929660025 0.00859375 0.0076201641266119575
0 0.32890625 0.15181711606096132 0.009375 0.007033997655334115
0 0.28203125 0.14947245017584995 0.003125 0.0023446658851113715
0 0.274609375 0.14859320046893318 0.00078125 0.0005861664712778429
0 0.278125 0.14800703399765533 0.003125 0.0005861664712778429
0 0.53203125 0.14800703399765533 0.0046875 0.005275498241500586
0 0.6671875 0.14859320046893318 0.0078125 0.0076201641266119575
0 0.586328125 0.14683470105509966 0.00546875 0.005275498241500586
0 0.50625 0.1433177022274326 0.0078125 0.006447831184056272
0 0.226953125 0.13628370457209849 0.00859375 0.0076201641266119575
0 0.228125 0.13071512309495897 0.003125 0.0023446658851113715
0 0.2234375 0.12866354044548653 0.0015625 0.0005861664712778429
