0 0.29453125 0.8442708333333333 0.009375 0.013541666666666667
0 0.4125 0.8432291666666667 0.009375 0.013541666666666667
0 0.721875 0.8385416666666666 0.00625 0.008333333333333333
0 0.394921875 0.840625 0.00859375 0.0125
0 0.7421875 0.8333333333333334 0.0015625 0.0020833333333333333
0 0.798046875 0.8354166666666667 0.00703125 0.008333333333333333
0 0.6421875 0.8354166666666667 0.00625 0.0125
0 0.31171875 0.8354166666666667 0.009375 0.0125
0 0.689453125 0.8333333333333334 0.00546875 0.010416666666666666
0 0.759765625 0.8307291666666666 0.00546875 0.007291666666666667
0 0.706640625 0.8286458333333333 0.00546875 0.007291666666666667
0 0.662109375 0.8286458333333333 0.00546875 0.011458333333333333
0 0.846484375 0.8229166666666666 0.00703125 0.004166666666666667
0 0.379296875 0.8260416666666667 0.00859375 0.0125
0 0.5125 0.8229166666666666 0.00625 0.0125
0 0.610546875 0.8208333333333333 0.00546875 0.010416666666666666
0 0.35859375 0.81875 0.009375 0.0125
0 0.918359375 0.8130208333333333 0.00546875 0.005208333333333333
0 0.790625 0.8125 0.00625 0.00625
0 0.730078125 0.809375 0.00546875 0.00625
0 0.45390625 0.8119791666666667 0.00625 0.011458333333333333
0 0.570703125 0.8114583333333333 0.00703125 0.0125
0 0.696875 0.8072916666666666 0.00625 0.00625
0 0.541015625 0.809375 0.00546875 0.0125
0 0.67109375 0.803125 0.003125 0.0020833333333333333
0 0.65390625 0.8072916666666666 0.0046875 0.010416666666666666
0 0.43046875 0.8083333333333333 0.0078125 0.0125
0 0.7484375 0.8072916666666666 0.00625 0.0125
0 0.52421875 0.8041666666666667 0.00625 0.0125
0 0.948046875 0.8005208333333333 0.00390625 0.007291666666666667
0 0.964453125 0.7984375 0.00390625 0.005208333333333333
0 0.617578125 0.8 0.00546875 0.010416666666666666
0 0.765234375 0.7947916666666667 0.00546875 0.004166666666666667
0 0.760546875 0.7932291666666667 0.00078125 0.0010416666666666667
0 0.40703125 0.7979166666666667 0.009375 0.0125
0 0.712109375 0.7958333333333333 0.00546875 0.010416666666666666
0 0.8421875 0.7942708333333334 0.0078125 0.009375
0 0.3859375 0.7953125 0.009375 0.013541666666666667
0 0.684765625 0.7927083333333333 0.00859375 0.010416666666666666
0 0.185546875 0.7916666666666666 0.01015625 0.0125
0 0.73046875 0.7864583333333334 0.00625 0.010416666666666666
0 0.45 0.7864583333333334 0.0078125 0.0125
0 0.66875 0.7791666666666667 0.0046875 0.0020833333333333333
0 0.54921875 0.784375 0.0078125 0.0125
0 0.483203125 0.7828125 0.00546875 0.011458333333333333
0 0.518359375 0.7822916666666667 0.00859375 0.0125
0 0.621875 0.7776041666666667 0.00625 0.009375
0 0.849609375 0.7723958333333333 0.00390625 0.005208333333333333
0 0.432421875 0.7744791666666667 0.00859375 0.011458333333333333
0 0.4640625 0.7734375 0.00625 0.011458333333333333
0 0.503515625 0.7677083333333333 0.00546875 0.00625
0 0.688671875 0.76875 0.00546875 0.010416666666666666
0 0.533984375 0.7692708333333333 0.00703125 0.011458333333333333
0 0.637890625 0.7682291666666666 0.00546875 0.011458333333333333
0 0.36953125 0.7692708333333333 0.009375 0.013541666666666667
0 0.76640625 0.7671875 0.009375 0.011458333333333333
0 0.587890625 0.7651041666666667 0.00546875 0.011458333333333333
0 0.7828125 0.7609375 0.0078125 0.007291666666666667
0 0.54921875 0.7609375 0.00625 0.011458333333333333
0 0.822265625 0.7552083333333334 0.00390625 0.004166666666666667
0 0.73125 0.7578125 0.0078125 0.009375
0 0.5703125 0.7588541666666667 0.00625 0.011458333333333333
0 0.610546875 0.75625 0.00546875 0.008333333333333333
0 0.521484375 0.7572916666666667 0.00546875 0.0125
0 0.408203125 0.7572916666666667 0.00859375 0.0125
0 0.384375 0.7572916666666667 0.009375 0.0125
0 0.675390625 0.7552083333333334 0.00703125 0.0125
0 0.560546875 0.7473958333333334 0.00078125 0.0010416666666666667
0 0.89140625 0.7484375 0.0046875 0.007291666666666667
0 0.626953125 0.7479166666666667 0.00390625 0.00625
0 0.43046875 0.7505208333333333 0.0078125 0.011458333333333333
0 0.44765625 0.7484375 0.00625 0.011458333333333333
0 0.496484375 0.7479166666666667 0.00859375 0.0125
0 0.695703125 0.7447916666666666 0.00859375 0.0125
0 0.591796875 0.7427083333333333 0.00859375 0.010416666666666666
0 0.535546875 0.7432291666666667 0.00859375 0.011458333333333333
0 0.3421875 0.74375 0.009375 0.0125
0 0.79296875 0.7395833333333334 0.0078125 0.008333333333333333
0 0.560546875 0.7385416666666667 0.00546875 0.00625
0 0.371484375 0.7416666666666667 0.00859375 0.0125
0 0.2 0.740625 0.00625 0.0125
0 0.72109375 0.734375 0.003125 0.0020833333333333333
0 0.396484375 0.7395833333333334 0.00859375 0.0125
0 0.641796875 0.7354166666666667 0.00859375 0.0125
0 0.31640625 0.734375 0.009375 0.0125
0 0.82109375 0.7317708333333334 0.00625 0.009375
0 0.676953125 0.7322916666666667 0.00859375 0.0125
0 0.60703125 0.73125 0.009375 0.0125
0 0.513671875 0.7307291666666667 0.00703125 0.011458333333333333
0 0.545703125 0.7265625 0.00546875 0.011458333333333333
0 0.48125 0.7244791666666667 0.009375 0.011458333333333333
0 0.35234375 0.725 0.009375 0.0125
0 0.688671875 0.7192708333333333 0.00234375 0.003125
0 0.496484375 0.7234375 0.00703125 0.011458333333333333
0 0.33359375 0.7239583333333334 0.009375 0.0125
0 0.622265625 0.7223958333333333 0.00859375 0.011458333333333333
0 0.56796875 0.7223958333333333 0.00625 0.011458333333333333
0 0.59140625 0.7182291666666667 0.0078125 0.011458333333333333
0 0.528125 0.7177083333333333 0.0078125 0.0125
0 0.397265625 0.7125 0.00703125 0.00625
0 0.687109375 0.7104166666666667 0.00390625 0.004166666666666667
0 0.209375 0.7135416666666666 0.009375 0.0125
0 0.45625 0.7119791666666667 0.0078125 0.011458333333333333
0 0.606640625 0.7088541666666667 0.00390625 0.007291666666666667
0 0.366796875 0.7114583333333333 0.00859375 0.0125
0 0.63828125 0.7098958333333333 0.0078125 0.011458333333333333
0 0.794921875 0.7067708333333333 0.01015625 0.011458333333333333
0 0.556640625 0.7067708333333333 0.00859375 0.011458333333333333
0 0.344921875 0.7041666666666667 0.00859375 0.0125
0 0.5765625 0.7026041666666667 0.00625 0.011458333333333333
0 0.421875 0.7026041666666667 0.0078125 0.011458333333333333
0 0.321875 0.7020833333333333 0.009375 0.0125
0 0.74921875 0.6994791666666667 0.009375 0.011458333333333333
0 0.50078125 0.6947916666666667 0.0015625 0.0020833333333333333
0 0.537890625 0.6984375 0.00859375 0.011458333333333333
0 0.471875 0.6984375 0.0046875 0.011458333333333333
0 0.670703125 0.6979166666666666 0.00546875 0.0125
0 0.623828125 0.6963541666666667 0.00546875 0.011458333333333333
0 0.44375 0.6953125 0.0078125 0.011458333333333333
0 0.693359375 0.6932291666666667 0.00859375 0.011458333333333333
0 0.405078125 0.6911458333333333 0.00859375 0.011458333333333333
0 0.21796875 0.6916666666666667 0.009375 0.0125
0 0.52109375 0.6901041666666666 0.0078125 0.011458333333333333
0 0.50234375 0.6869791666666667 0.0046875 0.005208333333333333
0 0.599609375 0.6880208333333333 0.00703125 0.011458333333333333
0 0.382421875 0.6880208333333333 0.00859375 0.011458333333333333
0 0.288671875 0.6880208333333333 0.00859375 0.011458333333333333
0 0.200390625 0.6880208333333333 0.00859375 0.011458333333333333
0 0.638671875 0.6864583333333333 0.00703125 0.010416666666666666
0 0.563671875 0.6864583333333333 0.00859375 0.010416666666666666
0 0.271484375 0.6859375 0.00859375 0.011458333333333333
0 0.7625 0.6838541666666667 0.009375 0.011458333333333333
0 0.4828125 0.6828125 0.0078125 0.011458333333333333
0 0.30625 0.6833333333333333 0.0078125 0.0125
0 0.7921875 0.6822916666666666 0.009375 0.0125
0 0.427734375 0.6817708333333333 0.00703125 0.011458333333333333
0 0.362890625 0.6817708333333333 0.00859375 0.011458333333333333
0 0.58203125 0.6802083333333333 0.003125 0.010416666666666666
0 0.3453125 0.6807291666666667 0.009375 0.011458333333333333
0 0.546875 0.6796875 0.0078125 0.011458333333333333
0 0.889453125 0.6729166666666667 0.00078125 0.0020833333333333333
0 0.3234375 0.678125 0.009375 0.0125
0 0.465234375 0.6755208333333333 0.00859375 0.011458333333333333
0 0.615625 0.6734375 0.00625 0.009375
0 0.666796875 0.671875 0.00703125 0.010416666666666666
0 0.53046875 0.6708333333333333 0.00625 0.008333333333333333
0 0.778515625 0.66875 0.00859375 0.008333333333333333
0 0.399609375 0.6703125 0.00859375 0.011458333333333333
0 0.50078125 0.6671875 0.0078125 0.011458333333333333
0 0.558984375 0.6640625 0.00703125 0.011458333333333333
0 0.599609375 0.6630208333333333 0.00703125 0.011458333333333333
0 0.484375 0.6598958333333333 0.0078125 0.011458333333333333
0 0.433203125 0.6598958333333333 0.00703125 0.011458333333333333
0 0.415234375 0.6598958333333333 0.00859375 0.011458333333333333
0 0.79453125 0.6578125 0.0046875 0.009375
0 0.299609375 0.659375 0.00859375 0.0125
0 0.57421875 0.6567708333333333 0.00625 0.009375
0 0.515625 0.6578125 0.0078125 0.011458333333333333
0 0.450390625 0.6567708333333333 0.00546875 0.009375
0 0.351953125 0.6578125 0.00859375 0.011458333333333333
0 0.333984375 0.6578125 0.00859375 0.011458333333333333
0 0.385546875 0.6567708333333333 0.00859375 0.011458333333333333
0 0.46875 0.6526041666666667 0.0078125 0.011458333333333333
0 0.82265625 0.6510416666666666 0.00625 0.010416666666666666
0 0.36875 0.6520833333333333 0.0078125 0.0125
0 0.316015625 0.65 0.00859375 0.0125
0 0.53359375 0.6432291666666666 0.00625 0.009375
0 0.50078125 0.6442708333333333 0.0078125 0.011458333333333333
0 0.78203125 0.6432291666666666 0.0078125 0.011458333333333333
0 0.551953125 0.6432291666666666 0.00859375 0.011458333333333333
0 0.7671875 0.6354166666666666 0.0015625 0.0020833333333333333
0 0.422265625 0.6395833333333333 0.00703125 0.010416666666666666
0 0.8578125 0.634375 0.0015625 0.0020833333333333333
0 0.395703125 0.6380208333333334 0.00703125 0.009375
0 0.890234375 0.6354166666666666 0.00546875 0.008333333333333333
0 0.566796875 0.6359375 0.00703125 0.011458333333333333
0 0.356640625 0.6359375 0.00859375 0.011458333333333333
0 0.628125 0.6348958333333333 0.0078125 0.011458333333333333
0 0.59375 0.6348958333333333 0.00625 0.011458333333333333
0 0.3296875 0.6348958333333333 0.0078125 0.011458333333333333
0 0.280078125 0.634375 0.00859375 0.0125
0 0.864453125 0.6296875 0.00546875 0.005208333333333333
0 0.44375 0.6322916666666667 0.00625 0.010416666666666666
0 0.305078125 0.6328125 0.00859375 0.011458333333333333
0 0.48828125 0.6286458333333333 0.0078125 0.011458333333333333
0 0.382421875 0.6255208333333333 0.00390625 0.009375
0 0.408984375 0.6229166666666667 0.00703125 0.010416666666666666
0 0.262109375 0.6229166666666667 0.00859375 0.010416666666666666
0 0.227734375 0.6213541666666667 0.00703125 0.011458333333333333
0 0.753125 0.6182291666666667 0.009375 0.009375
0 0.54375 0.6161458333333333 0.0078125 0.011458333333333333
0 0.425 0.6145833333333334 0.0078125 0.010416666666666666
0 0.353515625 0.6130208333333333 0.00703125 0.009375
0 0.336328125 0.6114583333333333 0.00390625 0.00625
0 0.316796875 0.6119791666666666 0.00703125 0.009375
0 0.59375 0.6119791666666666 0.0078125 0.011458333333333333
0 0.29921875 0.6109375 0.0078125 0.011458333333333333
0 0.442578125 0.6098958333333333 0.00703125 0.011458333333333333
0 0.37109375 0.6078125 0.0078125 0.009375
0 0.73984375 0.6020833333333333 0.0078125 0.010416666666666666
0 0.616796875 0.6026041666666667 0.00859375 0.011458333333333333
0 0.475 0.6010416666666667 0.0078125 0.010416666666666666
0 0.266796875 0.6010416666666667 0.00703125 0.010416666666666666
0 0.5546875 0.6 0.00625 0.010416666666666666
0 0.285546875 0.5973958333333333 0.00546875 0.009375
0 0.501171875 0.5973958333333333 0.00703125 0.011458333333333333
0 0.401953125 0.596875 0.00859375 0.010416666666666666
0 0.756640625 0.5963541666666666 0.00859375 0.011458333333333333
0 0.32734375 0.5921875 0.0078125 0.007291666666666667
0 0.455078125 0.5921875 0.00703125 0.009375
0 0.34609375 0.5911458333333334 0.0078125 0.009375
0 0.3109375 0.5921875 0.0078125 0.011458333333333333
0 0.77265625 0.5901041666666667 0.009375 0.011458333333333333
0 0.72734375 0.5885416666666666 0.009375 0.010416666666666666
0 0.41953125 0.5822916666666667 0.0078125 0.010416666666666666
0 0.628125 0.58125 0.0078125 0.010416666666666666
0 0.594140625 0.58125 0.00703125 0.010416666666666666
0 0.36953125 0.5760416666666667 0.0078125 0.008333333333333333
0 0.28046875 0.5739583333333333 0.0078125 0.00625
0 0.335546875 0.575 0.00703125 0.010416666666666666
0 0.263671875 0.5729166666666666 0.00390625 0.00625
0 0.3 0.5734375 0.0078125 0.009375
0 0.3171875 0.571875 0.0078125 0.010416666666666666
0 0.353125 0.5661458333333333 0.0046875 0.005208333333333333
0 0.487890625 0.5677083333333334 0.00703125 0.010416666666666666
0 0.183203125 0.565625 0.00859375 0.010416666666666666
0 0.4015625 0.5635416666666667 0.0078125 0.010416666666666666
0 0.471875 0.5609375 0.0078125 0.011458333333333333
0 0.273828125 0.5541666666666667 0.00234375 0.004166666666666667
0 0.226953125 0.5567708333333333 0.00703125 0.009375
0 0.372265625 0.5520833333333334 0.00546875 0.004166666666666667
0 0.88671875 0.5526041666666667 0.0046875 0.007291666666666667
0 0.307421875 0.553125 0.00859375 0.010416666666666666
0 0.3328125 0.5510416666666667 0.0078125 0.008333333333333333
0 0.249609375 0.5479166666666667 0.00234375 0.0020833333333333333
0 0.565234375 0.5510416666666667 0.00703125 0.010416666666666666
0 0.290625 0.5484375 0.00625 0.005208333333333333
0 0.48984375 0.5458333333333333 0.0078125 0.010416666666666666
0 0.40859375 0.5427083333333333 0.0078125 0.010416666666666666
0 0.359765625 0.5369791666666667 0.00390625 0.005208333333333333
0 0.21484375 0.5369791666666667 0.00625 0.009375
0 0.264453125 0.5333333333333333 0.00390625 0.004166666666666667
0 0.38125 0.5348958333333333 0.0078125 0.009375
0 0.322265625 0.534375 0.00703125 0.008333333333333333
0 0.301171875 0.5328125 0.00703125 0.009375
0 0.1859375 0.5322916666666667 0.00625 0.008333333333333333
0 0.339453125 0.53125 0.00859375 0.010416666666666666
0 0.2828125 0.5291666666666667 0.0078125 0.00625
0 0.249609375 0.525 0.00078125 0.0020833333333333333
0 0.233203125 0.5244791666666667 0.00078125 0.0010416666666666667
0 0.215625 0.5145833333333333 0.00625 0.008333333333333333
0 0.31171875 0.5145833333333333 0.0078125 0.010416666666666666
0 0.266015625 0.5125 0.00703125 0.008333333333333333
0 0.2953125 0.5104166666666666 0.003125 0.00625
0 0.32734375 0.5052083333333334 0.0078125 0.010416666666666666
0 0.24609375 0.5015625 0.00625 0.005208333333333333
0 0.910546875 0.49635416666666665 0.00234375 0.0010416666666666667
0 0.89375 0.496875 0.0015625 0.0020833333333333333
0 0.912890625 0.4953125 0.00078125 0.0010416666666666667
0 0.22890625 0.4984375 0.00625 0.007291666666666667
0 0.37734375 0.49895833333333334 0.0078125 0.010416666666666666
0 0.27890625 0.4953125 0.00625 0.005208333333333333
0 0.39453125 0.49375 0.0078125 0.010416666666666666
0 0.196484375 0.490625 0.00234375 0.004166666666666667
0 0.31171875 0.49166666666666664 0.0078125 0.008333333333333333
0 0.2609375 0.4895833333333333 0.00625 0.00625
0 0.294140625 0.4859375 0.00390625 0.005208333333333333
0 0.821484375 0.48385416666666664 0.00859375 0.009375
0 0.242578125 0.48020833333333335 0.00234375 0.0020833333333333333
0 0.215234375 0.4822916666666667 0.00546875 0.00625
0 0.909765625 0.475 0.00703125 0.004166666666666667
0 0.701953125 0.47604166666666664 0.00859375 0.010416666666666666
0 0.2734375 0.4765625 0.0078125 0.011458333333333333
0 0.183203125 0.47239583333333335 0.00703125 0.007291666666666667
0 0.774609375 0.4661458333333333 0.00234375 0.0010416666666666667
0 0.20078125 0.46822916666666664 0.00625 0.005208333333333333
0 0.859765625 0.46770833333333334 0.00546875 0.00625
0 0.257421875 0.46770833333333334 0.00390625 0.00625
0 0.165234375 0.46822916666666664 0.00546875 0.007291666666666667
0 0.308203125 0.4671875 0.00859375 0.009375
0 0.2265625 0.46510416666666665 0.00625 0.005208333333333333
0 0.291015625 0.4661458333333333 0.00546875 0.009375
0 0.79609375 0.45625 0.0015625 0.0020833333333333333
0 0.422265625 0.45625 0.00703125 0.004166666666666667
0 0.798046875 0.45260416666666664 0.00234375 0.003125
0 0.269921875 0.45260416666666664 0.00546875 0.007291666666666667
0 0.191015625 0.4510416666666667 0.00234375 0.00625
0 0.634375 0.4510416666666667 0.0078125 0.010416666666666666
0 0.236328125 0.4479166666666667 0.00546875 0.00625
0 0.253125 0.446875 0.00625 0.00625
0 0.769140625 0.44166666666666665 0.00234375 0.0020833333333333333
0 0.297265625 0.44635416666666666 0.00859375 0.011458333333333333
0 0.403125 0.4432291666666667 0.0078125 0.009375
0 0.220703125 0.4375 0.00078125 0.0020833333333333333
0 0.788671875 0.4390625 0.00703125 0.007291666666666667
0 0.265234375 0.43072916666666666 0.00703125 0.007291666666666667
0 0.286328125 0.42864583333333334 0.00546875 0.005208333333333333
0 0.415234375 0.42916666666666664 0.00703125 0.010416666666666666
0 0.65625 0.42604166666666665 0.0078125 0.010416666666666666
0 0.23046875 0.4197916666666667 0.00625 0.008333333333333333
0 0.212890625 0.41822916666666665 0.00546875 0.009375
0 0.821875 0.41302083333333334 0.0046875 0.003125
0 0.2984375 0.415625 0.0078125 0.008333333333333333
0 0.899609375 0.4114583333333333 0.00234375 0.0020833333333333333
0 0.315234375 0.41354166666666664 0.00703125 0.010416666666666666
0 0.25703125 0.4109375 0.0046875 0.005208333333333333
0 0.509765625 0.4083333333333333 0.00703125 0.010416666666666666
0 0.27421875 0.40625 0.00625 0.00625
0 0.238671875 0.3984375 0.00703125 0.005208333333333333
0 0.38203125 0.39947916666666666 0.0078125 0.011458333333333333
0 0.35078125 0.39895833333333336 0.0078125 0.010416666666666666
0 0.490625 0.3984375 0.0078125 0.011458333333333333
0 0.793359375 0.3963541666666667 0.01015625 0.009375
0 0.2921875 0.39427083333333335 0.00625 0.005208333333333333
0 0.222265625 0.39479166666666665 0.00703125 0.008333333333333333
0 0.32421875 0.3927083333333333 0.00625 0.00625
0 0.890234375 0.3880208333333333 0.00078125 0.0010416666666666667
0 0.255859375 0.38958333333333334 0.00546875 0.00625
0 0.83828125 0.37916666666666665 0.00625 0.00625
0 0.81796875 0.3776041666666667 0.0078125 0.007291666666666667
0 0.37109375 0.37916666666666665 0.0078125 0.010416666666666666
0 0.240625 0.37604166666666666 0.00625 0.00625
0 0.79609375 0.375 0.009375 0.008333333333333333
0 0.33203125 0.37447916666666664 0.00625 0.007291666666666667
0 0.2765625 0.37447916666666664 0.0078125 0.007291666666666667
0 0.6609375 0.37395833333333334 0.0078125 0.010416666666666666
0 0.315234375 0.37447916666666664 0.00703125 0.011458333333333333
0 0.75859375 0.37135416666666665 0.009375 0.011458333333333333
0 0.259765625 0.36302083333333335 0.00390625 0.005208333333333333
0 0.858984375 0.36302083333333335 0.00546875 0.007291666666666667
0 0.29453125 0.36041666666666666 0.0078125 0.008333333333333333
0 0.33984375 0.35572916666666665 0.0078125 0.009375
0 0.793359375 0.3536458333333333 0.00859375 0.009375
0 0.275 0.35104166666666664 0.00625 0.004166666666666667
0 0.3125 0.3489583333333333 0.0078125 0.010416666666666666
0 0.837109375 0.3453125 0.00546875 0.005208333333333333
0 0.76953125 0.3411458333333333 0.009375 0.011458333333333333
0 0.296484375 0.33958333333333335 0.00703125 0.008333333333333333
0 0.247265625 0.34010416666666665 0.00703125 0.009375
0 0.264453125 0.33697916666666666 0.00703125 0.007291666666666667
0 0.8 0.3338541666666667 0.009375 0.007291666666666667
0 0.28046875 0.33177083333333335 0.0078125 0.007291666666666667
0 0.34140625 0.32864583333333336 0.0078125 0.007291666666666667
0 0.609375 0.32708333333333334 0.0078125 0.010416666666666666
0 0.387109375 0.3229166666666667 0.00703125 0.010416666666666666
0 0.236328125 0.321875 0.00703125 0.008333333333333333
0 0.202734375 0.31927083333333334 0.00234375 0.003125
0 0.72578125 0.31979166666666664 0.0046875 0.00625
0 0.294140625 0.3171875 0.00546875 0.005208333333333333
0 0.8578125 0.31666666666666665 0.009375 0.00625
0 0.812109375 0.3145833333333333 0.00703125 0.008333333333333333
0 0.78984375 0.3140625 0.009375 0.009375
0 0.358203125 0.3145833333333333 0.00703125 0.010416666666666666
0 0.309765625 0.31302083333333336 0.00703125 0.011458333333333333
0 0.33125 0.309375 0.0078125 0.010416666666666666
0 0.215234375 0.30520833333333336 0.00546875 0.004166666666666667
0 0.465625 0.30625 0.0046875 0.010416666666666666
0 0.699609375 0.30520833333333336 0.00859375 0.010416666666666666
0 0.736328125 0.30364583333333334 0.00859375 0.011458333333333333
0 0.371875 0.3020833333333333 0.0078125 0.010416666666666666
0 0.716015625 0.30104166666666665 0.00703125 0.010416666666666666
0 0.8640625 0.30052083333333335 0.0078125 0.011458333333333333
0 0.60625 0.30052083333333335 0.0078125 0.011458333333333333
0 0.2890625 0.29739583333333336 0.00625 0.009375
0 0.317578125 0.28958333333333336 0.00546875 0.004166666666666667
0 0.241796875 0.28854166666666664 0.00546875 0.008333333333333333
0 0.20625 0.2875 0.00625 0.00625
0 0.25859375 0.2875 0.00625 0.008333333333333333
0 0.355078125 0.284375 0.00546875 0.004166666666666667
0 0.276171875 0.2833333333333333 0.00546875 0.004166666666666667
0 0.693359375 0.28489583333333335 0.00859375 0.011458333333333333
0 0.378125 0.28177083333333336 0.0078125 0.009375
0 0.3390625 0.2791666666666667 0.00625 0.010416666666666666
0 0.751171875 0.2786458333333333 0.00859375 0.011458333333333333
0 0.733984375 0.278125 0.00859375 0.010416666666666666
0 0.540625 0.278125 0.0078125 0.010416666666666666
0 0.39765625 0.2734375 0.0078125 0.009375
0 0.323046875 0.2703125 0.00546875 0.005208333333333333
0 0.63515625 0.27239583333333334 0.0078125 0.011458333333333333
0 0.453125 0.2708333333333333 0.0078125 0.010416666666666666
0 0.290234375 0.2671875 0.00546875 0.007291666666666667
0 0.805859375 0.2677083333333333 0.00859375 0.010416666666666666
0 0.526171875 0.2671875 0.00703125 0.009375
0 0.355859375 0.2640625 0.00703125 0.007291666666666667
0 0.26015625 0.26510416666666664 0.0078125 0.009375
0 0.21953125 0.26145833333333335 0.003125 0.004166666666666667
0 0.573046875 0.2635416666666667 0.00703125 0.010416666666666666
0 0.307421875 0.26197916666666665 0.00703125 0.007291666666666667
0 0.38203125 0.26197916666666665 0.0078125 0.009375
0 0.236328125 0.2578125 0.00703125 0.005208333333333333
0 0.7640625 0.2598958333333333 0.009375 0.011458333333333333
0 0.27578125 0.25729166666666664 0.0078125 0.00625
0 0.540625 0.2557291666666667 0.0078125 0.009375
0 0.738671875 0.25416666666666665 0.00859375 0.010416666666666666
0 0.5875 0.25416666666666665 0.0078125 0.010416666666666666
0 0.344140625 0.2515625 0.00703125 0.009375
0 0.326953125 0.25 0.00703125 0.00625
0 0.3671875 0.25 0.0078125 0.010416666666666666
0 0.205078125 0.246875 0.00546875 0.00625
0 0.725 0.24427083333333333 0.009375 0.009375
0 0.225 0.24166666666666667 0.0046875 0.004166666666666667
0 0.300390625 0.24322916666666666 0.00703125 0.009375
0 0.5515625 0.23958333333333334 0.0078125 0.010416666666666666
0 0.453125 0.23958333333333334 0.0078125 0.010416666666666666
0 0.269140625 0.2375 0.00546875 0.00625
0 0.39375 0.23854166666666668 0.0078125 0.010416666666666666
0 0.415625 0.23645833333333333 0.0078125 0.010416666666666666
0 0.315234375 0.23489583333333333 0.00546875 0.007291666666666667
0 0.64765625 0.23385416666666667 0.0078125 0.011458333333333333
0 0.37734375 0.23125 0.0078125 0.00625
0 0.35078125 0.23020833333333332 0.0078125 0.004166666666666667
0 0.68984375 0.2328125 0.009375 0.011458333333333333
0 0.33359375 0.23125 0.0078125 0.008333333333333333
0 0.575390625 0.23125 0.00703125 0.010416666666666666
0 0.29140625 0.225 0.00625 0.008333333333333333
0 0.7453125 0.221875 0.0078125 0.010416666666666666
0 0.72734375 0.22083333333333333 0.0078125 0.008333333333333333
0 0.36484375 0.21927083333333333 0.0046875 0.007291666666666667
0 0.253125 0.21927083333333333 0.0078125 0.007291666666666667
0 0.214453125 0.21927083333333333 0.00546875 0.007291666666666667
0 0.40625 0.21979166666666666 0.0078125 0.010416666666666666
0 0.549609375 0.21822916666666667 0.00703125 0.009375
0 0.386328125 0.21302083333333333 0.00703125 0.005208333333333333
0 0.462109375 0.21458333333333332 0.00859375 0.010416666666666666
0 0.326171875 0.21145833333333333 0.00703125 0.008333333333333333
0 0.569921875 0.20833333333333334 0.00390625 0.004166666666666667
0 0.34609375 0.2109375 0.0078125 0.011458333333333333
0 0.6359375 0.20989583333333334 0.0078125 0.011458333333333333
0 0.680859375 0.20572916666666666 0.00859375 0.011458333333333333
0 0.31171875 0.20260416666666667 0.00625 0.009375
0 0.621484375 0.2015625 0.00859375 0.011458333333333333
0 0.75078125 0.2 0.009375 0.010416666666666666
0 0.449609375 0.19635416666666666 0.00546875 0.009375
0 0.376171875 0.19635416666666666 0.00703125 0.009375
0 0.2203125 0.19583333333333333 0.0078125 0.010416666666666666
0 0.55234375 0.1953125 0.0078125 0.011458333333333333
0 0.284375 0.19427083333333334 0.0078125 0.011458333333333333
0 0.26640625 0.19270833333333334 0.0078125 0.008333333333333333
0 0.47109375 0.1921875 0.0078125 0.009375
0 0.39296875 0.18958333333333333 0.00625 0.004166666666666667
0 0.353125 0.190625 0.00625 0.010416666666666666
0 0.606640625 0.1875 0.00703125 0.00625
0 0.3359375 0.18697916666666667 0.0078125 0.011458333333333333
0 0.4078125 0.18333333333333332 0.0078125 0.010416666666666666
0 0.378515625 0.17708333333333334 0.00078125 0.004166666666666667
0 0.3796875 0.17291666666666666 0.0015625 0.0020833333333333333
0 0.481640625 0.17447916666666666 0.00703125 0.007291666666666667
0 0.29296875 0.1765625 0.0078125 0.011458333333333333
0 0.465625 0.171875 0.00625 0.010416666666666666
0 0.321875 0.17239583333333333 0.0078125 0.011458333333333333
