0 0.821875 0.8645955451348183 0.0140625 0.010550996483001172
0 0.521875 0.8607854630715123 0.0109375 0.0076201641266119575
0 0.468359375 0.8490621336459554 0.01015625 0.008792497069167644
0 0.505078125 0.8423212192262602 0.01171875 0.009378663540445486
0 0.530078125 0.8417350527549824 0.01171875 0.009378663540445486
0 0.64140625 0.8303048065650644 0.0125 0.00996483001172333
0 0.476953125 0.8291324736225087 0.01015625 0.008792497069167644
0 0.39140625 0.8259085580304807 0.0109375 0.008206330597889801
0 0.5046875 0.7816529894490035 0.0109375 0.008792497069167644
0 0.671875 0.764947245017585 0.0125 0.009378663540445486
0 0.6265625 0.7543962485345839 0.0125 0.008206330597889801
0 0.65078125 0.753810082063306 0.0125 0.009378663540445486
0 0.696484375 0.731242672919109 0.01171875 0.008792497069167644
0 0.60625 0.7250879249706916 0.0109375 0.009378663540445486
0 0.69765625 0.7121922626025792 0.0125 0.009378663540445486
0 0.7265625 0.6960726846424384 0.0125 0.008792497069167644
0 0.801171875 0.6875732708089097 0.01328125 0.009378663540445486
0 0.619140625 0.6814185228604924 0.01171875 0.008792497069167644
0 0.719921875 0.6732121922626025 0.01171875 0.0076201641266119575
0 0.71640625 0.667936694021102 0.0015625 0.0017584994138335288
0 0.553125 0.6635404454865181 0.0109375 0.008206330597889801
0 0.74765625 0.6591441969519344 0.0125 0.008792497069167644
0 0.70703125 0.6565064478311841 0.0125 0.009378663540445486
0 0.573828125 0.6550410316529894 0.01171875 0.0076201641266119575
0 0.644140625 0.6462485345838218 0.01171875 0.0076201641266119575
0 0.436328125 0.6409730363423212 0.01015625 0.0076201641266119575
0 0.426953125 0.6228018757327081 0.01015625 0.0076201641266119575
0 0.546484375 0.6222157092614302 0.01015625 0.0076201641266119575
0 0.624609375 0.6204572098475967 0.01171875 0.0076201641266119575
0 0.676953125 0.6204572098475967 0.01171875 0.008792497069167644
0 0.414453125 0.608440797186401 0.01015625 0.007033997655334115
0 0.381640625 0.5984759671746777 0.00859375 0.007033997655334115
0 0.53046875 0.5902696365767878 0.009375 0.007033997655334115
0 0.2953125 0.5876318874560376 0.009375 0.006447831184056272
0 0.371484375 0.5811840562719812 0.01015625 0.0076201641266119575
0 0.64765625 0.5677022274325909 0.0109375 0.0076201641266119575
0 0.364453125 0.563305978898007 0.01015625 0.007033997655334115
0 0.8171875 0.5606682297772567 0.009375 0.008792497069167644
0 0.720703125 0.5580304806565064 0.01171875 0.008206330597889801
0 0.266796875 0.5486518171160609 0.00859375 0.007033997655334115
0 0.726171875 0.5407385697538101 0.01171875 0.0076201641266119575
0 0.816796875 0.526084407971864 0.01171875 0.008792497069167644
0 0.542578125 0.522274325908558 0.01015625 0.007033997655334115
0 0.70859375 0.5137749120750293 0.0109375 0.008792497069167644
0 0.355078125 0.5058616647127784 0.01015625 0.007033997655334115
0 0.640234375 0.49794841735052753 0.01015625 0.0076201641266119575
0 0.4984375 0.4976553341148886 0.009375 0.007033997655334115
0 0.7078125 0.49648300117233296 0.0109375 0.008206330597889801
0 0.7796875 0.49384525205158264 0.0109375 0.008792497069167644
0 0.505859375 0.47889800703399765 0.01015625 0.007033997655334115
0 0.789453125 0.4768464243845252 0.01171875 0.0076201641266119575
0 0.659375 0.4762602579132474 0.0109375 0.0076201641266119575
0 0.54140625 0.4742086752637749 0.009375 0.008206330597889801
0 0.636328125 0.47010550996483 0.01015625 0.007033997655334115
0 0.522265625 0.4604337631887456 0.01171875 0.0076201641266119575
0 0.336328125 0.45691676436107853 0.01015625 0.006447831184056272
0 0.54375 0.45720984759671746 0.0109375 0.008206330597889801
0 0.47890625 0.45603751465416176 0.009375 0.007033997655334115
0 0.7125 0.4490035169988277 0.0109375 0.007033997655334115
0 0.535546875 0.44226260257913247 0.01015625 0.0076201641266119575
0 0.465625 0.44196951934349354 0.009375 0.007033997655334115
0 0.41484375 0.4340562719812427 0.009375 0.0076201641266119575
0 0.38515625 0.42467760844079716 0.009375 0.0076201641266119575
0 0.358203125 0.42145369284876905 0.01015625 0.008206330597889801
0 0.551953125 0.41031652989449 0.01015625 0.007033997655334115
0 0.41796875 0.41031652989449 0.009375 0.008206330597889801
0 0.352734375 0.40621336459554513 0.01015625 0.007033997655334115
0 0.38671875 0.40533411488862836 0.009375 0.006447831184056272
0 0.2859375 0.4056271981242673 0.009375 0.007033997655334115
0 0.440625 0.39859320046893315 0.009375 0.007033997655334115
0 0.537890625 0.3974208675263775 0.01015625 0.007033997655334115
0 0.405859375 0.3974208675263775 0.01015625 0.007033997655334115
0 0.665234375 0.39331770222743256 0.01015625 0.007033997655334115
0 0.258203125 0.39243845252051585 0.01015625 0.006447831184056272
0 0.72421875 0.37924970691676435 0.0109375 0.008206330597889801
0 0.5015625 0.373094958968347 0.009375 0.0076201641266119575
0 0.580078125 0.36840562719812425 0.01015625 0.0076201641266119575
0 0.458203125 0.3675263774912075 0.01015625 0.007033997655334115
0 0.2796875 0.3678194607268464 0.009375 0.0076201641266119575
0 0.739453125 0.3660609613130129 0.01171875 0.0076201641266119575
0 0.390625 0.36518171160609614 0.009375 0.007033997655334115
0 0.716015625 0.3616647127784291 0.01171875 0.008206330597889801
0 0.78046875 0.3613716295427902 0.0125 0.008792497069167644
0 0.799609375 0.3481828839390387 0.01171875 0.008206330597889801
0 0.741796875 0.3332356389214537 0.01015625 0.008792497069167644
0 0.243359375 0.32942555685814773 0.01015625 0.007033997655334115
0 0.759375 0.32092614302461897 0.0125 0.008792497069167644
0 0.657421875 0.29044548651817115 0.01015625 0.008792497069167644
0 0.36953125 0.2901524032825322 0.009375 0.008206330597889801
0 0.4265625 0.28487690504103164 0.009375 0.008206330597889801
0 0.607421875 0.2813599062133646 0.01015625 0.008206330597889801
0 0.293359375 0.2702227432590856 0.01015625 0.008206330597889801
0 0.32734375 0.26436107854630714 0.009375 0.008206330597889801
0 0.274609375 0.26260257913247365 0.01171875 0.008206330597889801
0 0.383203125 0.2605509964830012 0.01015625 0.008792497069167644
0 0.4015625 0.24941383352872215 0.009375 0.008792497069167644
0 0.566015625 0.20984759671746775 0.01015625 0.009378663540445486
0 0.41796875 0.20984759671746775 0.009375 0.009378663540445486
0 0.75625 0.17291910902696367 0.009375 0.009378663540445486
0 0.73515625 0.1682297772567409 0.0109375 0.009378663540445486
0 0.3515625 0.16647127784290738 0.009375 0.009378663540445486
0 0.2359375 0.14361078546307152 0.009375 0.008206330597889801
0 0.5734375 0.10140679953106682 0.0015625 0.0011723329425556857
0 0.577734375 0.08264947245017586 0.01015625 0.010550996483001172
