0 0.290625 0.8442708333333333 0.009375 0.013541666666666667
0 0.408203125 0.8427083333333333 0.00859375 0.0125
0 0.390625 0.8401041666666667 0.009375 0.013541666666666667
0 0.719140625 0.8375 0.00859375 0.0125
0 0.30703125 0.8354166666666667 0.009375 0.0125
0 0.639453125 0.834375 0.00859375 0.0125
0 0.7921875 0.8317708333333333 0.009375 0.011458333333333333
0 0.686328125 0.8317708333333333 0.00859375 0.011458333333333333
0 0.703515625 0.828125 0.00859375 0.010416666666666666
0 0.754296875 0.8276041666666667 0.00859375 0.011458333333333333
0 0.73671875 0.828125 0.009375 0.0125
0 0.658984375 0.8265625 0.00859375 0.013541666666666667
0 0.375390625 0.825 0.00859375 0.010416666666666666
0 0.508203125 0.821875 0.00703125 0.0125
0 0.607421875 0.8203125 0.00859375 0.011458333333333333
0 0.841015625 0.81875 0.01015625 0.0125
0 0.3546875 0.8182291666666667 0.009375 0.013541666666666667
0 0.769140625 0.8145833333333333 0.00859375 0.008333333333333333
0 0.634375 0.8104166666666667 0.0015625 0.0020833333333333333
0 0.915625 0.8145833333333333 0.0078125 0.0125
0 0.5671875 0.8109375 0.0078125 0.011458333333333333
0 0.786328125 0.8098958333333334 0.00703125 0.011458333333333333
0 0.45 0.8104166666666667 0.0078125 0.0125
0 0.72578125 0.8083333333333333 0.009375 0.0125
0 0.537890625 0.8083333333333333 0.00859375 0.0125
0 0.426953125 0.8078125 0.00859375 0.011458333333333333
0 0.69375 0.8067708333333333 0.009375 0.011458333333333333
0 0.668359375 0.8067708333333333 0.00859375 0.011458333333333333
0 0.74453125 0.80625 0.009375 0.0125
0 0.65078125 0.8052083333333333 0.0078125 0.0125
0 0.633203125 0.8015625 0.00390625 0.005208333333333333
0 0.52109375 0.803125 0.0078125 0.0125
0 0.466015625 0.8020833333333334 0.00703125 0.0125
0 0.94296875 0.8010416666666667 0.0046875 0.0125
0 0.92734375 0.796875 0.0078125 0.00625
0 0.61484375 0.7989583333333333 0.009375 0.0125
0 0.40078125 0.7973958333333333 0.00625 0.011458333333333333
0 0.959765625 0.796875 0.00859375 0.0125
0 0.709375 0.7958333333333333 0.009375 0.0125
0 0.837890625 0.7947916666666667 0.01015625 0.0125
0 0.7296875 0.7901041666666667 0.003125 0.003125
0 0.381640625 0.7947916666666667 0.00859375 0.0125
0 0.76015625 0.7916666666666666 0.009375 0.0125
0 0.180859375 0.7921875 0.01015625 0.013541666666666667
0 0.68046875 0.790625 0.009375 0.0125
0 0.77734375 0.7880208333333333 0.0078125 0.011458333333333333
0 0.44609375 0.7859375 0.0078125 0.011458333333333333
0 0.72734375 0.78125 0.0046875 0.004166666666666667
0 0.480078125 0.7833333333333333 0.00703125 0.010416666666666666
0 0.544921875 0.7833333333333333 0.00859375 0.0125
0 0.514453125 0.78125 0.00859375 0.0125
0 0.664453125 0.7786458333333334 0.00546875 0.011458333333333333
0 0.501171875 0.7723958333333333 0.00234375 0.003125
0 0.61875 0.7760416666666666 0.009375 0.0125
0 0.460546875 0.7729166666666667 0.00859375 0.0125
0 0.428125 0.7729166666666667 0.0078125 0.0125
0 0.844921875 0.7708333333333334 0.01015625 0.0125
0 0.685546875 0.76875 0.00859375 0.0125
0 0.530078125 0.76875 0.00859375 0.0125
0 0.36484375 0.76875 0.0078125 0.0125
0 0.883203125 0.7677083333333333 0.01015625 0.0125
0 0.501953125 0.765625 0.00546875 0.008333333333333333
0 0.76171875 0.7666666666666667 0.009375 0.0125
0 0.634765625 0.7666666666666667 0.00859375 0.0125
0 0.584765625 0.7645833333333333 0.00859375 0.0125
0 0.777734375 0.7598958333333333 0.00859375 0.011458333333333333
0 0.547265625 0.7604166666666666 0.00546875 0.0125
0 0.5671875 0.7583333333333333 0.009375 0.0125
0 0.609765625 0.7567708333333333 0.00546875 0.011458333333333333
0 0.403515625 0.7567708333333333 0.00859375 0.011458333333333333
0 0.728515625 0.75625 0.00703125 0.0125
0 0.516015625 0.75625 0.00859375 0.0125
0 0.380078125 0.75625 0.00859375 0.0125
0 0.81796875 0.7541666666666667 0.009375 0.0125
0 0.671484375 0.7541666666666667 0.00859375 0.0125
0 0.426953125 0.75 0.00859375 0.0125
0 0.623828125 0.7484375 0.00859375 0.011458333333333333
0 0.44375 0.7484375 0.0078125 0.011458333333333333
0 0.4921875 0.746875 0.009375 0.0125
0 0.885546875 0.7447916666666666 0.01015625 0.0125
0 0.691796875 0.74375 0.00859375 0.0125
0 0.3375 0.74375 0.009375 0.0125
0 0.53125 0.7427083333333333 0.009375 0.0125
0 0.587109375 0.7411458333333333 0.00859375 0.011458333333333333
0 0.555078125 0.7411458333333333 0.00859375 0.011458333333333333
0 0.366796875 0.740625 0.00859375 0.0125
0 0.197265625 0.740625 0.01015625 0.0125
0 0.391796875 0.7390625 0.00859375 0.011458333333333333
0 0.789453125 0.7354166666666667 0.01015625 0.0125
0 0.719140625 0.7348958333333333 0.00859375 0.011458333333333333
0 0.637109375 0.734375 0.00859375 0.0125
0 0.31171875 0.734375 0.009375 0.0125
0 0.814453125 0.73125 0.01015625 0.0125
0 0.67265625 0.73125 0.009375 0.0125
0 0.51015625 0.7307291666666667 0.0078125 0.011458333333333333
0 0.60234375 0.7302083333333333 0.009375 0.0125
0 0.544140625 0.7255208333333333 0.00546875 0.011458333333333333
0 0.476171875 0.7244791666666667 0.00859375 0.011458333333333333
0 0.348046875 0.725 0.00859375 0.0125
0 0.493359375 0.7234375 0.00859375 0.011458333333333333
0 0.3296875 0.7239583333333334 0.009375 0.0125
0 0.617578125 0.7213541666666666 0.00859375 0.011458333333333333
0 0.564453125 0.721875 0.00859375 0.0125
0 0.5875 0.7171875 0.009375 0.011458333333333333
0 0.523828125 0.7171875 0.00859375 0.011458333333333333
0 0.39296875 0.715625 0.0078125 0.0125
0 0.6828125 0.7130208333333333 0.009375 0.011458333333333333
0 0.205078125 0.7135416666666666 0.00859375 0.0125
0 0.4515625 0.7109375 0.0078125 0.011458333333333333
0 0.362890625 0.7109375 0.00859375 0.011458333333333333
0 0.634375 0.709375 0.009375 0.0125
0 0.50703125 0.7067708333333333 0.0046875 0.007291666666666667
0 0.603125 0.7078125 0.0078125 0.011458333333333333
0 0.551953125 0.7057291666666666 0.00859375 0.011458333333333333
0 0.790234375 0.7052083333333333 0.01015625 0.0125
0 0.340234375 0.7041666666666667 0.00859375 0.0125
0 0.417578125 0.7026041666666667 0.00859375 0.011458333333333333
0 0.850390625 0.7010416666666667 0.01015625 0.010416666666666666
0 0.573046875 0.7015625 0.00859375 0.011458333333333333
0 0.316796875 0.7015625 0.00859375 0.011458333333333333
0 0.21015625 0.6958333333333333 0.0015625 0.0020833333333333333
0 0.533203125 0.6984375 0.00859375 0.011458333333333333
0 0.466015625 0.6984375 0.00859375 0.011458333333333333
0 0.74453125 0.6979166666666666 0.009375 0.0125
0 0.665625 0.696875 0.009375 0.0125
0 0.208984375 0.6921875 0.00078125 0.003125
0 0.620703125 0.6953125 0.00859375 0.011458333333333333
0 0.439453125 0.6947916666666667 0.00859375 0.010416666666666666
0 0.894921875 0.6932291666666667 0.00703125 0.009375
0 0.688671875 0.6927083333333334 0.00859375 0.010416666666666666
0 0.216796875 0.6880208333333333 0.00234375 0.003125
0 0.210546875 0.6880208333333333 0.00234375 0.003125
0 0.400390625 0.6911458333333333 0.00859375 0.011458333333333333
0 0.2140625 0.6859375 0.0015625 0.0010416666666666667
0 0.516796875 0.6901041666666666 0.00859375 0.011458333333333333
0 0.496484375 0.6890625 0.00859375 0.011458333333333333
0 0.284765625 0.6880208333333333 0.00859375 0.011458333333333333
0 0.19609375 0.6885416666666667 0.009375 0.0125
0 0.595703125 0.6869791666666667 0.00859375 0.011458333333333333
0 0.377734375 0.6875 0.00859375 0.0125
0 0.559765625 0.6859375 0.00859375 0.011458333333333333
0 0.2671875 0.6859375 0.009375 0.011458333333333333
0 0.63515625 0.6848958333333334 0.009375 0.011458333333333333
0 0.301953125 0.6833333333333333 0.00859375 0.0125
0 0.7578125 0.6822916666666666 0.009375 0.0125
0 0.478125 0.6817708333333333 0.0078125 0.011458333333333333
0 0.358203125 0.6817708333333333 0.00859375 0.011458333333333333
0 0.787890625 0.68125 0.01015625 0.0125
0 0.4234375 0.6807291666666667 0.0078125 0.011458333333333333
0 0.341015625 0.6807291666666667 0.00859375 0.011458333333333333
0 0.5765625 0.6791666666666667 0.0078125 0.0125
0 0.542578125 0.6786458333333333 0.00859375 0.011458333333333333
0 0.319140625 0.6776041666666667 0.00859375 0.011458333333333333
0 0.4609375 0.6744791666666666 0.0078125 0.011458333333333333
0 0.612890625 0.6723958333333333 0.00546875 0.011458333333333333
0 0.884375 0.671875 0.0109375 0.0125
0 0.662890625 0.6713541666666667 0.00859375 0.011458333333333333
0 0.526953125 0.6713541666666667 0.00859375 0.011458333333333333
0 0.394921875 0.6692708333333334 0.00859375 0.011458333333333333
0 0.772265625 0.6671875 0.00546875 0.011458333333333333
0 0.49609375 0.6661458333333333 0.0078125 0.011458333333333333
0 0.555078125 0.6630208333333333 0.00859375 0.011458333333333333
0 0.595703125 0.6619791666666667 0.00859375 0.011458333333333333
0 0.4296875 0.659375 0.0078125 0.010416666666666666
0 0.410546875 0.6598958333333333 0.00859375 0.011458333333333333
0 0.480078125 0.659375 0.00859375 0.0125
0 0.294921875 0.6588541666666666 0.00859375 0.011458333333333333
0 0.347265625 0.6578125 0.00859375 0.011458333333333333
0 0.7890625 0.6572916666666667 0.009375 0.0125
0 0.511328125 0.6567708333333333 0.00859375 0.011458333333333333
0 0.380859375 0.6567708333333333 0.00859375 0.011458333333333333
0 0.329296875 0.6567708333333333 0.00859375 0.011458333333333333
0 0.570703125 0.6552083333333333 0.00859375 0.010416666666666666
0 0.447265625 0.6552083333333333 0.00859375 0.010416666666666666
0 0.4640625 0.6520833333333333 0.0078125 0.010416666666666666
0 0.364453125 0.6515625 0.00859375 0.011458333333333333
0 0.8171875 0.65 0.009375 0.0125
0 0.311328125 0.6494791666666667 0.00859375 0.011458333333333333
0 0.5296875 0.6432291666666666 0.0078125 0.011458333333333333
0 0.496484375 0.6432291666666666 0.00859375 0.011458333333333333
0 0.547265625 0.6421875 0.00859375 0.011458333333333333
0 0.7765625 0.6411458333333333 0.009375 0.011458333333333333
0 0.41796875 0.6395833333333333 0.0078125 0.010416666666666666
0 0.8015625 0.6401041666666667 0.009375 0.013541666666666667
0 0.39140625 0.6385416666666667 0.0078125 0.010416666666666666
0 0.351953125 0.6359375 0.00859375 0.011458333333333333
0 0.883203125 0.6348958333333333 0.01015625 0.011458333333333333
0 0.562890625 0.6348958333333333 0.00859375 0.011458333333333333
0 0.325390625 0.6348958333333333 0.00859375 0.011458333333333333
0 0.6234375 0.6333333333333333 0.0078125 0.010416666666666666
0 0.590234375 0.6338541666666667 0.00859375 0.011458333333333333
0 0.27578125 0.634375 0.0078125 0.0125
0 0.76015625 0.6328125 0.009375 0.011458333333333333
0 0.440234375 0.6322916666666667 0.00859375 0.010416666666666666
0 0.300390625 0.6328125 0.00859375 0.011458333333333333
0 0.85703125 0.6291666666666667 0.0109375 0.0125
0 0.48359375 0.628125 0.0078125 0.010416666666666666
0 0.377734375 0.625 0.00859375 0.010416666666666666
0 0.4046875 0.6229166666666667 0.0078125 0.010416666666666666
0 0.258203125 0.6229166666666667 0.00859375 0.010416666666666666
0 0.223828125 0.621875 0.00859375 0.010416666666666666
0 0.7484375 0.6171875 0.009375 0.011458333333333333
0 0.5390625 0.6151041666666667 0.0078125 0.011458333333333333
0 0.4203125 0.6140625 0.0078125 0.011458333333333333
0 0.349609375 0.6125 0.00859375 0.010416666666666666
0 0.33203125 0.6130208333333333 0.0078125 0.011458333333333333
0 0.3125 0.6130208333333333 0.009375 0.011458333333333333
0 0.589453125 0.6114583333333333 0.00859375 0.010416666666666666
0 0.294921875 0.6109375 0.00859375 0.011458333333333333
0 0.43828125 0.6098958333333333 0.0078125 0.011458333333333333
0 0.36640625 0.6072916666666667 0.0078125 0.010416666666666666
0 0.7359375 0.6015625 0.009375 0.011458333333333333
0 0.6125 0.6015625 0.009375 0.011458333333333333
0 0.26328125 0.6010416666666667 0.0078125 0.010416666666666666
0 0.470703125 0.6005208333333333 0.00859375 0.011458333333333333
0 0.55234375 0.5994791666666667 0.0046875 0.011458333333333333
0 0.82265625 0.5973958333333333 0.009375 0.009375
0 0.280859375 0.5984375 0.00859375 0.011458333333333333
0 0.497265625 0.596875 0.00859375 0.010416666666666666
0 0.397265625 0.596875 0.00859375 0.010416666666666666
0 0.751953125 0.5953125 0.00859375 0.011458333333333333
0 0.860546875 0.5921875 0.00703125 0.007291666666666667
0 0.32265625 0.5942708333333333 0.0078125 0.011458333333333333
0 0.450390625 0.5916666666666667 0.00859375 0.010416666666666666
0 0.341796875 0.5916666666666667 0.00859375 0.010416666666666666
0 0.30546875 0.5921875 0.0078125 0.011458333333333333
0 0.767578125 0.5890625 0.00859375 0.011458333333333333
0 0.72265625 0.5875 0.009375 0.010416666666666666
0 0.41484375 0.5822916666666667 0.0078125 0.010416666666666666
0 0.6234375 0.5802083333333333 0.0078125 0.010416666666666666
0 0.58984375 0.5802083333333333 0.0078125 0.010416666666666666
0 0.874609375 0.5776041666666667 0.01015625 0.011458333333333333
0 0.365234375 0.5760416666666667 0.00859375 0.010416666666666666
0 0.276171875 0.5765625 0.00859375 0.011458333333333333
0 0.25859375 0.5760416666666667 0.0078125 0.010416666666666666
0 0.33125 0.5739583333333333 0.0078125 0.010416666666666666
0 0.294921875 0.5744791666666667 0.00859375 0.011458333333333333
0 0.312890625 0.571875 0.00859375 0.010416666666666666
0 0.348046875 0.5682291666666667 0.00703125 0.009375
0 0.48359375 0.5671875 0.0078125 0.011458333333333333
0 0.17890625 0.5661458333333333 0.0078125 0.009375
0 0.396875 0.5630208333333333 0.0078125 0.011458333333333333
0 0.467578125 0.5604166666666667 0.00859375 0.010416666666666666
0 0.223046875 0.5567708333333333 0.00859375 0.009375
0 0.26796875 0.55625 0.0078125 0.010416666666666666
0 0.3671875 0.5541666666666667 0.0078125 0.010416666666666666
0 0.302734375 0.5536458333333333 0.00859375 0.011458333333333333
0 0.88125 0.5526041666666667 0.0109375 0.011458333333333333
0 0.328515625 0.5526041666666667 0.00859375 0.011458333333333333
0 0.285546875 0.5515625 0.00859375 0.011458333333333333
0 0.560546875 0.55 0.00703125 0.010416666666666666
0 0.244921875 0.5494791666666666 0.00703125 0.009375
0 0.48515625 0.5453125 0.0078125 0.011458333333333333
0 0.40390625 0.5427083333333333 0.0078125 0.010416666666666666
0 0.3546875 0.5390625 0.0078125 0.009375
0 0.21171875 0.5375 0.0078125 0.010416666666666666
0 0.26015625 0.5359375 0.0078125 0.009375
0 0.376171875 0.5348958333333333 0.00859375 0.009375
0 0.317578125 0.5354166666666667 0.00859375 0.010416666666666666
0 0.295703125 0.5333333333333333 0.00859375 0.010416666666666666
0 0.18203125 0.5328125 0.0078125 0.009375
0 0.334375 0.5317708333333333 0.0078125 0.011458333333333333
0 0.277734375 0.53125 0.00859375 0.010416666666666666
0 0.244921875 0.5265625 0.00703125 0.009375
0 0.226953125 0.5260416666666666 0.00703125 0.010416666666666666
0 0.21171875 0.5151041666666667 0.0078125 0.009375
0 0.307421875 0.5145833333333333 0.00859375 0.010416666666666666
0 0.261328125 0.5130208333333334 0.00859375 0.009375
0 0.289453125 0.5125 0.00703125 0.010416666666666666
0 0.323046875 0.5052083333333334 0.00859375 0.010416666666666666
0 0.241796875 0.5041666666666667 0.00859375 0.010416666666666666
0 0.224609375 0.5 0.00859375 0.010416666666666666
0 0.37265625 0.4984375 0.0078125 0.009375
0 0.27421875 0.49895833333333334 0.0078125 0.010416666666666666
0 0.9046875 0.4947916666666667 0.0078125 0.010416666666666666
0 0.886328125 0.4942708333333333 0.01015625 0.011458333333333333
0 0.38984375 0.49375 0.0078125 0.010416666666666666
0 0.19140625 0.49322916666666666 0.00625 0.009375
0 0.30703125 0.4921875 0.0078125 0.009375
0 0.25625 0.4921875 0.0078125 0.011458333333333333
0 0.289453125 0.48854166666666665 0.00859375 0.010416666666666666
0 0.209765625 0.48489583333333336 0.00859375 0.009375
0 0.23671875 0.48072916666666665 0.00625 0.005208333333333333
0 0.817578125 0.4828125 0.01015625 0.011458333333333333
0 0.84296875 0.48020833333333335 0.0109375 0.010416666666666666
0 0.26875 0.4765625 0.0078125 0.011458333333333333
0 0.178515625 0.4744791666666667 0.00859375 0.009375
0 0.698828125 0.4744791666666667 0.00390625 0.011458333333333333
0 0.90625 0.47291666666666665 0.0109375 0.010416666666666666
0 0.2515625 0.4708333333333333 0.0078125 0.010416666666666666
0 0.197265625 0.4703125 0.00859375 0.009375
0 0.16171875 0.46979166666666666 0.0078125 0.008333333333333333
0 0.855859375 0.46770833333333334 0.01015625 0.010416666666666666
0 0.303515625 0.4671875 0.00859375 0.009375
0 0.284765625 0.4671875 0.00859375 0.009375
0 0.221484375 0.46822916666666664 0.00703125 0.011458333333333333
0 0.766796875 0.4661458333333333 0.00546875 0.011458333333333333
0 0.794140625 0.4546875 0.01015625 0.011458333333333333
0 0.41796875 0.45364583333333336 0.0078125 0.009375
0 0.26484375 0.45416666666666666 0.0078125 0.010416666666666666
0 0.18671875 0.45416666666666666 0.0078125 0.010416666666666666
0 0.63125 0.4505208333333333 0.0046875 0.011458333333333333
0 0.23125 0.45 0.0078125 0.010416666666666666
0 0.2484375 0.44895833333333335 0.0078125 0.010416666666666666
0 0.292578125 0.44635416666666666 0.00859375 0.011458333333333333
0 0.398046875 0.4432291666666667 0.00703125 0.009375
0 0.76640625 0.4432291666666667 0.009375 0.011458333333333333
0 0.215234375 0.440625 0.00703125 0.008333333333333333
0 0.783203125 0.4390625 0.00859375 0.011458333333333333
0 0.2609375 0.4322916666666667 0.0078125 0.010416666666666666
0 0.884765625 0.428125 0.00703125 0.004166666666666667
0 0.280859375 0.43125 0.00859375 0.010416666666666666
0 0.4109375 0.42916666666666664 0.0078125 0.010416666666666666
0 0.651171875 0.425 0.00859375 0.010416666666666666
0 0.226171875 0.421875 0.00703125 0.010416666666666666
0 0.86875 0.42135416666666664 0.009375 0.011458333333333333
0 0.20859375 0.41875 0.00625 0.010416666666666666
0 0.29375 0.41770833333333335 0.0078125 0.010416666666666666
0 0.81796875 0.41302083333333334 0.009375 0.007291666666666667
0 0.2515625 0.41302083333333334 0.0078125 0.007291666666666667
0 0.310546875 0.41354166666666664 0.00859375 0.010416666666666666
0 0.851953125 0.4109375 0.00703125 0.009375
0 0.894140625 0.4083333333333333 0.01015625 0.008333333333333333
0 0.269921875 0.40729166666666666 0.00703125 0.00625
0 0.5046875 0.4083333333333333 0.0078125 0.010416666666666666
0 0.233984375 0.4010416666666667 0.00703125 0.008333333333333333
0 0.3765625 0.39947916666666666 0.0078125 0.011458333333333333
0 0.34609375 0.39895833333333336 0.0078125 0.010416666666666666
0 0.48515625 0.39791666666666664 0.0078125 0.010416666666666666
0 0.2875 0.3958333333333333 0.00625 0.008333333333333333
0 0.788671875 0.3958333333333333 0.01015625 0.010416666666666666
0 0.31953125 0.3958333333333333 0.0078125 0.010416666666666666
0 0.217578125 0.3958333333333333 0.00703125 0.010416666666666666
0 0.25 0.39166666666666666 0.0078125 0.010416666666666666
0 0.88515625 0.3859375 0.0078125 0.005208333333333333
0 0.832421875 0.3796875 0.00859375 0.011458333333333333
0 0.366015625 0.37864583333333335 0.00859375 0.009375
0 0.23671875 0.378125 0.0078125 0.010416666666666666
0 0.81328125 0.3776041666666667 0.009375 0.011458333333333333
0 0.32734375 0.37552083333333336 0.0078125 0.009375
0 0.271484375 0.37552083333333336 0.00859375 0.009375
0 0.31015625 0.375 0.0078125 0.010416666666666666
0 0.79140625 0.37395833333333334 0.009375 0.010416666666666666
0 0.656640625 0.3734375 0.00859375 0.011458333333333333
0 0.753125 0.3703125 0.009375 0.011458333333333333
0 0.254296875 0.36354166666666665 0.00703125 0.00625
0 0.855078125 0.36302083333333335 0.01015625 0.011458333333333333
0 0.28984375 0.3619791666666667 0.0078125 0.009375
0 0.33515625 0.3567708333333333 0.0078125 0.011458333333333333
0 0.27109375 0.353125 0.0078125 0.008333333333333333
0 0.80625 0.35208333333333336 0.0078125 0.008333333333333333
0 0.787890625 0.353125 0.00859375 0.010416666666666666
0 0.30703125 0.3489583333333333 0.0078125 0.010416666666666666
0 0.831640625 0.3463541666666667 0.01015625 0.011458333333333333
0 0.291796875 0.34010416666666665 0.00859375 0.009375
0 0.242578125 0.34010416666666665 0.00703125 0.009375
0 0.7640625 0.34010416666666665 0.009375 0.011458333333333333
0 0.259375 0.3385416666666667 0.0078125 0.010416666666666666
0 0.795703125 0.3338541666666667 0.01015625 0.011458333333333333
0 0.276171875 0.3333333333333333 0.00859375 0.010416666666666666
0 0.819140625 0.33177083333333335 0.00859375 0.011458333333333333
0 0.336328125 0.3302083333333333 0.00703125 0.010416666666666666
0 0.604296875 0.3260416666666667 0.00859375 0.010416666666666666
0 0.231640625 0.3234375 0.00703125 0.009375
0 0.197265625 0.321875 0.00703125 0.00625
0 0.38203125 0.3234375 0.0078125 0.011458333333333333
0 0.288671875 0.31875 0.00703125 0.008333333333333333
0 0.71953125 0.3182291666666667 0.009375 0.011458333333333333
0 0.85 0.3171875 0.0046875 0.011458333333333333
0 0.8078125 0.3151041666666667 0.009375 0.011458333333333333
0 0.353125 0.3145833333333333 0.0078125 0.010416666666666666
0 0.305078125 0.31354166666666666 0.00859375 0.010416666666666666
0 0.784375 0.31302083333333336 0.009375 0.011458333333333333
0 0.32578125 0.309375 0.0078125 0.010416666666666666
0 0.2109375 0.3072916666666667 0.00625 0.00625
0 0.458984375 0.30572916666666666 0.00703125 0.011458333333333333
0 0.694140625 0.30364583333333334 0.00859375 0.011458333333333333
0 0.73046875 0.3026041666666667 0.009375 0.011458333333333333
0 0.3671875 0.3020833333333333 0.0078125 0.010416666666666666
0 0.60078125 0.3 0.0078125 0.010416666666666666
0 0.859375 0.3026041666666667 0.0109375 0.017708333333333333
0 0.710546875 0.2994791666666667 0.00859375 0.011458333333333333
0 0.284375 0.29791666666666666 0.0078125 0.008333333333333333
0 0.31171875 0.2921875 0.0078125 0.009375
0 0.2375 0.28958333333333336 0.0078125 0.008333333333333333
0 0.20234375 0.29010416666666666 0.0078125 0.009375
0 0.2546875 0.28854166666666664 0.0078125 0.010416666666666666
0 0.35078125 0.2875 0.0078125 0.010416666666666666
0 0.270703125 0.2859375 0.00703125 0.009375
0 0.687890625 0.2838541666666667 0.00859375 0.011458333333333333
0 0.373046875 0.28229166666666666 0.00703125 0.010416666666666666
0 0.334375 0.2791666666666667 0.0078125 0.010416666666666666
0 0.745703125 0.27760416666666665 0.00859375 0.011458333333333333
0 0.53515625 0.27708333333333335 0.0078125 0.010416666666666666
0 0.728515625 0.27708333333333335 0.00859375 0.0125
0 0.3921875 0.2734375 0.0078125 0.009375
0 0.31875 0.27239583333333334 0.0078125 0.009375
0 0.630078125 0.2713541666666667 0.00859375 0.011458333333333333
0 0.44765625 0.2708333333333333 0.0078125 0.010416666666666666
0 0.2859375 0.26875 0.0078125 0.010416666666666666
0 0.52109375 0.2677083333333333 0.0078125 0.010416666666666666
0 0.25546875 0.26666666666666666 0.0078125 0.010416666666666666
0 0.801171875 0.26614583333333336 0.01015625 0.011458333333333333
0 0.351171875 0.265625 0.00703125 0.010416666666666666
0 0.215234375 0.2630208333333333 0.00703125 0.005208333333333333
0 0.30234375 0.2630208333333333 0.0078125 0.009375
0 0.56796875 0.2630208333333333 0.0078125 0.011458333333333333
0 0.37734375 0.26197916666666665 0.0078125 0.009375
0 0.23203125 0.26145833333333335 0.0078125 0.010416666666666666
0 0.27109375 0.259375 0.0078125 0.010416666666666666
0 0.75859375 0.25885416666666666 0.009375 0.011458333333333333
0 0.53515625 0.25677083333333334 0.0078125 0.011458333333333333
0 0.73359375 0.25364583333333335 0.009375 0.011458333333333333
0 0.58203125 0.25364583333333335 0.0078125 0.011458333333333333
0 0.3390625 0.2526041666666667 0.0078125 0.011458333333333333
0 0.321875 0.2515625 0.0078125 0.009375
0 0.3625 0.25 0.0078125 0.010416666666666666
0 0.2015625 0.24895833333333334 0.0078125 0.010416666666666666
0 0.2953125 0.24479166666666666 0.0078125 0.010416666666666666
0 0.220703125 0.24322916666666666 0.00703125 0.007291666666666667
0 0.71953125 0.2421875 0.009375 0.011458333333333333
0 0.2640625 0.2390625 0.0078125 0.007291666666666667
0 0.44765625 0.2390625 0.0078125 0.009375
0 0.38828125 0.23854166666666668 0.0078125 0.010416666666666666
0 0.54609375 0.23802083333333332 0.0078125 0.011458333333333333
0 0.410546875 0.23645833333333333 0.00703125 0.010416666666666666
0 0.3109375 0.23645833333333333 0.0078125 0.010416666666666666
0 0.6421875 0.23385416666666667 0.0078125 0.011458333333333333
0 0.37265625 0.23385416666666667 0.0078125 0.011458333333333333
0 0.3453125 0.23229166666666667 0.0078125 0.008333333333333333
0 0.328515625 0.23177083333333334 0.00859375 0.009375
0 0.684375 0.23177083333333334 0.009375 0.011458333333333333
0 0.5703125 0.23125 0.0078125 0.010416666666666666
0 0.285546875 0.22708333333333333 0.00703125 0.010416666666666666
0 0.24765625 0.221875 0.0078125 0.010416666666666666
0 0.210546875 0.221875 0.00859375 0.010416666666666666
0 0.740234375 0.22083333333333333 0.00859375 0.010416666666666666
0 0.721484375 0.22083333333333333 0.00859375 0.010416666666666666
0 0.358984375 0.22135416666666666 0.00703125 0.011458333333333333
0 0.40078125 0.2203125 0.0078125 0.011458333333333333
0 0.54453125 0.21822916666666667 0.0078125 0.011458333333333333
0 0.38125 0.21614583333333334 0.0078125 0.011458333333333333
0 0.45625 0.21458333333333332 0.0078125 0.010416666666666666
0 0.321875 0.21302083333333333 0.0078125 0.011458333333333333
0 0.56484375 0.21041666666666667 0.0078125 0.010416666666666666
0 0.34140625 0.2109375 0.0078125 0.011458333333333333
0 0.630859375 0.209375 0.00859375 0.010416666666666666
0 0.675 0.20572916666666666 0.0078125 0.011458333333333333
0 0.30703125 0.20364583333333333 0.0078125 0.011458333333333333
0 0.616015625 0.20052083333333334 0.00859375 0.011458333333333333
0 0.7453125 0.2 0.009375 0.0125
0 0.4453125 0.196875 0.0078125 0.010416666666666666
0 0.37109375 0.196875 0.0078125 0.010416666666666666
0 0.215234375 0.19635416666666666 0.00859375 0.011458333333333333
0 0.2796875 0.1953125 0.0078125 0.011458333333333333
0 0.546875 0.19479166666666667 0.0078125 0.0125
0 0.262109375 0.19427083333333334 0.00859375 0.011458333333333333
0 0.465625 0.19270833333333334 0.0078125 0.010416666666666666
0 0.3875 0.1921875 0.0078125 0.009375
0 0.34765625 0.19114583333333332 0.0078125 0.009375
0 0.6015625 0.1890625 0.0078125 0.011458333333333333
0 0.330859375 0.18697916666666667 0.00859375 0.011458333333333333
0 0.40234375 0.18333333333333332 0.0078125 0.010416666666666666
0 0.4765625 0.1765625 0.0078125 0.011458333333333333
0 0.3765625 0.17604166666666668 0.0078125 0.010416666666666666
0 0.28828125 0.17708333333333334 0.0078125 0.0125
0 0.31640625 0.1734375 0.0078125 0.011458333333333333
0 0.46015625 0.17239583333333333 0.0078125 0.011458333333333333
