0 0.273046875 0.9340562719812426 0.00078125 0.0005861664712778429
0 0.267578125 0.9314185228604924 0.01015625 0.0035169988276670576
0 0.291015625 0.9281946072684643 0.01171875 0.00996483001172333
0 0.230078125 0.9220398593200468 0.00234375 0.0011723329425556857
0 0.37734375 0.9114888628370457 0.009375 0.007033997655334115
0 0.5515625 0.8991793669402111 0.0109375 0.010550996483001172
0 0.218359375 0.8918522860492379 0.00078125 0.0005861664712778429
0 0.223828125 0.8909730363423212 0.00234375 0.0011723329425556857
0 0.698046875 0.8868698710433763 0.01171875 0.010550996483001172
0 0.381640625 0.8827667057444314 0.00234375 0.0023446658851113715
0 0.6046875 0.8795427901524033 0.0015625 0.0017584994138335288
0 0.596484375 0.8780773739742087 0.00546875 0.004689331770222743
0 0.4109375 0.8745603751465416 0.003125 0.0023446658851113715
0 0.562890625 0.8774912075029309 0.01171875 0.010550996483001172
0 0.40390625 0.8733880422039859 0.00625 0.0035169988276670576
0 0.632421875 0.8760257913247362 0.01171875 0.00996483001172333
0 0.665234375 0.86957796014068 0.00546875 0.0029308323563892145
0 0.45625 0.8672332942555686 0.0015625 0.0005861664712778429
0 0.22734375 0.8669402110199297 0.0015625 0.0011723329425556857
0 0.376171875 0.865767878077374 0.01171875 0.009378663540445486
0 0.345703125 0.8663540445486518 0.01171875 0.010550996483001172
0 0.2765625 0.8640093786635404 0.0109375 0.005861664712778429
0 0.648046875 0.8625439624853458 0.00390625 0.005275498241500586
0 0.610546875 0.8640093786635404 0.00859375 0.008206330597889801
0 0.2578125 0.8581477139507621 0.0046875 0.0035169988276670576
0 0.412890625 0.8575615474794842 0.01171875 0.009378663540445486
0 0.512109375 0.8487690504103166 0.01171875 0.010550996483001172
0 0.482421875 0.8484759671746777 0.01171875 0.00996483001172333
0 0.659765625 0.847303634232122 0.01171875 0.00996483001172333
0 0.614453125 0.8452520515826495 0.01171875 0.008206330597889801
0 0.336328125 0.8399765533411488 0.01171875 0.004689331770222743
0 0.294140625 0.8396834701055099 0.01171875 0.008792497069167644
0 0.464453125 0.8388042203985931 0.01171875 0.010550996483001172
0 0.383984375 0.8370457209847597 0.01171875 0.010550996483001172
0 0.497265625 0.8349941383352872 0.01171875 0.00996483001172333
0 0.625 0.8276670574443142 0.0109375 0.007033997655334115
0 0.312890625 0.8276670574443142 0.01015625 0.007033997655334115
0 0.698046875 0.8276670574443142 0.01171875 0.009378663540445486
0 0.246484375 0.8191676436107854 0.00078125 0.0005861664712778429
0 0.338671875 0.8226846424384525 0.01328125 0.00996483001172333
0 0.25234375 0.8191676436107854 0.0078125 0.004103165298944901
0 0.673046875 0.8168229777256741 0.01171875 0.00996483001172333
0 0.223046875 0.813305978898007 0.00546875 0.0029308323563892145
0 0.7140625 0.813305978898007 0.009375 0.008792497069167644
0 0.355859375 0.8086166471277842 0.00078125 0.0005861664712778429
0 0.562109375 0.8124267291910903 0.01171875 0.010550996483001172
0 0.356640625 0.8074443141852286 0.00078125 0.0005861664712778429
0 0.366015625 0.8077373974208675 0.00390625 0.0023446658851113715
0 0.643359375 0.809495896834701 0.01171875 0.009378663540445486
0 0.32421875 0.8089097303634232 0.0125 0.008206330597889801
0 0.69296875 0.8083235638921453 0.0078125 0.009378663540445486
0 0.24140625 0.8048065650644783 0.0078125 0.005861664712778429
0 0.61875 0.8036342321219226 0.009375 0.009378663540445486
0 0.709765625 0.7963071512309496 0.01015625 0.005275498241500586
0 0.26875 0.7974794841735052 0.0125 0.008792497069167644
0 0.491015625 0.7977725674091442 0.01171875 0.010550996483001172
0 0.532421875 0.7939624853458382 0.01171875 0.005275498241500586
0 0.292578125 0.7933763188745604 0.01171875 0.0076201641266119575
0 0.573828125 0.7916178194607268 0.01171875 0.00996483001172333
0 0.35859375 0.7916178194607268 0.0125 0.00996483001172333
0 0.6578125 0.791031652989449 0.0125 0.00996483001172333
0 0.23359375 0.7834114888628371 0.00625 0.0017584994138335288
0 0.382421875 0.7854630715123095 0.01015625 0.008206330597889801
0 0.197265625 0.7834114888628371 0.00703125 0.004103165298944901
0 0.63828125 0.7848769050410317 0.0125 0.010550996483001172
0 0.4328125 0.783704572098476 0.0125 0.010550996483001172
0 0.516015625 0.7828253223915592 0.00859375 0.00996483001172333
0 0.40625 0.7828253223915592 0.0109375 0.00996483001172333
0 0.731640625 0.7813599062133646 0.01171875 0.009378663540445486
0 0.259375 0.7816529894490035 0.0125 0.00996483001172333
0 0.70703125 0.7778429073856975 0.0125 0.008206330597889801
0 0.288671875 0.7757913247362251 0.01328125 0.0076201641266119575
0 0.826171875 0.7719812426729191 0.01015625 0.004689331770222743
0 0.774609375 0.7740328253223916 0.01171875 0.00996483001172333
0 0.654296875 0.7702227432590856 0.01171875 0.008206330597889801
0 0.335546875 0.7693434935521688 0.01171875 0.008792497069167644
0 0.31171875 0.7690504103165299 0.0109375 0.009378663540445486
0 0.3765625 0.7678780773739742 0.0125 0.009378663540445486
0 0.24609375 0.7675849941383353 0.0125 0.008792497069167644
0 0.27265625 0.765240328253224 0.00625 0.005275498241500586
0 0.505078125 0.7667057444314185 0.01171875 0.009378663540445486
0 0.74921875 0.7646541617819461 0.0125 0.008792497069167644
0 0.401953125 0.7620164126611958 0.00859375 0.009378663540445486
0 0.626953125 0.761137162954279 0.01171875 0.00996483001172333
0 0.716796875 0.7596717467760844 0.01171875 0.009378663540445486
0 0.42421875 0.7567409144196952 0.009375 0.007033997655334115
0 0.356640625 0.7576201641266119 0.01171875 0.00996483001172333
0 0.29453125 0.757327080890973 0.0125 0.009378663540445486
0 0.6859375 0.7535169988276671 0.0109375 0.008792497069167644
0 0.651171875 0.7535169988276671 0.00859375 0.008792497069167644
0 0.325 0.7529308323563892 0.009375 0.008792497069167644
0 0.225390625 0.7502930832356389 0.01015625 0.008206330597889801
0 0.255078125 0.7502930832356389 0.01171875 0.009378663540445486
0 0.75 0.7470691676436108 0.0125 0.008792497069167644
0 0.633984375 0.7423798358733881 0.01171875 0.008792497069167644
0 0.426953125 0.738862837045721 0.01171875 0.008792497069167644
0 0.675390625 0.7382766705744431 0.01171875 0.008792497069167644
0 0.342578125 0.7368112543962485 0.00859375 0.007033997655334115
0 0.83046875 0.7371043376318874 0.0125 0.008792497069167644
0 0.241015625 0.7365181711606096 0.01171875 0.008792497069167644
0 0.286328125 0.7362250879249707 0.01171875 0.009378663540445486
0 0.213671875 0.7338804220398594 0.01171875 0.009378663540445486
0 0.65546875 0.731535756154748 0.0109375 0.009378663540445486
0 0.3171875 0.7303634232121923 0.0125 0.009378663540445486
0 0.546875 0.7297772567409144 0.0109375 0.009378663540445486
0 0.7828125 0.7286049237983587 0.0125 0.009378663540445486
0 0.39375 0.7233294255568582 0.0109375 0.009378663540445486
0 0.255078125 0.7218640093786636 0.01171875 0.008792497069167644
0 0.23125 0.7195193434935522 0.0125 0.00996483001172333
0 0.764453125 0.7180539273153576 0.01171875 0.008206330597889801
0 0.279296875 0.7142438452520515 0.00859375 0.006447831184056272
0 0.812109375 0.7124853458382181 0.01171875 0.008792497069167644
0 0.19453125 0.7121922626025792 0.0109375 0.009378663540445486
0 0.64375 0.7080890973036342 0.0109375 0.009378663540445486
0 0.339453125 0.7080890973036342 0.01171875 0.009378663540445486
0 0.78984375 0.7048651817116061 0.009375 0.008792497069167644
0 0.36328125 0.705158264947245 0.0125 0.009378663540445486
0 0.216796875 0.705158264947245 0.01171875 0.009378663540445486
0 0.2609375 0.7039859320046893 0.0125 0.009378663540445486
0 0.731640625 0.7013481828839391 0.01171875 0.008792497069167644
0 0.764453125 0.7004689331770223 0.01171875 0.008206330597889801
0 0.51484375 0.7004689331770223 0.0109375 0.009378663540445486
0 0.2390625 0.6957796014067995 0.0125 0.009378663540445486
0 0.806640625 0.6931418522860492 0.01171875 0.008792497069167644
0 0.389453125 0.6928487690504103 0.01171875 0.009378663540445486
0 0.744921875 0.686694021101993 0.00078125 0.0005861664712778429
0 0.34609375 0.6893317702227433 0.0109375 0.009378663540445486
0 0.7515625 0.6843493552168816 0.0046875 0.0017584994138335288
0 0.305859375 0.6869871043376319 0.01171875 0.007033997655334115
0 0.721875 0.6861078546307151 0.0109375 0.008792497069167644
0 0.217578125 0.6858147713950762 0.01328125 0.009378663540445486
0 0.674609375 0.682590855803048 0.01171875 0.008792497069167644
0 0.2609375 0.6820046893317703 0.0125 0.008792497069167644
0 0.784375 0.6811254396248535 0.0125 0.009378663540445486
0 0.327734375 0.679073856975381 0.01171875 0.008792497069167644
0 0.28515625 0.6781946072684643 0.0125 0.008206330597889801
0 0.76328125 0.6732121922626025 0.0109375 0.008792497069167644
0 0.73984375 0.6726260257913247 0.0109375 0.008792497069167644
0 0.23984375 0.6694021101992966 0.0125 0.008206330597889801
0 0.203515625 0.6699882766705745 0.01171875 0.009378663540445486
0 0.3125 0.6655920281359906 0.0125 0.008792497069167644
0 0.8078125 0.6638335287221571 0.0125 0.008792497069167644
0 0.366015625 0.6635404454865181 0.01171875 0.009378663540445486
0 0.61640625 0.6626611957796014 0.0109375 0.008792497069167644
0 0.26328125 0.6629542790152403 0.0125 0.009378663540445486
0 0.336328125 0.6623681125439624 0.01171875 0.009378663540445486
0 0.723046875 0.6611957796014069 0.01171875 0.008206330597889801
0 0.28828125 0.6600234466588512 0.0125 0.009378663540445486
0 0.2234375 0.6570926143024619 0.0125 0.008206330597889801
0 0.78671875 0.6556271981242673 0.0109375 0.008792497069167644
0 0.19296875 0.6538686987104337 0.0125 0.008792497069167644
0 0.840625 0.652696365767878 0.0140625 0.008792497069167644
0 0.747265625 0.6515240328253223 0.01171875 0.008792497069167644
0 0.246875 0.64947245017585 0.0125 0.009378663540445486
0 0.273046875 0.6474208675263775 0.01171875 0.006447831184056272
0 0.30703125 0.6477139507620164 0.0125 0.009378663540445486
0 0.354296875 0.6471277842907386 0.01171875 0.009378663540445486
0 0.823828125 0.645369284876905 0.01328125 0.008206330597889801
0 0.715234375 0.6450762016412661 0.01171875 0.008792497069167644
0 0.226953125 0.6398007033997656 0.01328125 0.006447831184056272
0 0.33125 0.6395076201641267 0.0125 0.009378663540445486
0 0.198828125 0.6354044548651817 0.01328125 0.009378663540445486
0 0.768359375 0.6336459554513482 0.01171875 0.008206330597889801
0 0.74375 0.6336459554513482 0.0109375 0.008206330597889801
0 0.256640625 0.6330597889800703 0.01171875 0.009378663540445486
0 0.818359375 0.6289566236811255 0.01171875 0.007033997655334115
0 0.28125 0.6289566236811255 0.0125 0.009378663540445486
0 0.61640625 0.6239742086752638 0.0109375 0.008792497069167644
0 0.216796875 0.6225087924970691 0.01328125 0.008206330597889801
0 0.32734375 0.6210433763188745 0.0125 0.00996483001172333
0 0.302734375 0.6198710433763188 0.01328125 0.008792497069167644
0 0.240625 0.6181125439624854 0.0109375 0.006447831184056272
0 0.7453125 0.6166471277842908 0.0109375 0.008206330597889801
0 0.266015625 0.6154747948417351 0.01328125 0.009378663540445486
0 0.81015625 0.6137162954279015 0.0125 0.008206330597889801
0 0.18515625 0.6128370457209847 0.0125 0.0076201641266119575
0 0.5890625 0.6128370457209847 0.0109375 0.008792497069167644
0 0.776171875 0.611664712778429 0.01015625 0.008792497069167644
0 0.3578125 0.6113716295427901 0.0109375 0.009378663540445486
0 0.7578125 0.6025791324736225 0.0109375 0.008206330597889801
0 0.29609375 0.6028722157092614 0.0125 0.008792497069167644
0 0.24921875 0.6014067995310668 0.0125 0.007033997655334115
0 0.223828125 0.6019929660023446 0.01171875 0.008206330597889801
0 0.33671875 0.5978898007033998 0.0125 0.009378663540445486
0 0.273046875 0.5967174677608441 0.01328125 0.009378663540445486
0 0.20078125 0.5952520515826495 0.0125 0.008792497069167644
0 0.71640625 0.5940797186400938 0.0109375 0.0076201641266119575
0 0.58125 0.5946658851113716 0.0109375 0.008792497069167644
0 0.31796875 0.5870457209847597 0.0125 0.008792497069167644
0 0.824609375 0.5838218053927315 0.01171875 0.008206330597889801
0 0.254296875 0.5823563892145369 0.01171875 0.006447831184056272
0 0.289453125 0.5829425556858148 0.01328125 0.008792497069167644
0 0.7328125 0.582063305978898 0.0109375 0.008206330597889801
0 0.186328125 0.5814771395076201 0.01328125 0.009378663540445486
0 0.210546875 0.578253223915592 0.01171875 0.0076201641266119575
0 0.712109375 0.5767878077373975 0.01015625 0.008206330597889801
0 0.308203125 0.5697538100820633 0.01171875 0.007033997655334115
0 0.232421875 0.5665298944900352 0.01171875 0.005275498241500586
0 0.352734375 0.5677022274325909 0.01171875 0.008792497069167644
0 0.266015625 0.567409144196952 0.01328125 0.009378663540445486
0 0.77109375 0.5653575615474795 0.0078125 0.0076201641266119575
0 0.201953125 0.5600820633059789 0.01015625 0.006447831184056272
0 0.663671875 0.5589097303634232 0.01171875 0.0076201641266119575
0 0.32734375 0.559495896834701 0.0125 0.008792497069167644
0 0.289453125 0.55978898007034 0.01328125 0.009378663540445486
0 0.696875 0.556271981242673 0.0109375 0.008206330597889801
0 0.248828125 0.5548065650644783 0.01328125 0.008792497069167644
0 0.608984375 0.5533411488862837 0.01015625 0.008206330597889801
0 0.43671875 0.5509964830011723 0.0109375 0.008206330597889801
0 0.586328125 0.5507033997655334 0.01171875 0.008792497069167644
0 0.22421875 0.5504103165298945 0.0125 0.008206330597889801
0 0.819140625 0.5433763188745604 0.00859375 0.007033997655334115
0 0.27421875 0.5430832356389215 0.0125 0.008792497069167644
0 0.3359375 0.5424970691676436 0.0125 0.008792497069167644
0 0.311328125 0.5404454865181711 0.01328125 0.008206330597889801
0 0.798828125 0.5357561547479485 0.01015625 0.008206330597889801
0 0.429296875 0.5342907385697538 0.01015625 0.0076201641266119575
0 0.590625 0.533704572098476 0.0109375 0.008792497069167644
0 0.29296875 0.5307737397420867 0.0125 0.006447831184056272
0 0.203125 0.52989449003517 0.0125 0.007033997655334115
0 0.391015625 0.529601406799531 0.01171875 0.0076201641266119575
0 0.228125 0.5290152403282532 0.0125 0.008792497069167644
0 0.3265625 0.5257913247362251 0.0125 0.008206330597889801
0 0.268359375 0.5254982415005862 0.01328125 0.008792497069167644
0 0.35078125 0.5249120750293084 0.0125 0.008792497069167644
0 0.81171875 0.518757327080891 0.0109375 0.008206330597889801
0 0.373046875 0.518464243845252 0.01171875 0.008792497069167644
0 0.307421875 0.5146541617819461 0.01328125 0.009378663540445486
0 0.194140625 0.5134818288393904 0.01328125 0.008206330597889801
0 0.398046875 0.5123094958968347 0.01171875 0.009378663540445486
0 0.75625 0.5108440797186401 0.0109375 0.0076201641266119575
0 0.28359375 0.5108440797186401 0.0125 0.008792497069167644
0 0.33046875 0.5084994138335287 0.0125 0.008792497069167644
0 0.25859375 0.5079132473622509 0.0125 0.0076201641266119575
0 0.3546875 0.507327080890973 0.0125 0.008792497069167644
0 0.225 0.5052754982415005 0.0125 0.005861664712778429
0 0.7109375 0.5023446658851114 0.0109375 0.008206330597889801
0 0.441796875 0.5002930832356389 0.01015625 0.006447831184056272
0 0.836328125 0.5005861664712778 0.01171875 0.008206330597889801
0 0.569140625 0.5 0.01171875 0.008206330597889801
0 0.38046875 0.5 0.0125 0.008206330597889801
0 0.418359375 0.49794841735052753 0.01171875 0.008792497069167644
0 0.308203125 0.4967760844079719 0.01328125 0.008792497069167644
0 0.76484375 0.4947245017584994 0.009375 0.008206330597889801
0 0.241015625 0.49296600234466587 0.01171875 0.009378663540445486
0 0.267578125 0.4906213364595545 0.01328125 0.007033997655334115
0 0.33125 0.4894490035169988 0.009375 0.007033997655334115
0 0.357421875 0.48710433763188743 0.01015625 0.005861664712778429
0 0.796875 0.4862250879249707 0.0109375 0.008792497069167644
0 0.380859375 0.4838804220398593 0.01015625 0.005275498241500586
0 0.373828125 0.48182883939038684 0.00078125 0.0011723329425556857
0 0.517578125 0.48329425556858147 0.01171875 0.0076201641266119575
0 0.833984375 0.481535756154748 0.01171875 0.0076201641266119575
0 0.4875 0.48212192262602577 0.0109375 0.008792497069167644
0 0.428125 0.48007033997655335 0.0109375 0.005861664712778429
0 0.31328125 0.4803634232121923 0.0125 0.006447831184056272
0 0.2890625 0.48124267291910905 0.0125 0.008206330597889801
0 0.46484375 0.4780187573270809 0.0109375 0.005275498241500586
0 0.25859375 0.4762602579132474 0.0125 0.006447831184056272
0 0.401953125 0.47567409144196954 0.01171875 0.008792497069167644
0 0.23359375 0.47567409144196954 0.0125 0.008792497069167644
0 0.81484375 0.4730363423212192 0.0109375 0.005861664712778429
0 0.34296875 0.47450175849941384 0.0125 0.008792497069167644
0 0.855078125 0.4712778429073857 0.01171875 0.008206330597889801
0 0.367578125 0.4686400937866354 0.00859375 0.004103165298944901
0 0.359765625 0.46688159437280186 0.00078125 0.0005861664712778429
0 0.209765625 0.4698124267291911 0.01328125 0.0076201641266119575
0 0.4984375 0.46688159437280186 0.0109375 0.005275498241500586
0 0.728125 0.46776084407971863 0.0109375 0.008206330597889801
0 0.836328125 0.4645369284876905 0.00859375 0.0076201641266119575
0 0.297265625 0.46277842907385697 0.01171875 0.005275498241500586
0 0.390234375 0.46248534583821804 0.00859375 0.005861664712778429
0 0.422265625 0.4633645955451348 0.01171875 0.008792497069167644
0 0.3234375 0.46277842907385697 0.0125 0.008792497069167644
0 0.790234375 0.46131301289566234 0.01171875 0.008206330597889801
0 0.192578125 0.45808909730363423 0.01328125 0.006447831184056272
0 0.45859375 0.45808909730363423 0.0109375 0.008792497069167644
0 0.71171875 0.4566236811254396 0.0109375 0.008206330597889801
0 0.34609375 0.45545134818288396 0.0125 0.007033997655334115
0 0.74140625 0.45427901524032827 0.0109375 0.008206330597889801
0 0.246484375 0.45427901524032827 0.01328125 0.009378663540445486
0 0.820703125 0.4525205158264947 0.01171875 0.008206330597889801
0 0.510546875 0.4504689331770223 0.01171875 0.008792497069167644
0 0.271875 0.4490035169988277 0.0125 0.005861664712778429
0 0.84765625 0.4490035169988277 0.0109375 0.007033997655334115
0 0.36875 0.44958968347010553 0.0125 0.008206330597889801
0 0.691015625 0.447831184056272 0.01171875 0.008206330597889801
0 0.7625 0.4466588511137163 0.0109375 0.008206330597889801
0 0.6609375 0.4454865181711606 0.0109375 0.008206330597889801
0 0.41875 0.4425556858147714 0.003125 0.0023446658851113715
0 0.212890625 0.4451934349355217 0.01328125 0.0076201641266119575
0 0.443359375 0.44431418522860494 0.01171875 0.008206330597889801
0 0.3234375 0.44431418522860494 0.0125 0.009378663540445486
0 0.391015625 0.4428487690504103 0.01171875 0.0076201641266119575
0 0.29453125 0.43991793669402113 0.003125 0.0017584994138335288
0 0.3015625 0.44109026963657677 0.009375 0.006447831184056272
0 0.349609375 0.4384525205158265 0.01171875 0.008206330597889801
0 0.74453125 0.43669402110199296 0.0109375 0.008206330597889801
0 0.253515625 0.4358147713950762 0.01328125 0.00996483001172333
0 0.501171875 0.4343493552168816 0.01171875 0.008206330597889801
0 0.371875 0.43141852286049237 0.0125 0.007033997655334115
0 0.6734375 0.4308323563892145 0.0109375 0.008206330597889801
0 0.280078125 0.42995310668229775 0.01328125 0.006447831184056272
0 0.59609375 0.4305392731535756 0.0109375 0.008792497069167644
0 0.765234375 0.4296600234466589 0.01171875 0.008206330597889801
0 0.211328125 0.42790152403282533 0.01328125 0.009378663540445486
0 0.521875 0.425263774912075 0.0109375 0.005275498241500586
0 0.4375 0.42584994138335286 0.0109375 0.006447831184056272
0 0.33046875 0.42702227432590856 0.0125 0.008792497069167644
0 0.858984375 0.4243845252051583 0.01171875 0.008206330597889801
0 0.4125 0.42409144196951937 0.0125 0.0076201641266119575
0 0.801171875 0.42174677608440797 0.01015625 0.005275498241500586
0 0.353515625 0.42057444314185227 0.01171875 0.008792497069167644
0 0.30625 0.4208675263774912 0.0125 0.009378663540445486
0 0.3890625 0.4188159437280188 0.0125 0.006447831184056272
0 0.19296875 0.4152989449003517 0.0109375 0.008792497069167644
0 0.26953125 0.4114888628370457 0.0125 0.009378663540445486
0 0.21875 0.41031652989449 0.0125 0.009378663540445486
0 0.842578125 0.4091441969519343 0.01171875 0.008206330597889801
0 0.325 0.40885111371629546 0.0125 0.0076201641266119575
0 0.75625 0.40885111371629546 0.0109375 0.008792497069167644
0 0.43671875 0.4082649472450176 0.0109375 0.0076201641266119575
0 0.244921875 0.40855803048065653 0.01328125 0.009378663540445486
0 0.778515625 0.40767878077373976 0.01015625 0.008792497069167644
0 0.733984375 0.40767878077373976 0.01171875 0.008792497069167644
0 0.459765625 0.40738569753810083 0.01171875 0.009378663540445486
0 0.8 0.40621336459554513 0.0125 0.008206330597889801
0 0.29296875 0.4047479484173505 0.0125 0.008792497069167644
0 0.37265625 0.40416178194607266 0.0125 0.008792497069167644
0 0.3484375 0.40240328253223917 0.0125 0.008792497069167644
0 0.39765625 0.4018171160609613 0.0109375 0.008792497069167644
0 0.487890625 0.399179366940211 0.01171875 0.007033997655334115
0 0.5109375 0.3994724501758499 0.0109375 0.008792497069167644
0 0.196875 0.3959554513481829 0.0125 0.00996483001172333
0 0.419140625 0.39449003516998826 0.01171875 0.008206330597889801
0 0.853125 0.39419695193434934 0.0125 0.008792497069167644
0 0.826171875 0.39273153575615477 0.01328125 0.008206330597889801
0 0.74765625 0.3930246189917937 0.0109375 0.008792497069167644
0 0.796484375 0.3895076201641266 0.00078125 0.0029308323563892145
0 0.22265625 0.3921453692848769 0.0140625 0.009378663540445486
0 0.32890625 0.3909730363423212 0.0125 0.008206330597889801
0 0.778125 0.3903868698710434 0.0109375 0.008206330597889801
0 0.449609375 0.3909730363423212 0.01171875 0.009378663540445486
0 0.272265625 0.3909730363423212 0.01328125 0.009378663540445486
0 0.725390625 0.3898007033997655 0.01171875 0.008206330597889801
0 0.802734375 0.3854044548651817 0.00390625 0.0005861664712778429
0 0.30390625 0.388042203985932 0.0125 0.007033997655334115
0 0.52890625 0.3874560375146542 0.0109375 0.007033997655334115
0 0.24765625 0.38892145369284875 0.0140625 0.00996483001172333
0 0.59296875 0.3862837045720985 0.0109375 0.005861664712778429
0 0.3828125 0.38686987104337633 0.0125 0.009378663540445486
0 0.35859375 0.3865767878077374 0.0125 0.008792497069167644
0 0.5703125 0.3821805392731536 0.0109375 0.008206330597889801
0 0.491015625 0.38188745603751467 0.01171875 0.008792497069167644
0 0.6453125 0.3789566236811254 0.0109375 0.006447831184056272
0 0.405078125 0.3801289566236811 0.01171875 0.008792497069167644
0 0.8421875 0.3795427901524033 0.0125 0.008792497069167644
0 0.696875 0.37631887456037516 0.0109375 0.008206330597889801
0 0.20703125 0.37719812426729193 0.0140625 0.00996483001172333
0 0.788671875 0.3757327080890973 0.01171875 0.008206330597889801
0 0.286328125 0.37602579132473624 0.01328125 0.008792497069167644
0 0.75 0.3754396248534584 0.0109375 0.008792497069167644
0 0.816796875 0.37075029308323565 0.00078125 0.0005861664712778429
0 0.43828125 0.37485345838218054 0.0109375 0.008792497069167644
0 0.3390625 0.3745603751465416 0.0125 0.008206330597889801
0 0.81171875 0.36957796014067995 0.003125 0.0005861664712778429
0 0.261328125 0.37397420867526376 0.01328125 0.009378663540445486
0 0.53046875 0.369284876905041 0.0109375 0.005861664712778429
0 0.464453125 0.37075029308323565 0.01171875 0.008792497069167644
0 0.82421875 0.3660609613130129 0.0015625 0.0017584994138335288
0 0.383203125 0.36840562719812425 0.01171875 0.008792497069167644
0 0.23671875 0.3689917936694021 0.0140625 0.00996483001172333
0 0.835546875 0.361957796014068 0.00078125 0.0005861664712778429
0 0.31640625 0.3660609613130129 0.0125 0.008792497069167644
0 0.630859375 0.36518171160609614 0.01171875 0.008206330597889801
0 0.572265625 0.3645955451348183 0.01171875 0.008206330597889801
0 0.358984375 0.3648886283704572 0.01171875 0.008792497069167644
0 0.826953125 0.3601992966002345 0.00078125 0.0005861664712778429
0 0.83046875 0.3596131301289566 0.0046875 0.0005861664712778429
0 0.486328125 0.3637162954279015 0.01171875 0.008792497069167644
0 0.509765625 0.361957796014068 0.01171875 0.008792497069167644
0 0.40546875 0.3616647127784291 0.0109375 0.008206330597889801
0 0.856640625 0.3590269636576788 0.01171875 0.008792497069167644
0 0.805078125 0.3549237983587339 0.00078125 0.0005861664712778429
0 0.756640625 0.35873388042203985 0.01171875 0.008206330597889801
0 0.69375 0.3590269636576788 0.0109375 0.008792497069167644
0 0.27578125 0.3593200468933177 0.0125 0.009378663540445486
0 0.7875 0.358147713950762 0.009375 0.008206330597889801
0 0.428515625 0.358147713950762 0.01171875 0.008206330597889801
0 0.19921875 0.35844079718640093 0.0125 0.008792497069167644
0 0.54609375 0.35756154747948415 0.0109375 0.008206330597889801
0 0.6671875 0.3563892145369285 0.0109375 0.008206330597889801
0 0.811328125 0.3525791324736225 0.00546875 0.0017584994138335288
0 0.337109375 0.35580304806565066 0.01171875 0.008206330597889801
0 0.298828125 0.3528722157092614 0.01328125 0.009378663540445486
0 0.252734375 0.3525791324736225 0.01171875 0.008792497069167644
0 0.644921875 0.3516998827667057 0.01171875 0.008206330597889801
0 0.223828125 0.350820633059789 0.00859375 0.008792497069167644
0 0.725390625 0.3493552168815944 0.00859375 0.007033997655334115
0 0.615625 0.3493552168815944 0.0109375 0.008206330597889801
0 0.44921875 0.3493552168815944 0.0109375 0.008206330597889801
0 0.840234375 0.3481828839390387 0.01171875 0.008206330597889801
0 0.59296875 0.34788980070339975 0.0109375 0.008792497069167644
0 0.525390625 0.347010550996483 0.01171875 0.008206330597889801
0 0.358203125 0.34642438452520513 0.01171875 0.007033997655334115
0 0.765625 0.3443728018757327 0.0015625 0.004103165298944901
0 0.483984375 0.34495896834701056 0.01015625 0.0076201641266119575
0 0.77109375 0.3402696365767878 0.0015625 0.0005861664712778429
0 0.408984375 0.34378663540445487 0.01015625 0.008792497069167644
0 0.384375 0.3420281359906213 0.0078125 0.005275498241500586
0 0.7046875 0.3429073856975381 0.009375 0.008206330597889801
0 0.56796875 0.3429073856975381 0.0109375 0.008206330597889801
0 0.796484375 0.34261430246189917 0.01171875 0.008792497069167644
0 0.859375 0.3417350527549824 0.0125 0.008206330597889801
0 0.321875 0.34144196951934347 0.0125 0.008792497069167644
0 0.277734375 0.34056271981242675 0.01328125 0.009378663540445486
0 0.18984375 0.3402696365767878 0.0125 0.00996483001172333
0 0.677734375 0.33704572098475966 0.00703125 0.005861664712778429
0 0.634375 0.3361664712778429 0.0109375 0.008792497069167644
0 0.54296875 0.3361664712778429 0.0109375 0.008792497069167644
0 0.50625 0.33499413833528724 0.009375 0.0076201641266119575
0 0.4296875 0.3355803048065651 0.0109375 0.008792497069167644
0 0.30078125 0.3332356389214537 0.0109375 0.0076201641266119575
0 0.82890625 0.33294255568581477 0.0109375 0.008206330597889801
0 0.453125 0.33177022274325907 0.009375 0.007033997655334115
0 0.215234375 0.33294255568581477 0.01015625 0.009378663540445486
0 0.742578125 0.33177022274325907 0.00859375 0.008206330597889801
0 0.609375 0.332063305978898 0.0109375 0.008792497069167644
0 0.719140625 0.3300117233294256 0.01015625 0.008206330597889801
0 0.584375 0.32971864009378665 0.0109375 0.008792497069167644
0 0.47734375 0.32825322391559203 0.009375 0.007033997655334115
0 0.34921875 0.3288393903868699 0.0109375 0.008206330597889801
0 0.848046875 0.3276670574443142 0.01328125 0.008206330597889801
0 0.8078125 0.3276670574443142 0.0109375 0.008206330597889801
0 0.78515625 0.3279601406799531 0.009375 0.008792497069167644
0 0.76328125 0.32825322391559203 0.0109375 0.009378663540445486
0 0.694140625 0.3276670574443142 0.01015625 0.008206330597889801
0 0.398046875 0.32708089097303633 0.01015625 0.008206330597889801
0 0.376171875 0.324736225087925 0.00390625 0.005861664712778429
0 0.262109375 0.32532239155920284 0.01015625 0.007033997655334115
0 0.56171875 0.3250293083235639 0.0109375 0.0076201641266119575
0 0.240625 0.3250293083235639 0.0046875 0.0076201641266119575
0 0.52734375 0.324736225087925 0.00625 0.008206330597889801
0 0.23515625 0.3203399765533411 0.0046875 0.0017584994138335288
0 0.328515625 0.3226846424384525 0.00859375 0.0076201641266119575
0 0.673046875 0.3203399765533411 0.01015625 0.0076201641266119575
0 0.646875 0.32004689331770225 0.009375 0.008206330597889801
0 0.194921875 0.31975381008206333 0.01328125 0.00996483001172333
0 0.623828125 0.3179953106682298 0.01015625 0.0076201641266119575
0 0.497265625 0.3182883939038687 0.00859375 0.008206330597889801
0 0.421484375 0.31858147713950763 0.00859375 0.008792497069167644
0 0.250390625 0.3138921453692849 0.00078125 0.0005861664712778429
0 0.823046875 0.31535756154747946 0.01171875 0.008206330597889801
0 0.600390625 0.31535756154747946 0.01015625 0.008206330597889801
0 0.791015625 0.31096131301289565 0.00078125 0.0005861664712778429
0 0.732421875 0.3150644783118406 0.00859375 0.008792497069167644
0 0.303125 0.3141852286049238 0.0109375 0.007033997655334115
0 0.54296875 0.3141852286049238 0.0109375 0.008206330597889801
0 0.444140625 0.3141852286049238 0.01015625 0.008206330597889801
0 0.774609375 0.3130128956623681 0.01015625 0.008206330597889801
0 0.70859375 0.3127198124267292 0.0078125 0.0076201641266119575
0 0.27890625 0.31359906213364597 0.0125 0.009378663540445486
0 0.57734375 0.31242672919109027 0.0109375 0.008206330597889801
0 0.468359375 0.3106682297772567 0.00703125 0.004689331770222743
0 0.344140625 0.3106682297772567 0.01015625 0.008206330597889801
0 0.851171875 0.31008206330597887 0.01171875 0.008206330597889801
0 0.75234375 0.3094958968347011 0.0109375 0.008206330597889801
0 0.25078125 0.30890973036342323 0.009375 0.009378663540445486
0 0.516015625 0.30773739742086753 0.00859375 0.008206330597889801
0 0.36953125 0.30656506447831183 0.0078125 0.005861664712778429
0 0.6609375 0.305978898007034 0.009375 0.008206330597889801
0 0.39609375 0.305978898007034 0.009375 0.008206330597889801
0 0.637890625 0.3033411488862837 0.00859375 0.0076201641266119575
0 0.321484375 0.302168815943728 0.01015625 0.0076201641266119575
0 0.833984375 0.3009964830011723 0.01015625 0.008792497069167644
0 0.811328125 0.3009964830011723 0.01171875 0.008792497069167644
0 0.61640625 0.29923798358733883 0.00625 0.005275498241500586
0 0.559375 0.3009964830011723 0.0109375 0.008792497069167644
0 0.49140625 0.3007033997655334 0.0078125 0.008206330597889801
0 0.41875 0.30011723329425555 0.0109375 0.008206330597889801
0 0.723828125 0.298651817116061 0.00859375 0.0076201641266119575
0 0.788671875 0.29484173505275496 0.00234375 0.0011723329425556857
0 0.781640625 0.29454865181711604 0.00078125 0.0005861664712778429
0 0.5921875 0.29835873388042206 0.009375 0.008206330597889801
0 0.785546875 0.29396248534583824 0.00234375 0.0005861664712778429
0 0.535546875 0.2966002344665885 0.00546875 0.005861664712778429
0 0.2 0.2977725674091442 0.009375 0.008206330597889801
0 0.291796875 0.29689331770222743 0.01171875 0.0076201641266119575
0 0.701953125 0.29601406799531066 0.00859375 0.008206330597889801
0 0.442578125 0.29572098475967173 0.01015625 0.0076201641266119575
0 0.7640625 0.2933763188745604 0.009375 0.0076201641266119575
0 0.351171875 0.29308323563892147 0.01015625 0.007033997655334115
0 0.466015625 0.29161781946072685 0.00859375 0.006447831184056272
0 0.51171875 0.2901524032825322 0.0046875 0.004689331770222743
0 0.74296875 0.28927315357561545 0.0078125 0.0076201641266119575
0 0.678515625 0.2889800703399766 0.00703125 0.007033997655334115
0 0.6515625 0.2889800703399766 0.009375 0.007033997655334115
0 0.3828125 0.2898593200468933 0.0078125 0.008792497069167644
0 0.849609375 0.2866354044548652 0.01171875 0.008206330597889801
0 0.574609375 0.2866354044548652 0.00859375 0.008206330597889801
0 0.82265625 0.28634232121922626 0.0109375 0.008792497069167644
0 0.80078125 0.2857561547479484 0.0109375 0.008792497069167644
0 0.310546875 0.2845838218053927 0.01171875 0.0076201641266119575
0 0.552734375 0.28399765533411486 0.00703125 0.0076201641266119575
0 0.4875 0.2825322391559203 0.00625 0.004689331770222743
0 0.404296875 0.2845838218053927 0.01015625 0.008792497069167644
0 0.720703125 0.28223915592028137 0.00390625 0.005275498241500586
0 0.61796875 0.28194607268464245 0.009375 0.007033997655334115
0 0.7796875 0.2784290738569754 0.0078125 0.0035169988276670576
0 0.428515625 0.28077373974208675 0.01171875 0.008206330597889801
0 0.2796875 0.2793083235638921 0.003125 0.005275498241500586
0 0.5296875 0.2787221570926143 0.0046875 0.005275498241500586
0 0.694140625 0.2787221570926143 0.01015625 0.0076201641266119575
0 0.334375 0.2790152403282532 0.009375 0.008206330597889801
0 0.75703125 0.27667057444314186 0.0109375 0.008206330597889801
0 0.365625 0.2757913247362251 0.00625 0.006447831184056272
0 0.59765625 0.2757913247362251 0.00625 0.0076201641266119575
0 0.63984375 0.27403282532239154 0.00625 0.005275498241500586
0 0.45546875 0.27432590855803046 0.0109375 0.008206330597889801
0 0.6671875 0.2734466588511137 0.0078125 0.0076201641266119575
0 0.8703125 0.2728604923798359 0.0125 0.008792497069167644
0 0.735546875 0.27256740914419697 0.01015625 0.008206330597889801
0 0.836328125 0.26817116060961316 0.00234375 0.0005861664712778429
0 0.50390625 0.2716881594372802 0.0109375 0.0076201641266119575
0 0.812890625 0.2705158264947245 0.01015625 0.008792497069167644
0 0.412890625 0.26787807737397423 0.00703125 0.004689331770222743
0 0.388671875 0.2696365767878077 0.00859375 0.008206330597889801
0 0.29453125 0.26992966002344665 0.0125 0.008792497069167644
0 0.791796875 0.2664126611957796 0.01015625 0.008792497069167644
0 0.709375 0.2652403282532239 0.009375 0.0076201641266119575
0 0.61875 0.2640679953106682 0.0046875 0.005275498241500586
0 0.574609375 0.26436107854630714 0.00859375 0.008206330597889801
0 0.480078125 0.2640679953106682 0.01015625 0.0076201641266119575
0 0.31796875 0.2640679953106682 0.0109375 0.0076201641266119575
0 0.4359375 0.26318874560375144 0.009375 0.008206330597889801
0 0.6875 0.2623094958968347 0.0078125 0.0076201641266119575
0 0.523828125 0.26143024618991795 0.00859375 0.005861664712778429
0 0.34609375 0.26289566236811257 0.0109375 0.008792497069167644
0 0.76953125 0.2620164126611958 0.009375 0.008206330597889801
0 0.85390625 0.26172332942555687 0.0125 0.008792497069167644
0 0.7484375 0.257620164126612 0.0078125 0.008792497069167644
0 0.64296875 0.2564478311840563 0.009375 0.006447831184056272
0 0.6671875 0.25498241500586166 0.00625 0.005861664712778429
0 0.828125 0.2555685814771395 0.0109375 0.008206330597889801
0 0.596484375 0.2555685814771395 0.00703125 0.008206330597889801
0 0.459375 0.2555685814771395 0.009375 0.008206330597889801
0 0.373046875 0.2555685814771395 0.00859375 0.008206330597889801
0 0.55390625 0.2541031652989449 0.0078125 0.006447831184056272
0 0.72734375 0.2541031652989449 0.0078125 0.008792497069167644
0 0.501953125 0.25351699882766704 0.00703125 0.0076201641266119575
0 0.806640625 0.25351699882766704 0.01015625 0.008792497069167644
0 0.3953125 0.25263774912075027 0.009375 0.008206330597889801
0 0.193359375 0.25205158264947247 0.01015625 0.010550996483001172
0 0.841015625 0.24648300117233293 0.00078125 0.0005861664712778429
0 0.785546875 0.24912075029308323 0.01015625 0.008206330597889801
0 0.706640625 0.2473622508792497 0.00703125 0.007033997655334115
0 0.43828125 0.2456037514654162 0.0078125 0.005861664712778429
0 0.85234375 0.2429660023446659 0.0015625 0.0017584994138335288
0 0.5734375 0.2458968347010551 0.009375 0.0076201641266119575
0 0.34296875 0.24501758499413834 0.00625 0.005861664712778429
0 0.850390625 0.2417936694021102 0.00078125 0.0005861664712778429
0 0.765234375 0.2447245017584994 0.00703125 0.006447831184056272
0 0.47890625 0.2456037514654162 0.0109375 0.008206330597889801
0 0.847265625 0.24120750293083235 0.00390625 0.0005861664712778429
0 0.68359375 0.24384525205158264 0.0078125 0.007033997655334115
0 0.615625 0.24413833528722156 0.009375 0.0076201641266119575
0 0.528125 0.24267291910902697 0.00625 0.007033997655334115
0 0.63984375 0.23974208675263775 0.0046875 0.004689331770222743
0 0.741796875 0.24003516998827668 0.00859375 0.0076201641266119575
0 0.823046875 0.23563892145369286 0.00078125 0.0023446658851113715
0 0.661328125 0.23739742086752638 0.00859375 0.007033997655334115
0 0.823828125 0.2335873388042204 0.00078125 0.0005861664712778429
0 0.36484375 0.23739742086752638 0.0109375 0.008206330597889801
0 0.866015625 0.23739742086752638 0.01171875 0.009378663540445486
0 0.834765625 0.23300117233294257 0.00078125 0.0005861664712778429
0 0.413671875 0.23681125439624853 0.01015625 0.008206330597889801
0 0.59453125 0.23534583821805394 0.009375 0.0076201641266119575
0 0.500390625 0.23534583821805394 0.00859375 0.0076201641266119575
0 0.458203125 0.23534583821805394 0.00859375 0.0076201641266119575
0 0.829296875 0.23124267291910902 0.00234375 0.0005861664712778429
0 0.80390625 0.235052754982415 0.0125 0.008206330597889801
0 0.553125 0.23329425556858147 0.0046875 0.004689331770222743
0 0.719140625 0.23446658851113716 0.01015625 0.008206330597889801
0 0.3890625 0.23417350527549824 0.0109375 0.0076201641266119575
0 0.78046875 0.23182883939038687 0.009375 0.008792497069167644
0 0.842578125 0.22889800703399765 0.00234375 0.004103165298944901
0 0.19375 0.2321219226260258 0.0140625 0.010550996483001172
0 0.843359375 0.22596717467760843 0.00078125 0.0005861664712778429
0 0.575 0.22801875732708088 0.00625 0.005861664712778429
0 0.5203125 0.22596717467760843 0.003125 0.0029308323563892145
0 0.845703125 0.22420867526377491 0.00078125 0.0005861664712778429
0 0.305859375 0.22772567409144198 0.01015625 0.0076201641266119575
0 0.8484375 0.22362250879249707 0.003125 0.0005861664712778429
0 0.478515625 0.2268464243845252 0.00859375 0.007033997655334115
0 0.340234375 0.22538100820633059 0.00390625 0.004103165298944901
0 0.759375 0.22655334114888628 0.0078125 0.0076201641266119575
0 0.679296875 0.22626025791324736 0.00703125 0.007033997655334115
0 0.64921875 0.22332942555685814 0.0046875 0.0035169988276670576
0 0.432421875 0.22332942555685814 0.01015625 0.008206330597889801
0 0.70078125 0.22215709261430247 0.009375 0.008206330597889801
0 0.739453125 0.22098475967174677 0.00546875 0.007033997655334115
0 0.87421875 0.22069167643610785 0.0125 0.008792497069167644
0 0.37109375 0.21922626025791325 0.0078125 0.005861664712778429
0 0.815625 0.21834701055099648 0.0109375 0.008792497069167644
0 0.7921875 0.21834701055099648 0.0109375 0.008792497069167644
0 0.59921875 0.21776084407971863 0.00625 0.0076201641266119575
0 0.541015625 0.21658851113716296 0.00546875 0.006447831184056272
0 0.498828125 0.2171746776084408 0.00703125 0.0076201641266119575
0 0.39375 0.21629542790152403 0.009375 0.005861664712778429
0 0.455859375 0.21658851113716296 0.00703125 0.0076201641266119575
0 0.771484375 0.21277842907385697 0.01015625 0.009378663540445486
0 0.71875 0.21072684642438452 0.00625 0.006447831184056272
0 0.562109375 0.21131301289566237 0.00859375 0.0076201641266119575
0 0.85625 0.21072684642438452 0.0125 0.008792497069167644
0 0.61796875 0.20955451348182885 0.009375 0.006447831184056272
0 0.68203125 0.208968347010551 0.0078125 0.006447831184056272
0 0.476171875 0.20808909730363423 0.00546875 0.004689331770222743
0 0.51953125 0.20750293083235638 0.0046875 0.005861664712778429
0 0.4296875 0.205158264947245 0.0109375 0.007033997655334115
0 0.583203125 0.20369284876905042 0.00703125 0.006447831184056272
0 0.737890625 0.2033997655334115 0.00703125 0.007033997655334115
0 0.497265625 0.19900351699882768 0.00546875 0.004103165298944901
0 0.701171875 0.19929660023446658 0.00546875 0.005861664712778429
0 0.407421875 0.19900351699882768 0.00703125 0.005275498241500586
0 0.53984375 0.19783118405627198 0.00625 0.006447831184056272
0 0.453515625 0.19871043376318875 0.00859375 0.008206330597889801
0 0.7578125 0.19871043376318875 0.009375 0.009378663540445486
0 0.60390625 0.19665885111371628 0.0078125 0.0076201641266119575
0 0.7234375 0.19196951934349354 0.003125 0.004103165298944901
0 0.56328125 0.19284876905041032 0.00625 0.005861664712778429
0 0.384765625 0.19196951934349354 0.00703125 0.005275498241500586
0 0.475 0.18962485345838218 0.0046875 0.005275498241500586
0 0.82734375 0.18933177022274325 0.0125 0.009378663540445486
0 0.51875 0.1884525205158265 0.00625 0.0076201641266119575
0 0.743359375 0.1858147713950762 0.00703125 0.005861664712778429
0 0.584375 0.18493552168815944 0.0046875 0.006447831184056272
0 0.64296875 0.18259085580304807 0.0078125 0.006447831184056272
0 0.69375 0.1817116060961313 0.00625 0.007033997655334115
0 0.6171875 0.1802461899179367 0.0046875 0.004103165298944901
0 0.547265625 0.17995310668229778 0.00390625 0.0035169988276670576
0 0.762890625 0.18141852286049237 0.01015625 0.008792497069167644
0 0.455078125 0.17731535756154748 0.00390625 0.0029308323563892145
0 0.33828125 0.179073856975381 0.0078125 0.006447831184056272
0 0.793359375 0.17848769050410315 0.01171875 0.0076201641266119575
0 0.712890625 0.17379835873388041 0.00859375 0.0076201641266119575
0 0.823828125 0.17174677608440797 0.01171875 0.009378663540445486
0 0.52421875 0.17028135990621338 0.009375 0.006447831184056272
0 0.59609375 0.16969519343493553 0.0078125 0.006447831184056272
0 0.50078125 0.1694021101992966 0.0078125 0.005861664712778429
0 0.742578125 0.167936694021102 0.01015625 0.0076201641266119575
0 0.399609375 0.1655920281359906 0.00390625 0.0029308323563892145
0 0.56328125 0.16588511137162953 0.00625 0.005861664712778429
0 0.848828125 0.16207502930832357 0.00546875 0.006447831184056272
0 0.764453125 0.16324736225087924 0.01015625 0.008792497069167644
0 0.428125 0.16207502930832357 0.0078125 0.006447831184056272
0 0.848046875 0.15797186400937865 0.00078125 0.0005861664712778429
0 0.85390625 0.15562719812426729 0.003125 0.0005861664712778429
0 0.614453125 0.1570926143024619 0.00546875 0.005861664712778429
0 0.7203125 0.15679953106682298 0.009375 0.006447831184056272
0 0.64609375 0.1559202813599062 0.00625 0.008206330597889801
0 0.82734375 0.14976553341148885 0.0015625 0.0005861664712778429
0 0.33359375 0.1515240328253224 0.0078125 0.005275498241500586
0 0.6671875 0.15123094958968347 0.009375 0.005861664712778429
0 0.782421875 0.15240328253223914 0.01171875 0.009378663540445486
0 0.5484375 0.15093786635404455 0.0078125 0.006447831184056272
0 0.525390625 0.14859320046893318 0.00546875 0.004103165298944901
0 0.805078125 0.1477139507620164 0.01171875 0.009378663540445486
0 0.58125 0.1450762016412661 0.0078125 0.006447831184056272
0 0.308203125 0.13980070339976552 0.01171875 0.0076201641266119575
0 0.757421875 0.138042203985932 0.01015625 0.006447831184056272
0 0.690625 0.1354044548651817 0.009375 0.008206330597889801
0 0.367578125 0.13188745603751464 0.00703125 0.004689331770222743
0 0.63046875 0.13188745603751464 0.0078125 0.005861664712778429
0 0.33046875 0.13130128956623682 0.009375 0.005861664712778429
0 0.2796875 0.13305978898007034 0.0109375 0.009378663540445486
0 0.5328125 0.12749120750293083 0.0046875 0.004103165298944901
0 0.66796875 0.12778429073856976 0.00625 0.005861664712778429
0 0.5875 0.12631887456037513 0.0046875 0.004103165298944901
0 0.50703125 0.123094958968347 0.0078125 0.005861664712778429
0 0.228515625 0.11635404454865182 0.00703125 0.0076201641266119575
0 0.230078125 0.11166471277842907 0.00078125 0.0005861664712778429
0 0.22421875 0.10902696365767878 0.0046875 0.0011723329425556857
