0 0.223828125 0.9475381008206331 0.01015625 0.00996483001172333
0 0.24609375 0.9410902696365768 0.0109375 0.00996483001172333
0 0.191015625 0.9393317702227433 0.00859375 0.008792497069167644
0 0.216015625 0.9296600234466589 0.01015625 0.008206330597889801
0 0.181640625 0.9109026963657679 0.01171875 0.009378663540445486
0 0.487109375 0.9006447831184057 0.01015625 0.00996483001172333
0 0.327734375 0.8991793669402111 0.00859375 0.008206330597889801
0 0.623828125 0.8939038686987104 0.01015625 0.009378663540445486
0 0.533203125 0.8900937866354045 0.01015625 0.008792497069167644
0 0.26171875 0.8856975381008206 0.0015625 0.0011723329425556857
0 0.26328125 0.8836459554513482 0.0015625 0.0017584994138335288
0 0.189453125 0.8871629542790153 0.01171875 0.00996483001172333
0 0.5640625 0.8856975381008206 0.009375 0.008206330597889801
0 0.29765625 0.8830597889800703 0.009375 0.0076201641266119575
0 0.231640625 0.8830597889800703 0.01171875 0.00996483001172333
0 0.325390625 0.8801289566236812 0.01015625 0.005275498241500586
0 0.59140625 0.8813012895662368 0.009375 0.008792497069167644
0 0.211328125 0.8786635404454866 0.00859375 0.005861664712778429
0 0.544921875 0.8757327080890973 0.00078125 0.0011723329425556857
0 0.576953125 0.8728018757327081 0.00546875 0.0035169988276670576
0 0.28984375 0.8604923798358733 0.0078125 0.008206330597889801
0 0.2484375 0.8587338804220399 0.0125 0.008206330597889801
0 0.588671875 0.858440797186401 0.01015625 0.008792497069167644
0 0.547265625 0.8569753810082064 0.01015625 0.008206330597889801
0 0.358203125 0.8555099648300117 0.00859375 0.008792497069167644
0 0.332421875 0.8531652989449003 0.00390625 0.004103165298944901
0 0.3828125 0.8508206330597889 0.0046875 0.0029308323563892145
0 0.412109375 0.8537514654161782 0.01015625 0.00996483001172333
0 0.265625 0.8455451348182884 0.0046875 0.004103165298944901
0 0.487109375 0.8429073856975381 0.01015625 0.009378663540445486
0 0.55703125 0.8414419695193435 0.0078125 0.008792497069167644
0 0.29140625 0.8414419695193435 0.009375 0.008792497069167644
0 0.206640625 0.8420281359906213 0.01171875 0.00996483001172333
0 0.623046875 0.8390973036342321 0.01015625 0.008792497069167644
0 0.1859375 0.8373388042203986 0.0125 0.008792497069167644
0 0.601171875 0.8300117233294255 0.01015625 0.009378663540445486
0 0.276171875 0.828253223915592 0.01171875 0.009378663540445486
0 0.3328125 0.8244431418522861 0.0109375 0.006447831184056272
0 0.1921875 0.8218053927315357 0.0046875 0.0035169988276670576
0 0.576953125 0.8241500586166471 0.01015625 0.009378663540445486
0 0.635546875 0.8220984759671747 0.01015625 0.008792497069167644
0 0.508984375 0.8226846424384525 0.01015625 0.00996483001172333
0 0.3546875 0.8200468933177022 0.009375 0.007033997655334115
0 0.2203125 0.8168229777256741 0.0109375 0.00996483001172333
0 0.245703125 0.8147713950762017 0.01015625 0.008206330597889801
0 0.55859375 0.8103751465416178 0.00625 0.005275498241500586
0 0.486328125 0.8127198124267292 0.01015625 0.00996483001172333
0 0.3328125 0.8074443141852286 0.0046875 0.004103165298944901
0 0.415234375 0.80978898007034 0.01015625 0.00996483001172333
0 0.177734375 0.8083235638921453 0.01015625 0.008206330597889801
0 0.61328125 0.8048065650644783 0.0046875 0.004689331770222743
0 0.6328125 0.8053927315357562 0.0078125 0.007033997655334115
0 0.588671875 0.8036342321219226 0.01015625 0.008206330597889801
0 0.2015625 0.8036342321219226 0.0109375 0.009378663540445486
0 0.357421875 0.8018757327080891 0.00859375 0.008206330597889801
0 0.30625 0.7980656506447831 0.0125 0.00996483001172333
0 0.24296875 0.7968933177022274 0.0109375 0.008792497069167644
0 0.653515625 0.7963071512309496 0.01015625 0.008792497069167644
0 0.56015625 0.7942555685814772 0.0078125 0.004689331770222743
0 0.223046875 0.7924970691676436 0.00703125 0.007033997655334115
0 0.18203125 0.7916178194607268 0.0109375 0.006447831184056272
0 0.2671875 0.7901524032825322 0.00625 0.005861664712778429
0 0.427734375 0.7907385697538101 0.01015625 0.009378663540445486
0 0.580859375 0.787221570926143 0.00859375 0.004689331770222743
0 0.693359375 0.7886869871043376 0.01015625 0.008792497069167644
0 0.604296875 0.7883939038686987 0.01015625 0.008206330597889801
0 0.741015625 0.7878077373974208 0.01015625 0.008206330597889801
0 0.627734375 0.7875146541617819 0.01015625 0.0076201641266119575
0 0.54140625 0.787221570926143 0.009375 0.009378663540445486
0 0.202734375 0.7831184056271981 0.01015625 0.008206330597889801
0 0.336328125 0.7801875732708089 0.01171875 0.009378663540445486
0 0.287890625 0.7793083235638921 0.01171875 0.008792497069167644
0 0.25390625 0.7784290738569754 0.0125 0.008206330597889801
0 0.559375 0.7772567409144197 0.0109375 0.008206330597889801
0 0.179296875 0.7746189917936694 0.00703125 0.004103165298944901
0 0.227734375 0.7737397420867527 0.01015625 0.008206330597889801
0 0.578125 0.768757327080891 0.0078125 0.0076201641266119575
0 0.319921875 0.7699296600234466 0.00859375 0.00996483001172333
0 0.670703125 0.7643610785463072 0.01015625 0.008206330597889801
0 0.20078125 0.7646541617819461 0.0109375 0.008792497069167644
0 0.298046875 0.7640679953106683 0.01171875 0.008792497069167644
0 0.354296875 0.7617233294255569 0.01015625 0.008792497069167644
0 0.26015625 0.7605509964830012 0.0109375 0.008792497069167644
0 0.1765625 0.757327080890973 0.009375 0.008206330597889801
0 0.601953125 0.7558616647127784 0.01015625 0.008792497069167644
0 0.280859375 0.7532239155920282 0.00703125 0.007033997655334115
0 0.74375 0.7535169988276671 0.0109375 0.008792497069167644
0 0.55546875 0.7532239155920282 0.009375 0.009378663540445486
0 0.217578125 0.7520515826494725 0.01171875 0.007033997655334115
0 0.7 0.7467760844079718 0.0109375 0.008206330597889801
0 0.196484375 0.7450175849941383 0.01171875 0.005861664712778429
0 0.372265625 0.7450175849941383 0.01015625 0.009378663540445486
0 0.303515625 0.7429660023446659 0.00703125 0.005275498241500586
0 0.171484375 0.7403282532239156 0.01171875 0.005861664712778429
0 0.34375 0.7397420867526378 0.0109375 0.009378663540445486
0 0.566015625 0.7391559202813599 0.01015625 0.009378663540445486
0 0.682421875 0.7359320046893317 0.01015625 0.0076201641266119575
0 0.27890625 0.7356389214536928 0.0109375 0.008206330597889801
0 0.216796875 0.731242672919109 0.01015625 0.006447831184056272
0 0.726953125 0.731535756154748 0.00859375 0.008206330597889801
0 0.1890625 0.7291910902696366 0.0109375 0.007033997655334115
0 0.49140625 0.7259671746776084 0.009375 0.008792497069167644
0 0.705078125 0.7245017584994138 0.01015625 0.008206330597889801
0 0.166015625 0.723915592028136 0.01171875 0.007033997655334115
0 0.243359375 0.7215709261430246 0.00390625 0.004689331770222743
0 0.65859375 0.7218640093786636 0.0109375 0.008792497069167644
0 0.265234375 0.7195193434935522 0.00859375 0.005275498241500586
0 0.6828125 0.7198124267291911 0.0109375 0.007033997655334115
0 0.20625 0.7177608440797186 0.0109375 0.006447831184056272
0 0.2953125 0.7168815943728019 0.0109375 0.008206330597889801
0 0.72109375 0.7136576787807737 0.0109375 0.0076201641266119575
0 0.64453125 0.7110199296600235 0.009375 0.008206330597889801
0 0.227734375 0.7101406799531067 0.01171875 0.006447831184056272
0 0.183203125 0.7113130128956624 0.01171875 0.008792497069167644
0 0.252734375 0.7086752637749121 0.01171875 0.005861664712778429
0 0.670703125 0.7083821805392732 0.01015625 0.0076201641266119575
0 0.392578125 0.7075029308323564 0.01015625 0.008206330597889801
0 0.7015625 0.7028135990621337 0.0109375 0.008206330597889801
0 0.164453125 0.7025205158264948 0.01171875 0.008792497069167644
0 0.201953125 0.7001758499413834 0.01015625 0.006447831184056272
0 0.2859375 0.6984173505275498 0.0109375 0.0076201641266119575
0 0.658203125 0.6957796014067995 0.01015625 0.008206330597889801
0 0.680859375 0.6946072684642438 0.01015625 0.008206330597889801
0 0.22421875 0.6934349355216881 0.0109375 0.008206330597889801
0 0.183984375 0.6896248534583822 0.00234375 0.0029308323563892145
0 0.308984375 0.6913833528722158 0.01015625 0.0076201641266119575
0 0.26328125 0.6913833528722158 0.0109375 0.0076201641266119575
0 0.5453125 0.690504103165299 0.009375 0.008206330597889801
0 0.644140625 0.686400937866354 0.01015625 0.008206330597889801
0 0.151953125 0.686400937866354 0.01171875 0.008206330597889801
0 0.243359375 0.6837631887456037 0.01171875 0.006447831184056272
0 0.28203125 0.6814185228604924 0.0109375 0.0076201641266119575
0 0.204296875 0.6817116060961314 0.01171875 0.008206330597889801
0 0.690234375 0.6799531066822978 0.01015625 0.008206330597889801
0 0.709765625 0.6787807737397421 0.01171875 0.008206330597889801
0 0.406640625 0.6779015240328253 0.01015625 0.0076201641266119575
0 0.659765625 0.6740914419695193 0.01015625 0.008206330597889801
0 0.185546875 0.671746776084408 0.01171875 0.005861664712778429
0 0.729296875 0.6702813599062134 0.01015625 0.0076201641266119575
0 0.1578125 0.6688159437280188 0.0125 0.008206330597889801
0 0.237890625 0.6682297772567409 0.01015625 0.008206330597889801
0 0.214453125 0.6661781946072685 0.01015625 0.0076201641266119575
0 0.2984375 0.664126611957796 0.0109375 0.007033997655334115
0 0.27578125 0.6632473622508792 0.0109375 0.008792497069167644
0 0.671875 0.6588511137162955 0.0078125 0.0023446658851113715
0 0.253515625 0.6562133645955451 0.01171875 0.0076201641266119575
0 0.178125 0.656799531066823 0.009375 0.008792497069167644
0 0.732421875 0.6541617819460727 0.01015625 0.007033997655334115
0 0.2265625 0.6491793669402111 0.0015625 0.0005861664712778429
0 0.219921875 0.6480070339976554 0.00078125 0.0005861664712778429
0 0.757421875 0.6497655334114889 0.01015625 0.0076201641266119575
0 0.229296875 0.6474208675263775 0.00234375 0.0029308323563892145
0 0.1625 0.645369284876905 0.0125 0.007033997655334115
0 0.7078125 0.6433177022274326 0.0109375 0.0076201641266119575
0 0.294140625 0.6418522860492379 0.01171875 0.008206330597889801
0 0.2515625 0.6389214536928488 0.0109375 0.008206330597889801
0 0.182421875 0.6354044548651817 0.00859375 0.004689331770222743
0 0.206640625 0.6356975381008206 0.01171875 0.006447831184056272
0 0.608984375 0.6310082063305978 0.01015625 0.0076201641266119575
0 0.229296875 0.6307151230949589 0.01171875 0.007033997655334115
0 0.1625 0.6277842907385698 0.0109375 0.008206330597889801
0 0.266796875 0.6266119577960141 0.01171875 0.008206330597889801
0 0.668359375 0.6257327080890973 0.01015625 0.0076201641266119575
0 0.290234375 0.6254396248534584 0.01171875 0.008206330597889801
0 0.215234375 0.6201641266119577 0.00078125 0.0011723329425556857
0 0.378125 0.6228018757327081 0.009375 0.0076201641266119575
0 0.76484375 0.61957796014068 0.0109375 0.007033997655334115
0 0.246484375 0.6184056271981243 0.01171875 0.007033997655334115
0 0.68515625 0.6166471277842908 0.0109375 0.007033997655334115
0 0.5921875 0.6134232121922626 0.009375 0.0076201641266119575
0 0.17421875 0.6125439624853458 0.0125 0.008206330597889801
0 0.3046875 0.6113716295427901 0.0109375 0.008206330597889801
0 0.741796875 0.6104923798358733 0.01015625 0.0076201641266119575
0 0.26171875 0.6055099648300117 0.0078125 0.005861664712778429
0 0.195703125 0.6055099648300117 0.01015625 0.005861664712778429
0 0.284375 0.6040445486518171 0.0109375 0.005275498241500586
0 0.6078125 0.6025791324736225 0.009375 0.007033997655334115
0 0.160546875 0.5978898007033998 0.01015625 0.004689331770222743
0 0.24296875 0.597303634232122 0.0109375 0.007033997655334115
0 0.219921875 0.597303634232122 0.01171875 0.008206330597889801
0 0.418359375 0.5964243845252052 0.01015625 0.0076201641266119575
0 0.1828125 0.5914419695193435 0.0109375 0.005861664712778429
0 0.592578125 0.5896834701055099 0.00859375 0.007033997655334115
0 0.7109375 0.5879249706916765 0.009375 0.007033997655334115
0 0.746484375 0.5873388042203986 0.01015625 0.007033997655334115
0 0.309375 0.5852872215709262 0.0109375 0.0076201641266119575
0 0.28515625 0.5855803048065651 0.0109375 0.008206330597889801
0 0.204296875 0.5838218053927315 0.01171875 0.007033997655334115
0 0.231640625 0.5814771395076201 0.01171875 0.005861664712778429
0 0.62578125 0.5814771395076201 0.009375 0.007033997655334115
0 0.161328125 0.5814771395076201 0.01171875 0.008206330597889801
0 0.409765625 0.5785463071512309 0.01015625 0.008206330597889801
0 0.26484375 0.5776670574443142 0.0109375 0.006447831184056272
0 0.60703125 0.574736225087925 0.009375 0.0076201641266119575
0 0.246484375 0.5688745603751465 0.01171875 0.005275498241500586
0 0.53515625 0.5691676436107854 0.009375 0.007033997655334115
0 0.305859375 0.5688745603751465 0.01171875 0.0076201641266119575
0 0.4625 0.5662368112543963 0.009375 0.0035169988276670576
0 0.1984375 0.5677022274325909 0.0125 0.0076201641266119575
0 0.439453125 0.5668229777256741 0.01015625 0.007033997655334115
0 0.22265625 0.5668229777256741 0.0109375 0.008206330597889801
0 0.648828125 0.5647713950762017 0.01015625 0.006447831184056272
0 0.283203125 0.5653575615474795 0.01171875 0.0076201641266119575
0 0.705078125 0.5621336459554513 0.01015625 0.007033997655334115
0 0.326953125 0.556271981242673 0.01015625 0.007033997655334115
0 0.525 0.5530480656506448 0.009375 0.006447831184056272
0 0.259375 0.5527549824150059 0.0109375 0.007033997655334115
0 0.6859375 0.552168815943728 0.009375 0.007033997655334115
0 0.66015625 0.5518757327080891 0.009375 0.0076201641266119575
0 0.236328125 0.5515826494724502 0.01171875 0.008206330597889801
0 0.187109375 0.5515826494724502 0.01171875 0.008206330597889801
0 0.34765625 0.5507033997655334 0.0109375 0.0076201641266119575
0 0.210546875 0.548358733880422 0.01171875 0.0076201641266119575
0 0.280859375 0.5480656506447831 0.01171875 0.008206330597889801
0 0.15625 0.5466002344665886 0.0125 0.0076201641266119575
0 0.30546875 0.5433763188745604 0.0109375 0.008206330597889801
0 0.32734375 0.5395662368112544 0.0109375 0.0076201641266119575
0 0.175390625 0.537221570926143 0.01171875 0.008792497069167644
0 0.2609375 0.5363423212192263 0.0109375 0.008206330597889801
0 0.65859375 0.5334114888628371 0.009375 0.007033997655334115
0 0.222265625 0.533704572098476 0.01171875 0.0076201641266119575
0 0.688671875 0.5328253223915592 0.00859375 0.007033997655334115
0 0.198828125 0.5328253223915592 0.01171875 0.008206330597889801
0 0.288671875 0.5304806565064478 0.01171875 0.005861664712778429
0 0.315234375 0.5281359906213364 0.00390625 0.004689331770222743
0 0.72421875 0.5263774912075029 0.009375 0.007033997655334115
0 0.24375 0.5243259085580305 0.0125 0.0076201641266119575
0 0.16640625 0.5211019929660023 0.0125 0.008206330597889801
0 0.269140625 0.5199296600234466 0.01171875 0.008206330597889801
0 0.21171875 0.5181711606096131 0.0125 0.008206330597889801
0 0.29453125 0.5155334114888629 0.0109375 0.0076201641266119575
0 0.18828125 0.5123094958968347 0.0125 0.008206330597889801
0 0.316796875 0.5105509964830012 0.01171875 0.007033997655334115
0 0.33984375 0.5090855803048066 0.0109375 0.005275498241500586
0 0.2296875 0.5067409144196952 0.0109375 0.0076201641266119575
0 0.36171875 0.5061547479484173 0.0109375 0.0076201641266119575
0 0.255078125 0.5064478311840562 0.01171875 0.008206330597889801
0 0.15390625 0.5064478311840562 0.0125 0.008206330597889801
0 0.278125 0.5043962485345839 0.0109375 0.0076201641266119575
0 0.2078125 0.5011723329425557 0.0125 0.008206330597889801
0 0.736328125 0.49941383352872215 0.00859375 0.007033997655334115
0 0.3015625 0.49824150058616645 0.0109375 0.008206330597889801
0 0.596484375 0.4967760844079719 0.01015625 0.006447831184056272
0 0.387890625 0.49618991793669404 0.01015625 0.0076201641266119575
0 0.1765625 0.4958968347010551 0.0109375 0.007033997655334115
0 0.32421875 0.49501758499413834 0.0109375 0.0076201641266119575
0 0.279296875 0.48710433763188743 0.01171875 0.005861664712778429
0 0.7453125 0.4859320046893318 0.009375 0.007033997655334115
0 0.252734375 0.4824150058616647 0.01171875 0.008206330597889801
0 0.311328125 0.48124267291910905 0.01171875 0.008206330597889801
0 0.446875 0.4797772567409144 0.009375 0.0076201641266119575
0 0.467578125 0.4762602579132474 0.01015625 0.0076201641266119575
0 0.232421875 0.47332942555685814 0.01171875 0.0076201641266119575
0 0.182421875 0.4730363423212192 0.01171875 0.008206330597889801
0 0.74921875 0.4695193434935522 0.009375 0.007033997655334115
0 0.296484375 0.4683470105509965 0.01171875 0.008206330597889801
0 0.77109375 0.4645369284876905 0.009375 0.006447831184056272
0 0.2609375 0.46512309495896836 0.0109375 0.0076201641266119575
0 0.80546875 0.4642438452520516 0.0109375 0.007033997655334115
0 0.494140625 0.4642438452520516 0.01015625 0.007033997655334115
0 0.71328125 0.4598475967174678 0.009375 0.006447831184056272
0 0.198828125 0.4604337631887456 0.01171875 0.0076201641266119575
0 0.61640625 0.45955451348182885 0.009375 0.007033997655334115
0 0.66875 0.4586752637749121 0.009375 0.006447831184056272
0 0.38125 0.458968347010551 0.0109375 0.007033997655334115
0 0.403125 0.45838218053927315 0.009375 0.007033997655334115
0 0.1640625 0.45720984759671746 0.0125 0.005861664712778429
0 0.319140625 0.45691676436107853 0.01171875 0.0076201641266119575
0 0.221484375 0.4566236811254396 0.01171875 0.008206330597889801
0 0.279296875 0.45515826494724504 0.01171875 0.0076201641266119575
0 0.748828125 0.4536928487690504 0.01015625 0.007033997655334115
0 0.78359375 0.45310668229777257 0.0109375 0.007033997655334115
0 0.244921875 0.45310668229777257 0.01171875 0.008206330597889801
0 0.696875 0.451348182883939 0.009375 0.007033997655334115
0 0.6328125 0.4501758499413834 0.009375 0.007033997655334115
0 0.339453125 0.44958968347010553 0.01171875 0.007033997655334115
0 0.489453125 0.44871043376318875 0.01015625 0.0076201641266119575
0 0.36328125 0.4490035169988277 0.0109375 0.008206330597889801
0 0.72578125 0.4481242672919109 0.009375 0.0076201641266119575
0 0.299609375 0.44753810082063306 0.01171875 0.0076201641266119575
0 0.674609375 0.4437280187573271 0.01015625 0.007033997655334115
0 0.177734375 0.44314185228604924 0.01171875 0.005861664712778429
0 0.153125 0.44314185228604924 0.0125 0.008206330597889801
0 0.761328125 0.4413833528722157 0.01015625 0.007033997655334115
0 0.741796875 0.4384525205158265 0.01015625 0.007033997655334115
0 0.7109375 0.4384525205158265 0.009375 0.007033997655334115
0 0.25703125 0.43786635404454866 0.0109375 0.005861664712778429
0 0.226953125 0.4393317702227433 0.01015625 0.008792497069167644
0 0.28046875 0.4381594372801876 0.0109375 0.0076201641266119575
0 0.20078125 0.4372801875732708 0.0125 0.007033997655334115
0 0.396484375 0.43522860492379833 0.01015625 0.0076201641266119575
0 0.3265625 0.43552168815943726 0.0109375 0.008206330597889801
0 0.37421875 0.43464243845252054 0.0109375 0.0076201641266119575
0 0.34921875 0.4349355216881594 0.0109375 0.008206330597889801
0 0.479296875 0.432883939038687 0.01015625 0.0076201641266119575
0 0.5109375 0.43141852286049237 0.009375 0.007033997655334115
0 0.66328125 0.4308323563892145 0.009375 0.007033997655334115
0 0.53203125 0.4284876905041032 0.009375 0.007033997655334115
0 0.163671875 0.4276084407971864 0.01171875 0.008792497069167644
0 0.683203125 0.4232121922626026 0.01015625 0.007033997655334115
0 0.24453125 0.42379835873388044 0.0109375 0.008206330597889801
0 0.215234375 0.4235052754982415 0.01171875 0.0076201641266119575
0 0.712890625 0.42262602579132474 0.01015625 0.007033997655334115
0 0.290625 0.4232121922626026 0.0109375 0.008206330597889801
0 0.187109375 0.4232121922626026 0.01171875 0.008206330597889801
0 0.774609375 0.4208675263774912 0.01015625 0.007033997655334115
0 0.312890625 0.4194021101992966 0.01171875 0.0076201641266119575
0 0.337109375 0.4176436107854631 0.01015625 0.0076201641266119575
0 0.734375 0.4164712778429074 0.0109375 0.006447831184056272
0 0.36953125 0.41735052754982416 0.0109375 0.008206330597889801
0 0.75234375 0.4111957796014068 0.0109375 0.006447831184056272
0 0.273046875 0.41207502930832357 0.01171875 0.008206330597889801
0 0.155078125 0.4111957796014068 0.01171875 0.008792497069167644
0 0.2296875 0.41031652989449 0.0109375 0.008206330597889801
0 0.7171875 0.40738569753810083 0.009375 0.007033997655334115
0 0.206640625 0.40738569753810083 0.01171875 0.008206330597889801
0 0.775390625 0.40504103165298944 0.01015625 0.007033997655334115
0 0.45390625 0.40357561547479487 0.009375 0.006447831184056272
0 0.320703125 0.40416178194607266 0.01015625 0.0076201641266119575
0 0.29296875 0.40416178194607266 0.0109375 0.0076201641266119575
0 0.3484375 0.40328253223915594 0.009375 0.007033997655334115
0 0.2515625 0.40386869871043374 0.0125 0.008206330597889801
0 0.177734375 0.40240328253223917 0.01171875 0.0076201641266119575
0 0.697265625 0.4015240328253224 0.01015625 0.007033997655334115
0 0.42734375 0.3994724501758499 0.009375 0.0076201641266119575
0 0.4734375 0.39771395076201643 0.009375 0.0076201641266119575
0 0.59921875 0.3959554513481829 0.009375 0.0076201641266119575
0 0.53515625 0.39419695193434934 0.009375 0.006447831184056272
0 0.27421875 0.3950762016412661 0.0109375 0.008206330597889801
0 0.72734375 0.39331770222743256 0.0109375 0.007033997655334115
0 0.371875 0.3939038686987104 0.0109375 0.008206330597889801
0 0.148828125 0.39419695193434934 0.01171875 0.008792497069167644
0 0.232421875 0.39331770222743256 0.01171875 0.008206330597889801
0 0.764453125 0.3909730363423212 0.01015625 0.007033997655334115
0 0.404296875 0.3883352872215709 0.01015625 0.0076201641266119575
0 0.51484375 0.3877491207502931 0.009375 0.0076201641266119575
0 0.689453125 0.38686987104337633 0.01015625 0.007033997655334115
0 0.3515625 0.3865767878077374 0.0109375 0.0076201641266119575
0 0.25390625 0.38599062133645956 0.0109375 0.006447831184056272
0 0.744140625 0.38569753810082064 0.01015625 0.007033997655334115
0 0.169921875 0.38569753810082064 0.01171875 0.008206330597889801
0 0.32578125 0.38364595545134816 0.009375 0.0076201641266119575
0 0.3015625 0.3821805392731536 0.0109375 0.008206330597889801
0 0.62109375 0.3810082063305979 0.009375 0.007033997655334115
0 0.4671875 0.3813012895662368 0.009375 0.0076201641266119575
0 0.214453125 0.3813012895662368 0.01171875 0.0076201641266119575
0 0.7796875 0.38042203985932005 0.009375 0.007033997655334115
0 0.709375 0.3798358733880422 0.0109375 0.007033997655334115
0 0.423828125 0.3783704572098476 0.01015625 0.0076201641266119575
0 0.27890625 0.37807737397420865 0.0109375 0.007033997655334115
0 0.19140625 0.37807737397420865 0.0125 0.008206330597889801
0 0.728515625 0.376905041031653 0.01015625 0.007033997655334115
0 0.759765625 0.37602579132473624 0.01015625 0.0076201641266119575
0 0.675 0.3757327080890973 0.009375 0.007033997655334115
0 0.388671875 0.37631887456037516 0.01015625 0.008206330597889801
0 0.36640625 0.3742672919109027 0.0109375 0.0076201641266119575
0 0.15234375 0.37368112543962484 0.0125 0.008792497069167644
0 0.33984375 0.3713364595545135 0.0109375 0.0076201641266119575
0 0.259375 0.36957796014067995 0.00625 0.006447831184056272
0 0.69375 0.36957796014067995 0.009375 0.0076201641266119575
0 0.56015625 0.3689917936694021 0.009375 0.0076201641266119575
0 0.232421875 0.36840562719812425 0.01171875 0.0076201641266119575
0 0.406640625 0.3669402110199297 0.01015625 0.007033997655334115
0 0.3171875 0.3660609613130129 0.009375 0.0076201641266119575
0 0.29375 0.3660609613130129 0.0109375 0.0076201641266119575
0 0.774609375 0.36547479484173506 0.01015625 0.0076201641266119575
0 0.46171875 0.3648886283704572 0.009375 0.0076201641266119575
0 0.501171875 0.36400937866354044 0.00859375 0.007033997655334115
0 0.205078125 0.3645955451348183 0.01171875 0.008206330597889801
0 0.716796875 0.36313012895662367 0.01015625 0.0076201641266119575
0 0.427734375 0.36107854630715125 0.00859375 0.007033997655334115
0 0.64609375 0.35990621336459555 0.009375 0.007033997655334115
0 0.679296875 0.3590269636576788 0.01015625 0.0076201641266119575
0 0.61015625 0.35873388042203985 0.009375 0.007033997655334115
0 0.74765625 0.358147713950762 0.009375 0.007033997655334115
0 0.353515625 0.35844079718640093 0.01015625 0.0076201641266119575
0 0.38515625 0.35756154747948415 0.009375 0.007033997655334115
0 0.27265625 0.3569753810082063 0.0109375 0.008206330597889801
0 0.24609375 0.35433763188745604 0.0078125 0.004103165298944901
0 0.44765625 0.3525791324736225 0.00625 0.005275498241500586
0 0.1546875 0.3537514654161782 0.0125 0.008792497069167644
0 0.701171875 0.35228604923798357 0.01015625 0.007033997655334115
0 0.33046875 0.3525791324736225 0.009375 0.0076201641266119575
0 0.590625 0.35199296600234464 0.009375 0.0076201641266119575
0 0.407421875 0.3505275498241501 0.01015625 0.005861664712778429
0 0.30703125 0.3505275498241501 0.0109375 0.008206330597889801
0 0.66015625 0.34788980070339975 0.009375 0.0076201641266119575
0 0.49453125 0.34788980070339975 0.009375 0.0076201641266119575
0 0.6390625 0.3443728018757327 0.009375 0.0076201641266119575
0 0.42734375 0.3429073856975381 0.00625 0.004689331770222743
0 0.731640625 0.34349355216881594 0.01015625 0.007033997655334115
0 0.75390625 0.343200468933177 0.0109375 0.0076201641266119575
0 0.607421875 0.34261430246189917 0.00859375 0.0076201641266119575
0 0.466796875 0.34232121922626024 0.00703125 0.007033997655334115
0 0.34765625 0.34144196951934347 0.009375 0.0076201641266119575
0 0.3796875 0.3399765533411489 0.009375 0.007033997655334115
0 0.265625 0.3402696365767878 0.0109375 0.0076201641266119575
0 0.22890625 0.3388042203985932 0.0109375 0.007033997655334115
0 0.711328125 0.3385111371629543 0.01015625 0.0076201641266119575
0 0.691796875 0.33792497069167643 0.01015625 0.0076201641266119575
0 0.28984375 0.33792497069167643 0.0109375 0.0076201641266119575
0 0.58125 0.33704572098475966 0.009375 0.007033997655334115
0 0.55859375 0.33675263774912073 0.0078125 0.006447831184056272
0 0.51015625 0.33675263774912073 0.009375 0.006447831184056272
0 0.769921875 0.33528722157092616 0.01171875 0.007033997655334115
0 0.671875 0.3355803048065651 0.0109375 0.0076201641266119575
0 0.446875 0.3355803048065651 0.0078125 0.0076201641266119575
0 0.4 0.33382180539273154 0.009375 0.0076201641266119575
0 0.31484375 0.33147713950762014 0.0046875 0.006447831184056272
0 0.48984375 0.33147713950762014 0.009375 0.0076201641266119575
0 0.64921875 0.32942555685814773 0.009375 0.007033997655334115
0 0.24765625 0.3288393903868699 0.0109375 0.007033997655334115
0 0.729296875 0.3279601406799531 0.01015625 0.0076201641266119575
0 0.628515625 0.32708089097303633 0.00859375 0.007033997655334115
0 0.358203125 0.3267878077373974 0.00703125 0.006447831184056272
0 0.334375 0.32737397420867526 0.009375 0.0076201641266119575
0 0.41953125 0.324736225087925 0.009375 0.007033997655334115
0 0.60859375 0.3235638921453693 0.009375 0.007033997655334115
0 0.5703125 0.3235638921453693 0.0078125 0.007033997655334115
0 0.7828125 0.32327080890973037 0.009375 0.0076201641266119575
0 0.70703125 0.32327080890973037 0.009375 0.0076201641266119575
0 0.546484375 0.3226846424384525 0.00546875 0.006447831184056272
0 0.686328125 0.32209847596717467 0.00859375 0.0076201641266119575
0 0.4578125 0.3215123094958968 0.009375 0.0076201641266119575
0 0.37734375 0.32092614302461897 0.009375 0.0076201641266119575
0 0.29453125 0.32092614302461897 0.0109375 0.0076201641266119575
0 0.763671875 0.3203399765533411 0.01015625 0.0076201641266119575
0 0.27109375 0.3194607268464244 0.009375 0.007033997655334115
0 0.66484375 0.3191676436107855 0.009375 0.0076201641266119575
0 0.591015625 0.31447831184056274 0.00859375 0.006447831184056272
0 0.50078125 0.31477139507620167 0.009375 0.007033997655334115
0 0.4375 0.3150644783118406 0.0078125 0.0076201641266119575
0 0.317578125 0.3150644783118406 0.01015625 0.0076201641266119575
0 0.398046875 0.3141852286049238 0.01015625 0.008206330597889801
0 0.64609375 0.31330597889800704 0.009375 0.0076201641266119575
0 0.527734375 0.3130128956623681 0.00703125 0.007033997655334115
0 0.476171875 0.3127198124267292 0.00859375 0.0076201641266119575
0 0.342578125 0.31213364595545134 0.01015625 0.0076201641266119575
0 0.626171875 0.31096131301289565 0.00859375 0.0076201641266119575
0 0.71953125 0.3103751465416178 0.009375 0.0076201641266119575
0 0.1484375 0.3103751465416178 0.0125 0.008792497069167644
0 0.699609375 0.30773739742086753 0.01015625 0.008206330597889801
0 0.56796875 0.30685814771395076 0.00625 0.006447831184056272
0 0.677734375 0.30685814771395076 0.01015625 0.0076201641266119575
0 0.418359375 0.3062719812426729 0.00859375 0.0076201641266119575
0 0.5453125 0.30568581477139506 0.009375 0.0076201641266119575
0 0.606640625 0.3048065650644783 0.00859375 0.007033997655334115
0 0.456640625 0.30392731535756157 0.01015625 0.0076201641266119575
0 0.378515625 0.30392731535756157 0.01015625 0.0076201641266119575
0 0.7609375 0.3030480656506448 0.0109375 0.007033997655334115
0 0.2921875 0.3030480656506448 0.00625 0.007033997655334115
0 0.4921875 0.2989449003516999 0.0046875 0.005861664712778429
0 0.584375 0.2989449003516999 0.009375 0.007033997655334115
0 0.731640625 0.29835873388042206 0.01015625 0.007033997655334115
0 0.6546875 0.298651817116061 0.009375 0.0076201641266119575
0 0.3125 0.29806565064478313 0.0109375 0.0076201641266119575
0 0.398828125 0.2966002344665885 0.01015625 0.007033997655334115
0 0.526953125 0.2963071512309496 0.01015625 0.0076201641266119575
0 0.437109375 0.2966002344665885 0.01015625 0.008206330597889801
0 0.3578125 0.29601406799531066 0.0109375 0.007033997655334115
0 0.712890625 0.2954279015240328 0.01015625 0.008206330597889801
0 0.334375 0.2951348182883939 0.0109375 0.0076201641266119575
0 0.634375 0.29425556858147717 0.009375 0.007033997655334115
0 0.776953125 0.29396248534583824 0.01015625 0.0076201641266119575
0 0.69140625 0.29279015240328254 0.009375 0.0076201641266119575
0 0.55546875 0.291031652989449 0.009375 0.0076201641266119575
0 0.15078125 0.29191090269636577 0.0125 0.009378663540445486
0 0.671875 0.2901524032825322 0.009375 0.007033997655334115
0 0.6 0.2889800703399766 0.009375 0.007033997655334115
0 0.508203125 0.2895662368112544 0.00859375 0.008206330597889801
0 0.4578125 0.2869284876905041 0.0046875 0.005275498241500586
0 0.25703125 0.2878077373974209 0.009375 0.007033997655334115
0 0.41640625 0.2878077373974209 0.0109375 0.008206330597889801
0 0.757421875 0.28341148886283707 0.00078125 0.0005861664712778429
0 0.28515625 0.2866354044548652 0.009375 0.008206330597889801
0 0.5765625 0.28399765533411486 0.0046875 0.006447831184056272
0 0.619140625 0.28341148886283707 0.00859375 0.0076201641266119575
0 0.373828125 0.283704572098476 0.01015625 0.008206330597889801
0 0.733203125 0.28223915592028137 0.01015625 0.0076201641266119575
0 0.5375 0.28194607268464245 0.0078125 0.007033997655334115
0 0.653515625 0.2816529894490035 0.01015625 0.0076201641266119575
0 0.316015625 0.2804806565064478 0.01015625 0.0076201641266119575
0 0.435546875 0.2793083235638921 0.01015625 0.0076201641266119575
0 0.394921875 0.27960140679953105 0.01015625 0.008206330597889801
0 0.475 0.2787221570926143 0.0078125 0.0076201641266119575
0 0.703515625 0.2781359906213365 0.01015625 0.0076201641266119575
0 0.338671875 0.2781359906213365 0.01015625 0.0076201641266119575
0 0.68125 0.276084407971864 0.009375 0.007033997655334115
0 0.55859375 0.2737397420867526 0.0046875 0.005861664712778429
0 0.49609375 0.2746189917936694 0.009375 0.0076201641266119575
0 0.589453125 0.2731535756154748 0.00859375 0.007033997655334115
0 0.519140625 0.27256740914419697 0.00859375 0.007033997655334115
0 0.6359375 0.27227432590855805 0.009375 0.0076201641266119575
0 0.41484375 0.27110199296600235 0.00625 0.005275498241500586
0 0.76328125 0.2716881594372802 0.0109375 0.0076201641266119575
0 0.455078125 0.2696365767878077 0.00703125 0.007033997655334115
0 0.287890625 0.2693434935521688 0.00859375 0.006447831184056272
0 0.612109375 0.2675849941383353 0.00546875 0.005275498241500586
0 0.741015625 0.2675849941383353 0.01015625 0.0076201641266119575
0 0.37109375 0.26670574443141853 0.0109375 0.007033997655334115
0 0.654296875 0.2652403282532239 0.00859375 0.0076201641266119575
0 0.538671875 0.2652403282532239 0.00859375 0.0076201641266119575
0 0.348828125 0.26318874560375144 0.01015625 0.007033997655334115
0 0.69375 0.26318874560375144 0.009375 0.008206330597889801
0 0.480859375 0.2623094958968347 0.01015625 0.0076201641266119575
0 0.434375 0.26172332942555687 0.00625 0.006447831184056272
0 0.6734375 0.261137162954279 0.009375 0.0076201641266119575
0 0.392578125 0.2608440797186401 0.01015625 0.008206330597889801
0 0.712109375 0.2596717467760844 0.01015625 0.008206330597889801
0 0.578125 0.2584994138335287 0.00625 0.007033997655334115
0 0.558203125 0.25586166471277844 0.00390625 0.005275498241500586
0 0.52109375 0.25468933177022274 0.0078125 0.005275498241500586
0 0.639453125 0.25498241500586166 0.00546875 0.007033997655334115
0 0.500390625 0.2541031652989449 0.00703125 0.005275498241500586
0 0.329296875 0.2543962485345838 0.00859375 0.005861664712778429
0 0.461328125 0.2541031652989449 0.01015625 0.0076201641266119575
0 0.805859375 0.25351699882766704 0.01015625 0.0076201641266119575
0 0.411328125 0.2523446658851114 0.00859375 0.006447831184056272
0 0.656640625 0.2488276670574443 0.00859375 0.0076201641266119575
0 0.441796875 0.24706916764361078 0.00859375 0.006447831184056272
0 0.613671875 0.24501758499413834 0.00859375 0.007033997655334115
0 0.67578125 0.2447245017584994 0.009375 0.0076201641266119575
0 0.5890625 0.2444314185228605 0.0078125 0.007033997655334115
0 0.4796875 0.24325908558030482 0.00625 0.004689331770222743
0 0.703515625 0.24325908558030482 0.01015625 0.008206330597889801
0 0.56796875 0.2429660023446659 0.0078125 0.0076201641266119575
0 0.394921875 0.24150058616647127 0.00390625 0.004689331770222743
0 0.527734375 0.23944900351699883 0.00703125 0.006447831184056272
0 0.63203125 0.23798358733880423 0.009375 0.007033997655334115
0 0.458984375 0.23563892145369286 0.00859375 0.007033997655334115
0 0.659765625 0.23241500586166472 0.01015625 0.0076201641266119575
0 0.601953125 0.23182883939038687 0.00859375 0.006447831184056272
0 0.343359375 0.23036342321219228 0.00703125 0.004689331770222743
0 0.493359375 0.2309495896834701 0.00859375 0.007033997655334115
0 0.678515625 0.2283118405627198 0.01015625 0.0076201641266119575
0 0.369921875 0.22713950762016413 0.00859375 0.006447831184056272
0 0.574609375 0.22655334114888628 0.00703125 0.006447831184056272
0 0.758984375 0.2250879249706917 0.01015625 0.008206330597889801
0 0.625 0.22215709261430247 0.0078125 0.007033997655334115
0 0.510546875 0.22157092614302462 0.00859375 0.007033997655334115
0 0.735546875 0.22010550996483 0.01015625 0.0076201641266119575
0 0.695703125 0.21805392731535755 0.01015625 0.008206330597889801
0 0.48046875 0.21658851113716296 0.009375 0.005275498241500586
0 0.459765625 0.21570926143024619 0.00703125 0.007033997655334115
0 0.28125 0.2160023446658851 0.009375 0.0076201641266119575
0 0.71640625 0.21395076201641267 0.009375 0.008206330597889801
0 0.258203125 0.2063305978898007 0.01015625 0.007033997655334115
0 0.67265625 0.20574443141852286 0.009375 0.007033997655334115
0 0.31328125 0.19900351699882768 0.00625 0.006447831184056272
0 0.231640625 0.19929660023446658 0.01015625 0.007033997655334115
0 0.27890625 0.19783118405627198 0.009375 0.005275498241500586
0 0.46484375 0.19607268464243846 0.0078125 0.006447831184056272
0 0.516796875 0.194021101992966 0.00390625 0.004689331770222743
0 0.442578125 0.19079718640093787 0.00703125 0.006447831184056272
0 0.180078125 0.1817116060961313 0.01171875 0.009378663540445486
