0 0.266796875 0.9281946072684643 0.00078125 0.0005861664712778429
0 0.265234375 0.9267291910902696 0.00234375 0.0011723329425556857
0 0.284765625 0.9211606096131302 0.01171875 0.006447831184056272
0 0.23203125 0.9185228604923799 0.0015625 0.0011723329425556857
0 0.22421875 0.9152989449003517 0.0046875 0.0029308323563892145
0 0.253125 0.9094372801875733 0.009375 0.008792497069167644
0 0.374609375 0.9050410316529894 0.00390625 0.0035169988276670576
0 0.548046875 0.8977139507620164 0.01171875 0.011137162954279016
0 0.695703125 0.8874560375146542 0.01171875 0.010550996483001172
0 0.2171875 0.8868698710433763 0.0125 0.009378663540445486
0 0.376171875 0.8780773739742087 0.00390625 0.0035169988276670576
0 0.596484375 0.8795427901524033 0.01171875 0.00996483001172333
0 0.630078125 0.8754396248534584 0.01171875 0.00996483001172333
0 0.559765625 0.8754396248534584 0.01171875 0.00996483001172333
0 0.320703125 0.8710433763188745 0.00546875 0.0035169988276670576
0 0.402734375 0.8710433763188745 0.01171875 0.005861664712778429
0 0.660546875 0.8722157092614302 0.01171875 0.010550996483001172
0 0.310546875 0.861957796014068 0.00078125 0.0005861664712778429
0 0.447265625 0.8651817116060961 0.01171875 0.008206330597889801
0 0.223046875 0.8599062133645955 0.00390625 0.0023446658851113715
0 0.606640625 0.8631301289566237 0.01171875 0.00996483001172333
0 0.64453125 0.8604923798358733 0.0078125 0.009378663540445486
0 0.371484375 0.8607854630715123 0.01171875 0.00996483001172333
0 0.341015625 0.8610785463071512 0.01171875 0.010550996483001172
0 0.271484375 0.8581477139507621 0.01171875 0.007033997655334115
0 0.254296875 0.8534583821805393 0.00234375 0.0023446658851113715
0 0.409375 0.8531652989449003 0.0125 0.00996483001172333
0 0.658203125 0.847010550996483 0.01171875 0.010550996483001172
0 0.47890625 0.8417350527549824 0.0015625 0.0011723329425556857
0 0.508984375 0.8461313012895663 0.01171875 0.011137162954279016
0 0.6125 0.843200468933177 0.0125 0.008792497069167644
0 0.3328125 0.8338218053927315 0.0125 0.004103165298944901
0 0.462109375 0.8349941383352872 0.01171875 0.011137162954279016
0 0.289453125 0.8338218053927315 0.01171875 0.008792497069167644
0 0.494921875 0.8314771395076201 0.01171875 0.00996483001172333
0 0.38046875 0.8317702227432591 0.0125 0.010550996483001172
0 0.697265625 0.8276670574443142 0.01171875 0.009378663540445486
0 0.6234375 0.8273739742086753 0.0109375 0.00996483001172333
0 0.308984375 0.8212192262602579 0.00703125 0.008206330597889801
0 0.334765625 0.8168229777256741 0.01171875 0.00996483001172333
0 0.672265625 0.8162368112543963 0.01015625 0.00996483001172333
0 0.226171875 0.8109613130128956 0.00078125 0.0005861664712778429
0 0.24609375 0.8141852286049238 0.0125 0.009378663540445486
0 0.71328125 0.813305978898007 0.0109375 0.008792497069167644
0 0.560546875 0.8100820633059789 0.01171875 0.010550996483001172
0 0.221484375 0.805978898007034 0.00390625 0.0035169988276670576
0 0.642578125 0.8089097303634232 0.01171875 0.010550996483001172
0 0.69296875 0.8077373974208675 0.009375 0.009378663540445486
0 0.35859375 0.8045134818288394 0.0125 0.008792497069167644
0 0.32109375 0.802168815943728 0.0125 0.00996483001172333
0 0.616796875 0.8018757327080891 0.01171875 0.010550996483001172
0 0.708984375 0.7957209847596718 0.01171875 0.006447831184056272
0 0.23828125 0.7963071512309496 0.0125 0.008792497069167644
0 0.489453125 0.7942555685814772 0.01171875 0.010550996483001172
0 0.531640625 0.7933763188745604 0.01171875 0.00996483001172333
0 0.265625 0.7901524032825322 0.0125 0.009378663540445486
0 0.65703125 0.7895662368112544 0.0125 0.010550996483001172
0 0.573046875 0.7889800703399765 0.01171875 0.010550996483001172
0 0.28984375 0.7866354044548651 0.0125 0.007033997655334115
0 0.356640625 0.7857561547479485 0.01171875 0.00996483001172333
0 0.6375 0.7834114888628371 0.0125 0.00996483001172333
0 0.73203125 0.7813599062133646 0.0125 0.009378663540445486
0 0.3796875 0.77989449003517 0.009375 0.0076201641266119575
0 0.513671875 0.7793083235638921 0.01171875 0.008792497069167644
0 0.431640625 0.7787221570926143 0.01171875 0.00996483001172333
0 0.232421875 0.7784290738569754 0.00703125 0.009378663540445486
0 0.707421875 0.7772567409144197 0.01171875 0.009378663540445486
0 0.4046875 0.7775498241500586 0.0109375 0.00996483001172333
0 0.192578125 0.7772567409144197 0.01015625 0.009378663540445486
0 0.828515625 0.7754982415005862 0.01171875 0.009378663540445486
0 0.77578125 0.7743259085580305 0.0125 0.009378663540445486
0 0.257421875 0.7740328253223916 0.01015625 0.008792497069167644
0 0.654296875 0.768757327080891 0.01171875 0.0076201641266119575
0 0.2859375 0.768464243845252 0.0109375 0.008206330597889801
0 0.750390625 0.7643610785463072 0.01171875 0.009378663540445486
0 0.5046875 0.7626025791324736 0.0109375 0.009378663540445486
0 0.333984375 0.7620164126611958 0.01171875 0.008206330597889801
0 0.375 0.7620164126611958 0.0125 0.009378663540445486
0 0.309765625 0.7620164126611958 0.01171875 0.009378663540445486
0 0.244140625 0.7599648300117233 0.01171875 0.008792497069167644
0 0.717578125 0.7587924970691676 0.01171875 0.00996483001172333
0 0.6265625 0.7587924970691676 0.0125 0.00996483001172333
0 0.39921875 0.7561547479484173 0.009375 0.008206330597889801
0 0.270703125 0.7549824150058617 0.00703125 0.007033997655334115
0 0.757421875 0.7482415005861665 0.00078125 0.0005861664712778429
0 0.423046875 0.7508792497069168 0.01015625 0.005861664712778429
0 0.686328125 0.7520515826494725 0.01171875 0.009378663540445486
0 0.651953125 0.7517584994138335 0.00859375 0.008792497069167644
0 0.35546875 0.7517584994138335 0.0125 0.00996483001172333
0 0.756640625 0.7464830011723329 0.00078125 0.0005861664712778429
0 0.292578125 0.7497069167643611 0.01171875 0.009378663540445486
0 0.750390625 0.7447245017584995 0.01015625 0.004103165298944901
0 0.323046875 0.7464830011723329 0.01171875 0.008792497069167644
0 0.252734375 0.742672919109027 0.01171875 0.009378663540445486
0 0.223828125 0.7415005861664713 0.01171875 0.008206330597889801
0 0.634765625 0.7403282532239156 0.01171875 0.009378663540445486
0 0.832421875 0.7379835873388042 0.01171875 0.009378663540445486
0 0.676171875 0.7368112543962485 0.01171875 0.009378663540445486
0 0.426171875 0.7335873388042204 0.01171875 0.008792497069167644
0 0.33984375 0.7300703399765534 0.0109375 0.0076201641266119575
0 0.65625 0.7294841735052755 0.0109375 0.00996483001172333
0 0.784375 0.7286049237983587 0.0125 0.009378663540445486
0 0.284765625 0.7288980070339977 0.01171875 0.00996483001172333
0 0.239453125 0.7280187573270809 0.01171875 0.009378663540445486
0 0.547265625 0.7262602579132473 0.01171875 0.009378663540445486
0 0.21171875 0.7253810082063306 0.0125 0.00996483001172333
0 0.315625 0.7221570926143025 0.0125 0.008206330597889801
0 0.766015625 0.7177608440797186 0.01171875 0.0076201641266119575
0 0.393359375 0.7168815943728019 0.01171875 0.008206330597889801
0 0.25390625 0.7136576787807737 0.0125 0.008792497069167644
0 0.813671875 0.712778429073857 0.01328125 0.009378663540445486
0 0.2296875 0.7110199296600235 0.0125 0.009378663540445486
0 0.277734375 0.7069167643610785 0.01171875 0.007033997655334115
0 0.6453125 0.7057444314185228 0.0109375 0.009378663540445486
0 0.792578125 0.7045720984759671 0.00859375 0.009378663540445486
0 0.193359375 0.7033997655334114 0.01171875 0.009378663540445486
0 0.766796875 0.7004689331770223 0.01171875 0.008206330597889801
0 0.3390625 0.7010550996483002 0.0125 0.009378663540445486
0 0.733984375 0.7001758499413834 0.01171875 0.008792497069167644
0 0.36328125 0.6984173505275498 0.0125 0.00996483001172333
0 0.215625 0.6963657678780774 0.0125 0.009378663540445486
0 0.516015625 0.6957796014067995 0.01171875 0.009378663540445486
0 0.259765625 0.6954865181711606 0.01171875 0.00996483001172333
0 0.809375 0.6931418522860492 0.0125 0.008792497069167644
0 0.753125 0.686694021101993 0.0109375 0.0076201641266119575
0 0.23828125 0.6872801875732708 0.0125 0.00996483001172333
0 0.389453125 0.686400937866354 0.01171875 0.009378663540445486
0 0.723828125 0.6846424384525205 0.01171875 0.008206330597889801
0 0.346484375 0.6822977725674091 0.01171875 0.009378663540445486
0 0.78828125 0.6808323563892146 0.0109375 0.008792497069167644
0 0.676953125 0.6802461899179367 0.01171875 0.008792497069167644
0 0.30625 0.6802461899179367 0.0125 0.008792497069167644
0 0.2171875 0.6767291910902696 0.0125 0.00996483001172333
0 0.2609375 0.6735052754982415 0.0125 0.009378663540445486
0 0.766796875 0.6726260257913247 0.01015625 0.008792497069167644
0 0.74296875 0.6714536928487691 0.0109375 0.008792497069167644
0 0.327734375 0.671746776084408 0.01171875 0.009378663540445486
0 0.28515625 0.6699882766705745 0.0125 0.008206330597889801
0 0.8109375 0.6632473622508792 0.0125 0.008792497069167644
0 0.240234375 0.6611957796014069 0.01328125 0.009378663540445486
0 0.203515625 0.6600234466588512 0.01328125 0.008206330597889801
0 0.7265625 0.6594372801875733 0.0109375 0.008206330597889801
0 0.619140625 0.6597303634232122 0.01171875 0.008792497069167644
0 0.31328125 0.6573856975381008 0.0125 0.008792497069167644
0 0.3671875 0.6565064478311841 0.0125 0.009378663540445486
0 0.78984375 0.6550410316529894 0.0109375 0.008792497069167644
0 0.337109375 0.6547479484173505 0.01171875 0.009378663540445486
0 0.263671875 0.6541617819460727 0.01328125 0.009378663540445486
0 0.2890625 0.6515240328253223 0.0125 0.008792497069167644
0 0.750390625 0.6503516998827668 0.01171875 0.008792497069167644
0 0.223828125 0.6480070339976554 0.01328125 0.008792497069167644
0 0.83671875 0.64947245017585 0.03125 0.016412661195779603
0 0.193359375 0.6439038686987104 0.01328125 0.008792497069167644
0 0.719140625 0.6433177022274326 0.01171875 0.008792497069167644
0 0.247265625 0.6406799531066822 0.01328125 0.009378663540445486
0 0.273828125 0.6389214536928488 0.01328125 0.007033997655334115
0 0.355859375 0.6395076201641267 0.01171875 0.009378663540445486
0 0.3078125 0.6395076201641267 0.0125 0.009378663540445486
0 0.332421875 0.6327667057444314 0.01171875 0.006447831184056272
0 0.77265625 0.6327667057444314 0.0109375 0.008792497069167644
0 0.747265625 0.6321805392731535 0.01171875 0.0076201641266119575
0 0.227734375 0.6307151230949589 0.01328125 0.007033997655334115
0 0.823828125 0.6289566236811255 0.01015625 0.007033997655334115
0 0.19921875 0.6251465416178195 0.0125 0.0076201641266119575
0 0.2578125 0.6242672919109027 0.0125 0.009378663540445486
0 0.619921875 0.6201641266119577 0.01171875 0.008206330597889801
0 0.282421875 0.6198710433763188 0.01328125 0.008792497069167644
0 0.74921875 0.6148886283704572 0.0109375 0.008206330597889801
0 0.81484375 0.6131301289566237 0.0125 0.008206330597889801
0 0.32890625 0.6131301289566237 0.0125 0.009378663540445486
0 0.217578125 0.6122508792497069 0.01171875 0.0076201641266119575
0 0.3046875 0.611664712778429 0.0125 0.008792497069167644
0 0.782421875 0.6101992966002344 0.00703125 0.008206330597889801
0 0.242578125 0.6087338804220399 0.01171875 0.006447831184056272
0 0.592578125 0.6087338804220399 0.01171875 0.0076201641266119575
0 0.267578125 0.6063892145369285 0.01328125 0.00996483001172333
0 0.360546875 0.6034583821805393 0.01171875 0.008792497069167644
0 0.186328125 0.6037514654161782 0.01328125 0.009378663540445486
0 0.762109375 0.6011137162954279 0.01171875 0.008792497069167644
0 0.2984375 0.5955451348182884 0.0125 0.005861664712778429
0 0.721484375 0.5920281359906213 0.01015625 0.008206330597889801
0 0.25078125 0.5920281359906213 0.0125 0.008206330597889801
0 0.22578125 0.5911488862837045 0.0125 0.006447831184056272
0 0.584765625 0.5902696365767878 0.01171875 0.008206330597889801
0 0.3390625 0.5899765533411488 0.0125 0.008792497069167644
0 0.275390625 0.5888042203985931 0.01328125 0.006447831184056272
0 0.203515625 0.5855803048065651 0.01328125 0.009378663540445486
0 0.8296875 0.5832356389214537 0.0125 0.008206330597889801
0 0.737890625 0.5800117233294255 0.01015625 0.008792497069167644
0 0.320703125 0.5785463071512309 0.01171875 0.009378663540445486
0 0.7171875 0.5744431418522861 0.0109375 0.008206330597889801
0 0.2921875 0.5741500586166471 0.0125 0.008792497069167644
0 0.256640625 0.5723915592028136 0.01015625 0.006447831184056272
0 0.188671875 0.570926143024619 0.01328125 0.009378663540445486
0 0.213671875 0.5679953106682297 0.01328125 0.007033997655334115
0 0.776953125 0.563599062133646 0.00859375 0.0076201641266119575
0 0.3109375 0.5612543962485346 0.0125 0.0076201641266119575
0 0.2390625 0.5586166471277842 0.0046875 0.0023446658851113715
0 0.35625 0.5600820633059789 0.0125 0.008792497069167644
0 0.269140625 0.5574443141852286 0.01328125 0.008206330597889801
0 0.66875 0.5553927315357562 0.0109375 0.0076201641266119575
0 0.33125 0.5527549824150059 0.0125 0.005861664712778429
0 0.292578125 0.5524618991793669 0.01328125 0.005275498241500586
0 0.70234375 0.5533411488862837 0.0109375 0.008206330597889801
0 0.6140625 0.5512895662368112 0.0109375 0.005275498241500586
0 0.591015625 0.5477725674091442 0.01171875 0.005275498241500586
0 0.444140625 0.5454279015240329 0.00546875 0.004103165298944901
0 0.251953125 0.5442555685814772 0.01328125 0.0076201641266119575
0 0.823828125 0.5424970691676436 0.01171875 0.0076201641266119575
0 0.227734375 0.5407385697538101 0.01328125 0.008792497069167644
0 0.80546875 0.5345838218053928 0.0109375 0.008206330597889801
0 0.33984375 0.533704572098476 0.0125 0.0076201641266119575
0 0.277734375 0.533704572098476 0.01328125 0.008792497069167644
0 0.315234375 0.5319460726846424 0.01328125 0.008792497069167644
0 0.59609375 0.5293083235638921 0.0109375 0.008206330597889801
0 0.43359375 0.5278429073856975 0.0109375 0.008792497069167644
0 0.395703125 0.5219812426729191 0.01171875 0.0076201641266119575
0 0.297265625 0.5213950762016413 0.01328125 0.006447831184056272
0 0.206640625 0.5193434935521688 0.01328125 0.007033997655334115
0 0.273046875 0.5169988276670574 0.01328125 0.005861664712778429
0 0.231640625 0.5181711606096131 0.01328125 0.008206330597889801
0 0.818359375 0.5175849941383353 0.01171875 0.008206330597889801
0 0.33046875 0.5175849941383353 0.0125 0.009378663540445486
0 0.35546875 0.5167057444314185 0.0125 0.008792497069167644
0 0.377734375 0.5102579132473622 0.01171875 0.008792497069167644
0 0.763671875 0.5084994138335287 0.01015625 0.0076201641266119575
0 0.312109375 0.5052754982415005 0.01328125 0.009378663540445486
0 0.403515625 0.5046893317702228 0.01171875 0.009378663540445486
0 0.33515625 0.5008792497069168 0.0125 0.005275498241500586
0 0.198046875 0.5029308323563892 0.01328125 0.009378663540445486
0 0.287890625 0.5014654161781946 0.01328125 0.008792497069167644
0 0.844140625 0.49941383352872215 0.01171875 0.008206330597889801
0 0.717578125 0.49941383352872215 0.01171875 0.008206330597889801
0 0.359375 0.4985345838218054 0.0125 0.008792497069167644
0 0.26328125 0.4985345838218054 0.0125 0.008792497069167644
0 0.229296875 0.4956037514654162 0.01328125 0.0076201641266119575
0 0.575390625 0.4944314185228605 0.01171875 0.0076201641266119575
0 0.446875 0.4935521688159437 0.0109375 0.008206330597889801
0 0.771875 0.49267291910902694 0.0109375 0.008792497069167644
0 0.385546875 0.49208675263774915 0.01171875 0.008792497069167644
0 0.4234375 0.4903282532239156 0.0125 0.008792497069167644
0 0.31328125 0.48739742086752635 0.0125 0.008792497069167644
0 0.804296875 0.48417350527549824 0.01171875 0.008206330597889801
0 0.246484375 0.48300117233294254 0.01328125 0.009378663540445486
0 0.272265625 0.4824150058616647 0.01328125 0.009378663540445486
0 0.336328125 0.48007033997655335 0.01015625 0.005861664712778429
0 0.8421875 0.4803634232121923 0.0109375 0.0076201641266119575
0 0.362109375 0.4797772567409144 0.01171875 0.0076201641266119575
0 0.523828125 0.4771395076201641 0.01171875 0.008206330597889801
0 0.49375 0.4753810082063306 0.0109375 0.008206330597889801
0 0.29453125 0.473915592028136 0.0125 0.006447831184056272
0 0.434765625 0.47332942555685814 0.00859375 0.0076201641266119575
0 0.38515625 0.473915592028136 0.0125 0.008792497069167644
0 0.823046875 0.4715709261430246 0.01171875 0.005275498241500586
0 0.470703125 0.4712778429073857 0.01015625 0.005861664712778429
0 0.3203125 0.4715709261430246 0.0109375 0.006447831184056272
0 0.31328125 0.46922626025791325 0.0015625 0.0017584994138335288
0 0.4078125 0.46922626025791325 0.0125 0.005275498241500586
0 0.863671875 0.4698124267291911 0.01171875 0.0076201641266119575
0 0.735546875 0.4645369284876905 0.01171875 0.0076201641266119575
0 0.3484375 0.4654161781946073 0.0125 0.009378663540445486
0 0.239453125 0.4654161781946073 0.01328125 0.009378663540445486
0 0.264453125 0.46483001172332944 0.01328125 0.009378663540445486
0 0.84375 0.4633645955451348 0.0109375 0.0076201641266119575
0 0.7984375 0.4604337631887456 0.0125 0.005275498241500586
0 0.505078125 0.4601406799531067 0.01171875 0.005861664712778429
0 0.21484375 0.4598475967174678 0.0140625 0.008792497069167644
0 0.37109375 0.45926143024618993 0.0125 0.008792497069167644
0 0.428515625 0.45545134818288396 0.01171875 0.009378663540445486
0 0.303125 0.45398593200468934 0.0125 0.0076201641266119575
0 0.71953125 0.45310668229777257 0.0109375 0.008206330597889801
0 0.329296875 0.4536928487690504 0.01328125 0.009378663540445486
0 0.394140625 0.45281359906213364 0.01328125 0.008792497069167644
0 0.74921875 0.45076201641266117 0.0109375 0.008206330597889801
0 0.464453125 0.4501758499413834 0.01171875 0.007033997655334115
0 0.8296875 0.4504689331770223 0.0125 0.008792497069167644
0 0.85625 0.447831184056272 0.0125 0.007033997655334115
0 0.203515625 0.4466588511137163 0.00390625 0.005861664712778429
0 0.517578125 0.4457796014067995 0.01171875 0.005275498241500586
0 0.35234375 0.447831184056272 0.0125 0.009378663540445486
0 0.77109375 0.44431418522860494 0.0109375 0.008206330597889801
0 0.698828125 0.44431418522860494 0.01171875 0.008206330597889801
0 0.252734375 0.444021101992966 0.01328125 0.00996483001172333
0 0.66875 0.4413833528722157 0.0109375 0.008206330597889801
0 0.375 0.4413833528722157 0.0125 0.008206330597889801
0 0.278125 0.4396248534583822 0.0125 0.007033997655334115
0 0.422265625 0.4358147713950762 0.00546875 0.0017584994138335288
0 0.4265625 0.4340562719812427 0.0015625 0.0017584994138335288
0 0.449609375 0.4369871043376319 0.01171875 0.008792497069167644
0 0.39765625 0.4343493552168816 0.0125 0.008206330597889801
0 0.3296875 0.4349355216881594 0.0125 0.009378663540445486
0 0.21875 0.43522860492379833 0.0140625 0.00996483001172333
0 0.752734375 0.4340562719812427 0.01171875 0.008792497069167644
0 0.305859375 0.4308323563892145 0.01328125 0.004689331770222743
0 0.35625 0.42936694021101995 0.0125 0.008792497069167644
0 0.50859375 0.4276084407971864 0.0109375 0.008792497069167644
0 0.773828125 0.42672919109026963 0.01171875 0.008206330597889801
0 0.681640625 0.42672919109026963 0.01171875 0.008206330597889801
0 0.604296875 0.4249706916764361 0.01171875 0.008206330597889801
0 0.259765625 0.425263774912075 0.01328125 0.00996483001172333
0 0.805859375 0.4199882766705744 0.00078125 0.0005861664712778429
0 0.379296875 0.4232121922626026 0.01171875 0.008206330597889801
0 0.868359375 0.42291910902696367 0.01171875 0.008792497069167644
0 0.81171875 0.41852286049237986 0.0109375 0.0035169988276670576
0 0.530078125 0.4191090269636577 0.01015625 0.005861664712778429
0 0.3375 0.4191090269636577 0.0125 0.005861664712778429
0 0.444140625 0.4188159437280188 0.01171875 0.0076201641266119575
0 0.286328125 0.41822977725674093 0.01328125 0.00996483001172333
0 0.41953125 0.41617819460726846 0.0125 0.008206330597889801
0 0.21796875 0.4164712778429074 0.0140625 0.00996483001172333
0 0.36015625 0.41207502930832357 0.0125 0.009378663540445486
0 0.396484375 0.41060961313012895 0.01171875 0.0076201641266119575
0 0.31328125 0.41090269636576787 0.0125 0.009378663540445486
0 0.803515625 0.4047479484173505 0.00078125 0.0017584994138335288
0 0.85234375 0.40767878077373976 0.0125 0.008792497069167644
0 0.765625 0.4056271981242673 0.0109375 0.008206330597889801
0 0.787109375 0.40504103165298944 0.01171875 0.008206330597889801
0 0.809765625 0.40123094958968347 0.01171875 0.0029308323563892145
0 0.743359375 0.40416178194607266 0.01171875 0.008792497069167644
0 0.19765625 0.4047479484173505 0.0140625 0.00996483001172333
0 0.44453125 0.4006447831184056 0.0109375 0.0076201641266119575
0 0.2765625 0.40093786635404455 0.0125 0.009378663540445486
0 0.46796875 0.3994724501758499 0.0109375 0.008792497069167644
0 0.33203125 0.39976553341148885 0.0125 0.009378663540445486
0 0.226171875 0.399179366940211 0.01328125 0.009378663540445486
0 0.251953125 0.39771395076201643 0.01328125 0.00996483001172333
0 0.380078125 0.39536928487690504 0.01171875 0.008792497069167644
0 0.3 0.3950762016412661 0.0125 0.009378663540445486
0 0.355859375 0.3936107854630715 0.01328125 0.008792497069167644
0 0.496484375 0.3921453692848769 0.01015625 0.007033997655334115
0 0.405078125 0.3930246189917937 0.01171875 0.008792497069167644
0 0.862890625 0.39243845252051585 0.01328125 0.008792497069167644
0 0.51953125 0.391852286049238 0.0109375 0.0076201641266119575
0 0.8359375 0.3906799531066823 0.0125 0.008792497069167644
0 0.75625 0.3895076201641266 0.0125 0.008792497069167644
0 0.806640625 0.3865767878077374 0.00234375 0.004103165298944901
0 0.787890625 0.3877491207502931 0.01171875 0.008792497069167644
0 0.812890625 0.3824736225087925 0.00234375 0.0005861664712778429
0 0.735546875 0.3865767878077374 0.01171875 0.008792497069167644
0 0.42734375 0.3865767878077374 0.0125 0.008792497069167644
0 0.204296875 0.384232121922626 0.01328125 0.00996483001172333
0 0.4578125 0.3830597889800703 0.0109375 0.008792497069167644
0 0.5375 0.3810082063305979 0.0109375 0.007033997655334115
0 0.33671875 0.38159437280187575 0.0125 0.009378663540445486
0 0.847265625 0.37602579132473624 0.00078125 0.0005861664712778429
0 0.280078125 0.380715123094959 0.01328125 0.00996483001172333
0 0.2296875 0.380715123094959 0.0140625 0.00996483001172333
0 0.601953125 0.3789566236811254 0.01171875 0.008792497069167644
0 0.312109375 0.3789566236811254 0.01171875 0.008792497069167644
0 0.849609375 0.3742672919109027 0.00078125 0.0005861664712778429
0 0.8546875 0.37485345838218054 0.0078125 0.0029308323563892145
0 0.390625 0.37807737397420865 0.0125 0.009378663540445486
0 0.255078125 0.3783704572098476 0.01328125 0.00996483001172333
0 0.36640625 0.37749120750293086 0.0125 0.009378663540445486
0 0.793359375 0.37280187573270807 0.00078125 0.0011723329425556857
0 0.5796875 0.37602579132473624 0.0109375 0.0076201641266119575
0 0.794140625 0.3713364595545135 0.00078125 0.0005861664712778429
0 0.655078125 0.3745603751465416 0.01171875 0.008206330597889801
0 0.5 0.3745603751465416 0.0109375 0.009378663540445486
0 0.816796875 0.36957796014067995 0.00078125 0.0005861664712778429
0 0.798828125 0.36957796014067995 0.00859375 0.0017584994138335288
0 0.826953125 0.36840562719812425 0.00078125 0.0005861664712778429
0 0.76015625 0.37221570926143027 0.0109375 0.008206330597889801
0 0.819140625 0.3678194607268464 0.00078125 0.0005861664712778429
0 0.70703125 0.37192262602579135 0.0109375 0.008792497069167644
0 0.821875 0.36723329425556855 0.003125 0.0005861664712778429
0 0.41328125 0.3713364595545135 0.0125 0.008792497069167644
0 0.446484375 0.3669402110199297 0.01171875 0.009378663540445486
0 0.29453125 0.36547479484173506 0.0125 0.008792497069167644
0 0.346875 0.36518171160609614 0.0125 0.009378663540445486
0 0.21484375 0.365767878077374 0.0140625 0.010550996483001172
0 0.539453125 0.36283704572098474 0.01015625 0.007033997655334115
0 0.473046875 0.3634232121922626 0.01171875 0.009378663540445486
0 0.269140625 0.36313012895662367 0.01328125 0.00996483001172333
0 0.840625 0.36107854630715125 0.0125 0.008206330597889801
0 0.641015625 0.3601992966002345 0.01171875 0.008792497069167644
0 0.391796875 0.3596131301289566 0.01171875 0.008792497069167644
0 0.581640625 0.35844079718640093 0.01171875 0.0076201641266119575
0 0.8671875 0.3569753810082063 0.0125 0.008206330597889801
0 0.244921875 0.3578546307151231 0.01328125 0.00996483001172333
0 0.495703125 0.3563892145369285 0.01171875 0.009378663540445486
0 0.325 0.3560961313012896 0.0125 0.008792497069167644
0 0.79765625 0.3552168815943728 0.0109375 0.008206330597889801
0 0.767578125 0.35550996483001174 0.01171875 0.008792497069167644
0 0.36796875 0.35580304806565066 0.0125 0.009378663540445486
0 0.70390625 0.35433763188745604 0.0109375 0.0076201641266119575
0 0.519140625 0.35463071512309496 0.01015625 0.008206330597889801
0 0.82109375 0.3537514654161782 0.0109375 0.008792497069167644
0 0.414453125 0.3528722157092614 0.01171875 0.008206330597889801
0 0.67734375 0.3516998827667057 0.0109375 0.008206330597889801
0 0.55625 0.35140679953106685 0.0109375 0.008792497069167644
0 0.437890625 0.3496483001172333 0.01171875 0.008792497069167644
0 0.283984375 0.3484759671746776 0.01328125 0.00996483001172333
0 0.65546875 0.34671746776084406 0.0109375 0.008792497069167644
0 0.62578125 0.3452520515826495 0.0109375 0.005861664712778429
0 0.34609375 0.3455451348182884 0.0125 0.006447831184056272
0 0.851171875 0.34583821805392734 0.01171875 0.008206330597889801
0 0.735546875 0.34583821805392734 0.01015625 0.008206330597889801
0 0.2078125 0.347010550996483 0.0125 0.010550996483001172
0 0.865234375 0.3402696365767878 0.00234375 0.004103165298944901
0 0.603125 0.3420281359906213 0.0109375 0.008792497069167644
0 0.3078125 0.34232121922626024 0.0125 0.009378663540445486
0 0.78125 0.34114888628370454 0.0125 0.008206330597889801
0 0.458984375 0.34114888628370454 0.01171875 0.008206330597889801
0 0.260546875 0.3417350527549824 0.01328125 0.009378663540445486
0 0.874609375 0.33675263774912073 0.00078125 0.0005861664712778429
0 0.871875 0.3361664712778429 0.003125 0.0005861664712778429
0 0.80703125 0.3399765533411489 0.0125 0.008206330597889801
0 0.53515625 0.3399765533411489 0.0109375 0.008206330597889801
0 0.71484375 0.3388042203985932 0.0109375 0.008206330597889801
0 0.2296875 0.33968347010551 0.0140625 0.00996483001172333
0 0.493359375 0.33821805392731535 0.01171875 0.009378663540445486
0 0.36796875 0.33675263774912073 0.0109375 0.0076201641266119575
0 0.578125 0.33675263774912073 0.0109375 0.008792497069167644
0 0.202734375 0.33264947245017584 0.00078125 0.0005861664712778429
0 0.417578125 0.33499413833528724 0.01171875 0.008792497069167644
0 0.6875 0.33294255568581477 0.009375 0.007033997655334115
0 0.3921875 0.33264947245017584 0.009375 0.006447831184056272
0 0.330859375 0.33147713950762014 0.01171875 0.008792497069167644
0 0.6453125 0.3308909730363423 0.0109375 0.008792497069167644
0 0.840234375 0.3303048065650645 0.01328125 0.008792497069167644
0 0.853125 0.32620164126611956 0.0015625 0.0017584994138335288
0 0.28671875 0.3300117233294256 0.0125 0.009378663540445486
0 0.553125 0.3291324736225088 0.0109375 0.008792497069167644
0 0.752734375 0.3276670574443142 0.01015625 0.008206330597889801
0 0.51484375 0.3279601406799531 0.0109375 0.008792497069167644
0 0.4390625 0.32737397420867526 0.0109375 0.008792497069167644
0 0.19921875 0.32737397420867526 0.0125 0.008792497069167644
0 0.730078125 0.32590855803048063 0.01171875 0.008206330597889801
0 0.61953125 0.3264947245017585 0.0109375 0.009378663540445486
0 0.81875 0.3250293083235639 0.0109375 0.008792497069167644
0 0.79609375 0.3250293083235639 0.0109375 0.008792497069167644
0 0.77421875 0.324736225087925 0.0109375 0.008206330597889801
0 0.70546875 0.32297772567409144 0.009375 0.008206330597889801
0 0.594921875 0.32327080890973037 0.01015625 0.008792497069167644
0 0.462890625 0.32327080890973037 0.01015625 0.008792497069167644
0 0.309375 0.32209847596717467 0.0125 0.008792497069167644
0 0.22421875 0.32092614302461897 0.0109375 0.008792497069167644
0 0.487109375 0.31975381008206333 0.00859375 0.008792497069167644
0 0.359375 0.3194607268464244 0.0109375 0.008206330597889801
0 0.571875 0.31887456037514655 0.0109375 0.008206330597889801
0 0.407421875 0.3182883939038687 0.01171875 0.008206330597889801
0 0.5359375 0.31770222743259086 0.009375 0.008206330597889801
0 0.828515625 0.3130128956623681 0.00078125 0.0011723329425556857
0 0.384765625 0.31535756154747946 0.00703125 0.005861664712778429
0 0.829296875 0.3115474794841735 0.00078125 0.0005861664712778429
0 0.68359375 0.31535756154747946 0.0109375 0.008206330597889801
0 0.6578125 0.31477139507620167 0.009375 0.008206330597889801
0 0.2703125 0.31535756154747946 0.0125 0.009378663540445486
0 0.8359375 0.30920281359906215 0.003125 0.0005861664712778429
0 0.3359375 0.3130128956623681 0.0109375 0.008206330597889801
0 0.634375 0.31242672919109027 0.0109375 0.008206330597889801
0 0.244921875 0.31330597889800704 0.01328125 0.00996483001172333
0 0.74296875 0.3115474794841735 0.0109375 0.008792497069167644
0 0.506640625 0.31096131301289565 0.01015625 0.008792497069167644
0 0.81171875 0.3062719812426729 0.0015625 0.0005861664712778429
0 0.807421875 0.30568581477139506 0.00078125 0.0005861664712778429
0 0.7859375 0.3094958968347011 0.0109375 0.008206330597889801
0 0.611328125 0.3094958968347011 0.01015625 0.008206330597889801
0 0.43046875 0.3094958968347011 0.0109375 0.008206330597889801
0 0.719921875 0.3083235638921454 0.00859375 0.007033997655334115
0 0.862890625 0.30803048065650646 0.01171875 0.0076201641266119575
0 0.5546875 0.3071512309495897 0.009375 0.008206330597889801
0 0.31328125 0.30539273153575613 0.009375 0.004689331770222743
0 0.20390625 0.30773739742086753 0.0140625 0.010550996483001172
0 0.588671875 0.3062719812426729 0.01015625 0.008792497069167644
0 0.45390625 0.3062719812426729 0.0109375 0.008792497069167644
0 0.7640625 0.30568581477139506 0.0109375 0.008792497069167644
0 0.28828125 0.3030480656506448 0.0125 0.009378663540445486
0 0.479296875 0.30158264947245017 0.00703125 0.0076201641266119575
0 0.67265625 0.3007033997655334 0.0078125 0.008206330597889801
0 0.52578125 0.3007033997655334 0.0109375 0.008206330597889801
0 0.35390625 0.3007033997655334 0.0109375 0.008206330597889801
0 0.84609375 0.29454865181711604 0.003125 0.0005861664712778429
0 0.648828125 0.29806565064478313 0.01015625 0.0076201641266119575
0 0.823046875 0.29835873388042206 0.01171875 0.009378663540445486
0 0.3796875 0.29689331770222743 0.0078125 0.0076201641266119575
0 0.258203125 0.29806565064478313 0.01328125 0.00996483001172333
0 0.40625 0.29689331770222743 0.0109375 0.008792497069167644
0 0.80078125 0.291031652989449 0.0015625 0.0005861664712778429
0 0.73515625 0.29484173505275496 0.009375 0.008206330597889801
0 0.796875 0.29044548651817115 0.0015625 0.0005861664712778429
0 0.6265625 0.2936694021101993 0.009375 0.007033997655334115
0 0.57109375 0.29425556858147717 0.009375 0.008206330597889801
0 0.501171875 0.29279015240328254 0.01015625 0.0076201641266119575
0 0.603125 0.2922039859320047 0.0109375 0.0076201641266119575
0 0.3328125 0.2922039859320047 0.009375 0.0076201641266119575
0 0.7140625 0.291031652989449 0.0078125 0.0076201641266119575
0 0.42890625 0.2913247362250879 0.0109375 0.008206330597889801
0 0.776171875 0.29044548651817115 0.00859375 0.008792497069167644
0 0.546875 0.2889800703399766 0.0046875 0.005861664712778429
0 0.45234375 0.28751465416178196 0.0109375 0.0076201641266119575
0 0.301953125 0.2866354044548652 0.01171875 0.008206330597889801
0 0.753125 0.2857561547479484 0.0109375 0.008792497069167644
0 0.21015625 0.28634232121922626 0.0078125 0.00996483001172333
0 0.476953125 0.28341148886283707 0.00859375 0.005275498241500586
0 0.86171875 0.2845838218053927 0.0125 0.008792497069167644
0 0.688671875 0.28399765533411486 0.01015625 0.0076201641266119575
0 0.662890625 0.283704572098476 0.01015625 0.008206330597889801
0 0.521875 0.2828253223915592 0.0078125 0.006447831184056272
0 0.836328125 0.27960140679953105 0.00390625 0.0011723329425556857
0 0.36171875 0.28311840562719814 0.0109375 0.008206330597889801
0 0.8125 0.2828253223915592 0.0109375 0.008792497069167644
0 0.795703125 0.27637749120750293 0.00078125 0.0005861664712778429
0 0.586328125 0.2801875732708089 0.00859375 0.008206330597889801
0 0.3921875 0.2804806565064478 0.0109375 0.008792497069167644
0 0.731640625 0.27754982415005863 0.00546875 0.005275498241500586
0 0.787109375 0.2746189917936694 0.00078125 0.0005861664712778429
0 0.79140625 0.27403282532239154 0.00625 0.0017584994138335288
0 0.5625 0.2769636576787808 0.0109375 0.0076201641266119575
0 0.629296875 0.276084407971864 0.00859375 0.008206330597889801
0 0.416015625 0.27549824150058616 0.01015625 0.008206330597889801
0 0.4984375 0.27432590855803046 0.00625 0.007033997655334115
0 0.70703125 0.27403282532239154 0.009375 0.0076201641266119575
0 0.76953125 0.2731535756154748 0.0109375 0.008206330597889801
0 0.321484375 0.2734466588511137 0.01171875 0.008792497069167644
0 0.439453125 0.2719812426729191 0.01171875 0.008206330597889801
0 0.53984375 0.27110199296600235 0.0078125 0.0076201641266119575
0 0.8828125 0.27110199296600235 0.0125 0.008792497069167644
0 0.6515625 0.26875732708089095 0.00625 0.005275498241500586
0 0.8484375 0.26582649472450176 0.003125 0.0005861664712778429
0 0.60859375 0.2690504103165299 0.0078125 0.008206330597889801
0 0.285546875 0.2696365767878077 0.01171875 0.009378663540445486
0 0.74765625 0.26817116060961316 0.0109375 0.0076201641266119575
0 0.6796875 0.26817116060961316 0.0078125 0.0076201641266119575
0 0.34453125 0.268464243845252 0.0109375 0.008206330597889801
0 0.825 0.2672919109026964 0.0109375 0.008206330597889801
0 0.46640625 0.2661195779601407 0.0109375 0.008206330597889801
0 0.378125 0.2652403282532239 0.0046875 0.006447831184056272
0 0.51640625 0.26436107854630714 0.009375 0.008206330597889801
0 0.80390625 0.26289566236811257 0.0109375 0.008792497069167644
0 0.721875 0.2605509964830012 0.0078125 0.0076201641266119575
0 0.63046875 0.2582063305978898 0.0046875 0.004103165298944901
0 0.39921875 0.26025791324736225 0.0109375 0.008206330597889801
0 0.424609375 0.2584994138335287 0.00703125 0.005861664712778429
0 0.866796875 0.2593786635404455 0.01171875 0.008792497069167644
0 0.305859375 0.25908558030480655 0.01171875 0.008206330597889801
0 0.78203125 0.2587924970691676 0.009375 0.008792497069167644
0 0.7 0.25732708089097306 0.0078125 0.008206330597889801
0 0.5875 0.257620164126612 0.0078125 0.008792497069167644
0 0.491796875 0.25615474794841736 0.00859375 0.008206330597889801
0 0.446484375 0.2543962485345838 0.01015625 0.008206330597889801
0 0.7609375 0.25381008206330596 0.009375 0.008206330597889801
0 0.535546875 0.25351699882766704 0.00859375 0.0076201641266119575
0 0.330078125 0.25351699882766704 0.01015625 0.0076201641266119575
0 0.841015625 0.2529308323563892 0.01015625 0.008792497069167644
0 0.357421875 0.2529308323563892 0.01015625 0.008792497069167644
0 0.680078125 0.2502930832356389 0.00546875 0.005861664712778429
0 0.65546875 0.2511723329425557 0.0078125 0.0076201641266119575
0 0.81953125 0.2502930832356389 0.0109375 0.009378663540445486
0 0.739453125 0.25 0.00859375 0.008792497069167644
0 0.60859375 0.24970691676436108 0.0078125 0.008206330597889801
0 0.802734375 0.24413833528722156 0.00078125 0.0005861664712778429
0 0.565234375 0.24706916764361078 0.01015625 0.0076201641266119575
0 0.512890625 0.2456037514654162 0.01015625 0.007033997655334115
0 0.4703125 0.24648300117233293 0.0109375 0.008792497069167644
0 0.8 0.24237983587338804 0.0046875 0.0017584994138335288
0 0.384375 0.2458968347010551 0.009375 0.008792497069167644
0 0.718359375 0.24267291910902697 0.00859375 0.007033997655334115
0 0.407421875 0.24267291910902697 0.01015625 0.007033997655334115
0 0.8609375 0.24267291910902697 0.0125 0.008206330597889801
0 0.776953125 0.24003516998827668 0.01015625 0.0076201641266119575
0 0.696484375 0.2391559202813599 0.00859375 0.007033997655334115
0 0.58671875 0.23886283704572098 0.0078125 0.0076201641266119575
0 0.6296875 0.23827667057444316 0.0078125 0.0076201641266119575
0 0.204296875 0.2391559202813599 0.01015625 0.010550996483001172
0 0.491796875 0.23710433763188746 0.00859375 0.0076201641266119575
0 0.75390625 0.23622508792497068 0.009375 0.008206330597889801
0 0.539453125 0.235052754982415 0.00859375 0.007033997655334115
0 0.450390625 0.23563892145369286 0.00703125 0.008206330597889801
0 0.355859375 0.23417350527549824 0.00703125 0.006447831184056272
0 0.8796875 0.235052754982415 0.0125 0.009378663540445486
0 0.837109375 0.23065650644783117 0.00078125 0.0005861664712778429
0 0.848046875 0.23036342321219228 0.00078125 0.0011723329425556857
0 0.651953125 0.23329425556858147 0.00703125 0.007033997655334115
0 0.673828125 0.2321219226260258 0.00859375 0.007033997655334115
0 0.8421875 0.2283118405627198 0.0015625 0.0005861664712778429
0 0.8171875 0.23241500586166472 0.0125 0.008792497069167644
0 0.7328125 0.2294841735052755 0.009375 0.0076201641266119575
0 0.607421875 0.22889800703399765 0.00859375 0.0076201641266119575
0 0.793359375 0.22801875732708088 0.01015625 0.008206330597889801
0 0.51171875 0.22713950762016413 0.0109375 0.0076201641266119575
0 0.42578125 0.22743259085580306 0.009375 0.008206330597889801
0 0.37734375 0.22772567409144198 0.009375 0.008792497069167644
0 0.565625 0.22596717467760843 0.0046875 0.006447831184056272
0 0.469140625 0.22713950762016413 0.01015625 0.008792497069167644
0 0.862109375 0.22538100820633059 0.01171875 0.008792497069167644
0 0.401171875 0.22450175849941384 0.01171875 0.008206330597889801
0 0.773046875 0.2227432590855803 0.00859375 0.008206330597889801
0 0.69140625 0.22157092614302462 0.009375 0.008206330597889801
0 0.585546875 0.22039859320046892 0.01015625 0.008206330597889801
0 0.534375 0.21776084407971863 0.0046875 0.006447831184056272
0 0.491015625 0.2186400937866354 0.00859375 0.008206330597889801
0 0.88828125 0.21834701055099648 0.0125 0.008792497069167644
0 0.205078125 0.21951934349355218 0.01328125 0.011137162954279016
0 0.751171875 0.21688159437280188 0.00859375 0.007033997655334115
0 0.7140625 0.21776084407971863 0.009375 0.008792497069167644
0 0.661328125 0.21688159437280188 0.00703125 0.007033997655334115
0 0.318359375 0.21688159437280188 0.00859375 0.007033997655334115
0 0.35234375 0.21453692848769051 0.00625 0.004689331770222743
0 0.82890625 0.21570926143024619 0.0109375 0.009378663540445486
0 0.445703125 0.2142438452520516 0.00859375 0.0076201641266119575
0 0.805859375 0.21453692848769051 0.01171875 0.009378663540445486
0 0.611328125 0.21131301289566237 0.00859375 0.0076201641266119575
0 0.3828125 0.20984759671746775 0.009375 0.007033997655334115
0 0.554296875 0.20926143024618993 0.00546875 0.007033997655334115
0 0.511328125 0.208968347010551 0.00859375 0.0076201641266119575
0 0.78515625 0.208968347010551 0.0109375 0.008792497069167644
0 0.467578125 0.20867526377491208 0.01015625 0.008206330597889801
0 0.8703125 0.20838218053927315 0.0125 0.008792497069167644
0 0.406640625 0.2063305978898007 0.00859375 0.008206330597889801
0 0.732421875 0.20574443141852286 0.00703125 0.008206330597889801
0 0.6953125 0.20427901524032827 0.0078125 0.0076201641266119575
0 0.63203125 0.20369284876905042 0.009375 0.006447831184056272
0 0.57421875 0.20398593200468934 0.009375 0.008206330597889801
0 0.489453125 0.20046893317702227 0.00390625 0.004689331770222743
0 0.750390625 0.19988276670574442 0.01015625 0.007033997655334115
0 0.53125 0.19900351699882768 0.0078125 0.006447831184056272
0 0.59609375 0.19636576787807739 0.0078125 0.008206330597889801
0 0.44375 0.1954865181711606 0.0078125 0.006447831184056272
0 0.839453125 0.19079718640093787 0.00078125 0.0005861664712778429
0 0.771875 0.1943141852286049 0.009375 0.0076201641266119575
0 0.715625 0.19314185228604924 0.0046875 0.006447831184056272
0 0.552734375 0.19050410316529895 0.00703125 0.007033997655334115
0 0.510546875 0.1899179366940211 0.00546875 0.005861664712778429
0 0.419140625 0.19079718640093787 0.01015625 0.0076201641266119575
0 0.837109375 0.18815943728018758 0.00234375 0.004689331770222743
0 0.616796875 0.1899179366940211 0.00859375 0.008206330597889801
0 0.466015625 0.1899179366940211 0.01015625 0.008206330597889801
0 0.794921875 0.1855216881594373 0.00703125 0.0017584994138335288
0 0.737109375 0.18610785463071514 0.00390625 0.006447831184056272
0 0.84375 0.18200468933177022 0.0015625 0.0005861664712778429
0 0.5765625 0.1858147713950762 0.00625 0.008206330597889801
0 0.398046875 0.18229777256740914 0.00703125 0.007033997655334115
0 0.75703125 0.1817116060961313 0.0078125 0.007033997655334115
0 0.4875 0.18083235638921455 0.0078125 0.005275498241500586
0 0.532421875 0.18083235638921455 0.00703125 0.0076201641266119575
0 0.597265625 0.1776084407971864 0.00703125 0.007033997655334115
0 0.813671875 0.17379835873388041 0.00078125 0.0005861664712778429
0 0.776953125 0.1735052754982415 0.00546875 0.0011723329425556857
0 0.70703125 0.17672919109026963 0.009375 0.0076201641266119575
0 0.65625 0.1764361078546307 0.009375 0.008206330597889801
0 0.63125 0.17379835873388041 0.0046875 0.004103165298944901
0 0.809765625 0.17174677608440797 0.00546875 0.0011723329425556857
0 0.56171875 0.17174677608440797 0.0046875 0.0035169988276670576
0 0.468359375 0.16910902696365768 0.00546875 0.004103165298944901
0 0.351953125 0.16881594372801875 0.00703125 0.007033997655334115
0 0.72734375 0.1682297772567409 0.009375 0.007033997655334115
0 0.83828125 0.1682297772567409 0.0125 0.009378663540445486
0 0.75703125 0.16354044548651817 0.0109375 0.008206330597889801
0 0.611328125 0.16324736225087924 0.00546875 0.0076201641266119575
0 0.53828125 0.16324736225087924 0.009375 0.0076201641266119575
0 0.51484375 0.16178194607268465 0.0078125 0.007033997655334115
0 0.576171875 0.15885111371629543 0.00859375 0.007033997655334115
0 0.77890625 0.15914419695193435 0.0109375 0.008792497069167644
0 0.4140625 0.15679953106682298 0.00625 0.005275498241500586
0 0.867578125 0.15738569753810083 0.01171875 0.00996483001172333
0 0.4421875 0.15269636576787807 0.0078125 0.006447831184056272
0 0.73515625 0.15211019929660025 0.009375 0.0076201641266119575
0 0.62890625 0.1503516998827667 0.0046875 0.005275498241500586
0 0.84140625 0.15123094958968347 0.0125 0.009378663540445486
0 0.6609375 0.15005861664712777 0.00625 0.008206330597889801
0 0.798046875 0.14859320046893318 0.01171875 0.00996483001172333
0 0.68359375 0.14566236811254396 0.00625 0.006447831184056272
0 0.562890625 0.14390386869871044 0.00859375 0.0076201641266119575
0 0.820703125 0.14419695193434937 0.01171875 0.009378663540445486
0 0.540234375 0.14126611957796015 0.00703125 0.005861664712778429
0 0.59609375 0.138042203985932 0.009375 0.006447831184056272
0 0.348046875 0.1392145369284877 0.00859375 0.008792497069167644
0 0.77421875 0.13042203985932005 0.0015625 0.0005861664712778429
0 0.705859375 0.13012895662368112 0.00859375 0.008206330597889801
0 0.323046875 0.12866354044548653 0.01015625 0.006447831184056272
0 0.6453125 0.1254396248534584 0.0078125 0.005861664712778429
0 0.683203125 0.12221570926143024 0.00703125 0.006447831184056272
0 0.382421875 0.12192262602579132 0.00703125 0.005861664712778429
0 0.345703125 0.12075029308323564 0.00859375 0.004689331770222743
0 0.546484375 0.12075029308323564 0.00859375 0.005861664712778429
0 0.602734375 0.11957796014067995 0.00546875 0.004689331770222743
0 0.29453125 0.12133645955451348 0.009375 0.008206330597889801
0 0.522265625 0.11488862837045721 0.00703125 0.007033997655334115
0 0.23984375 0.10697538100820633 0.0015625 0.0005861664712778429
0 0.245703125 0.10228604923798358 0.00234375 0.004103165298944901
0 0.244921875 0.09935521688159438 0.00078125 0.0005861664712778429
0 0.2390625 0.09642438452520516 0.003125 0.0005861664712778429
