0 0.35390625 0.8478898007033998 0.0109375 0.00996483001172333
0 0.289453125 0.8426143024618992 0.01171875 0.00996483001172333
0 0.419140625 0.8385111371629543 0.00546875 0.005275498241500586
0 0.39765625 0.8270808909730364 0.00625 0.008206330597889801
0 0.36484375 0.824736225087925 0.0078125 0.007033997655334115
0 0.121484375 0.8223915592028136 0.01328125 0.009378663540445486
0 0.708203125 0.8188745603751465 0.00859375 0.005861664712778429
0 0.67421875 0.8124267291910903 0.009375 0.009378663540445486
0 0.414453125 0.8115474794841735 0.01171875 0.0076201641266119575
0 0.3828125 0.8115474794841735 0.0078125 0.0076201641266119575
0 0.498046875 0.7986518171160609 0.01171875 0.008792497069167644
0 0.39609375 0.7957209847596718 0.003125 0.0029308323563892145
0 0.1359375 0.7986518171160609 0.015625 0.00996483001172333
0 0.115234375 0.7954279015240329 0.01640625 0.009378663540445486
0 0.080078125 0.7957209847596718 0.01328125 0.00996483001172333
0 0.37265625 0.7922039859320047 0.0078125 0.008792497069167644
0 0.326171875 0.7889800703399765 0.01171875 0.008206330597889801
0 0.411328125 0.7740328253223916 0.01015625 0.008792497069167644
0 0.43671875 0.7728604923798359 0.009375 0.008792497069167644
0 0.243359375 0.7643610785463072 0.01328125 0.009378663540445486
0 0.469921875 0.7523446658851114 0.00859375 0.006447831184056272
0 0.404296875 0.7532239155920282 0.00859375 0.009378663540445486
0 0.124609375 0.7532239155920282 0.01328125 0.009378663540445486
0 0.315234375 0.7523446658851114 0.01171875 0.008792497069167644
0 0.561328125 0.742672919109027 0.01015625 0.009378663540445486
0 0.208203125 0.7420867526377491 0.01328125 0.009378663540445486
0 0.44765625 0.7400351699882767 0.0109375 0.0076201641266119575
0 0.530859375 0.7327080890973037 0.00703125 0.009378663540445486
0 0.451953125 0.7206916764361079 0.01171875 0.0076201641266119575
0 0.31328125 0.7198124267291911 0.009375 0.008206330597889801
0 0.155859375 0.713071512309496 0.01328125 0.008792497069167644
0 0.55234375 0.7054513481828839 0.0109375 0.008792497069167644
0 0.442578125 0.6916764361078547 0.01171875 0.009378663540445486
0 0.27109375 0.6910902696365768 0.0125 0.009378663540445486
0 0.532421875 0.6899179366940211 0.01171875 0.009378663540445486
0 0.498046875 0.6861078546307151 0.01171875 0.00996483001172333
0 0.197265625 0.6858147713950762 0.01328125 0.010550996483001172
0 0.1671875 0.6837631887456037 0.0140625 0.008792497069167644
0 0.28515625 0.6761430246189918 0.0125 0.008792497069167644
0 0.5234375 0.6682297772567409 0.0109375 0.009378663540445486
0 0.3203125 0.667936694021102 0.0125 0.008792497069167644
0 0.203515625 0.6688159437280188 0.01328125 0.010550996483001172
0 0.4984375 0.6664712778429074 0.0109375 0.009378663540445486
0 0.69921875 0.6611957796014069 0.0109375 0.009378663540445486
0 0.069921875 0.6588511137162955 0.01328125 0.007033997655334115
0 0.345703125 0.6579718640093787 0.01328125 0.008792497069167644
0 0.826953125 0.656799531066823 0.01484375 0.00996483001172333
0 0.43046875 0.6524032825322391 0.0125 0.009378663540445486
0 0.2671875 0.6515240328253223 0.0125 0.008792497069167644
0 0.483203125 0.6509378663540446 0.01171875 0.008792497069167644
0 0.370703125 0.6503516998827668 0.01171875 0.008792497069167644
0 0.1421875 0.64947245017585 0.0140625 0.009378663540445486
0 0.679296875 0.6468347010550997 0.01171875 0.008792497069167644
0 0.46171875 0.6403868698710434 0.0109375 0.008792497069167644
0 0.159375 0.6359906213364596 0.0125 0.009378663540445486
0 0.64296875 0.6348182883939039 0.0125 0.009378663540445486
0 0.328515625 0.6260257913247362 0.01171875 0.008206330597889801
0 0.273046875 0.6257327080890973 0.01171875 0.008792497069167644
0 0.52421875 0.6254396248534584 0.0125 0.009378663540445486
0 0.62109375 0.6239742086752638 0.0125 0.0076201641266119575
0 0.41328125 0.6251465416178195 0.0109375 0.00996483001172333
0 0.45234375 0.6216295427901524 0.0125 0.00996483001172333
0 0.5 0.6186987104337632 0.0109375 0.008792497069167644
0 0.345703125 0.6087338804220399 0.01328125 0.008792497069167644
0 0.559375 0.6081477139507621 0.0109375 0.008792497069167644
0 0.319921875 0.6078546307151231 0.00859375 0.008206330597889801
0 0.421875 0.6075615474794842 0.0109375 0.008792497069167644
0 0.458984375 0.6025791324736225 0.01171875 0.009378663540445486
0 0.400390625 0.5981828839390387 0.01015625 0.008792497069167644
0 0.527734375 0.597010550996483 0.01171875 0.008792497069167644
0 0.627734375 0.5929073856975381 0.01328125 0.008792497069167644
0 0.287890625 0.593200468933177 0.01171875 0.009378663540445486
0 0.602734375 0.5888042203985931 0.01171875 0.008792497069167644
0 0.652734375 0.5885111371629543 0.01328125 0.009378663540445486
0 0.341796875 0.585873388042204 0.01171875 0.008792497069167644
0 0.4375 0.5847010550996483 0.0125 0.008792497069167644
0 0.461328125 0.5835287221570926 0.01171875 0.008792497069167644
0 0.267578125 0.5835287221570926 0.01171875 0.008792497069167644
0 0.307421875 0.5823563892145369 0.01171875 0.008792497069167644
0 0.373828125 0.5808909730363423 0.01171875 0.008206330597889801
0 0.405078125 0.5785463071512309 0.01171875 0.008206330597889801
0 0.55703125 0.5677022274325909 0.0125 0.008792497069167644
0 0.524609375 0.5659437280187574 0.01171875 0.008792497069167644
0 0.18984375 0.563305978898007 0.0140625 0.008206330597889801
0 0.444921875 0.5621336459554513 0.01171875 0.008206330597889801
0 0.133984375 0.559495896834701 0.01328125 0.008792497069167644
0 0.21796875 0.555978898007034 0.015625 0.008792497069167644
0 0.23984375 0.5545134818288394 0.0140625 0.008206330597889801
0 0.5859375 0.5545134818288394 0.0125 0.009378663540445486
0 0.664453125 0.5533411488862837 0.01171875 0.009378663540445486
0 0.308203125 0.552168815943728 0.01171875 0.008206330597889801
0 0.54453125 0.5504103165298945 0.0125 0.009378663540445486
0 0.61953125 0.5492379835873388 0.0125 0.009378663540445486
0 0.51171875 0.5460140679953107 0.0125 0.008792497069167644
0 0.384765625 0.544841735052755 0.01171875 0.008792497069167644
0 0.460546875 0.5407385697538101 0.01171875 0.008792497069167644
0 0.416796875 0.5331184056271981 0.01171875 0.008792497069167644
0 0.63125 0.5322391559202814 0.0125 0.009378663540445486
0 0.32890625 0.5313599062133646 0.0109375 0.008792497069167644
0 0.543359375 0.5284290738569754 0.01171875 0.008792497069167644
0 0.39375 0.5269636576787807 0.0125 0.009378663540445486
0 0.60625 0.526084407971864 0.0125 0.008792497069167644
0 0.507421875 0.5254982415005862 0.01171875 0.00996483001172333
0 0.194921875 0.5234466588511137 0.01484375 0.008206330597889801
0 0.665625 0.522274325908558 0.0125 0.009378663540445486
0 0.347265625 0.5190504103165299 0.01171875 0.008792497069167644
0 0.571484375 0.5158264947245017 0.01171875 0.008206330597889801
0 0.312109375 0.514947245017585 0.01171875 0.008792497069167644
0 0.214453125 0.5146541617819461 0.01328125 0.008206330597889801
0 0.3765625 0.5140679953106683 0.0125 0.008206330597889801
0 0.612109375 0.5076201641266119 0.01171875 0.008206330597889801
0 0.5078125 0.507327080890973 0.0109375 0.008792497069167644
0 0.23671875 0.5035169988276671 0.009375 0.007033997655334115
0 0.16015625 0.5041031652989449 0.0125 0.008206330597889801
0 0.47109375 0.5035169988276671 0.0125 0.008206330597889801
0 0.548828125 0.5026377491207503 0.01171875 0.008792497069167644
0 0.06796875 0.49941383352872215 0.003125 0.0035169988276670576
0 0.060546875 0.5 0.01015625 0.004689331770222743
0 0.3265625 0.49941383352872215 0.0125 0.008206330597889801
0 0.594921875 0.49296600234466587 0.01171875 0.009378663540445486
0 0.65625 0.4915005861664713 0.0125 0.008792497069167644
0 0.302734375 0.4903282532239156 0.01171875 0.008792497069167644
0 0.108984375 0.48827667057444313 0.01328125 0.008206330597889801
0 0.505859375 0.4847596717467761 0.01171875 0.009378663540445486
0 0.57109375 0.4835873388042204 0.0125 0.008206330597889801
0 0.545703125 0.48300117233294254 0.01171875 0.008206330597889801
0 0.73046875 0.4827080890973036 0.0140625 0.008792497069167644
0 0.695703125 0.47743259085580303 0.01328125 0.008792497069167644
0 0.638671875 0.4762602579132474 0.01171875 0.008792497069167644
0 0.598046875 0.47332942555685814 0.01171875 0.008792497069167644
0 0.30234375 0.47215709261430244 0.0125 0.0076201641266119575
0 0.441015625 0.4718640093786635 0.01328125 0.008206330597889801
0 0.280078125 0.47215709261430244 0.01328125 0.008792497069167644
0 0.4890625 0.4709847596717468 0.0125 0.008792497069167644
0 0.52734375 0.47039859320046895 0.0109375 0.008792497069167644
0 0.465234375 0.4695193434935522 0.01328125 0.008206330597889801
0 0.10625 0.4698124267291911 0.0125 0.008792497069167644
0 0.079296875 0.46893317702227433 0.01484375 0.008206330597889801
0 0.576953125 0.46160609613130127 0.01328125 0.008792497069167644
0 0.1453125 0.4610199296600234 0.0125 0.008792497069167644
0 0.684375 0.4601406799531067 0.0125 0.008206330597889801
0 0.348046875 0.458968347010551 0.01171875 0.008206330597889801
0 0.553125 0.4586752637749121 0.0125 0.008792497069167644
0 0.19453125 0.45720984759671746 0.015625 0.008206330597889801
0 0.503515625 0.45427901524032827 0.01171875 0.009378663540445486
0 0.60625 0.4533997655334115 0.0125 0.008792497069167644
0 0.23984375 0.4533997655334115 0.0140625 0.00996483001172333
0 0.21640625 0.45281359906213364 0.0171875 0.008792497069167644
0 0.301953125 0.4510550996483001 0.01171875 0.008792497069167644
0 0.476171875 0.4504689331770223 0.01171875 0.008792497069167644
0 0.27265625 0.44314185228604924 0.0125 0.008206330597889801
0 0.672265625 0.4428487690504103 0.01328125 0.008792497069167644
0 0.087109375 0.4416764361078546 0.01328125 0.008792497069167644
0 0.56171875 0.44109026963657677 0.0125 0.008792497069167644
0 0.45703125 0.43874560375146543 0.0125 0.008792497069167644
0 0.118359375 0.4372801875732708 0.01328125 0.008206330597889801
0 0.43359375 0.4372801875732708 0.0125 0.009378663540445486
0 0.2359375 0.4358147713950762 0.0125 0.008792497069167644
0 0.647265625 0.43552168815943726 0.01328125 0.009378663540445486
0 0.50546875 0.43552168815943726 0.0125 0.009378663540445486
0 0.29375 0.43464243845252054 0.0125 0.008792497069167644
0 0.585546875 0.43259085580304807 0.01171875 0.009378663540445486
0 0.48125 0.4317116060961313 0.0125 0.008792497069167644
0 0.6234375 0.42995310668229775 0.0125 0.008792497069167644
0 0.83046875 0.42907385697538103 0.0140625 0.009378663540445486
0 0.384765625 0.4273153575615475 0.01171875 0.008206330597889801
0 0.414453125 0.4249706916764361 0.01171875 0.008206330597889801
0 0.523046875 0.42174677608440797 0.01171875 0.008792497069167644
0 0.666796875 0.42145369284876905 0.01171875 0.009378663540445486
0 0.444921875 0.4208675263774912 0.01171875 0.008206330597889801
0 0.7 0.4194021101992966 0.0125 0.008792497069167644
0 0.56796875 0.4194021101992966 0.0125 0.008792497069167644
0 0.6015625 0.4176436107854631 0.0125 0.008792497069167644
0 0.809765625 0.4167643610785463 0.01328125 0.009378663540445486
0 0.207421875 0.41471277842907384 0.01328125 0.008792497069167644
0 0.49765625 0.4056271981242673 0.0125 0.009378663540445486
0 0.3 0.4047479484173505 0.0109375 0.008792497069167644
0 0.83125 0.4044548651817116 0.0140625 0.009378663540445486
0 0.636328125 0.40386869871043374 0.01171875 0.009378663540445486
0 0.58515625 0.40328253223915594 0.0125 0.009378663540445486
0 0.521484375 0.402989449003517 0.01328125 0.008792497069167644
0 0.46875 0.402989449003517 0.0109375 0.008792497069167644
0 0.662109375 0.40240328253223917 0.01328125 0.008792497069167644
0 0.40234375 0.39683470105509966 0.0125 0.009378663540445486
0 0.55390625 0.39566236811254396 0.0125 0.008206330597889801
0 0.61796875 0.38716295427901526 0.0125 0.00996483001172333
0 0.680859375 0.3865767878077374 0.01171875 0.00996483001172333
0 0.5328125 0.38599062133645956 0.0125 0.008792497069167644
0 0.34375 0.38188745603751467 0.0125 0.008792497069167644
0 0.6421875 0.3810082063305979 0.0125 0.009378663540445486
0 0.103125 0.3798358733880422 0.0125 0.009378663540445486
0 0.596484375 0.37485345838218054 0.01171875 0.00996483001172333
0 0.77265625 0.37280187573270807 0.0140625 0.009378663540445486
0 0.493359375 0.3698710433763189 0.01171875 0.009378663540445486
0 0.748046875 0.36664712778429076 0.01328125 0.00996483001172333
0 0.540625 0.36283704572098474 0.0125 0.009378663540445486
0 0.628515625 0.3616647127784291 0.01328125 0.009378663540445486
0 0.183203125 0.36107854630715125 0.01328125 0.009378663540445486
0 0.654296875 0.35990621336459555 0.01328125 0.009378663540445486
0 0.516796875 0.3593200468933177 0.01328125 0.009378663540445486
0 0.60390625 0.35668229777256744 0.0125 0.00996483001172333
0 0.57890625 0.35433763188745604 0.0125 0.008792497069167644
0 0.268359375 0.3525791324736225 0.01171875 0.008792497069167644
0 0.691015625 0.34788980070339975 0.01328125 0.00996483001172333
0 0.498046875 0.34671746776084406 0.01171875 0.008792497069167644
0 0.666015625 0.34349355216881594 0.01328125 0.008206330597889801
0 0.624609375 0.34144196951934347 0.01171875 0.00996483001172333
0 0.5953125 0.33294255568581477 0.0125 0.009378663540445486
0 0.64609375 0.3300117233294256 0.0125 0.009378663540445486
0 0.53046875 0.3291324736225088 0.0125 0.008792497069167644
0 0.573828125 0.3203399765533411 0.01171875 0.008792497069167644
0 0.178125 0.3159437280187573 0.0125 0.009378663540445486
0 0.7 0.3127198124267292 0.0125 0.008792497069167644
0 0.61328125 0.31330597889800704 0.0125 0.00996483001172333
0 0.66796875 0.3115474794841735 0.0125 0.00996483001172333
0 0.6375 0.30685814771395076 0.0125 0.008792497069167644
0 0.28046875 0.30685814771395076 0.0125 0.00996483001172333
0 0.385546875 0.3050996483001172 0.01171875 0.008792497069167644
0 0.519921875 0.30246189917936694 0.01171875 0.009378663540445486
0 0.053515625 0.30246189917936694 0.01328125 0.009378663540445486
0 0.176953125 0.29806565064478313 0.01328125 0.008792497069167644
0 0.617578125 0.29484173505275496 0.01171875 0.010550996483001172
0 0.660546875 0.29044548651817115 0.01328125 0.00996483001172333
0 0.6453125 0.27520515826494724 0.0125 0.00996483001172333
0 0.674609375 0.27256740914419697 0.01328125 0.009378663540445486
0 0.834375 0.2719812426729191 0.0140625 0.010550996483001172
0 0.188671875 0.2757913247362251 0.02421875 0.025205158264947247
0 0.31953125 0.264947245017585 0.0125 0.010550996483001172
0 0.77109375 0.2623094958968347 0.0125 0.00996483001172333
0 0.55625 0.26143024618991795 0.0125 0.010550996483001172
0 0.86328125 0.257620164126612 0.0140625 0.00996483001172333
0 0.584765625 0.25586166471277844 0.01171875 0.00996483001172333
0 0.108984375 0.2429660023446659 0.01328125 0.00996483001172333
0 0.064453125 0.24003516998827668 0.01328125 0.008792497069167644
0 0.1875 0.24150058616647127 0.0359375 0.01406799531066823
0 0.604296875 0.23856975381008205 0.01328125 0.010550996483001172
0 0.588671875 0.22420867526377491 0.01171875 0.011137162954279016
0 0.52578125 0.2186400937866354 0.0125 0.009378663540445486
0 0.137890625 0.2160023446658851 0.01328125 0.00996483001172333
0 0.609375 0.2130715123094959 0.0125 0.011137162954279016
0 0.856640625 0.20691676436107856 0.01328125 0.010550996483001172
0 0.633984375 0.2048651817116061 0.01328125 0.011137162954279016
0 0.483203125 0.19929660023446658 0.01171875 0.011723329425556858
0 0.511328125 0.19665885111371628 0.01328125 0.011137162954279016
0 0.616796875 0.1899179366940211 0.00859375 0.005861664712778429
0 0.401953125 0.19079718640093787 0.01171875 0.00996483001172333
0 0.358203125 0.18669402110199296 0.01171875 0.00996483001172333
0 0.466796875 0.18493552168815944 0.00859375 0.00996483001172333
0 0.6515625 0.18112543962485345 0.0125 0.011723329425556858
0 0.552734375 0.1735052754982415 0.01171875 0.004689331770222743
0 0.73359375 0.17233294255568582 0.0125 0.010550996483001172
0 0.511328125 0.17145369284876905 0.01328125 0.00996483001172333
0 0.2359375 0.17116060961313012 0.0125 0.010550996483001172
0 0.6234375 0.16735052754982416 0.009375 0.0076201641266119575
0 0.255859375 0.16148886283704572 0.01171875 0.011137162954279016
0 0.480859375 0.1559202813599062 0.00390625 0.0023446658851113715
0 0.211328125 0.15386869871043377 0.01328125 0.00996483001172333
0 0.4609375 0.14830011723329425 0.0046875 0.0035169988276670576
0 0.565234375 0.14683470105509966 0.01171875 0.0123094958968347
0 0.184765625 0.14097303634232122 0.01640625 0.008792497069167644
0 0.238671875 0.13745603751465416 0.00859375 0.005275498241500586
0 0.202734375 0.13452520515826494 0.01015625 0.005275498241500586
0 0.797265625 0.1365767878077374 0.01328125 0.010550996483001172
0 0.4984375 0.13159437280187572 0.0046875 0.0029308323563892145
0 0.72578125 0.12954279015240328 0.0125 0.011723329425556858
0 0.8296875 0.12514654161781946 0.0140625 0.0076201641266119575
0 0.6203125 0.12514654161781946 0.0125 0.0076201641266119575
0 0.57734375 0.12338804220398593 0.0046875 0.004103165298944901
0 0.568359375 0.12104337631887456 0.00234375 0.0029308323563892145
0 0.26953125 0.12075029308323564 0.0125 0.009378663540445486
0 0.51015625 0.11313012895662368 0.0078125 0.0035169988276670576
0 0.3125 0.11313012895662368 0.0125 0.011723329425556858
0 0.242578125 0.09349355216881594 0.00546875 0.004103165298944901
0 0.1875 0.09818288393903869 0.046875 0.029894490035169988
0 0.2109375 0.08382180539273154 0.0046875 0.0035169988276670576
