0 0.755859375 0.8754396248534584 0.00078125 0.0005861664712778429
0 0.754296875 0.8704572098475967 0.00078125 0.0011723329425556857
0 0.43203125 0.8259085580304807 0.0109375 0.008206330597889801
0 0.362890625 0.8253223915592028 0.01015625 0.008206330597889801
0 0.492578125 0.8191676436107854 0.01171875 0.0076201641266119575
0 0.4734375 0.8086166471277842 0.0109375 0.008792497069167644
0 0.44375 0.8045134818288394 0.0109375 0.008792497069167644
0 0.4875 0.7957209847596718 0.0109375 0.008792497069167644
0 0.4609375 0.7933763188745604 0.0109375 0.008792497069167644
0 0.814453125 0.7892731535756154 0.01328125 0.00996483001172333
0 0.562109375 0.787221570926143 0.01171875 0.009378663540445486
0 0.375390625 0.7848769050410317 0.01171875 0.008206330597889801
0 0.475 0.7793083235638921 0.0109375 0.0076201641266119575
0 0.28046875 0.7790152403282532 0.0109375 0.008206330597889801
0 0.453125 0.7766705744431418 0.0109375 0.008206330597889801
0 0.487890625 0.7623094958968347 0.01171875 0.008792497069167644
0 0.508984375 0.7605509964830012 0.01171875 0.008792497069167644
0 0.601171875 0.7479484173505275 0.01171875 0.009378663540445486
0 0.482421875 0.7435521688159438 0.01171875 0.008792497069167644
0 0.621484375 0.7394490035169988 0.01171875 0.008792497069167644
0 0.3640625 0.7288980070339977 0.009375 0.0076201641266119575
0 0.403515625 0.7104337631887456 0.01015625 0.008206330597889801
0 0.500390625 0.7092614302461899 0.01171875 0.008206330597889801
0 0.581640625 0.7063305978898007 0.01171875 0.009378663540445486
0 0.614453125 0.7045720984759671 0.01171875 0.008206330597889801
0 0.37734375 0.7019343493552169 0.0109375 0.0076201641266119575
0 0.591796875 0.690504103165299 0.01171875 0.009378663540445486
0 0.346484375 0.6852286049237983 0.01015625 0.007033997655334115
0 0.673828125 0.6781946072684643 0.01171875 0.008206330597889801
0 0.36484375 0.6767291910902696 0.0109375 0.0076201641266119575
0 0.27578125 0.6761430246189918 0.0109375 0.0076201641266119575
0 0.587109375 0.6732121922626025 0.01171875 0.008792497069167644
0 0.742578125 0.6685228604923799 0.01171875 0.008792497069167644
0 0.333984375 0.6667643610785463 0.01015625 0.0076201641266119575
0 0.30859375 0.6617819460726846 0.0109375 0.007033997655334115
0 0.561328125 0.6591441969519344 0.01171875 0.008792497069167644
0 0.643359375 0.6535756154747948 0.01171875 0.008206330597889801
0 0.667578125 0.64947245017585 0.01171875 0.008206330597889801
0 0.58046875 0.6483001172332943 0.0109375 0.008206330597889801
0 0.427734375 0.6477139507620164 0.01015625 0.007033997655334115
0 0.559375 0.6418522860492379 0.0109375 0.008206330597889801
0 0.796484375 0.6400937866354045 0.01328125 0.009378663540445486
0 0.601171875 0.638335287221571 0.01171875 0.008206330597889801
0 0.68515625 0.6377491207502931 0.0125 0.009378663540445486
0 0.53046875 0.6348182883939039 0.0109375 0.008206330597889801
0 0.709375 0.6307151230949589 0.0125 0.008206330597889801
0 0.54921875 0.6254396248534584 0.0109375 0.008206330597889801
0 0.678515625 0.6204572098475967 0.01171875 0.008792497069167644
0 0.615234375 0.6175263774912075 0.01171875 0.0076201641266119575
0 0.52265625 0.6166471277842908 0.0109375 0.008206330597889801
0 0.41875 0.6137162954279015 0.009375 0.007033997655334115
0 0.456640625 0.6113716295427901 0.01015625 0.008206330597889801
0 0.5015625 0.5999413833528722 0.009375 0.0076201641266119575
0 0.4375 0.5993552168815943 0.0109375 0.0076201641266119575
0 0.672265625 0.5967174677608441 0.01171875 0.008206330597889801
0 0.596484375 0.593200468933177 0.01015625 0.008206330597889801
0 0.457421875 0.5929073856975381 0.01015625 0.0076201641266119575
0 0.641796875 0.5917350527549824 0.01171875 0.0076201641266119575
0 0.401953125 0.5835287221570926 0.01015625 0.0076201641266119575
0 0.546875 0.5800117233294255 0.0109375 0.0076201641266119575
0 0.475390625 0.5759085580304807 0.01015625 0.0076201641266119575
0 0.69375 0.5756154747948418 0.0109375 0.008206330597889801
0 0.625390625 0.574736225087925 0.01171875 0.0076201641266119575
0 0.587109375 0.5729777256740914 0.01015625 0.0076201641266119575
0 0.783203125 0.5677022274325909 0.01328125 0.008792497069167644
0 0.44609375 0.5574443141852286 0.009375 0.007033997655334115
0 0.879296875 0.556271981242673 0.01328125 0.008206330597889801
0 0.6875 0.5477725674091442 0.0109375 0.0076201641266119575
0 0.6015625 0.5339976553341149 0.0109375 0.007033997655334115
0 0.4828125 0.5345838218053928 0.009375 0.008206330597889801
0 0.7859375 0.5331184056271981 0.0125 0.008792497069167644
0 0.257421875 0.5249120750293084 0.01015625 0.006447831184056272
0 0.418359375 0.5234466588511137 0.01015625 0.007033997655334115
0 0.481640625 0.518757327080891 0.01015625 0.007033997655334115
0 0.619140625 0.5090855803048066 0.01171875 0.0076201641266119575
0 0.21328125 0.5058616647127784 0.0109375 0.007033997655334115
0 0.8125 0.4985345838218054 0.0125 0.008792497069167644
0 0.63359375 0.4967760844079719 0.0109375 0.0076201641266119575
0 0.742578125 0.4932590855803048 0.01171875 0.0076201641266119575
0 0.8328125 0.4894490035169988 0.0125 0.008206330597889801
0 0.691796875 0.4824150058616647 0.01171875 0.008206330597889801
0 0.626953125 0.47215709261430244 0.01015625 0.0076201641266119575
0 0.709375 0.4715709261430246 0.0109375 0.0076201641266119575
0 0.8203125 0.4712778429073857 0.0125 0.008206330597889801
0 0.760546875 0.4633645955451348 0.01171875 0.008792497069167644
0 0.756640625 0.4469519343493552 0.01171875 0.0076201641266119575
0 0.77890625 0.43991793669402113 0.0125 0.008792497069167644
0 0.83984375 0.42936694021101995 0.0125 0.008792497069167644
0 0.7953125 0.4264361078546307 0.0125 0.0076201641266119575
0 0.630078125 0.4155920281359906 0.01015625 0.008206330597889801
0 0.42734375 0.414126611957796 0.009375 0.0076201641266119575
0 0.843359375 0.4091441969519343 0.01171875 0.008206330597889801
0 0.623828125 0.4000586166471278 0.01015625 0.0076201641266119575
0 0.3203125 0.4003516998827667 0.009375 0.008206330597889801
0 0.5609375 0.39976553341148885 0.0109375 0.008206330597889801
0 0.2734375 0.3883352872215709 0.0109375 0.0076201641266119575
0 0.302734375 0.3854044548651817 0.01015625 0.0076201641266119575
0 0.569140625 0.384232121922626 0.01015625 0.0076201641266119575
0 0.769921875 0.38364595545134816 0.01171875 0.008792497069167644
0 0.7015625 0.3830597889800703 0.0109375 0.008792497069167644
0 0.878125 0.38042203985932005 0.0140625 0.009378663540445486
0 0.2484375 0.37485345838218054 0.009375 0.0076201641266119575
0 0.6734375 0.37221570926143027 0.0109375 0.008206330597889801
0 0.69453125 0.3660609613130129 0.0125 0.008792497069167644
0 0.773828125 0.3601992966002345 0.01171875 0.008792497069167644
0 0.373828125 0.35433763188745604 0.01015625 0.0076201641266119575
0 0.709765625 0.3537514654161782 0.01171875 0.0076201641266119575
0 0.747265625 0.3499413833528722 0.01171875 0.009378663540445486
0 0.687109375 0.3493552168815944 0.01171875 0.008206330597889801
0 0.4265625 0.34114888628370454 0.009375 0.007033997655334115
0 0.765234375 0.3376318874560375 0.01328125 0.008206330597889801
0 0.255859375 0.3305978898007034 0.01015625 0.008206330597889801
0 0.69296875 0.3267878077373974 0.0109375 0.0076201641266119575
0 0.714453125 0.32327080890973037 0.01328125 0.0076201641266119575
0 0.78203125 0.3215123094958968 0.0125 0.008792497069167644
0 0.750390625 0.31887456037514655 0.01171875 0.009378663540445486
0 0.759765625 0.2924970691676436 0.01171875 0.009378663540445486
0 0.305078125 0.2898593200468933 0.01171875 0.008792497069167644
0 0.71796875 0.2828253223915592 0.0109375 0.00996483001172333
0 0.3515625 0.2784290738569754 0.0125 0.009378663540445486
0 0.773828125 0.26436107854630714 0.01171875 0.008206330597889801
0 0.330078125 0.2640679953106682 0.02734375 0.01817116060961313
0 0.28125 0.25703399765533413 0.0109375 0.008792497069167644
0 0.38515625 0.2543962485345838 0.0109375 0.009378663540445486
0 0.625390625 0.2485345838218054 0.01171875 0.010550996483001172
0 0.246484375 0.23417350527549824 0.00703125 0.004103165298944901
0 0.526953125 0.23593200468933176 0.01015625 0.00996483001172333
0 0.6234375 0.23036342321219228 0.0046875 0.0023446658851113715
0 0.343359375 0.23182883939038687 0.01015625 0.00996483001172333
0 0.6296875 0.22713950762016413 0.0046875 0.0029308323563892145
0 0.657421875 0.22977725674091443 0.01171875 0.009378663540445486
0 0.517578125 0.22069167643610785 0.00078125 0.0005861664712778429
0 0.51953125 0.2198124267291911 0.0015625 0.0011723329425556857
0 0.5765625 0.21893317702227433 0.003125 0.004103165298944901
0 0.3484375 0.21336459554513482 0.00625 0.007033997655334115
0 0.559375 0.21365767878077374 0.009375 0.00996483001172333
0 0.300390625 0.20574443141852286 0.01171875 0.009378663540445486
0 0.621484375 0.20281359906213364 0.01015625 0.009378663540445486
0 0.398046875 0.1981242672919109 0.01015625 0.007033997655334115
0 0.6578125 0.194021101992966 0.0125 0.010550996483001172
0 0.396875 0.18141852286049237 0.0109375 0.00996483001172333
0 0.4953125 0.1776084407971864 0.0078125 0.004689331770222743
0 0.332421875 0.17233294255568582 0.01015625 0.009378663540445486
0 0.728515625 0.16969519343493553 0.01328125 0.008792497069167644
0 0.709765625 0.1638335287221571 0.01484375 0.00996483001172333
0 0.347265625 0.15240328253223914 0.00390625 0.007033997655334115
