0 0.282421875 0.9997069167643611 0.00078125 0.0005861664712778429
0 0.543359375 0.9994138335287222 0.00078125 0.0011723329425556857
0 0.290625 0.9994138335287222 0.0015625 0.0011723329425556857
0 0.459375 0.9985345838218054 0.003125 0.0029308323563892145
0 0.3046875 0.9882766705744431 0.003125 0.0011723329425556857
0 0.356640625 0.9891559202813599 0.01484375 0.006447831184056272
0 0.330859375 0.9862250879249707 0.00234375 0.0005861664712778429
0 0.216796875 0.9853458382180539 0.00390625 0.0023446658851113715
0 0.366796875 0.9809495896834701 0.00234375 0.0017584994138335288
0 0.251953125 0.973915592028136 0.00390625 0.0029308323563892145
0 0.232421875 0.9730363423212193 0.00234375 0.0011723329425556857
0 0.778125 0.809495896834701 0.009375 0.009378663540445486
0 0.723828125 0.8068581477139508 0.01171875 0.0076201641266119575
0 0.38828125 0.7992379835873388 0.00625 0.004103165298944901
0 0.805859375 0.7974794841735052 0.00859375 0.005275498241500586
0 0.41640625 0.7960140679953107 0.00625 0.0035169988276670576
0 0.368359375 0.7930832356389215 0.00546875 0.004689331770222743
0 0.291796875 0.7933763188745604 0.00703125 0.005275498241500586
0 0.68671875 0.794841735052755 0.0109375 0.009378663540445486
0 0.659765625 0.7936694021101993 0.01171875 0.008206330597889801
0 0.6078125 0.7875146541617819 0.0109375 0.008792497069167644
0 0.431640625 0.7834114888628371 0.00078125 0.0005861664712778429
0 0.7046875 0.7860492379835874 0.0109375 0.009378663540445486
0 0.46484375 0.7831184056271981 0.0046875 0.0035169988276670576
0 0.3890625 0.7839976553341149 0.00625 0.005275498241500586
0 0.266015625 0.7828253223915592 0.00859375 0.005275498241500586
0 0.329296875 0.7807737397420867 0.00390625 0.0035169988276670576
0 0.245703125 0.7793083235638921 0.00703125 0.005275498241500586
0 0.802734375 0.779601406799531 0.01171875 0.008206330597889801
0 0.2859375 0.7781359906213364 0.0078125 0.005275498241500586
0 0.68515625 0.7781359906213364 0.009375 0.008792497069167644
0 0.6625 0.7772567409144197 0.0109375 0.008206330597889801
0 0.357421875 0.7754982415005862 0.00703125 0.005861664712778429
0 0.2265625 0.7749120750293084 0.00625 0.004689331770222743
0 0.481640625 0.7731535756154748 0.00546875 0.0035169988276670576
0 0.448046875 0.7734466588511137 0.00546875 0.005275498241500586
0 0.4078125 0.7737397420867527 0.00625 0.005861664712778429
0 0.3015625 0.7699296600234466 0.00625 0.005275498241500586
0 0.517578125 0.7693434935521688 0.01015625 0.006447831184056272
0 0.424609375 0.7640679953106683 0.00078125 0.0005861664712778429
0 0.32109375 0.7667057444314185 0.0078125 0.005861664712778429
0 0.38828125 0.764947245017585 0.0046875 0.004689331770222743
0 0.2515625 0.765240328253224 0.00625 0.006447831184056272
0 0.629296875 0.7640679953106683 0.01171875 0.008792497069167644
0 0.462109375 0.7587924970691676 0.00546875 0.0029308323563892145
0 0.356640625 0.7596717467760844 0.00703125 0.007033997655334115
0 0.442578125 0.7579132473622509 0.00546875 0.004689331770222743
0 0.225 0.7590855803048066 0.0078125 0.007033997655334115
0 0.27421875 0.7546893317702228 0.0046875 0.004103165298944901
0 0.37421875 0.7529308323563892 0.003125 0.0017584994138335288
0 0.305859375 0.7546893317702228 0.00703125 0.005275498241500586
0 0.6453125 0.7546893317702228 0.0078125 0.008792497069167644
0 0.323828125 0.7511723329425557 0.00390625 0.004103165298944901
0 0.417578125 0.75 0.00859375 0.004103165298944901
0 0.476953125 0.7476553341148886 0.00546875 0.0017584994138335288
0 0.240234375 0.7488276670574443 0.00703125 0.005275498241500586
0 0.57109375 0.7491207502930832 0.0109375 0.008206330597889801
0 0.34296875 0.746189917936694 0.003125 0.0035169988276670576
0 0.5234375 0.7470691676436108 0.009375 0.0076201641266119575
0 0.26171875 0.7456037514654161 0.009375 0.005861664712778429
0 0.61015625 0.7447245017584995 0.0109375 0.0076201641266119575
0 0.28828125 0.7429660023446659 0.0078125 0.006447831184056272
0 0.43828125 0.7409144196951934 0.00625 0.004689331770222743
0 0.54453125 0.7415005861664713 0.0078125 0.007033997655334115
0 0.31015625 0.7397420867526378 0.00625 0.005861664712778429
0 0.503515625 0.7382766705744431 0.01015625 0.004103165298944901
0 0.380859375 0.7379835873388042 0.00703125 0.005861664712778429
0 0.462109375 0.7362250879249707 0.00390625 0.0035169988276670576
0 0.6640625 0.7373974208675264 0.0109375 0.009378663540445486
0 0.628515625 0.7359320046893317 0.00859375 0.006447831184056272
0 0.329296875 0.7353458382180539 0.00546875 0.005275498241500586
0 0.58125 0.7356389214536928 0.009375 0.008206330597889801
0 0.419921875 0.7338804220398594 0.00859375 0.005861664712778429
0 0.24609375 0.7341735052754983 0.0046875 0.006447831184056272
0 0.483203125 0.7330011723329426 0.00703125 0.005275498241500586
0 0.35078125 0.7318288393903869 0.0078125 0.004103165298944901
0 0.523046875 0.731242672919109 0.01015625 0.006447831184056272
0 0.559765625 0.7297772567409144 0.01015625 0.007033997655334115
0 0.2953125 0.7286049237983587 0.0046875 0.005861664712778429
0 0.27578125 0.7286049237983587 0.0078125 0.007033997655334115
0 0.60703125 0.7283118405627198 0.0109375 0.0076201641266119575
0 0.39921875 0.7271395076201641 0.0046875 0.005275498241500586
0 0.540625 0.7242086752637749 0.003125 0.0005861664712778429
0 0.230859375 0.7247948417350527 0.00859375 0.005275498241500586
0 0.50234375 0.7218640093786636 0.009375 0.004103165298944901
0 0.536328125 0.7215709261430246 0.00390625 0.004689331770222743
0 0.380078125 0.7218640093786636 0.00703125 0.006447831184056272
0 0.332421875 0.7206916764361079 0.00390625 0.004103165298944901
0 0.311328125 0.7206916764361079 0.00390625 0.004103165298944901
0 0.258203125 0.7215709261430246 0.00703125 0.005861664712778429
0 0.450390625 0.720398593200469 0.00546875 0.004689331770222743
0 0.584765625 0.72010550996483 0.01015625 0.006447831184056272
0 0.429296875 0.7192262602579133 0.00390625 0.004689331770222743
0 0.631640625 0.7198124267291911 0.01171875 0.008206330597889801
0 0.360546875 0.7183470105509965 0.00703125 0.006447831184056272
0 0.521484375 0.7157092614302462 0.00546875 0.004689331770222743
0 0.653515625 0.7168815943728019 0.01171875 0.008206330597889801
0 0.41171875 0.712778429073857 0.0046875 0.0035169988276670576
0 0.6765625 0.7142438452520515 0.009375 0.0076201641266119575
0 0.559375 0.7133645955451349 0.0109375 0.007033997655334115
0 0.29453125 0.7121922626025792 0.0046875 0.005861664712778429
0 0.471875 0.7110199296600235 0.0046875 0.004689331770222743
0 0.6046875 0.7118991793669402 0.0109375 0.008792497069167644
0 0.580859375 0.7072098475967175 0.00078125 0.0005861664712778429
0 0.27578125 0.7098475967174678 0.00625 0.005861664712778429
0 0.392578125 0.708968347010551 0.00703125 0.006447831184056272
0 0.696875 0.7098475967174678 0.0109375 0.009378663540445486
0 0.345703125 0.7083821805392732 0.00859375 0.006447831184056272
0 0.494140625 0.7057444314185228 0.00546875 0.0023446658851113715
0 0.806640625 0.7077960140679953 0.01171875 0.008792497069167644
0 0.57578125 0.7060375146541618 0.0078125 0.005275498241500586
0 0.323828125 0.7063305978898007 0.00859375 0.005861664712778429
0 0.2546875 0.7054513481828839 0.00625 0.004103165298944901
0 0.230078125 0.7063305978898007 0.00703125 0.005861664712778429
0 0.453125 0.7048651817116061 0.0046875 0.005275498241500586
0 0.371875 0.705158264947245 0.0078125 0.007033997655334115
0 0.536328125 0.7045720984759671 0.01015625 0.007033997655334115
0 0.6390625 0.7045720984759671 0.0109375 0.008206330597889801
0 0.680859375 0.7010550996483002 0.00546875 0.0023446658851113715
0 0.43203125 0.7007620164126612 0.0078125 0.006447831184056272
0 0.710546875 0.6972450175849941 0.00078125 0.0005861664712778429
0 0.40625 0.6975381008206331 0.0015625 0.0011723329425556857
0 0.209375 0.6998827667057445 0.0046875 0.005861664712778429
0 0.659765625 0.7007620164126612 0.01171875 0.008792497069167644
0 0.30390625 0.6981242672919109 0.0046875 0.0035169988276670576
0 0.515234375 0.6990035169988277 0.01015625 0.006447831184056272
0 0.61796875 0.6995896834701055 0.0109375 0.008792497069167644
0 0.676953125 0.6963657678780774 0.00234375 0.0035169988276670576
0 0.476953125 0.6966588511137163 0.00703125 0.004103165298944901
0 0.593359375 0.6969519343493552 0.00703125 0.008206330597889801
0 0.5578125 0.6969519343493552 0.0109375 0.008206330597889801
0 0.38359375 0.6934349355216881 0.003125 0.0023446658851113715
0 0.355859375 0.6954865181711606 0.00703125 0.006447831184056272
0 0.285546875 0.6957796014067995 0.00703125 0.007033997655334115
0 0.33671875 0.6943141852286049 0.0078125 0.006447831184056272
0 0.70703125 0.693728018757327 0.0046875 0.006447831184056272
0 0.265625 0.6931418522860492 0.0078125 0.006447831184056272
0 0.4578125 0.6896248534583822 0.0046875 0.005275498241500586
0 0.497265625 0.6884525205158265 0.00859375 0.004103165298944901
0 0.24609375 0.6899179366940211 0.009375 0.007033997655334115
0 0.809375 0.690504103165299 0.0125 0.009378663540445486
0 0.225390625 0.6893317702227433 0.00703125 0.007033997655334115
0 0.53984375 0.6887456037514654 0.0109375 0.007033997655334115
0 0.63515625 0.6884525205158265 0.0109375 0.008792497069167644
0 0.57734375 0.6881594372801876 0.0109375 0.008206330597889801
0 0.73359375 0.6872801875732708 0.0125 0.008792497069167644
0 0.596484375 0.6837631887456037 0.00859375 0.0017584994138335288
0 0.31640625 0.6855216881594373 0.0078125 0.006447831184056272
0 0.423046875 0.6852286049237983 0.00546875 0.007033997655334115
0 0.3703125 0.6837631887456037 0.0078125 0.005275498241500586
0 0.65546875 0.6846424384525205 0.0109375 0.008206330597889801
0 0.516015625 0.6837631887456037 0.01015625 0.006447831184056272
0 0.591015625 0.6805392731535757 0.00078125 0.0023446658851113715
0 0.40234375 0.6828839390386869 0.0078125 0.007033997655334115
0 0.29453125 0.6822977725674091 0.0046875 0.005861664712778429
0 0.6765625 0.6817116060961314 0.0109375 0.008206330597889801
0 0.479296875 0.6784876905041032 0.00390625 0.0029308323563892145
0 0.44140625 0.679073856975381 0.0046875 0.004103165298944901
0 0.34921875 0.6802461899179367 0.00625 0.006447831184056272
0 0.55859375 0.6802461899179367 0.0109375 0.008792497069167644
0 0.27578125 0.679073856975381 0.00625 0.006447831184056272
0 0.61796875 0.679073856975381 0.0109375 0.0076201641266119575
0 0.6984375 0.679073856975381 0.0109375 0.008792497069167644
0 0.25703125 0.6779015240328253 0.0078125 0.006447831184056272
0 0.23671875 0.6764361078546307 0.0078125 0.005861664712778429
0 0.460546875 0.6737983587338804 0.00234375 0.005275498241500586
0 0.719140625 0.6749706916764361 0.01171875 0.008792497069167644
0 0.53203125 0.6740914419695193 0.0109375 0.007033997655334115
0 0.32734375 0.6729191090269636 0.0078125 0.005861664712778429
0 0.640625 0.6732121922626025 0.0109375 0.0076201641266119575
0 0.412890625 0.6702813599062134 0.00390625 0.0017584994138335288
0 0.386328125 0.6723329425556858 0.00703125 0.005861664712778429
0 0.578125 0.671746776084408 0.0109375 0.008206330597889801
0 0.3078125 0.6699882766705745 0.0078125 0.007033997655334115
0 0.510546875 0.6673505275498242 0.00546875 0.0029308323563892145
0 0.364453125 0.6691090269636577 0.00859375 0.006447831184056272
0 0.6609375 0.6685228604923799 0.0109375 0.008792497069167644
0 0.433203125 0.6652989449003517 0.00703125 0.0035169988276670576
0 0.2890625 0.6670574443141852 0.0078125 0.007033997655334115
0 0.55 0.6658851113716295 0.009375 0.005861664712778429
0 0.34375 0.6647127784290738 0.003125 0.0035169988276670576
0 0.683984375 0.6661781946072685 0.01171875 0.008792497069167644
0 0.49140625 0.6650058616647128 0.0078125 0.006447831184056272
0 0.268359375 0.6650058616647128 0.00703125 0.006447831184056272
0 0.601171875 0.6652989449003517 0.01171875 0.008206330597889801
0 0.2484375 0.664126611957796 0.00625 0.005861664712778429
0 0.736328125 0.6650058616647128 0.01171875 0.008792497069167644
0 0.62265625 0.6629542790152403 0.0109375 0.008206330597889801
0 0.22890625 0.6617819460726846 0.0078125 0.007033997655334115
0 0.3984375 0.6609026963657679 0.00625 0.006447831184056272
0 0.705078125 0.6617819460726846 0.01171875 0.009378663540445486
0 0.470703125 0.6594372801875733 0.00546875 0.005861664712778429
0 0.531640625 0.656799531066823 0.00390625 0.0029308323563892145
0 0.568359375 0.6582649472450176 0.01015625 0.007033997655334115
0 0.58671875 0.6553341148886284 0.00625 0.0023446658851113715
0 0.45078125 0.6559202813599062 0.00625 0.0035169988276670576
0 0.377734375 0.6573856975381008 0.00859375 0.006447831184056272
0 0.31953125 0.6576787807737398 0.00625 0.007033997655334115
0 0.643359375 0.6570926143024619 0.01171875 0.008206330597889801
0 0.3 0.6544548651817116 0.00625 0.005275498241500586
0 0.583203125 0.6515240328253223 0.00078125 0.0017584994138335288
0 0.505078125 0.6512309495896834 0.00234375 0.0023446658851113715
0 0.670703125 0.6535756154747948 0.01171875 0.008206330597889801
0 0.3578125 0.652989449003517 0.0078125 0.007033997655334115
0 0.28046875 0.6524032825322391 0.0078125 0.007033997655334115
0 0.60703125 0.6515240328253223 0.0078125 0.006447831184056272
0 0.721484375 0.6515240328253223 0.01171875 0.008792497069167644
0 0.605078125 0.6474208675263775 0.00078125 0.0005861664712778429
0 0.33828125 0.6503516998827668 0.0078125 0.006447831184056272
0 0.261328125 0.6500586166471278 0.00859375 0.007033997655334115
0 0.240625 0.6497655334114889 0.00625 0.006447831184056272
0 0.4859375 0.6488862837045721 0.0078125 0.005861664712778429
0 0.804296875 0.6497655334114889 0.01171875 0.008792497069167644
0 0.412890625 0.6483001172332943 0.00703125 0.005861664712778429
0 0.220703125 0.6477139507620164 0.00546875 0.004689331770222743
0 0.5484375 0.6488862837045721 0.009375 0.008206330597889801
0 0.69375 0.6468347010550997 0.0109375 0.006447831184056272
0 0.39296875 0.645369284876905 0.0078125 0.007033997655334115
0 0.466796875 0.6433177022274326 0.00859375 0.006447831184056272
0 0.5234375 0.6430246189917936 0.009375 0.007033997655334115
0 0.371875 0.6424384525205158 0.0078125 0.005861664712778429
0 0.75625 0.6430246189917936 0.009375 0.008206330597889801
0 0.571875 0.6421453692848769 0.0109375 0.006447831184056272
0 0.654296875 0.6424384525205158 0.01171875 0.008206330597889801
0 0.63203125 0.6427315357561547 0.0109375 0.008792497069167644
0 0.311328125 0.6412661195779601 0.00859375 0.007033997655334115
0 0.291796875 0.6398007033997656 0.00859375 0.006447831184056272
0 0.447265625 0.638042203985932 0.00703125 0.005275498241500586
0 0.61328125 0.6368698710433763 0.0109375 0.004103165298944901
0 0.350390625 0.638042203985932 0.00703125 0.006447831184056272
0 0.271484375 0.6374560375146542 0.00703125 0.006447831184056272
0 0.675 0.6377491207502931 0.0109375 0.008206330597889801
0 0.50390625 0.6365767878077374 0.0078125 0.005861664712778429
0 0.733984375 0.6377491207502931 0.01171875 0.009378663540445486
0 0.330078125 0.6365767878077374 0.00703125 0.007033997655334115
0 0.250390625 0.6362837045720985 0.00390625 0.006447831184056272
0 0.712109375 0.6359906213364596 0.01015625 0.007033997655334115
0 0.5921875 0.6365767878077374 0.0109375 0.008206330597889801
0 0.80625 0.6345252051582649 0.0078125 0.005275498241500586
0 0.481640625 0.6339390386869871 0.00703125 0.004103165298944901
0 0.230859375 0.6339390386869871 0.00390625 0.005275498241500586
0 0.426953125 0.634232121922626 0.00703125 0.007033997655334115
0 0.694140625 0.6313012895662368 0.00546875 0.0023446658851113715
0 0.540625 0.6339390386869871 0.0109375 0.0076201641266119575
0 0.749609375 0.6307151230949589 0.00546875 0.0023446658851113715
0 0.407421875 0.6321805392731535 0.00859375 0.006447831184056272
0 0.63203125 0.6292497069167644 0.00625 0.0017584994138335288
0 0.687109375 0.6280773739742087 0.00078125 0.0017584994138335288
0 0.386328125 0.6307151230949589 0.00859375 0.007033997655334115
0 0.559765625 0.6286635404454866 0.01015625 0.0076201641266119575
0 0.4625 0.6280773739742087 0.0078125 0.006447831184056272
0 0.2140625 0.6283704572098476 0.00625 0.007033997655334115
0 0.522265625 0.6254396248534584 0.00234375 0.0023446658851113715
0 0.304296875 0.6271981242672919 0.00859375 0.007033997655334115
0 0.772265625 0.6274912075029309 0.01171875 0.008792497069167644
0 0.746875 0.6257327080890973 0.0046875 0.005275498241500586
0 0.652734375 0.6257327080890973 0.00859375 0.0076201641266119575
0 0.3625 0.6254396248534584 0.0078125 0.007033997655334115
0 0.283984375 0.6248534583821805 0.00703125 0.007033997655334115
0 0.3421875 0.6239742086752638 0.0078125 0.0076201641266119575
0 0.6140625 0.6236811254396248 0.009375 0.008206330597889801
0 0.44375 0.623094958968347 0.0078125 0.007033997655334115
0 0.264453125 0.623094958968347 0.00859375 0.007033997655334115
0 0.5796875 0.6228018757327081 0.0109375 0.0076201641266119575
0 0.321875 0.6222157092614302 0.0078125 0.006447831184056272
0 0.500390625 0.6207502930832356 0.00703125 0.005861664712778429
0 0.79296875 0.6213364595545134 0.0109375 0.008206330597889801
0 0.71640625 0.6210433763188745 0.009375 0.0076201641266119575
0 0.67265625 0.6213364595545134 0.0109375 0.008206330597889801
0 0.24453125 0.6201641266119577 0.0078125 0.007033997655334115
0 0.42421875 0.6186987104337632 0.009375 0.006447831184056272
0 0.54375 0.6184056271981243 0.009375 0.007033997655334115
0 0.401171875 0.6178194607268465 0.00859375 0.007033997655334115
0 0.5984375 0.6172332942555686 0.0078125 0.007033997655334115
0 0.47890625 0.6172332942555686 0.009375 0.007033997655334115
0 0.3765625 0.6160609613130129 0.0046875 0.004689331770222743
0 0.225390625 0.6160609613130129 0.00703125 0.007033997655334115
0 0.737109375 0.6148886283704572 0.01015625 0.008206330597889801
0 0.205859375 0.6143024618991794 0.00859375 0.007033997655334115
0 0.640625 0.6131301289566237 0.009375 0.005861664712778429
0 0.56328125 0.6131301289566237 0.0109375 0.007033997655334115
0 0.81171875 0.6131301289566237 0.009375 0.008206330597889801
0 0.459765625 0.6122508792497069 0.00859375 0.006447831184056272
0 0.29609375 0.6122508792497069 0.009375 0.006447831184056272
0 0.697265625 0.6125439624853458 0.01171875 0.008206330597889801
0 0.619140625 0.6101992966002344 0.01015625 0.004689331770222743
0 0.35390625 0.6113716295427901 0.0078125 0.007033997655334115
0 0.526171875 0.6096131301289566 0.00859375 0.005861664712778429
0 0.33359375 0.6099062133645955 0.0078125 0.006447831184056272
0 0.3140625 0.6078546307151231 0.0078125 0.007033997655334115
0 0.276171875 0.6078546307151231 0.00859375 0.007033997655334115
0 0.582421875 0.6072684642438453 0.00859375 0.007033997655334115
0 0.66171875 0.6072684642438453 0.009375 0.008206330597889801
0 0.441015625 0.6069753810082064 0.01015625 0.0076201641266119575
0 0.492578125 0.6058030480656507 0.00859375 0.0076201641266119575
0 0.41328125 0.6052168815943728 0.009375 0.0076201641266119575
0 0.392578125 0.604630715123095 0.01015625 0.006447831184056272
0 0.7859375 0.6049237983587339 0.0125 0.008206330597889801
0 0.718359375 0.604630715123095 0.01171875 0.0076201641266119575
0 0.758984375 0.604630715123095 0.01171875 0.008792497069167644
0 0.54609375 0.6031652989449003 0.009375 0.005861664712778429
0 0.25625 0.6034583821805393 0.0078125 0.006447831184056272
0 0.234375 0.6022860492379836 0.00625 0.005275498241500586
0 0.7390625 0.6008206330597889 0.009375 0.0035169988276670576
0 0.68203125 0.6019929660023446 0.0109375 0.007033997655334115
0 0.60234375 0.6016998827667057 0.0109375 0.006447831184056272
0 0.36953125 0.6019929660023446 0.0078125 0.007033997655334115
0 0.509765625 0.5999413833528722 0.00546875 0.004103165298944901
0 0.4734375 0.6002344665885111 0.009375 0.008206330597889801
0 0.56484375 0.5975967174677609 0.009375 0.006447831184056272
0 0.805078125 0.597303634232122 0.01171875 0.008206330597889801
0 0.62109375 0.5955451348182884 0.0109375 0.007033997655334115
0 0.34609375 0.5943728018757327 0.009375 0.007033997655334115
0 0.325390625 0.5946658851113716 0.00859375 0.0076201641266119575
0 0.305078125 0.5943728018757327 0.00859375 0.007033997655334115
0 0.284765625 0.5940797186400938 0.00703125 0.006447831184056272
0 0.70234375 0.5937866354044549 0.0109375 0.008206330597889801
0 0.641796875 0.5920281359906213 0.00859375 0.004689331770222743
0 0.584765625 0.5920281359906213 0.01015625 0.005861664712778429
0 0.5296875 0.5926143024618992 0.009375 0.007033997655334115
0 0.45625 0.5926143024618992 0.009375 0.007033997655334115
0 0.433984375 0.5923212192262602 0.00859375 0.0076201641266119575
0 0.663671875 0.5914419695193435 0.01015625 0.007033997655334115
0 0.773046875 0.5917350527549824 0.01171875 0.008792497069167644
0 0.223046875 0.5902696365767878 0.00703125 0.005861664712778429
0 0.489453125 0.5902696365767878 0.01015625 0.007033997655334115
0 0.39609375 0.589390386869871 0.009375 0.005275498241500586
0 0.266796875 0.5899765533411488 0.00859375 0.0076201641266119575
0 0.24609375 0.5890973036342321 0.0078125 0.007033997655334115
0 0.37578125 0.5870457209847597 0.009375 0.006447831184056272
0 0.54921875 0.5870457209847597 0.009375 0.0076201641266119575
0 0.416015625 0.5864595545134819 0.00859375 0.006447831184056272
0 0.604296875 0.5855803048065651 0.01015625 0.007033997655334115
0 0.751953125 0.585873388042204 0.01171875 0.008792497069167644
0 0.726953125 0.5852872215709262 0.01171875 0.0076201641266119575
0 0.68359375 0.5852872215709262 0.0109375 0.0076201641266119575
0 0.56796875 0.5823563892145369 0.00625 0.004103165298944901
0 0.5078125 0.5832356389214537 0.009375 0.007033997655334115
0 0.35703125 0.5811840562719812 0.009375 0.0076201641266119575
0 0.31640625 0.5811840562719812 0.009375 0.0076201641266119575
0 0.295703125 0.5808909730363423 0.00859375 0.007033997655334115
0 0.80078125 0.5808909730363423 0.0125 0.008206330597889801
0 0.625 0.5797186400937866 0.0109375 0.007033997655334115
0 0.473046875 0.5800117233294255 0.01015625 0.0076201641266119575
0 0.336328125 0.5791324736225087 0.01015625 0.007033997655334115
0 0.4390625 0.5773739742086753 0.009375 0.007033997655334115
0 0.64609375 0.5764947245017585 0.0109375 0.006447831184056272
0 0.52890625 0.5764947245017585 0.0109375 0.0076201641266119575
0 0.49140625 0.5753223915592028 0.009375 0.005275498241500586
0 0.587890625 0.5756154747948418 0.01015625 0.007033997655334115
0 0.66796875 0.5750293083235639 0.0109375 0.007033997655334115
0 0.259765625 0.5753223915592028 0.00859375 0.0076201641266119575
0 0.240234375 0.5744431418522861 0.00859375 0.007033997655334115
0 0.826171875 0.5732708089097304 0.00859375 0.005861664712778429
0 0.7140625 0.5726846424384525 0.0078125 0.004689331770222743
0 0.5484375 0.5720984759671747 0.009375 0.004689331770222743
0 0.400390625 0.5735638921453693 0.01015625 0.0076201641266119575
0 0.7640625 0.5726846424384525 0.0109375 0.007033997655334115
0 0.69375 0.5723915592028136 0.0109375 0.006447831184056272
0 0.27890625 0.5729777256740914 0.0078125 0.0076201641266119575
0 0.37734375 0.5715123094958968 0.009375 0.007033997655334115
0 0.22109375 0.5715123094958968 0.0078125 0.007033997655334115
0 0.741015625 0.5715123094958968 0.01171875 0.008206330597889801
0 0.60703125 0.5703399765533411 0.009375 0.007033997655334115
0 0.420703125 0.57063305978898 0.01015625 0.0076201641266119575
0 0.457421875 0.5703399765533411 0.01015625 0.008206330597889801
0 0.349609375 0.5682883939038686 0.00859375 0.005275498241500586
0 0.785546875 0.5688745603751465 0.01171875 0.008792497069167644
0 0.510546875 0.5677022274325909 0.01015625 0.0076201641266119575
0 0.31015625 0.5665298944900352 0.009375 0.0076201641266119575
0 0.8078125 0.5653575615474795 0.009375 0.006447831184056272
0 0.5703125 0.5653575615474795 0.0109375 0.006447831184056272
0 0.63359375 0.5638921453692849 0.0078125 0.005861664712778429
0 0.3296875 0.5641852286049238 0.009375 0.0076201641266119575
0 0.276171875 0.5600820633059789 0.00078125 0.0005861664712778429
0 0.2515625 0.5621336459554513 0.009375 0.007033997655334115
0 0.677734375 0.5612543962485346 0.01015625 0.006447831184056272
0 0.656640625 0.5615474794841735 0.01015625 0.007033997655334115
0 0.47265625 0.5615474794841735 0.00625 0.007033997655334115
0 0.43828125 0.5618405627198124 0.0109375 0.0076201641266119575
0 0.59140625 0.5603751465416178 0.0109375 0.005861664712778429
0 0.728125 0.55978898007034 0.0109375 0.005861664712778429
0 0.527734375 0.5600820633059789 0.01015625 0.006447831184056272
0 0.2921875 0.5600820633059789 0.009375 0.0076201641266119575
0 0.409765625 0.5589097303634232 0.01015625 0.006447831184056272
0 0.26953125 0.5574443141852286 0.00625 0.0035169988276670576
0 0.366796875 0.5586166471277842 0.01015625 0.007033997655334115
0 0.389453125 0.5580304806565064 0.01015625 0.007033997655334115
0 0.7 0.5568581477139508 0.0109375 0.005861664712778429
0 0.615625 0.556271981242673 0.009375 0.005861664712778429
0 0.21875 0.5565650644783119 0.009375 0.006447831184056272
0 0.77109375 0.5568581477139508 0.0109375 0.008206330597889801
0 0.749609375 0.5548065650644783 0.01015625 0.005275498241500586
0 0.493359375 0.555978898007034 0.00859375 0.0076201641266119575
0 0.555859375 0.5539273153575616 0.00703125 0.004689331770222743
0 0.45625 0.5550996483001173 0.009375 0.007033997655334115
0 0.79453125 0.5512895662368112 0.0078125 0.005275498241500586
0 0.237109375 0.5512895662368112 0.00859375 0.0076201641266119575
0 0.311328125 0.5507033997655334 0.01015625 0.0076201641266119575
0 0.57890625 0.5486518171160609 0.009375 0.004689331770222743
0 0.426171875 0.5495310668229777 0.01015625 0.006447831184056272
0 0.816015625 0.5495310668229777 0.01015625 0.008792497069167644
0 0.644921875 0.5480656506447831 0.01015625 0.005861664712778429
0 0.510546875 0.5477725674091442 0.01015625 0.0076201641266119575
0 0.351171875 0.5477725674091442 0.01015625 0.0076201641266119575
0 0.256640625 0.5471864009378663 0.01015625 0.0076201641266119575
0 0.679296875 0.5454279015240329 0.01015625 0.005275498241500586
0 0.528515625 0.5439624853458382 0.00390625 0.0023446658851113715
0 0.33125 0.5466002344665886 0.009375 0.0076201641266119575
0 0.37734375 0.5457209847596718 0.009375 0.007033997655334115
0 0.286328125 0.5454279015240329 0.01015625 0.0076201641266119575
0 0.48046875 0.5445486518171161 0.009375 0.007033997655334115
0 0.834375 0.5427901524032825 0.0078125 0.004689331770222743
0 0.71875 0.5439624853458382 0.0109375 0.007033997655334115
0 0.603515625 0.5433763188745604 0.01015625 0.005861664712778429
0 0.6234375 0.5413247362250879 0.0078125 0.005275498241500586
0 0.444140625 0.5424970691676436 0.01015625 0.0076201641266119575
0 0.76328125 0.5416178194607268 0.009375 0.007033997655334115
0 0.222265625 0.5416178194607268 0.00859375 0.007033997655334115
0 0.660546875 0.5375146541617819 0.00703125 0.004689331770222743
0 0.74140625 0.537221570926143 0.0109375 0.005275498241500586
0 0.6984375 0.5375146541617819 0.0109375 0.007033997655334115
0 0.30234375 0.537221570926143 0.0109375 0.0076201641266119575
0 0.807421875 0.5351699882766706 0.01171875 0.005861664712778429
0 0.5453125 0.5345838218053928 0.0078125 0.004689331770222743
0 0.423046875 0.5345838218053928 0.01015625 0.004689331770222743
0 0.269140625 0.5357561547479485 0.01015625 0.007033997655334115
0 0.58671875 0.5339976553341149 0.00625 0.004689331770222743
0 0.565234375 0.5339976553341149 0.00546875 0.004689331770222743
0 0.245703125 0.5345838218053928 0.01015625 0.007033997655334115
0 0.34765625 0.5334114888628371 0.009375 0.005861664712778429
0 0.517578125 0.5319460726846424 0.01015625 0.005275498241500586
0 0.368359375 0.5322391559202814 0.01015625 0.007033997655334115
0 0.323828125 0.5322391559202814 0.01015625 0.007033997655334115
0 0.77890625 0.5307737397420867 0.0109375 0.005275498241500586
0 0.494140625 0.5319460726846424 0.01015625 0.0076201641266119575
0 0.64140625 0.5304806565064478 0.0109375 0.005861664712778429
0 0.680078125 0.529601406799531 0.01015625 0.005275498241500586
0 0.72265625 0.5287221570926143 0.0109375 0.005861664712778429
0 0.473828125 0.529601406799531 0.01015625 0.0076201641266119575
0 0.2859375 0.5278429073856975 0.009375 0.0076201641266119575
0 0.229296875 0.5272567409144197 0.01015625 0.0076201641266119575
0 0.826171875 0.5254982415005862 0.01015625 0.005275498241500586
0 0.616015625 0.526084407971864 0.01015625 0.006447831184056272
0 0.756640625 0.5252051582649473 0.01015625 0.005861664712778429
0 0.70234375 0.5228604923798359 0.0109375 0.004689331770222743
0 0.38828125 0.5243259085580305 0.009375 0.0076201641266119575
0 0.79609375 0.5219812426729191 0.00625 0.004103165298944901
0 0.256640625 0.5228604923798359 0.00859375 0.005861664712778429
0 0.30859375 0.522567409144197 0.0109375 0.0076201641266119575
0 0.66171875 0.5211019929660023 0.0109375 0.005861664712778429
0 0.535546875 0.5205158264947245 0.01015625 0.005861664712778429
0 0.596875 0.5193434935521688 0.009375 0.005861664712778429
0 0.55546875 0.518757327080891 0.0078125 0.004689331770222743
0 0.73828125 0.5172919109026963 0.0109375 0.005275498241500586
0 0.843359375 0.5155334114888629 0.00859375 0.004103165298944901
0 0.3703125 0.5169988276670574 0.009375 0.007033997655334115
0 0.350390625 0.5172919109026963 0.00859375 0.0076201641266119575
0 0.630859375 0.515240328253224 0.00859375 0.004689331770222743
0 0.5765625 0.5158264947245017 0.009375 0.005861664712778429
0 0.215234375 0.5158264947245017 0.01015625 0.007033997655334115
0 0.684375 0.5134818288393904 0.0109375 0.005861664712778429
0 0.408984375 0.5143610785463072 0.01015625 0.0076201641266119575
0 0.330859375 0.5140679953106683 0.00859375 0.007033997655334115
0 0.2734375 0.5137749120750293 0.009375 0.0076201641266119575
0 0.293359375 0.5123094958968347 0.00859375 0.007033997655334115
0 0.2421875 0.5117233294255569 0.0078125 0.007033997655334115
0 0.7171875 0.5108440797186401 0.0109375 0.006447831184056272
0 0.822265625 0.5090855803048066 0.01015625 0.005275498241500586
0 0.757421875 0.5090855803048066 0.01015625 0.005275498241500586
0 0.64921875 0.5082063305978898 0.0109375 0.005861664712778429
0 0.8 0.5061547479484173 0.0046875 0.0029308323563892145
0 0.313671875 0.5076201641266119 0.01015625 0.007033997655334115
0 0.501953125 0.5041031652989449 0.01015625 0.005861664712778429
0 0.738671875 0.5020515826494725 0.00703125 0.0029308323563892145
0 0.698046875 0.5020515826494725 0.00546875 0.004103165298944901
0 0.480859375 0.5029308323563892 0.01015625 0.005861664712778429
0 0.259375 0.5029308323563892 0.0078125 0.007033997655334115
0 0.78359375 0.4991207502930832 0.0015625 0.0005861664712778429
0 0.774609375 0.5 0.00234375 0.0023446658851113715
0 0.669140625 0.5017584994138335 0.01015625 0.007033997655334115
0 0.41875 0.5008792497069168 0.009375 0.006447831184056272
0 0.630078125 0.49941383352872215 0.01015625 0.004689331770222743
0 0.39140625 0.5005861664712778 0.0109375 0.007033997655334115
0 0.2296875 0.4997069167643611 0.0078125 0.005275498241500586
0 0.843359375 0.4985345838218054 0.01015625 0.005275498241500586
0 0.358984375 0.4988276670574443 0.01015625 0.007033997655334115
0 0.2875 0.49794841735052753 0.009375 0.006447831184056272
0 0.609765625 0.4958968347010551 0.00859375 0.004689331770222743
0 0.565234375 0.49501758499413834 0.01015625 0.0076201641266119575
0 0.81953125 0.49296600234466587 0.009375 0.004689331770222743
0 0.758203125 0.49296600234466587 0.01171875 0.005861664712778429
0 0.653515625 0.49208675263774915 0.01015625 0.005275498241500586
0 0.7984375 0.4891559202813599 0.0109375 0.004103165298944901
0 0.584375 0.48974208675263775 0.0109375 0.005275498241500586
0 0.248828125 0.4906213364595545 0.01015625 0.007033997655334115
0 0.7171875 0.4906213364595545 0.0109375 0.008206330597889801
0 0.3046875 0.48974208675263775 0.009375 0.0076201641266119575
0 0.523828125 0.4876905041031653 0.01015625 0.007033997655334115
0 0.503515625 0.4876905041031653 0.01015625 0.007033997655334115
0 0.678125 0.48739742086752635 0.0109375 0.0076201641266119575
0 0.41015625 0.48651817116060964 0.00625 0.005861664712778429
0 0.3828125 0.48681125439624856 0.009375 0.0076201641266119575
0 0.73515625 0.4827080890973036 0.0109375 0.005275498241500586
0 0.838671875 0.48212192262602577 0.00859375 0.005275498241500586
0 0.776953125 0.48300117233294254 0.01015625 0.007033997655334115
0 0.225 0.48300117233294254 0.009375 0.007033997655334115
0 0.285546875 0.4824150058616647 0.00859375 0.007033997655334115
0 0.2640625 0.48182883939038684 0.0078125 0.007033997655334115
0 0.69765625 0.48124267291910905 0.0109375 0.007033997655334115
0 0.62578125 0.4780187573270809 0.0109375 0.006447831184056272
0 0.757421875 0.4768464243845252 0.01015625 0.005275498241500586
0 0.39609375 0.4762602579132474 0.00625 0.005275498241500586
0 0.601171875 0.4762602579132474 0.01015625 0.006447831184056272
0 0.241796875 0.47596717467760846 0.00859375 0.007033997655334115
0 0.8 0.4730363423212192 0.0109375 0.004689331770222743
0 0.6671875 0.4727432590855803 0.0078125 0.004103165298944901
0 0.71484375 0.4718640093786635 0.0109375 0.005861664712778429
0 0.822265625 0.4709847596717468 0.00859375 0.005275498241500586
0 0.326171875 0.4709847596717468 0.01015625 0.0076201641266119575
0 0.775 0.4674677608440797 0.009375 0.005275498241500586
0 0.22421875 0.46805392731535755 0.0078125 0.006447831184056272
0 0.423828125 0.46600234466588514 0.01015625 0.0035169988276670576
0 0.278125 0.46805392731535755 0.009375 0.0076201641266119575
0 0.2578125 0.4671746776084408 0.0078125 0.007033997655334115
0 0.7359375 0.46600234466588514 0.009375 0.005861664712778429
0 0.6875 0.46600234466588514 0.0109375 0.008206330597889801
0 0.302734375 0.4645369284876905 0.00859375 0.005275498241500586
0 0.634375 0.4642438452520516 0.0109375 0.005861664712778429
0 0.755859375 0.4601406799531067 0.00703125 0.004689331770222743
0 0.445703125 0.46160609613130127 0.01015625 0.0076201641266119575
0 0.612109375 0.45955451348182885 0.01015625 0.004689331770222743
0 0.24140625 0.4598475967174678 0.0078125 0.006447831184056272
0 0.837890625 0.45808909730363423 0.01015625 0.005275498241500586
0 0.815234375 0.4563305978898007 0.00546875 0.0017584994138335288
0 0.494140625 0.458968347010551 0.01015625 0.007033997655334115
0 0.79140625 0.4575029308323564 0.0109375 0.005275498241500586
0 0.705859375 0.4575029308323564 0.01015625 0.005275498241500586
0 0.5140625 0.45720984759671746 0.009375 0.007033997655334115
0 0.672265625 0.45574443141852283 0.01015625 0.006447831184056272
0 0.287109375 0.4545720984759672 0.00859375 0.0076201641266119575
0 0.726171875 0.45164126611957794 0.01015625 0.005275498241500586
0 0.268359375 0.451348182883939 0.00859375 0.007033997655334115
0 0.65234375 0.44988276670574445 0.009375 0.006447831184056272
0 0.425390625 0.44871043376318875 0.01015625 0.006447831184056272
0 0.227734375 0.44871043376318875 0.00859375 0.0076201641266119575
0 0.769921875 0.44724501758499413 0.01015625 0.005861664712778429
0 0.305859375 0.4481242672919109 0.01015625 0.0076201641266119575
0 0.68828125 0.4457796014067995 0.0109375 0.005275498241500586
0 0.6015625 0.4454865181711606 0.00625 0.004689331770222743
0 0.39765625 0.44724501758499413 0.009375 0.008206330597889801
0 0.74765625 0.4451934349355217 0.009375 0.005275498241500586
0 0.44453125 0.4449003516998828 0.009375 0.007033997655334115
0 0.24921875 0.44460726846424387 0.0078125 0.0076201641266119575
0 0.708984375 0.44196951934349354 0.00703125 0.0035169988276670576
0 0.83515625 0.44196951934349354 0.0109375 0.004689331770222743
0 0.78984375 0.4413833528722157 0.009375 0.004689331770222743
0 0.8125 0.4393317702227433 0.009375 0.004103165298944901
0 0.668359375 0.4396248534583822 0.01015625 0.005861664712778429
0 0.49921875 0.43903868698710435 0.009375 0.005861664712778429
0 0.286328125 0.43874560375146543 0.00859375 0.0076201641266119575
0 0.638671875 0.4372801875732708 0.01015625 0.007033997655334115
0 0.730078125 0.4349355216881594 0.00859375 0.005861664712778429
0 0.560546875 0.4343493552168816 0.01015625 0.005861664712778429
0 0.266796875 0.4349355216881594 0.00859375 0.007033997655334115
0 0.23359375 0.43347010550996484 0.0109375 0.0076201641266119575
0 0.75859375 0.4317116060961313 0.0109375 0.005275498241500586
0 0.82734375 0.4276084407971864 0.003125 0.004103165298944901
0 0.683984375 0.42819460726846426 0.00703125 0.006447831184056272
0 0.7984375 0.42702227432590856 0.009375 0.005275498241500586
0 0.380859375 0.42819460726846426 0.01015625 0.0076201641266119575
0 0.706640625 0.4249706916764361 0.01015625 0.005861664712778429
0 0.777734375 0.4220398593200469 0.00703125 0.004689331770222743
0 0.741796875 0.4223329425556858 0.00859375 0.005275498241500586
0 0.6421875 0.42145369284876905 0.0109375 0.005861664712778429
0 0.219921875 0.4220398593200469 0.00703125 0.007033997655334115
0 0.671484375 0.4164712778429074 0.01015625 0.006447831184056272
0 0.266015625 0.41705744431418523 0.01015625 0.0076201641266119575
0 0.72265625 0.41500586166471276 0.0109375 0.005861664712778429
0 0.813671875 0.414126611957796 0.01015625 0.005275498241500586
0 0.76015625 0.41295427901524034 0.009375 0.005275498241500586
0 0.836328125 0.41178194607268465 0.01015625 0.005275498241500586
0 0.7015625 0.4097303634232122 0.0109375 0.004689331770222743
0 0.248046875 0.41031652989449 0.00859375 0.007033997655334115
0 0.79296875 0.40855803048065653 0.0046875 0.004689331770222743
0 0.740234375 0.40533411488862836 0.01015625 0.005275498241500586
0 0.640234375 0.4056271981242673 0.01015625 0.005861664712778429
0 0.441796875 0.4056271981242673 0.01015625 0.005861664712778429
0 0.223046875 0.40533411488862836 0.01015625 0.0076201641266119575
0 0.530078125 0.4044548651817116 0.01015625 0.007033997655334115
0 0.683203125 0.402989449003517 0.01015625 0.005275498241500586
0 0.61171875 0.4044548651817116 0.0109375 0.008206330597889801
0 0.30234375 0.4026963657678781 0.0109375 0.008206330597889801
0 0.7734375 0.3994724501758499 0.0078125 0.005275498241500586
0 0.812109375 0.39800703399765536 0.01015625 0.004689331770222743
0 0.720703125 0.39800703399765536 0.01015625 0.005861664712778429
0 0.561328125 0.3974208675263775 0.01015625 0.005861664712778429
0 0.425390625 0.3962485345838218 0.01015625 0.008206330597889801
0 0.754296875 0.39273153575615477 0.01015625 0.004689331770222743
0 0.70078125 0.3930246189917937 0.009375 0.005275498241500586
0 0.79140625 0.3906799531066823 0.003125 0.0029308323563892145
0 0.2375 0.3930246189917937 0.0109375 0.0076201641266119575
0 0.277734375 0.3909730363423212 0.00703125 0.007033997655334115
0 0.831640625 0.3892145369284877 0.01015625 0.005861664712778429
0 0.659765625 0.3854044548651817 0.01015625 0.005275498241500586
0 0.25703125 0.3865767878077374 0.0109375 0.0076201641266119575
0 0.681640625 0.3854044548651817 0.01171875 0.006447831184056272
0 0.733984375 0.3851113716295428 0.01015625 0.007033997655334115
0 0.304296875 0.38481828839390386 0.01015625 0.0076201641266119575
0 0.773046875 0.38276670574443145 0.01015625 0.004689331770222743
0 0.812109375 0.38159437280187575 0.00859375 0.004689331770222743
0 0.713671875 0.380715123094959 0.00703125 0.005275498241500586
0 0.344921875 0.3810082063305979 0.01015625 0.008206330597889801
0 0.24140625 0.37778429073856973 0.0078125 0.006447831184056272
0 0.79140625 0.37514654161781946 0.0046875 0.0023446658851113715
0 0.286328125 0.37719812426729193 0.00703125 0.006447831184056272
0 0.753515625 0.3754396248534584 0.01015625 0.005275498241500586
0 0.222265625 0.3754396248534584 0.00859375 0.0076201641266119575
0 0.830859375 0.37280187573270807 0.01015625 0.004689331770222743
0 0.630078125 0.3713364595545135 0.01015625 0.006447831184056272
0 0.309375 0.37075029308323565 0.0078125 0.006447831184056272
0 0.66875 0.3701641266119578 0.0109375 0.006447831184056272
0 0.73359375 0.3686987104337632 0.009375 0.004689331770222743
0 0.69765625 0.36811254396248533 0.0109375 0.005861664712778429
0 0.771875 0.3669402110199297 0.009375 0.004689331770222743
0 0.81171875 0.365767878077374 0.0078125 0.0035169988276670576
0 0.254296875 0.365767878077374 0.00859375 0.007033997655334115
0 0.2734375 0.36518171160609614 0.0078125 0.007033997655334115
0 0.29375 0.3622508792497069 0.0078125 0.005861664712778429
0 0.232421875 0.3616647127784291 0.00703125 0.005861664712778429
0 0.791015625 0.35844079718640093 0.00546875 0.0029308323563892145
0 0.75234375 0.3590269636576788 0.009375 0.005275498241500586
0 0.716015625 0.358147713950762 0.00859375 0.005861664712778429
0 0.642578125 0.35844079718640093 0.01015625 0.006447831184056272
0 0.324609375 0.3593200468933177 0.01015625 0.008206330597889801
0 0.830078125 0.35668229777256744 0.01015625 0.004103165298944901
0 0.665234375 0.3549237983587339 0.01015625 0.005275498241500586
0 0.396484375 0.3549237983587339 0.01015625 0.006447831184056272
0 0.77109375 0.350820633059789 0.0078125 0.004103165298944901
0 0.21171875 0.3525791324736225 0.0109375 0.0076201641266119575
0 0.734765625 0.3505275498241501 0.00703125 0.004689331770222743
0 0.247265625 0.350820633059789 0.00859375 0.006447831184056272
0 0.810546875 0.34906213364595545 0.00703125 0.004103165298944901
0 0.376953125 0.3496483001172333 0.00703125 0.005275498241500586
0 0.26640625 0.34906213364595545 0.0078125 0.0076201641266119575
0 0.351171875 0.34788980070339975 0.00859375 0.0076201641266119575
0 0.83203125 0.34056271981242675 0.0015625 0.0011723329425556857
0 0.790625 0.3420281359906213 0.00625 0.004103165298944901
0 0.715625 0.34144196951934347 0.009375 0.005275498241500586
0 0.2859375 0.3429073856975381 0.009375 0.008206330597889801
0 0.403125 0.3408558030480657 0.009375 0.005275498241500586
0 0.755078125 0.34056271981242675 0.00859375 0.005861664712778429
0 0.692578125 0.3399765533411489 0.01015625 0.005861664712778429
0 0.330078125 0.34056271981242675 0.01015625 0.008206330597889801
0 0.6671875 0.3385111371629543 0.0109375 0.005275498241500586
0 0.307421875 0.3355803048065651 0.00859375 0.0076201641266119575
0 0.81171875 0.3332356389214537 0.009375 0.004103165298944901
0 0.37578125 0.3332356389214537 0.0046875 0.004103165298944901
0 0.736328125 0.33294255568581477 0.00859375 0.005861664712778429
0 0.2625 0.3332356389214537 0.009375 0.006447831184056272
0 0.775390625 0.33177022274325907 0.00859375 0.005861664712778429
0 0.345703125 0.3323563892145369 0.00703125 0.007033997655334115
0 0.241796875 0.332063305978898 0.00859375 0.0076201641266119575
0 0.47890625 0.32532239155920284 0.0046875 0.004689331770222743
0 0.416796875 0.32708089097303633 0.01015625 0.008206330597889801
0 0.290234375 0.3267878077373974 0.00859375 0.0076201641266119575
0 0.444921875 0.32590855803048063 0.01015625 0.007033997655334115
0 0.219140625 0.3256154747948417 0.00703125 0.0076201641266119575
0 0.831640625 0.3235638921453693 0.00859375 0.005861664712778429
0 0.521875 0.3226846424384525 0.0078125 0.005275498241500586
0 0.796875 0.32180539273153574 0.0078125 0.005861664712778429
0 0.619140625 0.32327080890973037 0.01015625 0.008792497069167644
0 0.5015625 0.32180539273153574 0.0078125 0.005861664712778429
0 0.7234375 0.32092614302461897 0.0078125 0.005275498241500586
0 0.319921875 0.3194607268464244 0.00859375 0.008206330597889801
0 0.267578125 0.31887456037514655 0.01015625 0.007033997655334115
0 0.338671875 0.3182883939038687 0.00703125 0.007033997655334115
0 0.7671875 0.31623681125439623 0.00625 0.004103165298944901
0 0.81640625 0.31330597889800704 0.00625 0.005275498241500586
0 0.744921875 0.31359906213364597 0.00859375 0.005861664712778429
0 0.409375 0.31330597889800704 0.009375 0.005275498241500586
0 0.67265625 0.31125439624853457 0.009375 0.005861664712778429
0 0.24140625 0.31213364595545134 0.0109375 0.0076201641266119575
0 0.78671875 0.30803048065650646 0.009375 0.005275498241500586
0 0.7234375 0.30363423212192264 0.0109375 0.004689331770222743
0 0.264453125 0.3033411488862837 0.01015625 0.006447831184056272
0 0.332421875 0.30275498241500587 0.00546875 0.0076201641266119575
0 0.83203125 0.30041031652989447 0.0078125 0.005275498241500586
0 0.766015625 0.2998241500586166 0.01015625 0.004103165298944901
0 0.509765625 0.30158264947245017 0.01015625 0.0076201641266119575
0 0.805078125 0.2989449003516999 0.00546875 0.004689331770222743
0 0.31328125 0.3007033997655334 0.0078125 0.008206330597889801
0 0.293359375 0.29923798358733883 0.00859375 0.0076201641266119575
0 0.21796875 0.29835873388042206 0.0109375 0.008206330597889801
0 0.239453125 0.2954279015240328 0.00859375 0.008206330597889801
0 0.748828125 0.29191090269636577 0.00390625 0.0035169988276670576
0 0.71171875 0.29161781946072685 0.009375 0.006447831184056272
0 0.6875 0.2913247362250879 0.009375 0.005861664712778429
0 0.79140625 0.28751465416178196 0.0078125 0.005275498241500586
0 0.646875 0.2878077373974209 0.009375 0.005861664712778429
0 0.255859375 0.28722157092614303 0.00546875 0.004689331770222743
0 0.34140625 0.2878077373974209 0.0109375 0.007033997655334115
0 0.819140625 0.2857561547479484 0.00546875 0.005275498241500586
0 0.7703125 0.28399765533411486 0.0078125 0.004103165298944901
0 0.30625 0.2854630715123095 0.009375 0.007033997655334115
0 0.429296875 0.2845838218053927 0.01015625 0.006447831184056272
0 0.284765625 0.28487690504103164 0.00703125 0.007033997655334115
0 0.73125 0.2828253223915592 0.00625 0.005275498241500586
0 0.669140625 0.28341148886283707 0.01015625 0.006447831184056272
0 0.498046875 0.276084407971864 0.00390625 0.004689331770222743
0 0.712890625 0.27432590855803046 0.00859375 0.004689331770222743
0 0.805078125 0.27432590855803046 0.00703125 0.005861664712778429
0 0.783984375 0.27139507620164127 0.00703125 0.0035169988276670576
0 0.25390625 0.2719812426729191 0.00625 0.004689331770222743
0 0.827734375 0.2705158264947245 0.00703125 0.005275498241500586
0 0.76171875 0.2693434935521688 0.00625 0.004103165298944901
0 0.68515625 0.26992966002344665 0.0078125 0.006447831184056272
0 0.28125 0.2675849941383353 0.0109375 0.0076201641266119575
0 0.56640625 0.2637749120750293 0.0046875 0.005861664712778429
0 0.700390625 0.2596717467760844 0.00234375 0.0023446658851113715
0 0.619921875 0.26172332942555687 0.01015625 0.006447831184056272
0 0.38828125 0.26260257913247365 0.0109375 0.008206330597889801
0 0.308984375 0.26172332942555687 0.00859375 0.0076201641266119575
0 0.351953125 0.2605509964830012 0.01015625 0.008792497069167644
0 0.796484375 0.25791324736225085 0.00703125 0.004689331770222743
0 0.66640625 0.2584994138335287 0.00625 0.005861664712778429
0 0.540234375 0.257620164126612 0.00859375 0.006447831184056272
0 0.328515625 0.25791324736225085 0.00859375 0.008206330597889801
0 0.773828125 0.25498241500586166 0.00703125 0.004689331770222743
0 0.819921875 0.2541031652989449 0.00703125 0.005275498241500586
0 0.638671875 0.25351699882766704 0.00546875 0.006447831184056272
0 0.75234375 0.2514654161781946 0.0046875 0.0035169988276670576
0 0.291015625 0.25381008206330596 0.00859375 0.008206330597889801
0 0.523046875 0.24912075029308323 0.00078125 0.0011723329425556857
0 0.724609375 0.2508792497069168 0.00703125 0.005861664712778429
0 0.45390625 0.246189917936694 0.0046875 0.005861664712778429
0 0.391796875 0.24648300117233293 0.00703125 0.0076201641266119575
0 0.621484375 0.24237983587338804 0.00078125 0.0005861664712778429
0 0.311328125 0.2456037514654162 0.00859375 0.007033997655334115
0 0.7921875 0.24062133645955452 0.00625 0.005275498241500586
0 0.330078125 0.24120750293083235 0.00703125 0.0076201641266119575
0 0.5078125 0.2391559202813599 0.00625 0.005861664712778429
0 0.814453125 0.23417350527549824 0.00078125 0.0005861664712778429
0 0.229296875 0.23827667057444316 0.00703125 0.008792497069167644
0 0.76953125 0.23417350527549824 0.00625 0.005275498241500586
0 0.723828125 0.2335873388042204 0.00859375 0.004103165298944901
0 0.250390625 0.23446658851113716 0.00859375 0.008206330597889801
0 0.440234375 0.23270808909730364 0.00546875 0.007033997655334115
0 0.55078125 0.23065650644783117 0.0078125 0.005275498241500586
0 0.528125 0.2309495896834701 0.0046875 0.005861664712778429
0 0.27109375 0.23065650644783117 0.0078125 0.008792497069167644
0 0.65703125 0.2268464243845252 0.0046875 0.0023446658851113715
0 0.41171875 0.22743259085580306 0.003125 0.0035169988276670576
0 0.31796875 0.22919109026963658 0.0078125 0.007033997655334115
0 0.705859375 0.22303634232121922 0.00703125 0.004103165298944901
0 0.508984375 0.2224501758499414 0.00390625 0.0029308323563892145
0 0.73828125 0.22186400937866355 0.003125 0.0029308323563892145
0 0.346484375 0.22420867526377491 0.01015625 0.008792497069167644
0 0.395703125 0.2212778429073857 0.00703125 0.0076201641266119575
0 0.787890625 0.21951934349355218 0.00546875 0.005275498241500586
0 0.240234375 0.22069167643610785 0.01015625 0.0076201641266119575
0 0.762109375 0.21776084407971863 0.00234375 0.0029308323563892145
0 0.807421875 0.21776084407971863 0.00390625 0.004103165298944901
0 0.37734375 0.21893317702227433 0.009375 0.008792497069167644
0 0.68984375 0.21277842907385697 0.003125 0.0035169988276670576
0 0.328125 0.21483001172332944 0.00625 0.0076201641266119575
0 0.308203125 0.21453692848769051 0.00703125 0.007033997655334115
0 0.666796875 0.21101992966002345 0.00078125 0.0011723329425556857
0 0.616015625 0.2116060961313013 0.00546875 0.005861664712778429
0 0.718359375 0.20955451348182885 0.00234375 0.0029308323563892145
0 0.35859375 0.21189917936694022 0.0109375 0.0076201641266119575
0 0.414453125 0.21101992966002345 0.00703125 0.007033997655334115
0 0.741796875 0.20545134818288394 0.00390625 0.0029308323563892145
0 0.8 0.20369284876905042 0.003125 0.0029308323563892145
0 0.445703125 0.2048651817116061 0.00859375 0.006447831184056272
0 0.542578125 0.19988276670574442 0.00390625 0.0023446658851113715
0 0.476953125 0.20164126611957797 0.00546875 0.008206330597889801
0 0.399609375 0.20193434935521687 0.01015625 0.008792497069167644
0 0.344921875 0.19783118405627198 0.00390625 0.0017584994138335288
0 0.636328125 0.19783118405627198 0.00390625 0.0029308323563892145
0 0.50546875 0.19929660023446658 0.00625 0.005861664712778429
0 0.658203125 0.19636576787807739 0.00390625 0.0035169988276670576
0 0.6921875 0.1951934349355217 0.0046875 0.0035169988276670576
0 0.61875 0.18874560375146543 0.0015625 0.0011723329425556857
0 0.413671875 0.19079718640093787 0.00859375 0.008792497069167644
0 0.676171875 0.1872801875732708 0.00234375 0.004103165298944901
0 0.56796875 0.18493552168815944 0.0015625 0.0005861664712778429
0 0.783984375 0.18522860492379836 0.00859375 0.007033997655334115
0 0.381640625 0.18347010550996484 0.00546875 0.008206330597889801
0 0.343359375 0.18259085580304807 0.00703125 0.006447831184056272
0 0.74296875 0.17848769050410315 0.003125 0.0029308323563892145
0 0.470703125 0.17702227432590856 0.00234375 0.0023446658851113715
0 0.5515625 0.17790152403282533 0.00625 0.006447831184056272
0 0.623828125 0.17321219226260257 0.00390625 0.0029308323563892145
0 0.525 0.17233294255568582 0.0046875 0.0035169988276670576
0 0.358984375 0.17262602579132474 0.00703125 0.0076201641266119575
0 0.778515625 0.16881594372801875 0.00390625 0.0035169988276670576
0 0.80234375 0.16910902696365768 0.0078125 0.005275498241500586
0 0.78125 0.1652989449003517 0.0015625 0.0023446658851113715
0 0.583203125 0.16588511137162953 0.00390625 0.005861664712778429
0 0.740625 0.16207502930832357 0.0109375 0.005275498241500586
0 0.66953125 0.15885111371629543 0.0015625 0.0023446658851113715
0 0.5625 0.16090269636576787 0.0046875 0.006447831184056272
0 0.43046875 0.15504103165298944 0.0046875 0.0017584994138335288
0 0.796484375 0.15445486518171161 0.00390625 0.004103165298944901
0 0.39375 0.15504103165298944 0.00625 0.008792497069167644
0 0.450390625 0.14830011723329425 0.00078125 0.0011723329425556857
0 0.71796875 0.15005861664712777 0.0046875 0.007033997655334115
0 0.62421875 0.13862837045720985 0.0046875 0.0029308323563892145
0 0.666015625 0.13335287221570927 0.00234375 0.0029308323563892145
0 0.644140625 0.13188745603751464 0.00234375 0.0023446658851113715
0 0.58359375 0.13218053927315357 0.0109375 0.0076201641266119575
0 0.390625 0.13188745603751464 0.00625 0.008206330597889801
0 0.413671875 0.1257327080890973 0.00390625 0.004103165298944901
0 0.36015625 0.11928487690504103 0.0109375 0.0076201641266119575
0 0.6703125 0.1175263774912075 0.0046875 0.006447831184056272
0 0.440234375 0.11547479484173505 0.00859375 0.004689331770222743
0 0.7890625 0.11371629542790153 0.009375 0.008206330597889801
0 0.557421875 0.10873388042203985 0.00234375 0.004103165298944901
0 0.70390625 0.10814771395076202 0.0078125 0.00996483001172333
0 0.516796875 0.10638921453692848 0.00859375 0.0076201641266119575
0 0.63359375 0.10228604923798358 0.0015625 0.0017584994138335288
0 0.566796875 0.09613130128956623 0.00859375 0.007033997655334115
0 0.788671875 0.09407971864009379 0.01171875 0.0076201641266119575
0 0.79296875 0.067116060961313 0.0078125 0.00996483001172333
