0 0.259765625 0.9487104337631888 0.00078125 0.0005861664712778429
0 0.26953125 0.9484173505275498 0.0015625 0.0011723329425556857
0 0.2890625 0.943728018757327 0.0109375 0.010550996483001172
0 0.226953125 0.936694021101993 0.00234375 0.0011723329425556857
0 0.25625 0.9322977725674091 0.0125 0.005275498241500586
0 0.37578125 0.9279015240328253 0.0125 0.007033997655334115
0 0.5546875 0.9188159437280188 0.0125 0.011137162954279016
0 0.705078125 0.9085580304806565 0.01171875 0.010550996483001172
0 0.221875 0.9053341148886284 0.0109375 0.006447831184056272
0 0.37265625 0.8991793669402111 0.0015625 0.0011723329425556857
0 0.3796875 0.89947245017585 0.0078125 0.005275498241500586
0 0.604296875 0.9003516998827668 0.01171875 0.010550996483001172
0 0.401953125 0.8918522860492379 0.00078125 0.0005861664712778429
0 0.637890625 0.8962485345838218 0.01171875 0.010550996483001172
0 0.566796875 0.8965416178194607 0.01171875 0.011137162954279016
0 0.410546875 0.891559202813599 0.00703125 0.005861664712778429
0 0.669140625 0.8933177022274326 0.01171875 0.010550996483001172
0 0.314453125 0.8818874560375146 0.00390625 0.004103165298944901
0 0.614453125 0.8839390386869871 0.01171875 0.010550996483001172
0 0.4546875 0.8839390386869871 0.009375 0.010550996483001172
0 0.228125 0.8798358733880423 0.00625 0.0035169988276670576
0 0.653515625 0.8815943728018757 0.00703125 0.009378663540445486
0 0.376953125 0.8813012895662368 0.01171875 0.00996483001172333
0 0.34609375 0.8813012895662368 0.0125 0.011137162954279016
0 0.2765625 0.8783704572098476 0.0109375 0.0076201641266119575
0 0.252734375 0.8722157092614302 0.01171875 0.005861664712778429
0 0.41484375 0.8736811254396248 0.0125 0.00996483001172333
0 0.666015625 0.8648886283704572 0.01171875 0.005275498241500586
0 0.515234375 0.8663540445486518 0.01171875 0.010550996483001172
0 0.485546875 0.8660609613130129 0.01171875 0.00996483001172333
0 0.6203125 0.8640093786635404 0.0125 0.010550996483001172
0 0.3375 0.8540445486518171 0.0125 0.005861664712778429
0 0.467578125 0.8549237983587339 0.01171875 0.011137162954279016
0 0.29453125 0.8537514654161782 0.0125 0.008792497069167644
0 0.38515625 0.8522860492379836 0.0125 0.010550996483001172
0 0.501171875 0.8519929660023446 0.01171875 0.011137162954279016
0 0.705859375 0.8478898007033998 0.01171875 0.00996483001172333
0 0.630859375 0.8478898007033998 0.01171875 0.00996483001172333
0 0.31328125 0.8402696365767878 0.0125 0.00996483001172333
0 0.727734375 0.8338218053927315 0.00078125 0.0017584994138335288
0 0.340234375 0.8367526377491208 0.01328125 0.00996483001172333
0 0.680859375 0.8364595545134819 0.01171875 0.010550996483001172
0 0.7234375 0.8305978898007034 0.0078125 0.0035169988276670576
0 0.249609375 0.8338218053927315 0.01328125 0.00996483001172333
0 0.567578125 0.8303048065650644 0.01171875 0.011137162954279016
0 0.221875 0.8262016412661196 0.00625 0.004103165298944901
0 0.7015625 0.828253223915592 0.009375 0.009378663540445486
0 0.65078125 0.8288393903868698 0.0125 0.010550996483001172
0 0.363671875 0.8244431418522861 0.01171875 0.008792497069167644
0 0.624609375 0.8218053927315357 0.01171875 0.010550996483001172
0 0.32578125 0.8218053927315357 0.0125 0.010550996483001172
0 0.242578125 0.8168229777256741 0.01328125 0.0076201641266119575
0 0.719140625 0.8156506447831184 0.01015625 0.006447831184056272
0 0.4953125 0.8138921453692849 0.0125 0.00996483001172333
0 0.537890625 0.813305978898007 0.01171875 0.011137162954279016
0 0.6515625 0.805978898007034 0.0015625 0.0011723329425556857
0 0.269140625 0.8100820633059789 0.01171875 0.009378663540445486
0 0.66484375 0.809495896834701 0.0140625 0.010550996483001172
0 0.580078125 0.8089097303634232 0.01171875 0.010550996483001172
0 0.3609375 0.805978898007034 0.0125 0.008206330597889801
0 0.29375 0.8056858147713951 0.0125 0.008792497069167644
0 0.6453125 0.8004103165298945 0.0109375 0.005275498241500586
0 0.51953125 0.8001172332942555 0.0125 0.005861664712778429
0 0.74140625 0.8012895662368112 0.0125 0.010550996483001172
0 0.3859375 0.7998241500586166 0.009375 0.0076201641266119575
0 0.23828125 0.798358733880422 0.0078125 0.008206330597889801
0 0.43671875 0.798358733880422 0.0125 0.010550996483001172
0 0.71640625 0.7968933177022274 0.0125 0.008792497069167644
0 0.41015625 0.7968933177022274 0.009375 0.00996483001172333
0 0.195703125 0.7966002344665886 0.01171875 0.009378663540445486
0 0.839453125 0.7954279015240329 0.01328125 0.009378663540445486
0 0.78515625 0.7939624853458382 0.0125 0.00996483001172333
0 0.260546875 0.7933763188745604 0.01171875 0.00996483001172333
0 0.6625 0.7886869871043376 0.0125 0.008792497069167644
0 0.290625 0.7878077373974208 0.0125 0.008206330597889801
0 0.759765625 0.7839976553341149 0.01171875 0.008792497069167644
0 0.51015625 0.7822391559202814 0.0125 0.00996483001172333
0 0.3796875 0.7813599062133646 0.0125 0.009378663540445486
0 0.33828125 0.7816529894490035 0.0125 0.00996483001172333
0 0.3140625 0.7816529894490035 0.0125 0.00996483001172333
0 0.248046875 0.7790152403282532 0.01171875 0.008206330597889801
0 0.7265625 0.7784290738569754 0.0125 0.010550996483001172
0 0.634375 0.7784290738569754 0.0125 0.010550996483001172
0 0.274609375 0.7763774912075029 0.00546875 0.0076201641266119575
0 0.664453125 0.772567409144197 0.00078125 0.0011723329425556857
0 0.405859375 0.776084407971864 0.00859375 0.009378663540445486
0 0.427734375 0.7699296600234466 0.01171875 0.006447831184056272
0 0.694921875 0.7711019929660023 0.01171875 0.00996483001172333
0 0.660546875 0.768757327080891 0.00703125 0.005275498241500586
0 0.359375 0.7708089097303634 0.0125 0.009378663540445486
0 0.296484375 0.7690504103165299 0.01171875 0.009378663540445486
0 0.7609375 0.7661195779601406 0.0125 0.009378663540445486
0 0.327734375 0.765240328253224 0.01171875 0.008792497069167644
0 0.25703125 0.761430246189918 0.0125 0.009378663540445486
0 0.22734375 0.761430246189918 0.0109375 0.009378663540445486
0 0.642578125 0.7596717467760844 0.01171875 0.009378663540445486
0 0.84375 0.757327080890973 0.0125 0.009378663540445486
0 0.684375 0.7561547479484173 0.0125 0.009378663540445486
0 0.431640625 0.7526377491207503 0.01171875 0.009378663540445486
0 0.344140625 0.7502930832356389 0.01171875 0.009378663540445486
0 0.664453125 0.7488276670574443 0.01171875 0.00996483001172333
0 0.794140625 0.7479484173505275 0.01328125 0.009378663540445486
0 0.288671875 0.7479484173505275 0.01171875 0.009378663540445486
0 0.24296875 0.7470691676436108 0.0125 0.00996483001172333
0 0.553515625 0.7450175849941383 0.01171875 0.009378663540445486
0 0.215234375 0.7444314185228605 0.01171875 0.009378663540445486
0 0.3203125 0.7423798358733881 0.0125 0.00996483001172333
0 0.77578125 0.7368112543962485 0.0125 0.008206330597889801
0 0.398046875 0.7365181711606096 0.01171875 0.00996483001172333
0 0.2578125 0.7324150058616647 0.0125 0.008792497069167644
0 0.825390625 0.7321219226260258 0.01015625 0.009378663540445486
0 0.233203125 0.7294841735052755 0.01328125 0.008792497069167644
0 0.281640625 0.7265533411488863 0.01171875 0.00996483001172333
0 0.653125 0.7250879249706916 0.0109375 0.009378663540445486
0 0.803125 0.7233294255568582 0.0078125 0.009378663540445486
0 0.196484375 0.7221570926143025 0.01171875 0.009378663540445486
0 0.343359375 0.7198124267291911 0.01171875 0.009378663540445486
0 0.7765625 0.7189331770222743 0.0125 0.008792497069167644
0 0.74296875 0.7186400937866354 0.0125 0.009378663540445486
0 0.367578125 0.7171746776084408 0.01171875 0.00996483001172333
0 0.21953125 0.7151230949589683 0.0125 0.009378663540445486
0 0.521484375 0.7145369284876905 0.01171875 0.009378663540445486
0 0.26328125 0.7142438452520515 0.0125 0.00996483001172333
0 0.819140625 0.7118991793669402 0.01328125 0.008792497069167644
0 0.241796875 0.7060375146541618 0.01328125 0.00996483001172333
0 0.762109375 0.705158264947245 0.01171875 0.009378663540445486
0 0.394140625 0.7054513481828839 0.01171875 0.00996483001172333
0 0.7328125 0.7033997655334114 0.0109375 0.009378663540445486
0 0.35078125 0.7010550996483002 0.0125 0.009378663540445486
0 0.79765625 0.6992966002344666 0.0125 0.009378663540445486
0 0.685546875 0.6990035169988277 0.01171875 0.008792497069167644
0 0.310546875 0.6990035169988277 0.01328125 0.00996483001172333
0 0.220703125 0.6954865181711606 0.01328125 0.00996483001172333
0 0.264453125 0.6922626025791325 0.01328125 0.009378663540445486
0 0.775390625 0.6910902696365768 0.01171875 0.009378663540445486
0 0.33203125 0.690504103165299 0.0125 0.009378663540445486
0 0.751953125 0.6899179366940211 0.01171875 0.009378663540445486
0 0.2890625 0.6884525205158265 0.0125 0.008792497069167644
0 0.82109375 0.6817116060961314 0.0125 0.009378663540445486
0 0.244140625 0.6796600234466589 0.01328125 0.00996483001172333
0 0.20703125 0.679073856975381 0.0125 0.00996483001172333
0 0.735546875 0.6776084407971864 0.01171875 0.008206330597889801
0 0.626171875 0.6779015240328253 0.01171875 0.008792497069167644
0 0.3171875 0.6758499413833529 0.0125 0.009378663540445486
0 0.371484375 0.6749706916764361 0.01171875 0.00996483001172333
0 0.799609375 0.6732121922626025 0.01171875 0.008792497069167644
0 0.34140625 0.6729191090269636 0.0125 0.009378663540445486
0 0.267578125 0.6729191090269636 0.01328125 0.009378663540445486
0 0.29296875 0.6699882766705745 0.0125 0.009378663540445486
0 0.759765625 0.6685228604923799 0.01171875 0.008792497069167644
0 0.22734375 0.6664712778429074 0.0125 0.009378663540445486
0 0.84765625 0.6673505275498242 0.03125 0.016998827667057445
0 0.196484375 0.6626611957796014 0.01328125 0.00996483001172333
0 0.727734375 0.6614888628370457 0.01171875 0.008792497069167644
0 0.27734375 0.6573856975381008 0.0125 0.006447831184056272
0 0.251171875 0.6588511137162955 0.01328125 0.009378663540445486
0 0.359765625 0.6579718640093787 0.01171875 0.00996483001172333
0 0.31171875 0.6579718640093787 0.0125 0.00996483001172333
0 0.78203125 0.6503516998827668 0.0109375 0.0076201641266119575
0 0.75625 0.6500586166471278 0.0125 0.008206330597889801
0 0.33671875 0.6497655334114889 0.0125 0.00996483001172333
0 0.834375 0.6468347010550997 0.009375 0.0076201641266119575
0 0.23125 0.6480070339976554 0.0125 0.00996483001172333
0 0.203125 0.6441969519343493 0.0125 0.009378663540445486
0 0.261328125 0.6421453692848769 0.01328125 0.00996483001172333
0 0.6265625 0.6386283704572099 0.0109375 0.008792497069167644
0 0.286328125 0.6386283704572099 0.01328125 0.00996483001172333
0 0.758203125 0.6324736225087925 0.01171875 0.008206330597889801
0 0.825 0.6307151230949589 0.0125 0.008206330597889801
0 0.22109375 0.6313012895662368 0.0125 0.009378663540445486
0 0.3328125 0.6310082063305978 0.0125 0.00996483001172333
0 0.308203125 0.6295427901524033 0.01328125 0.009378663540445486
0 0.79140625 0.6274912075029309 0.0078125 0.0076201641266119575
0 0.246484375 0.6283704572098476 0.01328125 0.009378663540445486
0 0.598828125 0.6266119577960141 0.01171875 0.008206330597889801
0 0.27109375 0.6245603751465416 0.0125 0.00996483001172333
0 0.36484375 0.6219226260257913 0.0125 0.009378663540445486
0 0.189453125 0.6213364595545134 0.01328125 0.008206330597889801
0 0.771484375 0.6186987104337632 0.01171875 0.008792497069167644
0 0.301953125 0.6122508792497069 0.01328125 0.00996483001172333
0 0.25390625 0.6107854630715123 0.0125 0.009378663540445486
0 0.22890625 0.6101992966002344 0.0125 0.008206330597889801
0 0.7296875 0.6087338804220399 0.0109375 0.0076201641266119575
0 0.591015625 0.6081477139507621 0.01171875 0.008792497069167644
0 0.34296875 0.6078546307151231 0.0125 0.009378663540445486
0 0.278515625 0.6055099648300117 0.01328125 0.009378663540445486
0 0.206640625 0.6031652989449003 0.01328125 0.008206330597889801
0 0.840234375 0.6002344665885111 0.01171875 0.008206330597889801
0 0.746484375 0.597303634232122 0.01171875 0.008206330597889801
0 0.32421875 0.5961313012895663 0.0125 0.009378663540445486
0 0.259375 0.593200468933177 0.0125 0.005861664712778429
0 0.72578125 0.5917350527549824 0.0125 0.008792497069167644
0 0.295703125 0.5920281359906213 0.01328125 0.009378663540445486
0 0.191796875 0.5888042203985931 0.01328125 0.00996483001172333
0 0.21640625 0.5870457209847597 0.0125 0.008792497069167644
0 0.78515625 0.5808909730363423 0.0109375 0.008206330597889801
0 0.31484375 0.5788393903868698 0.0125 0.0076201641266119575
0 0.36015625 0.5773739742086753 0.0125 0.009378663540445486
0 0.272265625 0.5762016412661196 0.01328125 0.009378663540445486
0 0.237890625 0.5750293083235639 0.01328125 0.007033997655334115
0 0.676171875 0.5726846424384525 0.01171875 0.008206330597889801
0 0.208984375 0.5697538100820633 0.01171875 0.0035169988276670576
0 0.709765625 0.57063305978898 0.01171875 0.008792497069167644
0 0.29609375 0.5697538100820633 0.0125 0.007033997655334115
0 0.6203125 0.5679953106682297 0.0109375 0.004689331770222743
0 0.334375 0.5685814771395076 0.0125 0.009378663540445486
0 0.597265625 0.563305978898007 0.01171875 0.008206330597889801
0 0.255078125 0.5627198124267292 0.01328125 0.009378663540445486
0 0.445703125 0.5612543962485346 0.01171875 0.0076201641266119575
0 0.835546875 0.5589097303634232 0.00859375 0.0076201641266119575
0 0.230859375 0.5583235638921453 0.01328125 0.008792497069167644
0 0.343359375 0.5524618991793669 0.01328125 0.006447831184056272
0 0.814453125 0.5509964830011723 0.01171875 0.008206330597889801
0 0.280859375 0.5509964830011723 0.01328125 0.009378663540445486
0 0.319140625 0.5492379835873388 0.01328125 0.009378663540445486
0 0.60234375 0.5460140679953107 0.0109375 0.008792497069167644
0 0.43828125 0.5445486518171161 0.0109375 0.008206330597889801
0 0.4 0.5407385697538101 0.0125 0.004103165298944901
0 0.300390625 0.5383939038686987 0.01328125 0.0076201641266119575
0 0.209375 0.5375146541617819 0.0125 0.008206330597889801
0 0.234765625 0.5363423212192263 0.01328125 0.009378663540445486
0 0.827734375 0.5339976553341149 0.01171875 0.008206330597889801
0 0.333984375 0.5348769050410317 0.01328125 0.00996483001172333
0 0.358984375 0.533704572098476 0.01328125 0.008792497069167644
0 0.276171875 0.5334114888628371 0.01328125 0.009378663540445486
0 0.381640625 0.5293083235638921 0.01171875 0.005861664712778429
0 0.771484375 0.5246189917936694 0.01171875 0.008206330597889801
0 0.315625 0.522567409144197 0.0125 0.008792497069167644
0 0.20078125 0.5216881594372802 0.0125 0.007033997655334115
0 0.407421875 0.5216881594372802 0.01171875 0.009378663540445486
0 0.725390625 0.5169988276670574 0.01171875 0.004689331770222743
0 0.29140625 0.518757327080891 0.0125 0.009378663540445486
0 0.3390625 0.5169988276670574 0.0125 0.009378663540445486
0 0.85390625 0.5158264947245017 0.0125 0.008206330597889801
0 0.266796875 0.5164126611957796 0.01328125 0.009378663540445486
0 0.36328125 0.5158264947245017 0.0125 0.009378663540445486
0 0.45390625 0.5120164126611958 0.00625 0.004103165298944901
0 0.446484375 0.5108440797186401 0.00234375 0.0017584994138335288
0 0.232421875 0.5134818288393904 0.01328125 0.008206330597889801
0 0.580859375 0.511137162954279 0.01171875 0.008206330597889801
0 0.78046875 0.5090855803048066 0.0109375 0.008792497069167644
0 0.38984375 0.5090855803048066 0.0125 0.008792497069167644
0 0.428125 0.507327080890973 0.0125 0.008792497069167644
0 0.316796875 0.5046893317702228 0.01328125 0.009378663540445486
0 0.249609375 0.5011723329425557 0.01328125 0.007033997655334115
0 0.81328125 0.5002930832356389 0.0125 0.008792497069167644
0 0.275390625 0.49941383352872215 0.01328125 0.009378663540445486
0 0.34140625 0.49736225087924973 0.0125 0.006447831184056272
0 0.365625 0.49618991793669404 0.0125 0.006447831184056272
0 0.851953125 0.49618991793669404 0.01171875 0.0076201641266119575
0 0.528515625 0.4935521688159437 0.01171875 0.008206330597889801
0 0.498046875 0.49208675263774915 0.01171875 0.008792497069167644
0 0.43828125 0.4906213364595545 0.0109375 0.008206330597889801
0 0.3890625 0.4912075029308324 0.0125 0.009378663540445486
0 0.474609375 0.4879835873388042 0.01171875 0.006447831184056272
0 0.298046875 0.4894490035169988 0.01328125 0.009378663540445486
0 0.41171875 0.4862250879249707 0.0125 0.005275498241500586
0 0.32265625 0.48710433763188743 0.0125 0.009378663540445486
0 0.8734375 0.48534583821805394 0.0125 0.008206330597889801
0 0.832421875 0.48563892145369286 0.01171875 0.008792497069167644
0 0.2421875 0.4838804220398593 0.0140625 0.006447831184056272
0 0.35234375 0.4824150058616647 0.0125 0.009378663540445486
0 0.267578125 0.48182883939038684 0.01328125 0.009378663540445486
0 0.743359375 0.4806565064478312 0.01171875 0.008206330597889801
0 0.853515625 0.47860492379835873 0.01015625 0.0076201641266119575
0 0.375 0.47772567409144195 0.0125 0.005861664712778429
0 0.509765625 0.4768464243845252 0.01171875 0.006447831184056272
0 0.21796875 0.47743259085580303 0.0140625 0.00996483001172333
0 0.80703125 0.47479484173505276 0.0125 0.008206330597889801
0 0.432421875 0.47362250879249707 0.01171875 0.005861664712778429
0 0.3328125 0.4718640093786635 0.0125 0.005861664712778429
0 0.398046875 0.4709847596717468 0.01328125 0.006447831184056272
0 0.305859375 0.4709847596717468 0.01171875 0.0076201641266119575
0 0.726953125 0.46893317702227433 0.01171875 0.008206330597889801
0 0.469140625 0.4674677608440797 0.01171875 0.008792497069167644
0 0.757421875 0.46688159437280186 0.01171875 0.008792497069167644
0 0.838671875 0.466295427901524 0.01328125 0.008792497069167644
0 0.355859375 0.4642438452520516 0.01328125 0.008206330597889801
0 0.866796875 0.4630715123094959 0.01171875 0.007033997655334115
0 0.20078125 0.4630715123094959 0.0140625 0.010550996483001172
0 0.522265625 0.4601406799531067 0.01171875 0.008206330597889801
0 0.255859375 0.4610199296600234 0.01328125 0.00996483001172333
0 0.779296875 0.45955451348182885 0.01171875 0.008206330597889801
0 0.70625 0.4598475967174678 0.0125 0.008792497069167644
0 0.37890625 0.45808909730363423 0.0125 0.008792497069167644
0 0.675390625 0.45720984759671746 0.01171875 0.008206330597889801
0 0.280859375 0.45720984759671746 0.01328125 0.008206330597889801
0 0.4015625 0.4533997655334115 0.0125 0.006447831184056272
0 0.45390625 0.4533997655334115 0.0125 0.008792497069167644
0 0.221875 0.4522274325908558 0.0140625 0.008792497069167644
0 0.33359375 0.45193434935521687 0.0125 0.009378663540445486
0 0.425390625 0.4504689331770223 0.01171875 0.0076201641266119575
0 0.7609375 0.4492966002344666 0.0109375 0.008792497069167644
0 0.512890625 0.4454865181711606 0.01171875 0.005861664712778429
0 0.36015625 0.4466588511137163 0.0125 0.009378663540445486
0 0.309375 0.4466588511137163 0.0125 0.009378663540445486
0 0.782421875 0.44226260257913247 0.01171875 0.008792497069167644
0 0.6890625 0.44226260257913247 0.0109375 0.008792497069167644
0 0.262890625 0.44226260257913247 0.01328125 0.00996483001172333
0 0.609765625 0.44079718640093785 0.01171875 0.008206330597889801
0 0.382421875 0.4396248534583822 0.01171875 0.008206330597889801
0 0.877734375 0.43786635404454866 0.01328125 0.008206330597889801
0 0.8203125 0.43522860492379833 0.0125 0.006447831184056272
0 0.534765625 0.43522860492379833 0.01171875 0.006447831184056272
0 0.448046875 0.43522860492379833 0.01171875 0.0076201641266119575
0 0.289453125 0.4349355216881594 0.01328125 0.009378663540445486
0 0.340625 0.4343493552168816 0.0125 0.009378663540445486
0 0.22109375 0.4340562719812427 0.0140625 0.00996483001172333
0 0.4234375 0.43229777256740914 0.0125 0.0076201641266119575
0 0.3640625 0.42819460726846426 0.0125 0.008792497069167644
0 0.400390625 0.42790152403282533 0.01171875 0.009378663540445486
0 0.316796875 0.42790152403282533 0.01328125 0.009378663540445486
0 0.86171875 0.42262602579132474 0.0125 0.008206330597889801
0 0.773828125 0.4208675263774912 0.01171875 0.008206330597889801
0 0.20078125 0.42145369284876905 0.0140625 0.009378663540445486
0 0.79609375 0.4199882766705744 0.0125 0.008792497069167644
0 0.751171875 0.4194021101992966 0.01171875 0.008792497069167644
0 0.81796875 0.4188159437280188 0.0140625 0.008792497069167644
0 0.2796875 0.417936694021102 0.0140625 0.009378663540445486
0 0.4484375 0.41735052754982416 0.0125 0.009378663540445486
0 0.472265625 0.41588511137162953 0.01171875 0.008792497069167644
0 0.335546875 0.41617819460726846 0.01328125 0.009378663540445486
0 0.22890625 0.4164712778429074 0.0140625 0.00996483001172333
0 0.2546875 0.41471277842907384 0.0140625 0.00996483001172333
0 0.38359375 0.41178194607268465 0.0125 0.008792497069167644
0 0.303515625 0.41178194607268465 0.01328125 0.00996483001172333
0 0.359375 0.41031652989449 0.0125 0.009378663540445486
0 0.40859375 0.4097303634232122 0.0125 0.009378663540445486
0 0.500390625 0.40885111371629546 0.01171875 0.008792497069167644
0 0.523828125 0.40855803048065653 0.01171875 0.009378663540445486
0 0.87265625 0.4070926143024619 0.0125 0.008792497069167644
0 0.8453125 0.40533411488862836 0.0125 0.008792497069167644
0 0.76484375 0.4047479484173505 0.0125 0.008792497069167644
0 0.796484375 0.40240328253223917 0.01171875 0.008792497069167644
0 0.43125 0.4026963657678781 0.0125 0.009378663540445486
0 0.820703125 0.4015240328253224 0.01171875 0.008206330597889801
0 0.74296875 0.4015240328253224 0.0125 0.008206330597889801
0 0.20703125 0.40123094958968347 0.0140625 0.00996483001172333
0 0.462109375 0.399179366940211 0.01171875 0.009378663540445486
0 0.542578125 0.39683470105509966 0.01171875 0.007033997655334115
0 0.33984375 0.39800703399765536 0.0125 0.009378663540445486
0 0.283203125 0.39771395076201643 0.01328125 0.00996483001172333
0 0.2328125 0.39771395076201643 0.0140625 0.00996483001172333
0 0.315234375 0.39566236811254396 0.01328125 0.009378663540445486
0 0.607421875 0.3947831184056272 0.01171875 0.008792497069167644
0 0.39453125 0.39419695193434934 0.0125 0.008792497069167644
0 0.258203125 0.39449003516998826 0.01328125 0.009378663540445486
0 0.3703125 0.3939038686987104 0.0125 0.009378663540445486
0 0.862109375 0.3921453692848769 0.01328125 0.008206330597889801
0 0.584765625 0.39126611957796015 0.01171875 0.0076201641266119575
0 0.661328125 0.3898007033997655 0.01171875 0.008206330597889801
0 0.504296875 0.3903868698710434 0.01171875 0.009378663540445486
0 0.807421875 0.3877491207502931 0.01171875 0.008792497069167644
0 0.416796875 0.3877491207502931 0.01171875 0.008792497069167644
0 0.768359375 0.38686987104337633 0.01171875 0.008206330597889801
0 0.7140625 0.38716295427901526 0.0109375 0.008792497069167644
0 0.830859375 0.38599062133645956 0.01171875 0.008792497069167644
0 0.844140625 0.3789566236811254 0.00078125 0.0005861664712778429
0 0.45078125 0.3830597889800703 0.0109375 0.008792497069167644
0 0.297265625 0.3821805392731536 0.01328125 0.009378663540445486
0 0.2171875 0.3824736225087925 0.0140625 0.00996483001172333
0 0.35078125 0.3813012895662368 0.0125 0.008792497069167644
0 0.544921875 0.37924970691676435 0.01015625 0.008206330597889801
0 0.272265625 0.3801289566236811 0.01328125 0.00996483001172333
0 0.477734375 0.37924970691676435 0.01171875 0.009378663540445486
0 0.85 0.373094958968347 0.0109375 0.0029308323563892145
0 0.647265625 0.37514654161781946 0.01171875 0.008206330597889801
0 0.394921875 0.3754396248534584 0.01171875 0.008792497069167644
0 0.587109375 0.3742672919109027 0.01171875 0.008792497069167644
0 0.24765625 0.37485345838218054 0.0140625 0.00996483001172333
0 0.328515625 0.37280187573270807 0.01328125 0.009378663540445486
0 0.499609375 0.37221570926143027 0.01171875 0.009378663540445486
0 0.37109375 0.37192262602579135 0.0125 0.008792497069167644
0 0.8765625 0.3716295427901524 0.0125 0.009378663540445486
0 0.5234375 0.37075029308323565 0.0109375 0.008792497069167644
0 0.80546875 0.3701641266119578 0.0125 0.008792497069167644
0 0.775390625 0.3701641266119578 0.01171875 0.008792497069167644
0 0.7109375 0.36957796014067995 0.0109375 0.008792497069167644
0 0.417578125 0.369284876905041 0.01171875 0.009378663540445486
0 0.829296875 0.365767878077374 0.01171875 0.0035169988276670576
0 0.683984375 0.36664712778429076 0.01171875 0.008792497069167644
0 0.560546875 0.36664712778429076 0.01171875 0.008792497069167644
0 0.44140625 0.36547479484173506 0.0125 0.008792497069167644
0 0.287109375 0.36518171160609614 0.01328125 0.009378663540445486
0 0.209375 0.3637162954279015 0.0140625 0.00996483001172333
0 0.348828125 0.3625439624853458 0.01171875 0.008792497069167644
0 0.661328125 0.3613716295427902 0.01171875 0.008792497069167644
0 0.74296875 0.3601992966002345 0.009375 0.0076201641266119575
0 0.860546875 0.3601992966002345 0.01328125 0.008792497069167644
0 0.783203125 0.3563892145369285 0.00078125 0.0011723329425556857
0 0.631640625 0.3590269636576788 0.01171875 0.008792497069167644
0 0.258203125 0.3549237983587339 0.00078125 0.0005861664712778429
0 0.310546875 0.3590269636576788 0.01328125 0.00996483001172333
0 0.264453125 0.35844079718640093 0.01015625 0.00996483001172333
0 0.4625 0.35756154747948415 0.0125 0.009378663540445486
0 0.78515625 0.35345838218053927 0.003125 0.0023446658851113715
0 0.60859375 0.35668229777256744 0.0109375 0.008792497069167644
0 0.22734375 0.3528722157092614 0.0015625 0.0011723329425556857
0 0.53984375 0.3560961313012896 0.0109375 0.008792497069167644
0 0.79140625 0.3528722157092614 0.0078125 0.0035169988276670576
0 0.234375 0.3560961313012896 0.009375 0.00996483001172333
0 0.880078125 0.35433763188745604 0.01328125 0.008792497069167644
0 0.815625 0.35433763188745604 0.0125 0.008792497069167644
0 0.721875 0.3537514654161782 0.0109375 0.008792497069167644
0 0.49765625 0.35345838218053927 0.0109375 0.009378663540445486
0 0.371875 0.35345838218053927 0.0109375 0.009378663540445486
0 0.58359375 0.3516998827667057 0.0109375 0.009378663540445486
0 0.42109375 0.350820633059789 0.0125 0.008792497069167644
0 0.395703125 0.34876905041031653 0.01015625 0.007033997655334115
0 0.69453125 0.347010550996483 0.0078125 0.005861664712778429
0 0.333984375 0.34759671746776083 0.01171875 0.009378663540445486
0 0.289453125 0.34671746776084406 0.01328125 0.00996483001172333
0 0.651171875 0.3455451348182884 0.01171875 0.008792497069167644
0 0.558203125 0.34495896834701056 0.01171875 0.008792497069167644
0 0.8484375 0.3443728018757327 0.0125 0.008792497069167644
0 0.201953125 0.34495896834701056 0.01484375 0.00996483001172333
0 0.519140625 0.34378663540445487 0.01171875 0.008792497069167644
0 0.44296875 0.343200468933177 0.0109375 0.008792497069167644
0 0.76015625 0.34232121922626024 0.0109375 0.008206330597889801
0 0.625390625 0.34144196951934347 0.01171875 0.008792497069167644
0 0.7375 0.34056271981242675 0.0109375 0.008206330597889801
0 0.869140625 0.33939038686987105 0.01171875 0.008206330597889801
0 0.82734375 0.33909730363423213 0.0109375 0.008792497069167644
0 0.804296875 0.33939038686987105 0.01015625 0.009378663540445486
0 0.781640625 0.33909730363423213 0.01171875 0.008792497069167644
0 0.467578125 0.33939038686987105 0.01015625 0.009378663540445486
0 0.6 0.3385111371629543 0.0109375 0.008792497069167644
0 0.31171875 0.3388042203985932 0.0125 0.009378663540445486
0 0.712109375 0.3373388042203986 0.01015625 0.0076201641266119575
0 0.22578125 0.3373388042203986 0.0140625 0.008792497069167644
0 0.490625 0.3355803048065651 0.0109375 0.008792497069167644
0 0.3625 0.3355803048065651 0.0109375 0.008792497069167644
0 0.411328125 0.3344079718640094 0.01015625 0.008792497069167644
0 0.576953125 0.33382180539273154 0.01171875 0.008792497069167644
0 0.541015625 0.33294255568581477 0.00859375 0.008206330597889801
0 0.38828125 0.3308909730363423 0.0078125 0.006447831184056272
0 0.2734375 0.33177022274325907 0.0125 0.009378663540445486
0 0.690625 0.3300117233294256 0.0109375 0.008206330597889801
0 0.6640625 0.32942555685814773 0.009375 0.008206330597889801
0 0.3390625 0.3291324736225088 0.0109375 0.008792497069167644
0 0.248046875 0.3300117233294256 0.01328125 0.010550996483001172
0 0.84296875 0.32737397420867526 0.0125 0.008792497069167644
0 0.809765625 0.32327080890973037 0.00078125 0.0005861664712778429
0 0.640625 0.32737397420867526 0.0109375 0.008792497069167644
0 0.5109375 0.32620164126611956 0.0109375 0.008792497069167644
0 0.8109375 0.32180539273153574 0.0015625 0.0011723329425556857
0 0.75 0.3256154747948417 0.0109375 0.008792497069167644
0 0.434765625 0.3256154747948417 0.01015625 0.008792497069167644
0 0.819921875 0.32092614302461897 0.00078125 0.0005861664712778429
0 0.61640625 0.32444314185228607 0.0109375 0.008792497069167644
0 0.815625 0.31975381008206333 0.0015625 0.0005861664712778429
0 0.79375 0.3238569753810082 0.0125 0.008792497069167644
0 0.206640625 0.32444314185228607 0.01328125 0.00996483001172333
0 0.72734375 0.3226846424384525 0.0078125 0.0076201641266119575
0 0.87265625 0.32180539273153574 0.0125 0.008206330597889801
0 0.55859375 0.3223915592028136 0.0109375 0.009378663540445486
0 0.458203125 0.32209847596717467 0.01015625 0.008792497069167644
0 0.316015625 0.32063305978898005 0.01171875 0.005861664712778429
0 0.593359375 0.3212192262602579 0.01171875 0.009378663540445486
0 0.482421875 0.3191676436107855 0.00859375 0.005275498241500586
0 0.771484375 0.31975381008206333 0.01171875 0.008792497069167644
0 0.291015625 0.3191676436107855 0.01328125 0.00996483001172333
0 0.356640625 0.3168229777256741 0.01171875 0.008792497069167644
0 0.530078125 0.3159437280187573 0.01171875 0.008206330597889801
0 0.678125 0.31477139507620167 0.009375 0.008206330597889801
0 0.383203125 0.3130128956623681 0.00703125 0.007033997655334115
0 0.261328125 0.31447831184056274 0.01328125 0.00996483001172333
0 0.6546875 0.3127198124267292 0.009375 0.0076201641266119575
0 0.409765625 0.3127198124267292 0.01015625 0.008792497069167644
0 0.853515625 0.31213364595545134 0.01328125 0.008792497069167644
0 0.831640625 0.31242672919109027 0.01328125 0.009378663540445486
0 0.7421875 0.30920281359906215 0.009375 0.008792497069167644
0 0.63203125 0.3083235638921454 0.009375 0.007033997655334115
0 0.575 0.30920281359906215 0.0109375 0.008792497069167644
0 0.8046875 0.3086166471277843 0.0109375 0.008792497069167644
0 0.50546875 0.3083235638921454 0.009375 0.008206330597889801
0 0.60859375 0.3071512309495897 0.0109375 0.008206330597889801
0 0.333984375 0.30773739742086753 0.01171875 0.009378663540445486
0 0.4328125 0.30685814771395076 0.0109375 0.008792497069167644
0 0.867578125 0.302168815943728 0.00078125 0.0005861664712778429
0 0.71953125 0.30568581477139506 0.0109375 0.008792497069167644
0 0.551171875 0.3045134818288394 0.00546875 0.0076201641266119575
0 0.783984375 0.3045134818288394 0.00859375 0.008792497069167644
0 0.456640625 0.3030480656506448 0.01015625 0.008206330597889801
0 0.305078125 0.3030480656506448 0.01171875 0.009378663540445486
0 0.209765625 0.30275498241500587 0.01328125 0.00996483001172333
0 0.4796875 0.29923798358733883 0.009375 0.006447831184056272
0 0.7609375 0.2998241500586166 0.0109375 0.008792497069167644
0 0.6953125 0.2989449003516999 0.009375 0.008206330597889801
0 0.36484375 0.29923798358733883 0.0109375 0.008792497069167644
0 0.875390625 0.2951348182883939 0.00234375 0.0017584994138335288
0 0.86640625 0.29718640093786636 0.0046875 0.005861664712778429
0 0.838671875 0.29454865181711604 0.00078125 0.0005861664712778429
0 0.66953125 0.29835873388042206 0.009375 0.008206330597889801
0 0.5265625 0.29806565064478313 0.00625 0.0076201641266119575
0 0.871484375 0.29396248534583824 0.00390625 0.0005861664712778429
0 0.8453125 0.29454865181711604 0.0078125 0.004103165298944901
0 0.821484375 0.2966002344665885 0.01171875 0.009378663540445486
0 0.396484375 0.2963071512309496 0.00859375 0.008792497069167644
0 0.590625 0.2951348182883939 0.0109375 0.008792497069167644
0 0.738671875 0.2913247362250879 0.00546875 0.007033997655334115
0 0.567578125 0.2922039859320047 0.01015625 0.008792497069167644
0 0.798828125 0.29161781946072685 0.01015625 0.008792497069167644
0 0.634375 0.2913247362250879 0.0109375 0.008206330597889801
0 0.41875 0.291031652989449 0.0109375 0.008792497069167644
0 0.50078125 0.2898593200468933 0.009375 0.0076201641266119575
0 0.323828125 0.28927315357561545 0.01171875 0.008792497069167644
0 0.71328125 0.28839390386869873 0.0109375 0.008206330597889801
0 0.44296875 0.28751465416178196 0.0109375 0.008792497069167644
0 0.77734375 0.2869284876905041 0.0109375 0.008792497069167644
0 0.54453125 0.28634232121922626 0.00625 0.0076201641266119575
0 0.2921875 0.28634232121922626 0.0046875 0.008792497069167644
0 0.34765625 0.28487690504103164 0.0109375 0.008206330597889801
0 0.8921875 0.2845838218053927 0.0125 0.008792497069167644
0 0.85234375 0.28077373974208675 0.003125 0.0023446658851113715
0 0.65625 0.28311840562719814 0.009375 0.007033997655334115
0 0.6140625 0.28399765533411486 0.0078125 0.008792497069167644
0 0.85859375 0.27989449003517 0.00625 0.0029308323563892145
0 0.684765625 0.2825322391559203 0.01015625 0.008206330597889801
0 0.755078125 0.28223915592028137 0.01171875 0.008792497069167644
0 0.3796875 0.2816529894490035 0.009375 0.0076201641266119575
0 0.470703125 0.2813599062133646 0.01015625 0.008206330597889801
0 0.833203125 0.2813599062133646 0.01171875 0.009378663540445486
0 0.519921875 0.2793083235638921 0.01015625 0.008792497069167644
0 0.812109375 0.27667057444314186 0.01171875 0.009378663540445486
0 0.402734375 0.276084407971864 0.01015625 0.008206330597889801
0 0.728515625 0.2746189917936694 0.00859375 0.0076201641266119575
0 0.30859375 0.27520515826494724 0.0125 0.008792497069167644
0 0.42734375 0.2734466588511137 0.009375 0.0076201641266119575
0 0.6359375 0.2719812426729191 0.0046875 0.005861664712778429
0 0.87578125 0.27256740914419697 0.0125 0.009378663540445486
0 0.78984375 0.27227432590855805 0.009375 0.008792497069167644
0 0.591015625 0.27227432590855805 0.01015625 0.008792497069167644
0 0.705859375 0.27110199296600235 0.00859375 0.0076201641266119575
0 0.49609375 0.27139507620164127 0.009375 0.008206330597889801
0 0.33203125 0.26992966002344665 0.0109375 0.0076201641266119575
0 0.450390625 0.2696365767878077 0.01015625 0.008206330597889801
0 0.360546875 0.26875732708089095 0.01015625 0.008792497069167644
0 0.5390625 0.26817116060961316 0.0109375 0.008792497069167644
0 0.76796875 0.2675849941383353 0.009375 0.008792497069167644
0 0.849609375 0.26670574443141853 0.01015625 0.009378663540445486
0 0.6609375 0.26553341148886284 0.009375 0.008206330597889801
0 0.685546875 0.2640679953106682 0.00703125 0.0076201641266119575
0 0.614453125 0.2637749120750293 0.00703125 0.008206330597889801
0 0.82734375 0.2637749120750293 0.0109375 0.009378663540445486
0 0.746484375 0.2637749120750293 0.00859375 0.009378663540445486
0 0.5703125 0.26172332942555687 0.009375 0.008792497069167644
0 0.473828125 0.2620164126611958 0.01171875 0.009378663540445486
0 0.5171875 0.261137162954279 0.009375 0.008792497069167644
0 0.387109375 0.261137162954279 0.01015625 0.008792497069167644
0 0.805859375 0.2593786635404455 0.01015625 0.008792497069167644
0 0.410546875 0.2582063305978898 0.01015625 0.0076201641266119575
0 0.725 0.2567409144196952 0.009375 0.008206330597889801
0 0.86953125 0.25586166471277844 0.0140625 0.008792497069167644
0 0.20625 0.25586166471277844 0.0109375 0.011137162954279016
0 0.784375 0.25381008206330596 0.009375 0.008206330597889801
0 0.591015625 0.25381008206330596 0.01015625 0.008206330597889801
0 0.701953125 0.25351699882766704 0.01015625 0.008792497069167644
0 0.63515625 0.25263774912075027 0.0078125 0.008206330597889801
0 0.49453125 0.2529308323563892 0.0109375 0.008792497069167644
0 0.358984375 0.2502930832356389 0.00703125 0.005861664712778429
0 0.452734375 0.2511723329425557 0.01015625 0.008792497069167644
0 0.54453125 0.2502930832356389 0.0078125 0.008206330597889801
0 0.761328125 0.24970691676436108 0.01015625 0.008206330597889801
0 0.657421875 0.2473622508792497 0.00859375 0.007033997655334115
0 0.88828125 0.24794841735052756 0.0140625 0.009378663540445486
0 0.6796875 0.24648300117233293 0.009375 0.008792497069167644
0 0.851171875 0.2458968347010551 0.01328125 0.008792497069167644
0 0.825 0.2456037514654162 0.0125 0.009378663540445486
0 0.7390625 0.24355216881594371 0.0109375 0.008792497069167644
0 0.612109375 0.24355216881594371 0.01015625 0.008792497069167644
0 0.429296875 0.24267291910902697 0.01015625 0.008206330597889801
0 0.380078125 0.24267291910902697 0.01171875 0.008206330597889801
0 0.516015625 0.24237983587338804 0.01015625 0.008792497069167644
0 0.473046875 0.24237983587338804 0.01015625 0.008792497069167644
0 0.801171875 0.24150058616647127 0.01015625 0.008206330597889801
0 0.569140625 0.24120750293083235 0.00703125 0.0076201641266119575
0 0.4046875 0.24003516998827668 0.0109375 0.008792497069167644
0 0.866015625 0.2376905041031653 0.00546875 0.0076201641266119575
0 0.78046875 0.23593200468933176 0.0078125 0.008792497069167644
0 0.698046875 0.2347596717467761 0.01015625 0.0076201641266119575
0 0.591015625 0.23446658851113716 0.01015625 0.008206330597889801
0 0.2078125 0.23593200468933176 0.0140625 0.011137162954279016
0 0.494921875 0.23388042203985931 0.00859375 0.008206330597889801
0 0.537890625 0.23241500586166472 0.00546875 0.006447831184056272
0 0.320703125 0.23300117233294257 0.01015625 0.0076201641266119575
0 0.355078125 0.2309495896834701 0.00546875 0.005861664712778429
0 0.667578125 0.23065650644783117 0.00703125 0.006447831184056272
0 0.897265625 0.23124267291910902 0.01328125 0.008792497069167644
0 0.7578125 0.23036342321219228 0.0109375 0.007033997655334115
0 0.719921875 0.2309495896834701 0.01015625 0.008206330597889801
0 0.4484375 0.2294841735052755 0.009375 0.008792497069167644
0 0.837109375 0.22860492379835873 0.01171875 0.009378663540445486
0 0.813671875 0.22801875732708088 0.01171875 0.009378663540445486
0 0.616015625 0.22538100820633059 0.01015625 0.0076201641266119575
0 0.3859375 0.22538100820633059 0.009375 0.0076201641266119575
0 0.556640625 0.22362250879249707 0.01015625 0.0076201641266119575
0 0.514453125 0.22332942555685814 0.01015625 0.008206330597889801
0 0.470703125 0.22332942555685814 0.01015625 0.008206330597889801
0 0.408984375 0.22186400937866355 0.01015625 0.0076201641266119575
0 0.791796875 0.22215709261430247 0.01171875 0.009378663540445486
0 0.87890625 0.22098475967174677 0.0125 0.009378663540445486
0 0.737890625 0.21951934349355218 0.00859375 0.008792497069167644
0 0.58046875 0.21834701055099648 0.0078125 0.0076201641266119575
0 0.70078125 0.21805392731535755 0.009375 0.008206330597889801
0 0.63671875 0.21776084407971863 0.0109375 0.0076201641266119575
0 0.49375 0.21453692848769051 0.00625 0.005861664712778429
0 0.53515625 0.21395076201641267 0.009375 0.008206330597889801
0 0.75859375 0.21219226260257915 0.0078125 0.007033997655334115
0 0.44609375 0.21131301289566237 0.0109375 0.0076201641266119575
0 0.6015625 0.21072684642438452 0.0078125 0.0076201641266119575
0 0.778515625 0.20808909730363423 0.01171875 0.009378663540445486
0 0.721875 0.20662368112543963 0.00625 0.006447831184056272
0 0.845703125 0.20252051582649472 0.00234375 0.0017584994138335288
0 0.513671875 0.20457209847596716 0.00703125 0.005861664712778429
0 0.423046875 0.20545134818288394 0.00859375 0.0076201641266119575
0 0.55546875 0.2048651817116061 0.009375 0.0076201641266119575
0 0.469140625 0.20457209847596716 0.01015625 0.008206330597889801
0 0.622265625 0.20369284876905042 0.00859375 0.008792497069167644
0 0.844140625 0.1995896834701055 0.00078125 0.0017584994138335288
0 0.798046875 0.1995896834701055 0.00234375 0.0017584994138335288
0 0.80234375 0.19783118405627198 0.0015625 0.0005861664712778429
0 0.743359375 0.1995896834701055 0.00546875 0.0076201641266119575
0 0.58046875 0.19988276670574442 0.0078125 0.008206330597889801
0 0.846484375 0.19607268464243846 0.00234375 0.0017584994138335288
0 0.852734375 0.19607268464243846 0.00703125 0.0029308323563892145
0 0.401171875 0.1969519343493552 0.00703125 0.005861664712778429
0 0.491796875 0.1954865181711606 0.00546875 0.005275498241500586
0 0.5359375 0.1951934349355217 0.0078125 0.008206330597889801
0 0.762890625 0.1943141852286049 0.01015625 0.0076201641266119575
0 0.809765625 0.1884525205158265 0.00078125 0.0005861664712778429
0 0.6015625 0.19226260257913247 0.0078125 0.008206330597889801
0 0.78828125 0.18698710433763188 0.0015625 0.0011723329425556857
0 0.66171875 0.19050410316529895 0.009375 0.008206330597889801
0 0.782421875 0.18757327080890973 0.00859375 0.0035169988276670576
0 0.71328125 0.1899179366940211 0.009375 0.008206330597889801
0 0.81171875 0.1858147713950762 0.003125 0.0023446658851113715
0 0.6359375 0.18698710433763188 0.00625 0.004689331770222743
0 0.81796875 0.18522860492379836 0.0078125 0.0035169988276670576
0 0.565625 0.1855216881594373 0.0046875 0.005275498241500586
0 0.472265625 0.18405627198124266 0.00546875 0.005861664712778429
0 0.3546875 0.18405627198124266 0.0078125 0.007033997655334115
0 0.733203125 0.18141852286049237 0.01015625 0.0076201641266119575
0 0.846875 0.18112543962485345 0.0125 0.009378663540445486
0 0.781640625 0.17614302461899178 0.00078125 0.0005861664712778429
0 0.61640625 0.17731535756154748 0.00625 0.0076201641266119575
0 0.543359375 0.17702227432590856 0.00703125 0.007033997655334115
0 0.779296875 0.1735052754982415 0.00078125 0.0011723329425556857
0 0.764453125 0.1764361078546307 0.01171875 0.008206330597889801
0 0.519140625 0.17584994138335286 0.00859375 0.007033997655334115
0 0.582421875 0.17291910902696367 0.00546875 0.007033997655334115
0 0.416796875 0.17116060961313012 0.00546875 0.004689331770222743
0 0.7875 0.16881594372801875 0.00625 0.0023446658851113715
0 0.87578125 0.16969519343493553 0.0125 0.00996483001172333
0 0.84453125 0.16617819460726846 0.003125 0.0029308323563892145
0 0.445703125 0.16764361078546308 0.00859375 0.005861664712778429
0 0.74140625 0.1655920281359906 0.009375 0.0076201641266119575
0 0.632421875 0.16441969519343494 0.00859375 0.005275498241500586
0 0.845703125 0.16031652989449002 0.00078125 0.0005861664712778429
0 0.85390625 0.16002344665885113 0.0015625 0.0011723329425556857
0 0.850390625 0.15914419695193435 0.00390625 0.0005861664712778429
0 0.665625 0.16324736225087924 0.0078125 0.008792497069167644
0 0.805859375 0.1611957796014068 0.01328125 0.009378663540445486
0 0.6875 0.15943728018757328 0.009375 0.008206330597889801
0 0.56640625 0.15797186400937865 0.009375 0.0076201641266119575
0 0.544921875 0.15621336459554513 0.00546875 0.0076201641266119575
0 0.827734375 0.15679953106682298 0.01328125 0.00996483001172333
0 0.350390625 0.15474794841735054 0.00859375 0.008206330597889801
0 0.601171875 0.15181711606096132 0.00859375 0.008206330597889801
0 0.7796875 0.1462485345838218 0.0109375 0.006447831184056272
0 0.325390625 0.14419695193434937 0.01015625 0.007033997655334115
0 0.71171875 0.14302461899179367 0.009375 0.008206330597889801
0 0.65078125 0.1395076201641266 0.0078125 0.007033997655334115
0 0.384765625 0.1365767878077374 0.00703125 0.004689331770222743
0 0.348828125 0.13599062133645956 0.00703125 0.005861664712778429
0 0.296484375 0.1368698710433763 0.01171875 0.008792497069167644
0 0.688671875 0.1351113716295428 0.00859375 0.006447831184056272
0 0.550390625 0.13481828839390386 0.00859375 0.007033997655334115
0 0.607421875 0.13305978898007034 0.00546875 0.004689331770222743
0 0.526171875 0.12866354044548653 0.00703125 0.005275498241500586
0 0.24375 0.11957796014067995 0.009375 0.008206330597889801
0 0.237109375 0.1134232121922626 0.00078125 0.0005861664712778429
0 0.2453125 0.11371629542790153 0.003125 0.0023446658851113715
0 0.241015625 0.11225087924970692 0.00234375 0.0005861664712778429
