0 0.344921875 0.9 0.01015625 0.014583333333333334
0 0.44609375 0.8026041666666667 0.009375 0.011458333333333333
0 0.6953125 0.8010416666666667 0.009375 0.0125
0 0.518359375 0.790625 0.00859375 0.0125
0 0.5828125 0.7864583333333334 0.009375 0.0125
0 0.60390625 0.7828125 0.009375 0.013541666666666667
0 0.534765625 0.78125 0.00859375 0.0125
0 0.344921875 0.78125 0.00859375 0.0125
0 0.71484375 0.7802083333333333 0.009375 0.0125
0 0.640625 0.7807291666666667 0.009375 0.013541666666666667
0 0.74453125 0.7760416666666666 0.0109375 0.0125
0 0.20078125 0.7739583333333333 0.009375 0.0125
0 0.697265625 0.7734375 0.00859375 0.013541666666666667
0 0.5515625 0.7708333333333334 0.009375 0.0125
0 0.870703125 0.765625 0.01015625 0.0125
0 0.67890625 0.7645833333333333 0.009375 0.0125
0 0.576953125 0.7604166666666666 0.00859375 0.0125
0 0.64609375 0.7583333333333333 0.009375 0.0125
0 0.628515625 0.7572916666666667 0.01015625 0.0125
0 0.506640625 0.7510416666666667 0.00859375 0.0125
0 0.77265625 0.7489583333333333 0.009375 0.0125
0 0.693359375 0.7479166666666667 0.00859375 0.0125
0 0.666796875 0.7458333333333333 0.00859375 0.0125
0 0.558203125 0.7458333333333333 0.00859375 0.0125
0 0.596875 0.7447916666666666 0.009375 0.0125
0 0.6140625 0.7416666666666667 0.009375 0.0125
0 0.72265625 0.7369791666666666 0.009375 0.013541666666666667
0 0.521484375 0.7364583333333333 0.00859375 0.0125
0 0.448046875 0.7348958333333333 0.00859375 0.013541666666666667
0 0.755078125 0.7333333333333333 0.01015625 0.0125
0 0.894921875 0.7322916666666667 0.01015625 0.0125
0 0.833203125 0.7322916666666667 0.01015625 0.0125
0 0.41171875 0.7322916666666667 0.009375 0.0125
0 0.64765625 0.73125 0.009375 0.0125
0 0.6296875 0.7302083333333333 0.009375 0.0125
0 0.68203125 0.728125 0.009375 0.0125
0 0.469140625 0.728125 0.00859375 0.0125
0 0.737109375 0.725 0.01015625 0.0125
0 0.707421875 0.725 0.00859375 0.0125
0 0.3765625 0.7239583333333334 0.009375 0.0125
0 0.663671875 0.721875 0.01015625 0.0125
0 0.56640625 0.7203125 0.0078125 0.011458333333333333
0 0.8546875 0.7197916666666667 0.0109375 0.014583333333333334
0 0.721875 0.7125 0.009375 0.0125
0 0.455078125 0.7119791666666667 0.00859375 0.011458333333333333
0 0.638671875 0.7088541666666667 0.00859375 0.011458333333333333
0 0.601953125 0.7098958333333333 0.00859375 0.013541666666666667
0 0.581640625 0.7088541666666667 0.00859375 0.011458333333333333
0 0.493359375 0.7083333333333334 0.00859375 0.0125
0 0.69453125 0.7072916666666667 0.009375 0.0125
0 0.544921875 0.7072916666666667 0.00859375 0.0125
0 0.513671875 0.7046875 0.00703125 0.011458333333333333
0 0.67421875 0.7036458333333333 0.009375 0.011458333333333333
0 0.38828125 0.703125 0.009375 0.0125
0 0.853125 0.696875 0.0109375 0.0125
0 0.65546875 0.6958333333333333 0.009375 0.0125
0 0.815234375 0.6947916666666667 0.01015625 0.0125
0 0.371875 0.69375 0.009375 0.0125
0 0.6109375 0.6901041666666666 0.0078125 0.011458333333333333
0 0.71953125 0.6890625 0.009375 0.011458333333333333
0 0.353125 0.6880208333333333 0.009375 0.011458333333333333
0 0.58984375 0.6875 0.0078125 0.0125
0 0.501171875 0.6869791666666667 0.00859375 0.011458333333333333
0 0.57265625 0.6838541666666667 0.009375 0.011458333333333333
0 0.538671875 0.6802083333333333 0.00859375 0.0125
0 0.469921875 0.6744791666666666 0.00859375 0.011458333333333333
0 0.518359375 0.6713541666666667 0.00859375 0.011458333333333333
0 0.673046875 0.6692708333333334 0.00859375 0.011458333333333333
0 0.369140625 0.6682291666666667 0.00859375 0.011458333333333333
0 0.346875 0.6661458333333333 0.009375 0.011458333333333333
0 0.558984375 0.6651041666666667 0.00859375 0.011458333333333333
0 0.31484375 0.6609375 0.009375 0.011458333333333333
0 0.5421875 0.6572916666666667 0.0078125 0.0125
0 0.844140625 0.65625 0.01015625 0.0125
0 0.8015625 0.6520833333333333 0.0109375 0.0125
0 0.575 0.6520833333333333 0.009375 0.0125
0 0.440234375 0.6510416666666666 0.00859375 0.010416666666666666
0 0.501171875 0.6494791666666667 0.00859375 0.011458333333333333
0 0.519921875 0.6479166666666667 0.00859375 0.0125
0 0.2796875 0.6432291666666666 0.009375 0.011458333333333333
0 0.666796875 0.6411458333333333 0.00859375 0.011458333333333333
0 0.81640625 0.640625 0.0109375 0.0125
0 0.397265625 0.640625 0.00859375 0.0125
0 0.457421875 0.6395833333333333 0.00859375 0.0125
0 0.315625 0.6375 0.0078125 0.0125
0 0.532421875 0.6317708333333333 0.00859375 0.011458333333333333
0 0.416015625 0.6307291666666667 0.00859375 0.011458333333333333
0 0.58125 0.6302083333333334 0.009375 0.0125
0 0.384765625 0.6244791666666667 0.00859375 0.011458333333333333
0 0.27109375 0.6213541666666667 0.0078125 0.011458333333333333
0 0.329296875 0.6203125 0.00859375 0.011458333333333333
0 0.28984375 0.6171875 0.009375 0.011458333333333333
0 0.565234375 0.6145833333333334 0.00859375 0.0125
0 0.34765625 0.6145833333333334 0.009375 0.0125
0 0.520703125 0.6109375 0.00859375 0.011458333333333333
0 0.588671875 0.6098958333333333 0.00859375 0.011458333333333333
0 0.548046875 0.6098958333333333 0.00859375 0.011458333333333333
0 0.846484375 0.6083333333333333 0.00859375 0.010416666666666666
0 0.82265625 0.6088541666666667 0.0109375 0.013541666666666667
0 0.650390625 0.596875 0.00859375 0.010416666666666666
0 0.534375 0.5953125 0.0078125 0.011458333333333333
0 0.570703125 0.5921875 0.00859375 0.011458333333333333
0 0.3546875 0.5921875 0.009375 0.011458333333333333
0 0.83203125 0.5921875 0.0109375 0.013541666666666667
0 0.333984375 0.5885416666666666 0.00859375 0.0125
0 0.553515625 0.5848958333333333 0.00859375 0.011458333333333333
0 0.23125 0.5802083333333333 0.009375 0.0125
0 0.368359375 0.5765625 0.00859375 0.011458333333333333
0 0.4375 0.5640625 0.0078125 0.011458333333333333
0 0.540625 0.5614583333333333 0.0078125 0.010416666666666666
0 0.51796875 0.5598958333333334 0.0078125 0.011458333333333333
0 0.41484375 0.559375 0.0078125 0.010416666666666666
0 0.37890625 0.5583333333333333 0.0078125 0.010416666666666666
0 0.58046875 0.5572916666666666 0.0078125 0.010416666666666666
0 0.46015625 0.5578125 0.0078125 0.011458333333333333
0 0.80859375 0.5572916666666666 0.0109375 0.0125
0 0.565234375 0.5458333333333333 0.00859375 0.010416666666666666
0 0.822265625 0.5458333333333333 0.01015625 0.0125
0 0.4953125 0.5432291666666667 0.0078125 0.011458333333333333
0 0.305859375 0.5432291666666667 0.00859375 0.011458333333333333
0 0.403125 0.5421875 0.009375 0.011458333333333333
0 0.279296875 0.540625 0.00859375 0.0125
0 0.332421875 0.5369791666666667 0.00859375 0.011458333333333333
0 0.46484375 0.5328125 0.0078125 0.011458333333333333
0 0.4375 0.5307291666666667 0.0078125 0.011458333333333333
0 0.419921875 0.5307291666666667 0.00859375 0.011458333333333333
0 0.5078125 0.5286458333333334 0.0078125 0.009375
0 0.369140625 0.5286458333333334 0.00859375 0.011458333333333333
0 0.25859375 0.5265625 0.009375 0.011458333333333333
0 0.86640625 0.5239583333333333 0.0109375 0.010416666666666666
0 0.40390625 0.5197916666666667 0.009375 0.010416666666666666
0 0.387890625 0.5109375 0.00859375 0.011458333333333333
0 0.421875 0.5067708333333333 0.0078125 0.011458333333333333
0 0.200390625 0.5067708333333333 0.00859375 0.011458333333333333
0 0.6265625 0.5057291666666667 0.0078125 0.011458333333333333
0 0.45625 0.5026041666666666 0.0078125 0.011458333333333333
0 0.258984375 0.5026041666666666 0.00859375 0.011458333333333333
0 0.22421875 0.5026041666666666 0.009375 0.011458333333333333
0 0.278125 0.4984375 0.009375 0.011458333333333333
0 0.47109375 0.4921875 0.0078125 0.011458333333333333
0 0.434375 0.49114583333333334 0.0078125 0.011458333333333333
0 0.24140625 0.4875 0.00625 0.00625
0 0.210546875 0.48802083333333335 0.00859375 0.011458333333333333
0 0.5671875 0.48125 0.0078125 0.010416666666666666
0 0.2265625 0.475 0.009375 0.010416666666666666
0 0.531640625 0.4744791666666667 0.00703125 0.011458333333333333
0 0.4546875 0.4734375 0.0078125 0.011458333333333333
0 0.4828125 0.471875 0.0078125 0.010416666666666666
0 0.24453125 0.4671875 0.009375 0.009375
0 0.424609375 0.4666666666666667 0.00859375 0.010416666666666666
0 0.72421875 0.4609375 0.009375 0.011458333333333333
0 0.216015625 0.4578125 0.00859375 0.011458333333333333
0 0.6828125 0.45625 0.009375 0.010416666666666666
0 0.369921875 0.45364583333333336 0.00859375 0.011458333333333333
0 0.451953125 0.4515625 0.00859375 0.011458333333333333
0 0.698828125 0.45 0.00859375 0.010416666666666666
0 0.412109375 0.4505208333333333 0.00859375 0.011458333333333333
0 0.578125 0.44479166666666664 0.0078125 0.010416666666666666
0 0.19375 0.44479166666666664 0.009375 0.010416666666666666
0 0.41796875 0.428125 0.0078125 0.010416666666666666
0 0.3609375 0.4265625 0.0078125 0.011458333333333333
0 0.54765625 0.4244791666666667 0.0078125 0.011458333333333333
0 0.85703125 0.4234375 0.0265625 0.011458333333333333
0 0.43984375 0.42083333333333334 0.0078125 0.010416666666666666
0 0.4609375 0.4203125 0.0078125 0.011458333333333333
0 0.241796875 0.4197916666666667 0.00859375 0.010416666666666666
0 0.313671875 0.41770833333333335 0.00859375 0.010416666666666666
0 0.40234375 0.415625 0.0078125 0.010416666666666666
0 0.283984375 0.4161458333333333 0.00859375 0.011458333333333333
0 0.788671875 0.4109375 0.01015625 0.011458333333333333
0 0.47734375 0.4109375 0.0078125 0.011458333333333333
0 0.425390625 0.409375 0.00859375 0.010416666666666666
0 0.53671875 0.40677083333333336 0.0078125 0.011458333333333333
0 0.682421875 0.4015625 0.00859375 0.011458333333333333
0 0.6328125 0.3984375 0.0078125 0.011458333333333333
0 0.553515625 0.39791666666666664 0.00703125 0.010416666666666666
0 0.4390625 0.3953125 0.0078125 0.009375
0 0.34453125 0.3932291666666667 0.0078125 0.011458333333333333
0 0.813671875 0.3927083333333333 0.01015625 0.0125
0 0.3859375 0.39166666666666666 0.0078125 0.010416666666666666
0 0.59921875 0.3890625 0.0078125 0.009375
0 0.47734375 0.3885416666666667 0.0078125 0.0125
0 0.898046875 0.37395833333333334 0.00859375 0.00625
0 0.628125 0.37604166666666666 0.0078125 0.010416666666666666
0 0.196484375 0.3734375 0.00859375 0.011458333333333333
0 0.832421875 0.3697916666666667 0.01171875 0.010416666666666666
0 0.817578125 0.3671875 0.01171875 0.011458333333333333
0 0.52890625 0.36666666666666664 0.0078125 0.010416666666666666
0 0.478515625 0.3671875 0.00703125 0.011458333333333333
0 0.222265625 0.3651041666666667 0.00859375 0.011458333333333333
0 0.6140625 0.36354166666666665 0.0078125 0.010416666666666666
0 0.8828125 0.35520833333333335 0.0265625 0.014583333333333334
0 0.498828125 0.35 0.00703125 0.010416666666666666
0 0.2765625 0.35 0.0078125 0.010416666666666666
0 0.5359375 0.346875 0.0078125 0.010416666666666666
0 0.5609375 0.3458333333333333 0.0078125 0.010416666666666666
0 0.780078125 0.35052083333333334 0.02109375 0.026041666666666668
0 0.56796875 0.32708333333333334 0.0078125 0.010416666666666666
0 0.704296875 0.3255208333333333 0.01015625 0.011458333333333333
0 0.498046875 0.32395833333333335 0.00703125 0.010416666666666666
0 0.840234375 0.3223958333333333 0.01015625 0.011458333333333333
0 0.719140625 0.3223958333333333 0.01015625 0.011458333333333333
0 0.365625 0.32135416666666666 0.0078125 0.011458333333333333
0 0.2875 0.3203125 0.0078125 0.011458333333333333
0 0.80625 0.3177083333333333 0.0078125 0.010416666666666666
0 0.4625 0.31666666666666665 0.0078125 0.010416666666666666
0 0.580859375 0.296875 0.00703125 0.010416666666666666
0 0.3515625 0.2875 0.0078125 0.0125
0 0.398046875 0.2828125 0.00859375 0.011458333333333333
0 0.52421875 0.28125 0.0078125 0.010416666666666666
0 0.80625 0.27447916666666666 0.009375 0.011458333333333333
0 0.51015625 0.26979166666666665 0.0078125 0.010416666666666666
0 0.7625 0.2682291666666667 0.009375 0.011458333333333333
0 0.723046875 0.2630208333333333 0.00859375 0.009375
0 0.701953125 0.2598958333333333 0.00859375 0.011458333333333333
0 0.250390625 0.25 0.00859375 0.014583333333333334
0 0.77890625 0.24739583333333334 0.009375 0.011458333333333333
0 0.292578125 0.24322916666666666 0.00859375 0.011458333333333333
0 0.255078125 0.23229166666666667 0.00859375 0.014583333333333334
0 0.52890625 0.22708333333333333 0.0078125 0.010416666666666666
0 0.36875 0.2265625 0.0078125 0.011458333333333333
0 0.515625 0.21458333333333332 0.0078125 0.010416666666666666
0 0.256640625 0.20052083333333334 0.00859375 0.011458333333333333
