0 0.282421875 0.9355216881594373 0.00390625 0.0035169988276670576
0 0.24609375 0.9255568581477139 0.0125 0.007033997655334115
0 0.367578125 0.9202813599062134 0.00859375 0.004689331770222743
0 0.54609375 0.9117819460726846 0.009375 0.011137162954279016
0 0.694921875 0.9015240328253223 0.01171875 0.010550996483001172
0 0.211328125 0.8991793669402111 0.01171875 0.005861664712778429
0 0.361328125 0.8936107854630715 0.00078125 0.0005861664712778429
0 0.362109375 0.8924384525205158 0.00078125 0.0005861664712778429
0 0.37109375 0.8924384525205158 0.0046875 0.0029308323563892145
0 0.594140625 0.8939038686987104 0.01171875 0.009378663540445486
0 0.628125 0.8898007033997656 0.0125 0.009378663540445486
0 0.556640625 0.8895076201641267 0.01171875 0.011137162954279016
0 0.3984375 0.8862837045720985 0.0109375 0.008206330597889801
0 0.659375 0.8862837045720985 0.0109375 0.010550996483001172
0 0.606640625 0.8777842907385698 0.00703125 0.004103165298944901
0 0.445703125 0.8777842907385698 0.00703125 0.005275498241500586
0 0.644921875 0.8766119577960141 0.00390625 0.004103165298944901
0 0.21796875 0.8725087924970691 0.0046875 0.0017584994138335288
0 0.3359375 0.8748534583821805 0.0125 0.00996483001172333
0 0.36640625 0.8742672919109027 0.0125 0.00996483001172333
0 0.26640625 0.8710433763188745 0.0109375 0.007033997655334115
0 0.246875 0.8660609613130129 0.0046875 0.004103165298944901
0 0.240234375 0.8634232121922626 0.00546875 0.0023446658851113715
0 0.4046875 0.8666471277842908 0.0125 0.00996483001172333
0 0.4765625 0.8601992966002344 0.009375 0.0076201641266119575
0 0.655859375 0.8601992966002344 0.01171875 0.00996483001172333
0 0.610546875 0.8581477139507621 0.01171875 0.005861664712778429
0 0.50546875 0.8587338804220399 0.0125 0.008206330597889801
0 0.32734375 0.847010550996483 0.0125 0.0035169988276670576
0 0.285546875 0.8475967174677609 0.00859375 0.007033997655334115
0 0.457421875 0.8478898007033998 0.01171875 0.00996483001172333
0 0.49140625 0.8446658851113716 0.0125 0.010550996483001172
0 0.37578125 0.8449589683470106 0.0109375 0.011137162954279016
0 0.695703125 0.8411488862837045 0.01171875 0.009378663540445486
0 0.6234375 0.8405627198124267 0.0078125 0.009378663540445486
0 0.301953125 0.8335287221570926 0.00859375 0.004689331770222743
0 0.3296875 0.8305978898007034 0.0125 0.008206330597889801
0 0.670703125 0.8294255568581477 0.01171875 0.010550996483001172
0 0.241796875 0.8253223915592028 0.00859375 0.005861664712778429
0 0.7125 0.8264947245017585 0.0109375 0.009378663540445486
0 0.2109375 0.8194607268464243 0.003125 0.0023446658851113715
0 0.6921875 0.8212192262602579 0.0078125 0.007033997655334115
0 0.5578125 0.8232708089097304 0.0125 0.011137162954279016
0 0.640625 0.8218053927315357 0.0125 0.010550996483001172
0 0.35390625 0.8168229777256741 0.0125 0.0076201641266119575
0 0.614453125 0.8159437280187574 0.01171875 0.008206330597889801
0 0.315625 0.8147713950762017 0.0125 0.010550996483001172
0 0.710546875 0.8086166471277842 0.00703125 0.006447831184056272
0 0.23359375 0.809495896834701 0.009375 0.008206330597889801
0 0.48515625 0.8071512309495897 0.0125 0.010550996483001172
0 0.527734375 0.8036342321219226 0.01171875 0.005861664712778429
0 0.261328125 0.8033411488862837 0.01015625 0.008792497069167644
0 0.655859375 0.8024618991793669 0.01171875 0.010550996483001172
0 0.571875 0.8015826494724502 0.0078125 0.00996483001172333
0 0.28359375 0.7995310668229777 0.0125 0.007033997655334115
0 0.351171875 0.7986518171160609 0.01171875 0.00996483001172333
0 0.63515625 0.7960140679953107 0.0109375 0.010550996483001172
0 0.73125 0.7942555685814772 0.0125 0.010550996483001172
0 0.376953125 0.7919109026963658 0.00390625 0.005861664712778429
0 0.2265625 0.791031652989449 0.00625 0.006447831184056272
0 0.511328125 0.791031652989449 0.00859375 0.0076201641266119575
0 0.4265625 0.7916178194607268 0.0125 0.00996483001172333
0 0.4 0.7895662368112544 0.00625 0.007033997655334115
0 0.705859375 0.7898593200468933 0.01171875 0.008792497069167644
0 0.18671875 0.7895662368112544 0.009375 0.009378663540445486
0 0.82890625 0.7883939038686987 0.0125 0.009378663540445486
0 0.251953125 0.787221570926143 0.01015625 0.008206330597889801
0 0.775 0.786928487690504 0.0125 0.00996483001172333
0 0.652734375 0.7822391559202814 0.01171875 0.0076201641266119575
0 0.280859375 0.7813599062133646 0.00859375 0.007033997655334115
0 0.74921875 0.7772567409144197 0.0125 0.008206330597889801
0 0.328515625 0.7740328253223916 0.00703125 0.006447831184056272
0 0.501171875 0.7752051582649473 0.01015625 0.00996483001172333
0 0.303515625 0.7737397420867527 0.01171875 0.007033997655334115
0 0.36953125 0.7743259085580305 0.0125 0.009378663540445486
0 0.237109375 0.7716881594372802 0.01171875 0.0076201641266119575
0 0.71640625 0.7713950762016413 0.0125 0.009378663540445486
0 0.62421875 0.7713950762016413 0.0125 0.010550996483001172
0 0.395703125 0.7675849941383353 0.00390625 0.006447831184056272
0 0.264453125 0.7675849941383353 0.00390625 0.0076201641266119575
0 0.41953125 0.7631887456037515 0.0078125 0.004689331770222743
0 0.651171875 0.7628956623681126 0.00703125 0.006447831184056272
0 0.68515625 0.7640679953106683 0.0125 0.00996483001172333
0 0.35 0.7637749120750293 0.0109375 0.009378663540445486
0 0.2859375 0.761430246189918 0.0109375 0.008206330597889801
0 0.3203125 0.7590855803048066 0.00625 0.004689331770222743
0 0.750390625 0.7590855803048066 0.01328125 0.009378663540445486
0 0.626953125 0.7529308323563892 0.00078125 0.0005861664712778429
0 0.246875 0.7543962485345839 0.0125 0.008206330597889801
0 0.217578125 0.7546893317702228 0.01171875 0.008792497069167644
0 0.6328125 0.7505861664712778 0.0109375 0.005275498241500586
0 0.833203125 0.7502930832356389 0.01328125 0.009378663540445486
0 0.67421875 0.7491207502930832 0.0125 0.009378663540445486
0 0.421484375 0.7456037514654161 0.01171875 0.009378663540445486
0 0.3359375 0.7420867526377491 0.0078125 0.007033997655334115
0 0.654296875 0.7417936694021102 0.01171875 0.00996483001172333
0 0.783984375 0.7409144196951934 0.01328125 0.009378663540445486
0 0.27890625 0.7409144196951934 0.0125 0.009378663540445486
0 0.2328125 0.7391559202813599 0.0125 0.007033997655334115
0 0.544140625 0.7382766705744431 0.01171875 0.00996483001172333
0 0.205078125 0.7373974208675264 0.01171875 0.009378663540445486
0 0.31015625 0.734759671746776 0.0125 0.008792497069167644
0 0.765625 0.7297772567409144 0.0125 0.008206330597889801
0 0.387890625 0.7288980070339977 0.01171875 0.008792497069167644
0 0.8140625 0.7253810082063306 0.0125 0.008792497069167644
0 0.246875 0.7250879249706916 0.0109375 0.008206330597889801
0 0.222265625 0.7224501758499414 0.01171875 0.008792497069167644
0 0.27265625 0.7180539273153576 0.0109375 0.005861664712778429
0 0.642578125 0.7180539273153576 0.01171875 0.009378663540445486
0 0.792578125 0.716295427901524 0.00859375 0.009378663540445486
0 0.1859375 0.7142438452520515 0.0109375 0.0076201641266119575
0 0.733203125 0.7121922626025792 0.01171875 0.008206330597889801
0 0.33359375 0.712778429073857 0.0125 0.009378663540445486
0 0.766796875 0.7118991793669402 0.01171875 0.008792497069167644
0 0.3578125 0.7104337631887456 0.0125 0.009378663540445486
0 0.208984375 0.7077960140679953 0.01015625 0.0076201641266119575
0 0.512109375 0.7075029308323564 0.01171875 0.009378663540445486
0 0.253515625 0.7063305978898007 0.01328125 0.008206330597889801
0 0.809375 0.7048651817116061 0.0125 0.008792497069167644
0 0.75234375 0.6984173505275498 0.0125 0.0076201641266119575
0 0.232421875 0.6990035169988277 0.01328125 0.00996483001172333
0 0.384375 0.6984173505275498 0.0125 0.00996483001172333
0 0.72421875 0.6963657678780774 0.0078125 0.008206330597889801
0 0.340625 0.694021101992966 0.0125 0.009378663540445486
0 0.29921875 0.6913833528722158 0.0109375 0.006447831184056272
0 0.7875 0.6922626025791325 0.0125 0.009378663540445486
0 0.675390625 0.6919695193434936 0.01171875 0.008792497069167644
0 0.210546875 0.6881594372801876 0.01171875 0.009378663540445486
0 0.254296875 0.6849355216881594 0.01328125 0.008792497069167644
0 0.765625 0.6837631887456037 0.0109375 0.008792497069167644
0 0.322265625 0.6834701055099648 0.01328125 0.009378663540445486
0 0.7421875 0.682590855803048 0.0109375 0.008792497069167644
0 0.279296875 0.6811254396248535 0.01328125 0.008206330597889801
0 0.8109375 0.6746776084407972 0.0125 0.009378663540445486
0 0.233984375 0.6720398593200468 0.01171875 0.008792497069167644
0 0.725390625 0.6711606096131302 0.01171875 0.008206330597889801
0 0.196875 0.6720398593200468 0.0125 0.00996483001172333
0 0.61640625 0.6708675263774913 0.0109375 0.008792497069167644
0 0.30703125 0.6688159437280188 0.0125 0.009378663540445486
0 0.36171875 0.667936694021102 0.0125 0.00996483001172333
0 0.78984375 0.6661781946072685 0.0109375 0.008792497069167644
0 0.33125 0.6661781946072685 0.0125 0.00996483001172333
0 0.25703125 0.6658851113716295 0.0125 0.009378663540445486
0 0.845703125 0.6644196951934349 0.01484375 0.008792497069167644
0 0.283203125 0.6629542790152403 0.01328125 0.009378663540445486
0 0.749609375 0.6614888628370457 0.01171875 0.008792497069167644
0 0.2171875 0.6579718640093787 0.0125 0.006447831184056272
0 0.827734375 0.6565064478311841 0.01328125 0.008206330597889801
0 0.186328125 0.6559202813599062 0.01328125 0.009378663540445486
0 0.717578125 0.6541617819460727 0.01171875 0.008206330597889801
0 0.241015625 0.6509378663540446 0.01328125 0.0076201641266119575
0 0.267578125 0.6500586166471278 0.01328125 0.007033997655334115
0 0.349609375 0.6509378663540446 0.01171875 0.00996483001172333
0 0.301953125 0.6506447831184057 0.01328125 0.009378663540445486
0 0.771484375 0.6433177022274326 0.01171875 0.0076201641266119575
0 0.746484375 0.6433177022274326 0.01171875 0.0076201641266119575
0 0.3265625 0.6421453692848769 0.0125 0.0076201641266119575
0 0.825 0.6395076201641267 0.0078125 0.007033997655334115
0 0.222265625 0.6398007033997656 0.01171875 0.0076201641266119575
0 0.19296875 0.6359906213364596 0.0125 0.007033997655334115
0 0.251171875 0.6351113716295428 0.01171875 0.00996483001172333
0 0.616796875 0.6313012895662368 0.01171875 0.008206330597889801
0 0.276171875 0.6307151230949589 0.01171875 0.008206330597889801
0 0.7484375 0.6257327080890973 0.0109375 0.008792497069167644
0 0.81484375 0.6236811254396248 0.0125 0.008206330597889801
0 0.2109375 0.623094958968347 0.0125 0.007033997655334115
0 0.323046875 0.6239742086752638 0.01328125 0.00996483001172333
0 0.2984375 0.6225087924970691 0.0125 0.009378663540445486
0 0.781640625 0.6204572098475967 0.00703125 0.0076201641266119575
0 0.236328125 0.6198710433763188 0.01015625 0.006447831184056272
0 0.589453125 0.6189917936694022 0.01171875 0.007033997655334115
0 0.261328125 0.6169402110199297 0.01328125 0.008792497069167644
0 0.3546875 0.6143024618991794 0.0125 0.008206330597889801
0 0.180078125 0.6134232121922626 0.01328125 0.006447831184056272
0 0.762109375 0.611664712778429 0.01015625 0.008792497069167644
0 0.2921875 0.6066822977725674 0.0125 0.005861664712778429
0 0.33359375 0.6019929660023446 0.0125 0.004689331770222743
0 0.24453125 0.6022860492379836 0.0125 0.006447831184056272
0 0.21875 0.6019929660023446 0.0109375 0.005861664712778429
0 0.71953125 0.6022860492379836 0.0109375 0.008792497069167644
0 0.581640625 0.6011137162954279 0.01171875 0.008792497069167644
0 0.269140625 0.5981828839390387 0.01328125 0.008792497069167644
0 0.19609375 0.5958382180539273 0.0125 0.0076201641266119575
0 0.8296875 0.5934935521688159 0.0125 0.008792497069167644
0 0.73671875 0.5899765533411488 0.0109375 0.0076201641266119575
0 0.31484375 0.5885111371629543 0.0125 0.008206330597889801
0 0.715234375 0.5847010550996483 0.01171875 0.008792497069167644
0 0.2859375 0.5847010550996483 0.0125 0.008792497069167644
0 0.25078125 0.5835287221570926 0.0109375 0.0076201641266119575
0 0.181640625 0.5814771395076201 0.01328125 0.009378663540445486
0 0.20625 0.5785463071512309 0.0125 0.007033997655334115
0 0.776953125 0.5732708089097304 0.00703125 0.007033997655334115
0 0.3046875 0.5712192262602579 0.0125 0.006447831184056272
0 0.350390625 0.5703399765533411 0.01328125 0.009378663540445486
0 0.228125 0.567409144196952 0.009375 0.005861664712778429
0 0.262890625 0.5677022274325909 0.01328125 0.0076201641266119575
0 0.666796875 0.5656506447831184 0.01171875 0.008206330597889801
0 0.700390625 0.563599062133646 0.01171875 0.008792497069167644
0 0.325 0.5615474794841735 0.0125 0.009378663540445486
0 0.286328125 0.5615474794841735 0.01328125 0.009378663540445486
0 0.6109375 0.559495896834701 0.0109375 0.008792497069167644
0 0.439453125 0.555978898007034 0.00234375 0.0017584994138335288
0 0.441015625 0.5542203985932005 0.00078125 0.0005861664712778429
0 0.587890625 0.556271981242673 0.01171875 0.008206330597889801
0 0.245703125 0.5553927315357562 0.01328125 0.008792497069167644
0 0.825390625 0.5509964830011723 0.00859375 0.005861664712778429
0 0.2203125 0.5501172332942555 0.0125 0.006447831184056272
0 0.33359375 0.5460140679953107 0.0125 0.006447831184056272
0 0.805078125 0.5436694021101993 0.01015625 0.0076201641266119575
0 0.27109375 0.5439624853458382 0.0125 0.009378663540445486
0 0.309375 0.5413247362250879 0.0125 0.0076201641266119575
0 0.592578125 0.5389800703399765 0.01171875 0.008792497069167644
0 0.428125 0.537221570926143 0.0109375 0.0076201641266119575
0 0.390234375 0.5310668229777257 0.01171875 0.005861664712778429
0 0.199609375 0.52989449003517 0.01328125 0.007033997655334115
0 0.32421875 0.5290152403282532 0.0125 0.006447831184056272
0 0.291015625 0.5304806565064478 0.01328125 0.009378663540445486
0 0.266015625 0.5275498241500586 0.01328125 0.005861664712778429
0 0.225390625 0.5284290738569754 0.01328125 0.0076201641266119575
0 0.81875 0.5266705744431418 0.0109375 0.0076201641266119575
0 0.34921875 0.5266705744431418 0.0125 0.008792497069167644
0 0.372265625 0.5202227432590856 0.01171875 0.008792497069167644
0 0.76171875 0.5178780773739742 0.0109375 0.0076201641266119575
0 0.305859375 0.5146541617819461 0.01328125 0.007033997655334115
0 0.39765625 0.5137749120750293 0.0125 0.0076201641266119575
0 0.191015625 0.5128956623681126 0.01328125 0.008206330597889801
0 0.28125 0.511430246189918 0.0125 0.008792497069167644
0 0.329296875 0.5087924970691676 0.01328125 0.007033997655334115
0 0.84375 0.5087924970691676 0.0125 0.008206330597889801
0 0.716015625 0.5087924970691676 0.01171875 0.008206330597889801
0 0.256640625 0.5087924970691676 0.01328125 0.008206330597889801
0 0.353515625 0.5087924970691676 0.01171875 0.009378663540445486
0 0.445703125 0.5043962485345839 0.00390625 0.0029308323563892145
0 0.22265625 0.5052754982415005 0.0125 0.005861664712778429
0 0.571484375 0.5041031652989449 0.01171875 0.008206330597889801
0 0.770703125 0.5017584994138335 0.01171875 0.008206330597889801
0 0.3796875 0.5020515826494725 0.0125 0.008792497069167644
0 0.418359375 0.4997069167643611 0.01171875 0.0076201641266119575
0 0.30703125 0.4976553341148886 0.0125 0.009378663540445486
0 0.803515625 0.4935521688159437 0.01171875 0.008206330597889801
0 0.23984375 0.49296600234466587 0.0125 0.009378663540445486
0 0.265625 0.49208675263774915 0.0140625 0.008792497069167644
0 0.330859375 0.4906213364595545 0.00859375 0.007033997655334115
0 0.35625 0.48856975381008205 0.0109375 0.005275498241500586
0 0.841796875 0.4891559202813599 0.01171875 0.0076201641266119575
0 0.519140625 0.48563892145369286 0.01171875 0.006447831184056272
0 0.488671875 0.485052754982415 0.01171875 0.008792497069167644
0 0.429296875 0.4827080890973036 0.01015625 0.006447831184056272
0 0.3796875 0.48329425556858147 0.0125 0.0076201641266119575
0 0.466796875 0.4809495896834701 0.00859375 0.006447831184056272
0 0.312890625 0.4809495896834701 0.01328125 0.006447831184056272
0 0.287890625 0.48182883939038684 0.01328125 0.009378663540445486
0 0.86484375 0.47889800703399765 0.0109375 0.008206330597889801
0 0.82265625 0.47860492379835873 0.0125 0.008792497069167644
0 0.402734375 0.4768464243845252 0.01171875 0.0076201641266119575
0 0.34296875 0.47479484173505276 0.0125 0.008206330597889801
0 0.232421875 0.4753810082063306 0.01328125 0.009378663540445486
0 0.2578125 0.47479484173505276 0.0125 0.009378663540445486
0 0.733984375 0.47362250879249707 0.01171875 0.008206330597889801
0 0.844140625 0.47215709261430244 0.01015625 0.0076201641266119575
0 0.367578125 0.47010550996483 0.00859375 0.004689331770222743
0 0.359765625 0.46805392731535755 0.00078125 0.0005861664712778429
0 0.207421875 0.46922626025791325 0.01328125 0.0076201641266119575
0 0.79765625 0.46776084407971863 0.0125 0.008206330597889801
0 0.500390625 0.4683470105509965 0.01171875 0.009378663540445486
0 0.324609375 0.4645369284876905 0.01015625 0.005275498241500586
0 0.317578125 0.46277842907385697 0.00234375 0.0017584994138335288
0 0.455859375 0.4610199296600234 0.00078125 0.0005861664712778429
0 0.423046875 0.4645369284876905 0.01171875 0.0076201641266119575
0 0.454296875 0.4604337631887456 0.00078125 0.0005861664712778429
0 0.29609375 0.4630715123094959 0.0125 0.005861664712778429
0 0.462109375 0.46131301289566234 0.00703125 0.004689331770222743
0 0.388671875 0.46277842907385697 0.01171875 0.008792497069167644
0 0.717578125 0.4618991793669402 0.01171875 0.008206330597889801
0 0.74765625 0.4598475967174678 0.0109375 0.008792497069167644
0 0.82890625 0.45926143024618993 0.0125 0.008792497069167644
0 0.346484375 0.45720984759671746 0.01328125 0.008206330597889801
0 0.857421875 0.45515826494724504 0.01015625 0.005275498241500586
0 0.1921875 0.45545134818288396 0.0125 0.009378663540445486
0 0.696484375 0.45310668229777257 0.01171875 0.008206330597889801
0 0.512890625 0.4533997655334115 0.01171875 0.008792497069167644
0 0.245703125 0.45398593200468934 0.01328125 0.00996483001172333
0 0.76953125 0.45281359906213364 0.0109375 0.008792497069167644
0 0.27265625 0.4501758499413834 0.0109375 0.0035169988276670576
0 0.36953125 0.4510550996483001 0.0125 0.008792497069167644
0 0.666015625 0.4504689331770223 0.01171875 0.008792497069167644
0 0.3921875 0.4457796014067995 0.0125 0.005275498241500586
0 0.444921875 0.44607268464243843 0.01171875 0.008206330597889801
0 0.323828125 0.44460726846424387 0.01328125 0.008792497069167644
0 0.21171875 0.4451934349355217 0.0140625 0.00996483001172333
0 0.41640625 0.4425556858147714 0.009375 0.005861664712778429
0 0.7515625 0.4425556858147714 0.0109375 0.008206330597889801
0 0.35 0.4393317702227433 0.0125 0.008792497069167644
0 0.299609375 0.4396248534583822 0.01328125 0.009378663540445486
0 0.503515625 0.43669402110199296 0.01171875 0.008206330597889801
0 0.77265625 0.43522860492379833 0.0125 0.008792497069167644
0 0.67890625 0.43522860492379833 0.0109375 0.008792497069167644
0 0.5265625 0.43112543962485345 0.0015625 0.0005861664712778429
0 0.253125 0.43522860492379833 0.0140625 0.00996483001172333
0 0.600390625 0.4340562719812427 0.01171875 0.008792497069167644
0 0.529296875 0.43024618991793667 0.00234375 0.0011723329425556857
0 0.3734375 0.43259085580304807 0.0125 0.008206330597889801
0 0.868359375 0.43112543962485345 0.01328125 0.008792497069167644
0 0.330859375 0.4284876905041032 0.01328125 0.005861664712778429
0 0.8109375 0.42936694021101995 0.0125 0.008792497069167644
0 0.439453125 0.42790152403282533 0.01171875 0.007033997655334115
0 0.280078125 0.42790152403282533 0.01328125 0.009378663540445486
0 0.414453125 0.425263774912075 0.01171875 0.0076201641266119575
0 0.211328125 0.4264361078546307 0.01328125 0.00996483001172333
0 0.354296875 0.42145369284876905 0.01328125 0.009378663540445486
0 0.391015625 0.42057444314185227 0.01171875 0.008792497069167644
0 0.30703125 0.42057444314185227 0.0125 0.00996483001172333
0 0.851953125 0.4155920281359906 0.01328125 0.008206330597889801
0 0.764453125 0.414126611957796 0.01015625 0.008792497069167644
0 0.7859375 0.41324736225087927 0.0125 0.008206330597889801
0 0.19140625 0.4138335287221571 0.0140625 0.009378663540445486
0 0.7421875 0.4123681125439625 0.009375 0.0076201641266119575
0 0.808203125 0.4123681125439625 0.01328125 0.008792497069167644
0 0.438671875 0.40943728018757325 0.01171875 0.0076201641266119575
0 0.269921875 0.41060961313012895 0.01328125 0.00996483001172333
0 0.462890625 0.4079718640093787 0.01171875 0.007033997655334115
0 0.325390625 0.40885111371629546 0.01171875 0.008792497069167644
0 0.219140625 0.40943728018757325 0.01328125 0.00996483001172333
0 0.2453125 0.4070926143024619 0.0140625 0.00996483001172333
0 0.37421875 0.4044548651817116 0.0125 0.008206330597889801
0 0.293359375 0.4047479484173505 0.01328125 0.00996483001172333
0 0.35 0.402989449003517 0.0125 0.008792497069167644
0 0.399609375 0.4015240328253224 0.01171875 0.007033997655334115
0 0.49140625 0.4006447831184056 0.0109375 0.006447831184056272
0 0.51484375 0.40123094958968347 0.0109375 0.008792497069167644
0 0.8625 0.4003516998827667 0.0125 0.008206330597889801
0 0.835546875 0.3988862837045721 0.01328125 0.008792497069167644
0 0.755859375 0.3974208675263775 0.01015625 0.008206330597889801
0 0.805859375 0.39536928487690504 0.00234375 0.005275498241500586
0 0.786328125 0.39566236811254396 0.01171875 0.008206330597889801
0 0.421484375 0.3947831184056272 0.01171875 0.0076201641266119575
0 0.811328125 0.3906799531066823 0.00234375 0.0005861664712778429
0 0.73359375 0.3947831184056272 0.0109375 0.008792497069167644
0 0.33046875 0.3921453692848769 0.0125 0.005861664712778429
0 0.198046875 0.3936107854630715 0.01171875 0.008792497069167644
0 0.452734375 0.39155920281359907 0.01171875 0.008206330597889801
0 0.5984375 0.3892145369284877 0.0109375 0.005861664712778429
0 0.533203125 0.3898007033997655 0.01171875 0.007033997655334115
0 0.241796875 0.3865767878077374 0.00078125 0.0005861664712778429
0 0.223046875 0.3906799531066823 0.01328125 0.00996483001172333
0 0.273828125 0.39009378663540445 0.01328125 0.00996483001172333
0 0.30546875 0.388042203985932 0.0125 0.008206330597889801
0 0.38515625 0.38716295427901526 0.0125 0.008792497069167644
0 0.2484375 0.3865767878077374 0.0125 0.0076201641266119575
0 0.360546875 0.3862837045720985 0.01328125 0.008206330597889801
0 0.85234375 0.3851113716295428 0.0125 0.008206330597889801
0 0.575390625 0.38452520515826494 0.01015625 0.007033997655334115
0 0.651953125 0.38276670574443145 0.01171875 0.007033997655334115
0 0.494921875 0.38335287221570924 0.01171875 0.009378663540445486
0 0.79765625 0.380715123094959 0.0125 0.008792497069167644
0 0.407421875 0.380715123094959 0.01171875 0.008792497069167644
0 0.758203125 0.3798358733880422 0.01171875 0.008206330597889801
0 0.704296875 0.3801289566236811 0.01171875 0.008792497069167644
0 0.82109375 0.3789566236811254 0.0109375 0.008792497069167644
0 0.441015625 0.37602579132473624 0.01171875 0.008792497069167644
0 0.287890625 0.37514654161781946 0.01328125 0.009378663540445486
0 0.2078125 0.3754396248534584 0.0140625 0.00996483001172333
0 0.341015625 0.3745603751465416 0.01328125 0.009378663540445486
0 0.53515625 0.3713364595545135 0.0109375 0.006447831184056272
0 0.467578125 0.37192262602579135 0.01171875 0.008792497069167644
0 0.262890625 0.37280187573270807 0.01328125 0.010550996483001172
0 0.83984375 0.3689917936694021 0.0125 0.008792497069167644
0 0.637109375 0.36811254396248533 0.01171875 0.008206330597889801
0 0.386328125 0.36840562719812425 0.01171875 0.008792497069167644
0 0.57734375 0.36723329425556855 0.0125 0.008792497069167644
0 0.237890625 0.36723329425556855 0.01328125 0.00996483001172333
0 0.31875 0.36547479484173506 0.0125 0.008792497069167644
0 0.866796875 0.3648886283704572 0.01328125 0.008792497069167644
0 0.490234375 0.36518171160609614 0.01171875 0.009378663540445486
0 0.362109375 0.3648886283704572 0.01171875 0.008792497069167644
0 0.825390625 0.3601992966002345 0.00078125 0.0005861664712778429
0 0.514453125 0.3637162954279015 0.01015625 0.008792497069167644
0 0.796875 0.36283704572098474 0.009375 0.008206330597889801
0 0.765625 0.36313012895662367 0.0125 0.008792497069167644
0 0.701171875 0.3622508792497069 0.01171875 0.008206330597889801
0 0.408203125 0.361957796014068 0.01171875 0.008792497069167644
0 0.821484375 0.358147713950762 0.00703125 0.0023446658851113715
0 0.675 0.35990621336459555 0.0109375 0.008206330597889801
0 0.5515625 0.3596131301289566 0.0109375 0.008792497069167644
0 0.43203125 0.35844079718640093 0.0125 0.0076201641266119575
0 0.277734375 0.3578546307151231 0.01328125 0.00996483001172333
0 0.199609375 0.35668229777256744 0.01484375 0.00996483001172333
0 0.341015625 0.3552168815943728 0.01015625 0.008206330597889801
0 0.734375 0.3540445486518171 0.0078125 0.008206330597889801
0 0.65234375 0.3540445486518171 0.0109375 0.008206330597889801
0 0.85 0.35345838218053927 0.0125 0.008206330597889801
0 0.62265625 0.35199296600234464 0.0109375 0.008792497069167644
0 0.248828125 0.34788980070339975 0.00078125 0.0005861664712778429
0 0.301171875 0.35199296600234464 0.01328125 0.00996483001172333
0 0.255078125 0.350820633059789 0.01015625 0.008792497069167644
0 0.865234375 0.34613130128956626 0.00078125 0.0005861664712778429
0 0.45390625 0.3505275498241501 0.009375 0.009378663540445486
0 0.598828125 0.3499413833528722 0.01171875 0.009378663540445486
0 0.217578125 0.3455451348182884 0.00078125 0.0005861664712778429
0 0.7796875 0.34906213364595545 0.0125 0.008792497069167644
0 0.530078125 0.34876905041031653 0.01171875 0.008206330597889801
0 0.362890625 0.34613130128956626 0.00703125 0.004103165298944901
0 0.22421875 0.3484759671746776 0.0109375 0.008792497069167644
0 0.873828125 0.3452520515826495 0.00703125 0.0035169988276670576
0 0.805859375 0.34759671746776083 0.01328125 0.008206330597889801
0 0.71328125 0.34642438452520513 0.0078125 0.008206330597889801
0 0.194140625 0.34261430246189917 0.00078125 0.0005861664712778429
0 0.48828125 0.34583821805392734 0.0109375 0.008206330597889801
0 0.5734375 0.34495896834701056 0.0125 0.008792497069167644
0 0.4125 0.34349355216881594 0.0109375 0.008206330597889801
0 0.38828125 0.3417350527549824 0.00625 0.004689331770222743
0 0.196875 0.3402696365767878 0.003125 0.004103165298944901
0 0.684765625 0.3402696365767878 0.00859375 0.005275498241500586
0 0.32421875 0.34056271981242675 0.0125 0.009378663540445486
0 0.196484375 0.3361664712778429 0.00078125 0.0005861664712778429
0 0.185546875 0.3361664712778429 0.00078125 0.0005861664712778429
0 0.2796875 0.33909730363423213 0.0125 0.008792497069167644
0 0.64140625 0.3385111371629543 0.0125 0.008792497069167644
0 0.838671875 0.3376318874560375 0.01171875 0.008206330597889801
0 0.5484375 0.33792497069167643 0.0109375 0.008792497069167644
0 0.51015625 0.33675263774912073 0.0109375 0.008792497069167644
0 0.191015625 0.33382180539273154 0.01015625 0.0029308323563892145
0 0.43359375 0.3361664712778429 0.0109375 0.008792497069167644
0 0.75078125 0.3355803048065651 0.009375 0.008792497069167644
0 0.85390625 0.33177022274325907 0.0015625 0.0023446658851113715
0 0.7296875 0.33382180539273154 0.0078125 0.0076201641266119575
0 0.615234375 0.3344079718640094 0.01171875 0.008792497069167644
0 0.22109375 0.3323563892145369 0.003125 0.004689331770222743
0 0.45859375 0.33294255568581477 0.0078125 0.007033997655334115
0 0.856640625 0.3291324736225088 0.00078125 0.0005861664712778429
0 0.85859375 0.32854630715123095 0.0015625 0.0005861664712778429
0 0.817578125 0.33264947245017584 0.01171875 0.008792497069167644
0 0.795703125 0.33264947245017584 0.00859375 0.008792497069167644
0 0.772265625 0.3323563892145369 0.01015625 0.009378663540445486
0 0.591015625 0.33147713950762014 0.01015625 0.008792497069167644
0 0.3015625 0.3308909730363423 0.009375 0.0076201641266119575
0 0.70234375 0.3305978898007034 0.009375 0.008206330597889801
0 0.483203125 0.3288393903868699 0.00703125 0.007033997655334115
0 0.215625 0.32737397420867526 0.009375 0.004103165298944901
0 0.403125 0.3276670574443142 0.0078125 0.007033997655334115
0 0.35234375 0.3279601406799531 0.0109375 0.0076201641266119575
0 0.56796875 0.3264947245017585 0.0109375 0.007033997655334115
0 0.380078125 0.324736225087925 0.00390625 0.004689331770222743
0 0.5328125 0.32532239155920284 0.00625 0.007033997655334115
0 0.681640625 0.32297772567409144 0.00859375 0.007033997655334115
0 0.263671875 0.3238569753810082 0.01328125 0.008792497069167644
0 0.6546875 0.32209847596717467 0.009375 0.0076201641266119575
0 0.330859375 0.32209847596717467 0.00859375 0.0076201641266119575
0 0.237890625 0.3226846424384525 0.01328125 0.00996483001172333
0 0.83359375 0.32063305978898005 0.0125 0.008206330597889801
0 0.63125 0.32004689331770225 0.0109375 0.007033997655334115
0 0.503515625 0.3191676436107855 0.00703125 0.0076201641266119575
0 0.801171875 0.3150644783118406 0.00078125 0.0005861664712778429
0 0.802734375 0.31447831184056274 0.00078125 0.0005861664712778429
0 0.74140625 0.31858147713950763 0.009375 0.008792497069167644
0 0.425 0.3179953106682298 0.0109375 0.0076201641266119575
0 0.8078125 0.31477139507620167 0.0078125 0.0035169988276670576
0 0.607421875 0.317116060961313 0.01015625 0.008206330597889801
0 0.78359375 0.3168229777256741 0.0109375 0.008792497069167644
0 0.305078125 0.3141852286049238 0.00859375 0.0035169988276670576
0 0.71875 0.3156506447831184 0.00625 0.0076201641266119575
0 0.196875 0.317116060961313 0.0140625 0.010550996483001172
0 0.8625 0.3150644783118406 0.0125 0.0076201641266119575
0 0.55 0.31535756154747946 0.009375 0.008206330597889801
0 0.449609375 0.31447831184056274 0.00859375 0.0076201641266119575
0 0.58359375 0.3141852286049238 0.0109375 0.008206330597889801
0 0.762109375 0.3130128956623681 0.01015625 0.008206330597889801
0 0.47421875 0.3106682297772567 0.0046875 0.005861664712778429
0 0.28125 0.31213364595545134 0.0125 0.00996483001172333
0 0.347265625 0.3094958968347011 0.01015625 0.008206330597889801
0 0.523046875 0.3086166471277843 0.00703125 0.0076201641266119575
0 0.373828125 0.30656506447831183 0.00546875 0.0035169988276670576
0 0.668359375 0.3083235638921454 0.01015625 0.008206330597889801
0 0.645703125 0.30539273153575613 0.00859375 0.007033997655334115
0 0.251953125 0.30685814771395076 0.01328125 0.00996483001172333
0 0.822265625 0.30568581477139506 0.01171875 0.008792497069167644
0 0.8453125 0.3050996483001172 0.0109375 0.008792497069167644
0 0.40078125 0.3050996483001172 0.009375 0.008792497069167644
0 0.798046875 0.298651817116061 0.00078125 0.0005861664712778429
0 0.791796875 0.298651817116061 0.00078125 0.0005861664712778429
0 0.734375 0.302168815943728 0.00625 0.0076201641266119575
0 0.6234375 0.3009964830011723 0.0078125 0.005275498241500586
0 0.56640625 0.302168815943728 0.009375 0.0076201641266119575
0 0.794921875 0.29806565064478313 0.00390625 0.0005861664712778429
0 0.497265625 0.30158264947245017 0.00703125 0.0076201641266119575
0 0.3265625 0.30041031652989447 0.0078125 0.0076201641266119575
0 0.6 0.2998241500586166 0.009375 0.0076201641266119575
0 0.42421875 0.2998241500586166 0.009375 0.008792497069167644
0 0.711328125 0.298651817116061 0.00703125 0.0076201641266119575
0 0.541796875 0.29718640093786636 0.00546875 0.005861664712778429
0 0.775 0.29718640093786636 0.0078125 0.008206330597889801
0 0.448046875 0.29601406799531066 0.00859375 0.007033997655334115
0 0.294140625 0.29601406799531066 0.01015625 0.007033997655334115
0 0.200390625 0.29572098475967173 0.01328125 0.00996483001172333
0 0.4734375 0.2922039859320047 0.0046875 0.005275498241500586
0 0.51796875 0.29161781946072685 0.0046875 0.005275498241500586
0 0.75390625 0.29308323563892147 0.00625 0.009378663540445486
0 0.687109375 0.29191090269636577 0.00703125 0.007033997655334115
0 0.35546875 0.29161781946072685 0.0109375 0.0076201641266119575
0 0.659765625 0.2913247362250879 0.01015625 0.008206330597889801
0 0.8609375 0.291031652989449 0.0125 0.008792497069167644
0 0.83359375 0.2901524032825322 0.0109375 0.008206330597889801
0 0.81171875 0.2901524032825322 0.0109375 0.009378663540445486
0 0.387890625 0.28868698710433766 0.00703125 0.0076201641266119575
0 0.58359375 0.2878077373974209 0.00625 0.008206330597889801
0 0.7296875 0.28516998827667056 0.0046875 0.005275498241500586
0 0.280859375 0.2828253223915592 0.00078125 0.0005861664712778429
0 0.559765625 0.2845838218053927 0.00703125 0.0076201641266119575
0 0.843359375 0.28077373974208675 0.00234375 0.0011723329425556857
0 0.789453125 0.2845838218053927 0.01015625 0.008792497069167644
0 0.62578125 0.28311840562719814 0.009375 0.007033997655334115
0 0.41015625 0.28399765533411486 0.009375 0.008792497069167644
0 0.493359375 0.28194607268464245 0.00390625 0.005861664712778429
0 0.314453125 0.28223915592028137 0.01171875 0.008792497069167644
0 0.70390625 0.2813599062133646 0.009375 0.008206330597889801
0 0.767578125 0.2801875732708089 0.01015625 0.008206330597889801
0 0.5359375 0.2793083235638921 0.00625 0.006447831184056272
0 0.43515625 0.2801875732708089 0.0078125 0.008206330597889801
0 0.841796875 0.2746189917936694 0.00078125 0.0005861664712778429
0 0.2828125 0.2781359906213365 0.0046875 0.0076201641266119575
0 0.278515625 0.27403282532239154 0.00078125 0.0005861664712778429
0 0.88203125 0.27754982415005863 0.0125 0.008792497069167644
0 0.6484375 0.276084407971864 0.00625 0.005861664712778429
0 0.33828125 0.2772567409144197 0.0109375 0.008206330597889801
0 0.6046875 0.27637749120750293 0.0078125 0.0076201641266119575
0 0.37265625 0.27432590855803046 0.0046875 0.0035169988276670576
0 0.848046875 0.27227432590855805 0.00234375 0.0005861664712778429
0 0.6765625 0.2757913247362251 0.0078125 0.0076201641266119575
0 0.74609375 0.27520515826494724 0.009375 0.0076201641266119575
0 0.82421875 0.2746189917936694 0.0109375 0.008792497069167644
0 0.4625 0.27432590855803046 0.0078125 0.008206330597889801
0 0.511328125 0.27227432590855805 0.00859375 0.0076201641266119575
0 0.80234375 0.2696365767878077 0.0109375 0.008206330597889801
0 0.394921875 0.2690504103165299 0.00703125 0.007033997655334115
0 0.41953125 0.2672919109026964 0.00625 0.004689331770222743
0 0.7203125 0.26787807737397423 0.00625 0.007033997655334115
0 0.6265625 0.2661195779601407 0.0046875 0.004689331770222743
0 0.298828125 0.26787807737397423 0.01171875 0.008206330597889801
0 0.866015625 0.2661195779601407 0.01328125 0.009378663540445486
0 0.780859375 0.2652403282532239 0.00859375 0.008792497069167644
0 0.583203125 0.2652403282532239 0.00703125 0.008792497069167644
0 0.697265625 0.2640679953106682 0.00703125 0.0076201641266119575
0 0.4859375 0.2640679953106682 0.0109375 0.0076201641266119575
0 0.442578125 0.26260257913247365 0.00703125 0.008206330597889801
0 0.323828125 0.2623094958968347 0.01015625 0.0076201641266119575
0 0.530078125 0.261137162954279 0.01015625 0.0076201641266119575
0 0.352734375 0.26143024618991795 0.00703125 0.008206330597889801
0 0.758984375 0.2605509964830012 0.00859375 0.008792497069167644
0 0.83984375 0.2596717467760844 0.0109375 0.009378663540445486
0 0.652734375 0.25908558030480655 0.00703125 0.008206330597889801
0 0.676171875 0.25703399765533413 0.00703125 0.006447831184056272
0 0.60546875 0.25703399765533413 0.00625 0.0076201641266119575
0 0.81796875 0.2567409144196952 0.0109375 0.008206330597889801
0 0.737109375 0.2564478311840563 0.00859375 0.0076201641266119575
0 0.379296875 0.2543962485345838 0.00703125 0.004689331770222743
0 0.562109375 0.2543962485345838 0.00703125 0.007033997655334115
0 0.465234375 0.25498241500586166 0.00859375 0.008206330597889801
0 0.50859375 0.25351699882766704 0.0078125 0.0076201641266119575
0 0.403125 0.2523446658851114 0.00625 0.005275498241500586
0 0.796484375 0.2523446658851114 0.01015625 0.008792497069167644
0 0.716796875 0.24970691676436108 0.00546875 0.007033997655334115
0 0.859765625 0.24941383352872215 0.01171875 0.008792497069167644
0 0.77734375 0.24794841735052756 0.0046875 0.005861664712778429
0 0.838671875 0.24355216881594371 0.00078125 0.0005861664712778429
0 0.197265625 0.2485345838218054 0.01015625 0.010550996483001172
0 0.69453125 0.2458968347010551 0.00625 0.006447831184056272
0 0.581640625 0.24648300117233293 0.01015625 0.0076201641266119575
0 0.487890625 0.2458968347010551 0.00546875 0.0076201641266119575
0 0.62578125 0.2447245017584994 0.0078125 0.006447831184056272
0 0.444140625 0.2444314185228605 0.00859375 0.007033997655334115
0 0.348828125 0.2429660023446659 0.00390625 0.004103165298944901
0 0.751953125 0.2429660023446659 0.00859375 0.0076201641266119575
0 0.53515625 0.24267291910902697 0.0078125 0.007033997655334115
0 0.64921875 0.24062133645955452 0.0046875 0.005275498241500586
0 0.8796875 0.24150058616647127 0.0109375 0.009378663540445486
0 0.8359375 0.23739742086752638 0.0015625 0.0011723329425556857
0 0.670703125 0.23944900351699883 0.00859375 0.0076201641266119575
0 0.838671875 0.23534583821805394 0.00078125 0.0005861664712778429
0 0.84140625 0.2347596717467761 0.003125 0.0005861664712778429
0 0.815625 0.23886283704572098 0.0125 0.008792497069167644
0 0.73203125 0.23681125439624853 0.00625 0.008206330597889801
0 0.603125 0.2365181711606096 0.009375 0.0076201641266119575
0 0.46484375 0.23563892145369286 0.0078125 0.007033997655334115
0 0.50703125 0.235052754982415 0.009375 0.007033997655334115
0 0.42109375 0.23563892145369286 0.0078125 0.008206330597889801
0 0.371484375 0.235052754982415 0.00859375 0.007033997655334115
0 0.56015625 0.2335873388042204 0.00625 0.005275498241500586
0 0.7921875 0.23446658851113716 0.009375 0.008206330597889801
0 0.866796875 0.23007033997655335 0.00078125 0.0005861664712778429
0 0.397265625 0.23270808909730364 0.00703125 0.008206330597889801
0 0.861328125 0.22801875732708088 0.01015625 0.0023446658851113715
0 0.771875 0.22889800703399765 0.00625 0.0076201641266119575
0 0.688671875 0.22801875732708088 0.00859375 0.007033997655334115
0 0.581640625 0.22772567409144198 0.01015625 0.0076201641266119575
0 0.528125 0.2250879249706917 0.003125 0.0035169988276670576
0 0.198046875 0.22860492379835873 0.01328125 0.010550996483001172
0 0.48671875 0.22655334114888628 0.0078125 0.0076201641266119575
0 0.346484375 0.223915592028136 0.00234375 0.0023446658851113715
0 0.658984375 0.22450175849941384 0.00546875 0.004689331770222743
0 0.311328125 0.2256740914419695 0.01015625 0.007033997655334115
0 0.749609375 0.223915592028136 0.00703125 0.004689331770222743
0 0.8875 0.22479484173505276 0.0125 0.008792497069167644
0 0.712109375 0.22420867526377491 0.00703125 0.008792497069167644
0 0.440234375 0.22332942555685814 0.00703125 0.007033997655334115
0 0.828125 0.2212778429073857 0.0109375 0.008792497069167644
0 0.8046875 0.22098475967174677 0.0109375 0.009378663540445486
0 0.60859375 0.21922626025791325 0.00625 0.007033997655334115
0 0.376953125 0.21776084407971863 0.00859375 0.006447831184056272
0 0.506640625 0.21688159437280188 0.00703125 0.007033997655334115
0 0.548828125 0.21658851113716296 0.00703125 0.0076201641266119575
0 0.4625 0.2160023446658851 0.0078125 0.006447831184056272
0 0.7828125 0.21541617819460726 0.0109375 0.008792497069167644
0 0.40078125 0.21395076201641267 0.009375 0.007033997655334115
0 0.86953125 0.21395076201641267 0.0125 0.008206330597889801
0 0.729296875 0.21219226260257915 0.00703125 0.008206330597889801
0 0.571484375 0.21131301289566237 0.00703125 0.006447831184056272
0 0.62890625 0.2104337631887456 0.0078125 0.005861664712778429
0 0.69296875 0.21072684642438452 0.00625 0.0076201641266119575
0 0.483984375 0.2077960140679953 0.00390625 0.0017584994138335288
0 0.749609375 0.20603751465416179 0.00703125 0.005275498241500586
0 0.52734375 0.2063305978898007 0.00625 0.005861664712778429
0 0.592578125 0.20427901524032827 0.00546875 0.005275498241500586
0 0.4390625 0.20369284876905042 0.00625 0.006447831184056272
0 0.712890625 0.20046893317702227 0.00390625 0.004689331770222743
0 0.76953125 0.20134818288393905 0.009375 0.008792497069167644
0 0.50546875 0.1981242672919109 0.0046875 0.0035169988276670576
0 0.547265625 0.19841735052754983 0.00703125 0.006447831184056272
0 0.413671875 0.19753810082063306 0.00859375 0.005861664712778429
0 0.6140625 0.19753810082063306 0.00625 0.007033997655334115
0 0.46015625 0.1969519343493552 0.0109375 0.007033997655334115
0 0.73515625 0.19314185228604924 0.0015625 0.0029308323563892145
0 0.572265625 0.194021101992966 0.00546875 0.004689331770222743
0 0.792578125 0.19138335287221572 0.00390625 0.0005861664712778429
0 0.840625 0.19284876905041032 0.0125 0.009378663540445486
0 0.48203125 0.1884525205158265 0.0015625 0.0017584994138335288
0 0.391796875 0.18962485345838218 0.00703125 0.005275498241500586
0 0.526953125 0.1884525205158265 0.00703125 0.006447831184056272
0 0.755859375 0.18698710433763188 0.00390625 0.005861664712778429
0 0.594140625 0.1858147713950762 0.00390625 0.004689331770222743
0 0.775390625 0.182883939038687 0.01015625 0.007033997655334115
0 0.705859375 0.18259085580304807 0.00546875 0.006447831184056272
0 0.654296875 0.18347010550996484 0.00546875 0.008206330597889801
0 0.62734375 0.18083235638921455 0.0046875 0.005275498241500586
0 0.556640625 0.17936694021101993 0.00234375 0.0023446658851113715
0 0.80625 0.18053927315357562 0.0125 0.007033997655334115
0 0.4625 0.17555685814771396 0.0046875 0.0029308323563892145
0 0.344921875 0.17672919109026963 0.00703125 0.006447831184056272
0 0.72421875 0.1746776084407972 0.009375 0.005861664712778429
0 0.83671875 0.1746776084407972 0.0125 0.009378663540445486
0 0.605859375 0.16969519343493553 0.00859375 0.006447831184056272
0 0.5328125 0.16998827667057445 0.009375 0.007033997655334115
0 0.755859375 0.1694021101992966 0.00859375 0.007033997655334115
0 0.51015625 0.1682297772567409 0.0078125 0.005861664712778429
0 0.5734375 0.1652989449003517 0.0046875 0.005861664712778429
0 0.407421875 0.16412661195779601 0.00390625 0.004689331770222743
0 0.7765625 0.16471277842907386 0.0109375 0.008206330597889801
0 0.86640625 0.16324736225087924 0.0125 0.00996483001172333
0 0.437109375 0.16060961313012895 0.00703125 0.005861664712778429
0 0.625390625 0.1585580304806565 0.00390625 0.0029308323563892145
0 0.733984375 0.15767878077373973 0.00546875 0.005861664712778429
0 0.6578125 0.15679953106682298 0.0046875 0.0076201641266119575
0 0.83984375 0.15679953106682298 0.0125 0.008792497069167644
0 0.795703125 0.15445486518171161 0.01171875 0.00996483001172333
0 0.679296875 0.15328253223915592 0.00703125 0.008792497069167644
0 0.559765625 0.1503516998827667 0.00546875 0.005275498241500586
0 0.53515625 0.14917936694021103 0.0046875 0.0029308323563892145
0 0.341796875 0.14800703399765533 0.00703125 0.004103165298944901
0 0.81875 0.14976553341148885 0.0109375 0.00996483001172333
0 0.5921875 0.1444900351699883 0.0078125 0.006447831184056272
0 0.77109375 0.1392145369284877 0.009375 0.006447831184056272
0 0.317578125 0.1365767878077374 0.00703125 0.007033997655334115
0 0.70390625 0.1354044548651817 0.00625 0.007033997655334115
0 0.641796875 0.13188745603751464 0.00703125 0.005861664712778429
0 0.376171875 0.1298358733880422 0.00546875 0.006447831184056272
0 0.338671875 0.12807737397420868 0.00703125 0.004103165298944901
0 0.680859375 0.12866354044548653 0.00546875 0.006447831184056272
0 0.287890625 0.12749120750293083 0.00859375 0.005275498241500586
0 0.5984375 0.12631887456037513 0.0046875 0.004103165298944901
0 0.54140625 0.12690504103165298 0.0078125 0.005275498241500586
0 0.5171875 0.12162954279015241 0.0078125 0.006447831184056272
0 0.23515625 0.11166471277842907 0.009375 0.008792497069167644
0 0.232421875 0.10580304806565065 0.00859375 0.0017584994138335288
