
You are a good global optimizer, helping me find the global minimum of a mathematical function f(weights). I will give you the function evaluation f(weights) and the current iteration number at each step. Your goal is to propose input values that efficiently lead us to the global minimum within a limited number of iterations (400).

# Regarding the policy and weights:
    policy is parameterized by a set of weights that define a 2D trajectory via Dynamic Movement Primitives (DMPs). 
    There are 10 basis functions per dimension, resulting in a total of 20 weights.
    Weight values should be floats, and can be both positive and negative.
    The policy defines the trajectory in the XY workspace.
    The generated trajectory must strictly stay within the defined XY workspace limits.
    The function f(weights) evaluates the cost of the policy.
    
# Here's how we will interact :
    1. I will provide you max steps (400) along with training examples which includes weights for the policy, the ranges of the trajecotry in the XY workspace and its corresponding function value f(weights) for each example. 
    2. You will provide the response in exact following format: 
        Output: STRICTLY one JSON object on a single line (no code fences). Include a brief "reason" and the "weights":
        {"reason": "one sentence explaining coverage, bounds adherence", "weights": [exactly 20 floats]}
    3. I will then provide the function's f(weights) at that point and the current iteration.
    4. You will repeat the steps from 2-3 until we will reach a maximum number of iteration.
    

# Remember :
    1. **XY workspace limits: x ∈ [-1.000, 1.000], y ∈ [-0.600, 0.600]. Any path implied by your weights must keep the 2D path strictly within these bounds.**
    2. **The global optimum should be around 0.0.** If you are higher than that, this is a local optimum. You should  explore instead of exploiting.
    3. Balance between exploration and exploitation. 
    4. Search both the positive and the negative values.
    

Next, You will see examples of the weights and their corresponding function value f(weights) and XY workspace range:
          weights=[-112.4764, -33.3578, 59.715, 128.8156, 148.4835, 111.7044, 32.464, -59.1166, -128.2258, -148.5936, -80.4361, -35.5368, 59.2568, 70.8283, -15.6521, -80.6053, -34.6461, 58.9859, 71.4537, -14.3983], x_range=[-0.9037, 0.9034], y_range=[-0.4198, 0.4039],  f(weights) : 87
          weights=[-92.3023, -39.8202, 62.2699, 134.411, 174.2582, 144.2103, 23.0802, -84.1046, -133.4343, -151.5446, -90.0398, -69.7053, 81.2945, 69.8265, 35.1867, -56.4124, 4.1354, 53.0416, 97.872, -14.0036], x_range=[-0.9157, 1.0537], y_range=[-0.5065, 0.5088],  f(weights) : 81
          weights=[-64.2055, -35.3978, 59.3634, 136.875, 186.3787, 192.6657, -15.2519, -132.5551, -120.5084, -147.5145, -93.1741, -54.2644, 54.1423, 83.8608, 56.2532, -51.0143, -15.2817, 73.9993, 122.2556, -15.0372], x_range=[-0.8684, 1.1858], y_range=[-0.4992, 0.6477],  f(weights) : 109
          weights=[-76.3565, -37.9205, 45.6712, 155.4493, 149.4907, 183.3257, 30.5979, -122.7789, -106.303, -126.4039, -92.0926, -49.1053, 65.9079, 101.5657, 35.913, -53.6882, -24.0454, 83.8681, 118.2754, -40.5368], x_range=[-0.7575, 1.0633], y_range=[-0.5055, 0.6384],  f(weights) : 95
          weights=[-81.7707, -35.8236, 50.6818, 136.9453, 160.8335, 162.5221, 27.5244, -106.9819, -130.8273, -145.364, -103.4857, -68.6483, 50.4953, 100.8915, 15.2559, -30.8396, -36.241, 113.2565, 148.129, -26.3943], x_range=[-0.8823, 1.0204], y_range=[-0.5706, 0.822],  f(weights) : 105
          weights=[-30.0, 20.0, -10.0, 40.0, -5.0, 30.0, -20.0, 10.0, -40.0, 5.0, 25.0, -15.0, 35.0, -25.0, 10.0, -30.0, 5.0, -45.0, 15.0, -35.0], x_range=[-0.1748, 0.1748], y_range=[-0.1951, 0.1311],  f(weights) : 148
          weights=[-25.0, 15.0, -5.0, 30.0, -10.0, 20.0, -15.0, 5.0, -30.0, 10.0, -20.0, 25.0, -10.0, 35.0, -15.0, 50.0, -25.0, 40.0, -30.0, 45.0], x_range=[-0.1283, 0.1283], y_range=[-0.0688, 0.2015],  f(weights) : 148
          weights=[92.35, -45.12, 110.78, -75.05, 135.91, -20.67, 88.43, -125.14, 55.29, -100.83, -67.19, 105.33, -30.98, 118.01, -95.64, 42.5, -112.76, 70.32, -130.0, 25.87], x_range=[-0.4647, 0.5588], y_range=[-0.5296, 0.4553],  f(weights) : 113
          weights=[-95.0, -45.0, 25.0, 75.0, 105.0, 75.0, 25.0, -45.0, -95.0, -75.0, -70.0, -25.0, 35.0, 85.0, 55.0, 85.0, 35.0, -25.0, -70.0, -55.0], x_range=[-0.5567, 0.6194], y_range=[-0.4067, 0.4791],  f(weights) : 135
          weights=[-85.501, 74.0729, -100.957, -119.897, -9.6006, 32.3687, 85.0684, -20.6724, 73.1169, 39.5492, 114.2863, -118.9103, 110.1504, 1.8383, 116.518, 59.8166, 19.4674, -99.988, -108.5772, 91.8703], x_range=[-0.6898, 0.4194], y_range=[-0.6305, 0.6167],  f(weights) : 109
          weights=[-70.0, 30.0, -50.0, 70.0, -20.0, 60.0, -40.0, 80.0, -10.0, 50.0, 60.0, -20.0, 80.0, -10.0, 50.0, -70.0, 30.0, -50.0, 70.0, -40.0], x_range=[-0.2603, 0.3341], y_range=[-0.2603, 0.3498],  f(weights) : 141
          weights=[-75.0, 60.0, -45.0, 30.0, -15.0, 15.0, -30.0, 45.0, -60.0, 75.0, 65.0, -50.0, 35.0, -20.0, 5.0, -5.0, 20.0, -35.0, 50.0, -65.0], x_range=[-0.237, 0.2381], y_range=[-0.2082, 0.2071],  f(weights) : 148
          weights=[80.0, -60.0, 70.0, -50.0, 90.0, -70.0, 60.0, -40.0, 100.0, -80.0, -70.0, 50.0, -60.0, 40.0, -80.0, 60.0, -50.0, 30.0, -90.0, 70.0], x_range=[-0.2221, 0.3715], y_range=[-0.3419, 0.1922],  f(weights) : 148
          weights=[50.0, -40.0, 60.0, -30.0, 70.0, -20.0, 80.0, -10.0, 90.0, -5.0, -45.0, 35.0, -55.0, 25.0, -65.0, 15.0, -75.0, 5.0, -85.0, 10.0], x_range=[-0.0945, 0.4096], y_range=[-0.3865, 0.0797],  f(weights) : 145
          weights=[-50.0, -80.0, -100.0, -70.0, -30.0, 30.0, 70.0, 100.0, 80.0, 50.0, -30.0, -60.0, -90.0, -100.0, -80.0, -40.0, 20.0, 60.0, 90.0, 70.0], x_range=[-0.5977, 0.597], y_range=[-0.6156, 0.5323],  f(weights) : 121
          weights=[-100.0, -50.0, 20.0, 80.0, 120.0, 80.0, 20.0, -50.0, -100.0, -120.0, -70.0, -30.0, 10.0, 60.0, 90.0, 60.0, 10.0, -30.0, -70.0, -90.0], x_range=[-0.7326, 0.698], y_range=[-0.5408, 0.5234],  f(weights) : 133
          weights=[10.0, 20.0, 30.0, 40.0, 50.0, 50.0, 40.0, 30.0, 20.0, 10.0, -10.0, -20.0, -30.0, -40.0, -50.0, -50.0, -40.0, -30.0, -20.0, -10.0], x_range=[0.0004, 0.3176], y_range=[-0.3176, -0.0004],  f(weights) : 148
          weights=[-70.0, -50.0, -30.0, -10.0, 10.0, 30.0, 50.0, 70.0, 50.0, 30.0, -30.0, -50.0, -70.0, -50.0, -30.0, -10.0, 10.0, 30.0, 50.0, 70.0], x_range=[-0.3752, 0.4132], y_range=[-0.4132, 0.3793],  f(weights) : 135
          weights=[-120.0, -90.0, -60.0, -30.0, 0.0, 0.0, 30.0, 60.0, 90.0, 120.0, -100.0, -70.0, -40.0, -10.0, 20.0, 20.0, -10.0, -40.0, -70.0, -100.0], x_range=[-0.6382, 0.6467], y_range=[-0.6328, 0.1208],  f(weights) : 137
          weights=[120.0, 80.0, 40.0, 0.0, -40.0, -80.0, -120.0, -80.0, -40.0, 0.0, 10.0, -20.0, 30.0, -40.0, 50.0, -60.0, 70.0, -80.0, 90.0, -100.0], x_range=[-0.6984, 0.6502], y_range=[-0.3926, 0.2705],  f(weights) : 129
          weights=[20.0, -30.0, 40.0, -50.0, 50.0, -40.0, 30.0, -20.0, 10.0, -10.0, 10.0, -20.0, 30.0, -40.0, 50.0, -50.0, 40.0, -30.0, 20.0, -10.0], x_range=[-0.1588, 0.158], y_range=[-0.158, 0.1588],  f(weights) : 148
          weights=[-70.0, -60.0, -40.0, -20.0, 0.0, 0.0, 20.0, 40.0, 60.0, 70.0, 70.0, 60.0, 40.0, 20.0, 0.0, 0.0, -20.0, -40.0, -60.0, -70.0], x_range=[-0.3951, 0.3986], y_range=[-0.3986, 0.3951],  f(weights) : 141
          weights=[-90.0, 80.0, -70.0, 60.0, -50.0, 40.0, -30.0, 20.0, -10.0, 5.0, 95.0, -85.0, 75.0, -65.0, 55.0, -45.0, 35.0, -25.0, 15.0, -10.0], x_range=[-0.3636, 0.2387], y_range=[-0.2537, 0.3778],  f(weights) : 145
          weights=[10.0, -30.0, 70.0, -110.0, 140.0, -120.0, 90.0, -50.0, 20.0, -10.0, -15.0, 35.0, -75.0, 115.0, -145.0, 125.0, -95.0, 55.0, -25.0, 5.0], x_range=[-0.3685, 0.4615], y_range=[-0.4765, 0.3834],  f(weights) : 135
          weights=[20.0, -40.0, 60.0, -80.0, 100.0, -100.0, 80.0, -60.0, 40.0, -20.0, -20.0, 40.0, -60.0, 80.0, -100.0, 100.0, -80.0, 60.0, -40.0, 20.0], x_range=[-0.316, 0.3175], y_range=[-0.3175, 0.316],  f(weights) : 144
          weights=[6.76, 16.03, 30.33, 44.13, 50.0, 44.13, 30.33, 16.03, 6.76, 2.11, -2.11, -6.76, -16.03, -30.33, -44.13, -50.0, -44.13, -30.33, -16.03, -6.76], x_range=[0.0004, 0.3096], y_range=[-0.3096, -0.0002],  f(weights) : 148
          weights=[100.0, 50.0, 0.0, -50.0, -100.0, -50.0, 0.0, 50.0, 100.0, 50.0, 0.0, 60.0, 100.0, 60.0, 0.0, -60.0, -100.0, -60.0, 0.0, 60.0], x_range=[-0.553, 0.5543], y_range=[-0.57, 0.57],  f(weights) : 110
          weights=[-75.0, 45.0, -100.0, 80.0, -20.0, 110.0, -60.0, 90.0, -30.0, 120.0, -110.0, 70.0, -50.0, 100.0, -10.0, 95.0, -85.0, 35.0, -15.0, 65.0], x_range=[-0.3663, 0.4788], y_range=[-0.4007, 0.4204],  f(weights) : 130
          weights=[-140.0, -80.0, 20.0, 100.0, 150.0, 100.0, 20.0, -80.0, -140.0, -100.0, 120.0, 60.0, -30.0, -90.0, -130.0, -90.0, -30.0, 60.0, 120.0, 80.0], x_range=[-0.8133, 0.8724], y_range=[-0.762, 0.6854],  f(weights) : 140
          weights=[80.0, 100.0, 60.0, 20.0, -20.0, -60.0, -100.0, -80.0, -40.0, 0.0, 50.0, 70.0, 40.0, 10.0, -10.0, -40.0, -70.0, -50.0, -20.0, 0.0], x_range=[-0.5906, 0.5908], y_range=[-0.4051, 0.4054],  f(weights) : 139
          weights=[0.0, 37.62, 70.62, 95.26, 108.24, 108.24, 95.26, 70.62, 37.62, 0.0, 110.0, 103.29, 84.26, 55.0, 19.03, -19.03, -55.0, -84.26, -103.29, -110.0], x_range=[0.0009, 0.6896], y_range=[-0.661, 0.6579],  f(weights) : 116
          weights=[-100.0, -70.0, -30.0, 0.0, 30.0, 70.0, 100.0, 70.0, 30.0, 0.0, 100.0, 70.0, 30.0, 0.0, -30.0, -70.0, -100.0, -70.0, -30.0, 0.0], x_range=[-0.5473, 0.5876], y_range=[-0.5876, 0.5473],  f(weights) : 136
          weights=[0.0, 20.0, 40.0, 50.0, 40.0, 20.0, 0.0, -20.0, -40.0, -50.0, -50.0, -40.0, -20.0, 0.0, 20.0, 40.0, 50.0, 40.0, 20.0, 0.0], x_range=[-0.2851, 0.3024], y_range=[-0.2831, 0.3024],  f(weights) : 141
          weights=[100.0, 70.0, 30.0, -10.0, -50.0, -80.0, -50.0, -10.0, 30.0, 70.0, -60.0, -30.0, 0.0, 30.0, 60.0, 30.0, 0.0, -30.0, -60.0, -90.0], x_range=[-0.4596, 0.5876], y_range=[-0.5238, 0.3318],  f(weights) : 136
          weights=[60.0, 80.0, 100.0, 80.0, 60.0, -60.0, -80.0, -100.0, -80.0, -60.0, 50.0, 70.0, 90.0, 70.0, 50.0, -50.0, -70.0, -90.0, -70.0, -50.0], x_range=[-0.6052, 0.6052], y_range=[-0.5412, 0.5412],  f(weights) : 127
          weights=[-100.0, 80.0, -60.0, 40.0, -20.0, 20.0, -40.0, 60.0, -80.0, 100.0, -90.0, 70.0, -50.0, 30.0, -10.0, 10.0, -30.0, 50.0, -70.0, 90.0], x_range=[-0.316, 0.3175], y_range=[-0.2861, 0.2876],  f(weights) : 145
          weights=[-110.0, -70.0, -30.0, 10.0, 50.0, 90.0, 50.0, 10.0, -30.0, -70.0, 80.0, 40.0, 0.0, -40.0, -80.0, -40.0, 0.0, 40.0, 80.0, 40.0], x_range=[-0.6344, 0.5064], y_range=[-0.4424, 0.4434],  f(weights) : 128
          weights=[40.0, 20.0, 0.0, -20.0, -40.0, -40.0, -20.0, 0.0, 20.0, 40.0, -30.0, -15.0, 0.0, 15.0, 30.0, 30.0, 15.0, 0.0, -15.0, -30.0], x_range=[-0.2512, 0.2512], y_range=[-0.1884, 0.1884],  f(weights) : 148
          weights=[80.0, 40.0, 0.0, -40.0, -80.0, -80.0, -40.0, 0.0, 40.0, 80.0, 90.0, 45.0, 0.0, -45.0, -90.0, -90.0, -45.0, 0.0, 45.0, 90.0], x_range=[-0.5024, 0.5024], y_range=[-0.5652, 0.5652],  f(weights) : 134
          weights=[70.0, 80.0, 50.0, 10.0, -30.0, -70.0, -50.0, -10.0, 30.0, 70.0, 70.0, 50.0, 10.0, -30.0, -70.0, -80.0, -50.0, -10.0, 30.0, 60.0], x_range=[-0.3986, 0.4841], y_range=[-0.4827, 0.4236],  f(weights) : 136
          weights=[-120.0, -80.0, -40.0, 0.0, 40.0, 80.0, 120.0, 80.0, 40.0, 0.0, -100.0, -60.0, -20.0, 20.0, 60.0, 100.0, 60.0, 20.0, -20.0, -60.0], x_range=[-0.6502, 0.6984], y_range=[-0.5704, 0.5704],  f(weights) : 118
          weights=[50.0, 60.0, 70.0, 80.0, 90.0, 90.0, 80.0, 70.0, 60.0, 50.0, -50.0, -60.0, -70.0, -80.0, -90.0, -90.0, -80.0, -70.0, -60.0, -50.0], x_range=[0.0011, 0.5736], y_range=[-0.5736, -0.0011],  f(weights) : 143
          weights=[100.0, 80.0, 40.0, 0.0, -40.0, -80.0, -100.0, -80.0, -40.0, 0.0, 0.0, 40.0, 80.0, 100.0, 80.0, 40.0, 0.0, -40.0, -80.0, -100.0], x_range=[-0.6048, 0.5663], y_range=[-0.5701, 0.6048],  f(weights) : 139
          weights=[100.0, 80.0, 50.0, 20.0, -10.0, -40.0, -70.0, -90.0, -70.0, -40.0, -90.0, -70.0, -40.0, -10.0, 20.0, 50.0, 80.0, 100.0, 80.0, 50.0], x_range=[-0.541, 0.5567], y_range=[-0.4927, 0.605],  f(weights) : 135
          weights=[-80.0, -40.0, 0.0, 40.0, 80.0, 80.0, 40.0, 0.0, -40.0, -80.0, 60.0, 30.0, 0.0, -30.0, -60.0, -60.0, -30.0, 0.0, 30.0, 60.0], x_range=[-0.5024, 0.5024], y_range=[-0.3768, 0.3768],  f(weights) : 136
          weights=[70.0, 30.0, -10.0, -50.0, -90.0, -90.0, -50.0, -10.0, 30.0, 70.0, 80.0, 40.0, 0.0, -40.0, -80.0, -80.0, -40.0, 0.0, 40.0, 80.0], x_range=[-0.5664, 0.4384], y_range=[-0.5024, 0.5024],  f(weights) : 130
          weights=[-100.0, -60.0, -20.0, 20.0, 60.0, 100.0, 60.0, 20.0, -20.0, -60.0, 100.0, 60.0, 20.0, -20.0, -60.0, -100.0, -60.0, -20.0, 20.0, 60.0], x_range=[-0.5704, 0.5704], y_range=[-0.5704, 0.5704],  f(weights) : 137
          weights=[0.0, 20.0, 50.0, 80.0, 100.0, 100.0, 80.0, 50.0, 20.0, 0.0, 0.0, -20.0, -50.0, -80.0, -100.0, -100.0, -80.0, -50.0, -20.0, 0.0], x_range=[0.0006, 0.6352], y_range=[-0.6352, -0.0006],  f(weights) : 144
          weights=[-150.0, -75.0, 0.0, 75.0, 150.0, 75.0, 0.0, -75.0, -150.0, -75.0, 0.0, 80.0, 40.0, 0.0, -40.0, -80.0, -40.0, 0.0, 40.0, 80.0], x_range=[-0.8314, 0.8295], y_range=[-0.4424, 0.4171],  f(weights) : 113
          weights=[100.0, 50.0, 0.0, -50.0, -100.0, -50.0, 0.0, 50.0, 100.0, 50.0, 0.0, -50.0, -100.0, -50.0, 0.0, 50.0, 100.0, 50.0, 0.0, -50.0], x_range=[-0.553, 0.5543], y_range=[-0.553, 0.553],  f(weights) : 111
          weights=[10.0, 30.0, 50.0, 70.0, 80.0, 80.0, 70.0, 50.0, 30.0, 10.0, -10.0, -30.0, -50.0, -70.0, -80.0, -80.0, -70.0, -50.0, -30.0, -10.0], x_range=[0.0007, 0.5096], y_range=[-0.5096, -0.0007],  f(weights) : 144
          weights=[100.0, 80.0, 60.0, 40.0, 20.0, -20.0, -40.0, -60.0, -80.0, -100.0, -100.0, -80.0, -60.0, -40.0, -20.0, 20.0, 40.0, 60.0, 80.0, 100.0], x_range=[-0.5532, 0.5468], y_range=[-0.5468, 0.5532],  f(weights) : 139
          weights=[10.0, -20.0, 30.0, -40.0, 50.0, -50.0, 40.0, -30.0, 20.0, -10.0, 5.0, -15.0, 25.0, -35.0, 45.0, -45.0, 35.0, -25.0, 15.0, -5.0], x_range=[-0.158, 0.1588], y_range=[-0.1431, 0.1438],  f(weights) : 148
          weights=[0.0, 0.0, 0.0, 0.0, 0.0, 0.0, 0.0, 0.0, 0.0, 0.0, 0.0, 0.0, 0.0, 0.0, 0.0, 0.0, 0.0, 0.0, 0.0, 0.0], x_range=[0.0, 0.0], y_range=[0.0, 0.0],  f(weights) : 148
          weights=[120.0, 90.0, 60.0, 30.0, 0.0, -30.0, -60.0, -90.0, -120.0, -90.0, 100.0, 70.0, 40.0, 10.0, -20.0, -50.0, -80.0, -110.0, -80.0, -50.0], x_range=[-0.7146, 0.6441], y_range=[-0.6518, 0.5308],  f(weights) : 125
          weights=[0.0, 57.85, 88.63, 77.94, 30.78, -30.78, -77.94, -88.63, -57.85, 0.0, 90.0, 68.94, 15.63, -45.0, -84.57, -84.57, -45.0, 15.63, 68.94, 90.0], x_range=[-0.5362, 0.5353], y_range=[-0.5317, 0.5709],  f(weights) : 98
          weights=[100.0, 70.0, 40.0, 10.0, -20.0, -50.0, -80.0, -100.0, -70.0, -40.0, -90.0, -60.0, -30.0, 0.0, 30.0, 60.0, 90.0, 60.0, 30.0, 0.0], x_range=[-0.5978, 0.5337], y_range=[-0.4877, 0.5238],  f(weights) : 135
          weights=[-60.0, -30.0, 0.0, 30.0, 60.0, 60.0, 30.0, 0.0, -30.0, -60.0, 60.0, 30.0, 0.0, -30.0, -60.0, -60.0, -30.0, 0.0, 30.0, 60.0], x_range=[-0.3768, 0.3768], y_range=[-0.3768, 0.3768],  f(weights) : 141
          weights=[120.0, 90.0, 60.0, 30.0, 0.0, -30.0, -60.0, -90.0, -120.0, -90.0, 90.0, 60.0, 30.0, 0.0, -30.0, -60.0, -90.0, -60.0, -30.0, 0.0], x_range=[-0.7146, 0.6441], y_range=[-0.5238, 0.4877],  f(weights) : 116
          weights=[0.0, 27.36, 51.42, 69.28, 78.78, 78.78, 69.28, 51.42, 27.36, 0.0, 90.0, 84.57, 68.94, 45.0, 15.62, -15.62, -45.0, -68.94, -84.57, -90.0], x_range=[0.0007, 0.5019], y_range=[-0.5411, 0.5385],  f(weights) : 108
          weights=[-120.0, -90.0, -60.0, -30.0, 0.0, 30.0, 60.0, 90.0, 120.0, 90.0, 100.0, 75.0, 50.0, 25.0, 0.0, -25.0, -50.0, -75.0, -100.0, -75.0], x_range=[-0.6441, 0.7146], y_range=[-0.5955, 0.5367],  f(weights) : 131
          weights=[0.0, 17.1, 32.15, 43.3, 49.25, 49.25, 43.3, 32.15, 17.1, 0.0, 50.0, 47.0, 38.3, 25.0, 8.7, -8.7, -25.0, -38.3, -47.0, -50.0], x_range=[0.0004, 0.3138], y_range=[-0.3007, 0.2993],  f(weights) : 145
          weights=[100.0, 80.0, 50.0, 20.0, 0.0, -0.0, -20.0, -50.0, -80.0, -100.0, 60.0, 40.0, 20.0, 0.0, -20.0, -0.0, 20.0, 40.0, 60.0, 80.0], x_range=[-0.5521, 0.5459], y_range=[-0.0932, 0.4772],  f(weights) : 128
          weights=[19.79, 37.52, 60.65, 83.53, 98.02, 98.02, 83.53, 60.65, 37.52, 19.79, -11.87, -22.51, -36.39, -50.12, -58.81, -58.81, -50.12, -36.39, -22.51, -11.87], x_range=[0.0008, 0.6238], y_range=[-0.3743, -0.0005],  f(weights) : 142
          weights=[10.0, 60.0, 110.0, 100.0, 50.0, -20.0, -80.0, -100.0, -50.0, 0.0, 5.0, 40.0, 80.0, 120.0, 90.0, 30.0, -30.0, -90.0, -120.0, -70.0], x_range=[-0.5863, 0.6659], y_range=[-0.7012, 0.7072],  f(weights) : 120
          weights=[10.0, 25.0, 50.0, 80.0, 100.0, 100.0, 80.0, 50.0, 25.0, 10.0, -5.0, -15.0, -30.0, -45.0, -50.0, -50.0, -45.0, -30.0, -15.0, -5.0], x_range=[0.0006, 0.6352], y_range=[-0.3188, -0.0004],  f(weights) : 144
          weights=[0.0, 70.0, 100.0, 90.0, 40.0, -40.0, -90.0, -100.0, -70.0, 0.0, 100.0, 70.0, 20.0, -50.0, -90.0, -90.0, -50.0, 20.0, 70.0, 100.0], x_range=[-0.6103, 0.6094], y_range=[-0.5663, 0.6328],  f(weights) : 123
          weights=[0.0, 80.0, 140.0, 170.0, 150.0, 100.0, 50.0, -50.0, -100.0, -140.0, 100.0, 80.0, 20.0, -60.0, -100.0, -100.0, -60.0, 20.0, 80.0, 100.0], x_range=[-0.7754, 1.0447], y_range=[-0.6303, 0.6351],  f(weights) : 92
          weights=[-100.0, -50.0, 0.0, 50.0, 100.0, 100.0, 50.0, 0.0, -50.0, -100.0, 0.0, 25.0, 50.0, 25.0, 0.0, -25.0, -50.0, -25.0, 0.0, 25.0], x_range=[-0.628, 0.628], y_range=[-0.2765, 0.2765],  f(weights) : 141
          weights=[0.0, 28.0, 70.0, 112.0, 140.0, 140.0, 112.0, 70.0, 28.0, 0.0, 0.0, -28.0, -70.0, -112.0, -140.0, -140.0, -112.0, -70.0, -28.0, 0.0], x_range=[0.0009, 0.8892], y_range=[-0.8892, -0.0009],  f(weights) : 116
          weights=[120.0, 80.0, 40.0, 0.0, -40.0, -80.0, -120.0, -80.0, -40.0, 0.0, 100.0, 60.0, 20.0, -20.0, -60.0, -100.0, -60.0, -20.0, 20.0, 60.0], x_range=[-0.6984, 0.6502], y_range=[-0.5704, 0.5704],  f(weights) : 119
          weights=[90.0, -70.0, 50.0, -30.0, 10.0, -10.0, 30.0, -50.0, 70.0, -90.0, -80.0, 60.0, -40.0, 20.0, -5.0, 5.0, -20.0, 40.0, -60.0, 80.0], x_range=[-0.2876, 0.2861], y_range=[-0.2562, 0.2577],  f(weights) : 147
          weights=[0.0, 34.2, 64.28, 86.6, 98.48, 98.48, 86.6, 64.28, 34.2, 0.0, 80.0, 75.17, 61.28, 40.0, 13.88, -13.88, -40.0, -61.28, -75.17, -80.0], x_range=[0.0008, 0.6274], y_range=[-0.4809, 0.4787],  f(weights) : 120
          weights=[100.0, 70.0, 30.0, -10.0, -50.0, -80.0, -50.0, -10.0, 30.0, 70.0, -80.0, -40.0, 0.0, 40.0, 80.0, 40.0, 0.0, -40.0, -80.0, -40.0], x_range=[-0.4596, 0.5876], y_range=[-0.4434, 0.4424],  f(weights) : 130
          weights=[150.0, 100.0, 50.0, 0.0, -50.0, -100.0, -150.0, -100.0, -50.0, 0.0, 100.0, 70.0, 40.0, 10.0, -20.0, -50.0, -80.0, -100.0, -70.0, -40.0], x_range=[-0.873, 0.8128], y_range=[-0.5978, 0.5337],  f(weights) : 115
          weights=[110.0, 55.0, 0.0, -55.0, -110.0, -55.0, 0.0, 55.0, 110.0, 55.0, 0.0, 66.0, 110.0, 66.0, 0.0, -66.0, -110.0, -66.0, 0.0, 66.0], x_range=[-0.6083, 0.6097], y_range=[-0.627, 0.627],  f(weights) : 91
          weights=[-120.0, -80.0, -40.0, 0.0, 40.0, 80.0, 120.0, 80.0, 40.0, 0.0, 80.0, 40.0, 0.0, -40.0, -80.0, -80.0, -40.0, 0.0, 40.0, 80.0], x_range=[-0.6502, 0.6984], y_range=[-0.5024, 0.5024],  f(weights) : 113
          weights=[10.0, 30.0, 60.0, 80.0, 80.0, 60.0, 30.0, 10.0, -10.0, -30.0, -10.0, -30.0, -60.0, -80.0, -80.0, -60.0, -30.0, -10.0, 10.0, 30.0], x_range=[-0.1443, 0.5072], y_range=[-0.5072, 0.1443],  f(weights) : 142
          weights=[30.0, 80.0, 130.0, 150.0, 130.0, 80.0, 30.0, -20.0, -70.0, -120.0, -30.0, -80.0, -130.0, -150.0, -130.0, -80.0, -30.0, 20.0, 70.0, 120.0], x_range=[-0.6269, 0.9246], y_range=[-0.9246, 0.6269],  f(weights) : 92
          weights=[100.0, 70.0, 40.0, 10.0, -20.0, -20.0, 10.0, 40.0, 70.0, 100.0, -50.0, -35.0, -20.0, -5.0, 10.0, 10.0, -5.0, -20.0, -35.0, -50.0], x_range=[-0.1208, 0.6328], y_range=[-0.3164, 0.0604],  f(weights) : 145
          weights=[60.0, 80.0, 100.0, 70.0, 30.0, -30.0, -70.0, -100.0, -80.0, -60.0, 50.0, 70.0, 90.0, 60.0, 20.0, -20.0, -60.0, -90.0, -70.0, -50.0], x_range=[-0.5972, 0.5979], y_range=[-0.5332, 0.5339],  f(weights) : 128
          weights=[-100.0, -50.0, 50.0, 120.0, 140.0, 100.0, 30.0, -50.0, -120.0, -140.0, -70.0, -30.0, 50.0, 60.0, -10.0, -70.0, -30.0, 50.0, 60.0, -10.0], x_range=[-0.847, 0.847], y_range=[-0.362, 0.3406],  f(weights) : 88
          weights=[-80.0, -40.0, 20.0, 100.0, 120.0, 80.0, 0.0, -60.0, -100.0, -120.0, -50.0, -20.0, 40.0, 80.0, 60.0, 0.0, -40.0, -80.0, -60.0, -20.0], x_range=[-0.7198, 0.7187], y_range=[-0.4626, 0.4622],  f(weights) : 123
          weights=[90.0, 45.0, 0.0, -45.0, -90.0, -45.0, 0.0, 45.0, 90.0, 0.0, 0.0, 90.0, 45.0, 0.0, -45.0, -90.0, -45.0, 0.0, 45.0, 90.0], x_range=[-0.4977, 0.4692], y_range=[-0.4977, 0.4692],  f(weights) : 123
          weights=[-125.0, -60.0, 30.0, 100.0, 120.0, 80.0, 10.0, -40.0, -90.0, -115.0, -65.0, -30.0, 20.0, 55.0, 60.0, 40.0, 0.0, -25.0, -50.0, -60.0], x_range=[-0.7611, 0.719], y_range=[-0.3962, 0.3669],  f(weights) : 133
          weights=[100.0, 80.0, 40.0, 0.0, -40.0, -80.0, -100.0, -80.0, -40.0, 0.0, 0.0, 25.0, 40.0, 50.0, 40.0, 25.0, 0.0, -25.0, -40.0, -50.0], x_range=[-0.6048, 0.5663], y_range=[-0.2853, 0.3025],  f(weights) : 132
          weights=[-140.0, -100.0, -60.0, -20.0, 20.0, 60.0, 100.0, 140.0, 100.0, 60.0, 100.0, 70.0, 40.0, 10.0, -20.0, -50.0, -80.0, -110.0, -80.0, -50.0], x_range=[-0.7503, 0.8264], y_range=[-0.6518, 0.5308],  f(weights) : 130
          weights=[120.0, 80.0, 40.0, 0.0, -40.0, -80.0, -120.0, -80.0, -40.0, 0.0, 0.0, 40.0, 80.0, 100.0, 80.0, 40.0, 0.0, -40.0, -80.0, -100.0], x_range=[-0.6984, 0.6502], y_range=[-0.5701, 0.6048],  f(weights) : 127
          weights=[-130.0, 110.0, -90.0, 70.0, -50.0, 30.0, -10.0, 20.0, -40.0, 60.0, 140.0, -120.0, 100.0, -80.0, 60.0, -40.0, 20.0, -10.0, 30.0, -50.0], x_range=[-0.4699, 0.3293], y_range=[-0.3589, 0.52],  f(weights) : 141
          weights=[-87.604, -37.799, 59.194, 127.5661, 165.3712, 136.855, 21.9031, -79.814, -126.6391, -143.8152, -90.0398, -69.7053, 81.2945, 69.8265, 35.1867, -56.4124, 4.1354, 53.0416, 97.872, -14.0036], x_range=[-0.869, 0.9999], y_range=[-0.5065, 0.5088],  f(weights) : 103
          weights=[10.0, 50.0, 100.0, 140.0, 150.0, 140.0, 100.0, 50.0, 10.0, -20.0, 5.0, 20.0, 40.0, 50.0, 50.0, 40.0, 20.0, 5.0, -10.0, -20.0], x_range=[-0.0756, 0.942], y_range=[-0.1016, 0.3176],  f(weights) : 129
          weights=[0.0, 86.775, 132.945, 116.91, 46.17, -46.17, -116.91, -132.945, -86.775, 0.0, 94.5, 72.387, 16.4115, -47.25, -88.7985, -88.7985, -47.25, 16.4115, 72.387, 94.5], x_range=[-0.8044, 0.803], y_range=[-0.5583, 0.5994],  f(weights) : 94
          weights=[-130.0, -80.0, 20.0, 100.0, 150.0, 100.0, 20.0, -80.0, -130.0, -150.0, -90.0, -40.0, 30.0, 80.0, 100.0, 80.0, 30.0, -40.0, -90.0, -100.0], x_range=[-0.9246, 0.8724], y_range=[-0.6218, 0.6046],  f(weights) : 129
          weights=[50.0, 70.0, 80.0, 70.0, 50.0, 20.0, -10.0, -40.0, -60.0, -50.0, -40.0, -60.0, -70.0, -60.0, -40.0, -10.0, 20.0, 50.0, 70.0, 60.0], x_range=[-0.3581, 0.4944], y_range=[-0.4304, 0.4221],  f(weights) : 138
          weights=[10.0, 60.0, 100.0, 120.0, 80.0, -80.0, -120.0, -100.0, -60.0, -10.0, 5.0, 40.0, 70.0, 90.0, 60.0, -60.0, -90.0, -70.0, -40.0, -5.0], x_range=[-0.7178, 0.7194], y_range=[-0.5324, 0.5334],  f(weights) : 126
          weights=[-100.0, -50.0, 20.0, 80.0, 120.0, 100.0, 40.0, -30.0, -90.0, -130.0, 110.0, 60.0, -10.0, -70.0, -110.0, -90.0, -20.0, 50.0, 100.0, 120.0], x_range=[-0.7711, 0.7182], y_range=[-0.654, 0.7427],  f(weights) : 117
          weights=[20.0, 40.0, 60.0, 80.0, 100.0, -100.0, -80.0, -60.0, -40.0, -20.0, -20.0, -40.0, -60.0, -80.0, -100.0, 100.0, 80.0, 60.0, 40.0, 20.0], x_range=[-0.5468, 0.5532], y_range=[-0.5532, 0.5468],  f(weights) : 134
          weights=[-90.0, -40.0, 20.0, 90.0, 130.0, 90.0, 20.0, -40.0, -90.0, -130.0, 110.0, 70.0, 0.0, -60.0, -100.0, -60.0, 0.0, 70.0, 110.0, 70.0], x_range=[-0.7622, 0.7618], y_range=[-0.57, 0.6352],  f(weights) : 131
          weights=[-100.0, -70.0, -30.0, 0.0, 30.0, 70.0, 100.0, 70.0, 30.0, 0.0, 0.0, 30.0, 70.0, 100.0, 70.0, 30.0, 0.0, -30.0, -70.0, -100.0], x_range=[-0.5473, 0.5876], y_range=[-0.5513, 0.5876],  f(weights) : 116
          weights=[-50.0, -80.0, -90.0, -80.0, -50.0, 50.0, 80.0, 90.0, 80.0, 50.0, 30.0, 60.0, 80.0, 60.0, 30.0, -30.0, -60.0, -80.0, -60.0, -30.0], x_range=[-0.5582, 0.5582], y_range=[-0.477, 0.477],  f(weights) : 135
          weights=[100.0, 93.97, 76.6, 50.0, 17.36, -17.36, -50.0, -76.6, -93.97, -100.0, 0.0, 34.2, 64.28, 86.6, 98.48, 98.48, 86.6, 64.28, 34.2, 0.0], x_range=[-0.6012, 0.5984], y_range=[0.0008, 0.6274],  f(weights) : 140
          weights=[-110.0, -60.0, 40.0, 130.0, 150.0, 110.0, 20.0, -60.0, -130.0, -150.0, -80.0, -40.0, 60.0, 70.0, -20.0, -80.0, -40.0, 60.0, 70.0, -20.0], x_range=[-0.911, 0.9104], y_range=[-0.4256, 0.3987],  f(weights) : 73
          weights=[100.0, 50.0, 0.0, -50.0, -100.0, -50.0, 0.0, 50.0, 100.0, 50.0, 0.0, 50.0, 100.0, 50.0, 0.0, -50.0, -100.0, -50.0, 0.0, 50.0], x_range=[-0.553, 0.5543], y_range=[-0.553, 0.553],  f(weights) : 121
          weights=[-120.0, -70.0, 50.0, 140.0, 160.0, 120.0, 30.0, -70.0, -140.0, -160.0, -88.0, -44.0, 66.0, 77.0, -22.0, -88.0, -44.0, 66.0, 77.0, -22.0], x_range=[-0.975, 0.9744], y_range=[-0.4681, 0.4386],  f(weights) : 72
          weights=[-120.0, -70.0, 0.0, 80.0, 150.0, 150.0, 80.0, 0.0, -70.0, -120.0, 90.0, 40.0, -10.0, -60.0, -90.0, -90.0, -60.0, -10.0, 40.0, 90.0], x_range=[-0.7559, 0.9431], y_range=[-0.5688, 0.564],  f(weights) : 121
          weights=[-160.0, -120.0, -80.0, -40.0, 0.0, 40.0, 80.0, 120.0, 160.0, 120.0, 100.0, 60.0, 20.0, -20.0, -60.0, -100.0, -60.0, -20.0, 20.0, 60.0], x_range=[-0.8588, 0.9528], y_range=[-0.5704, 0.5704],  f(weights) : 119
          weights=[-130.0, -80.0, 40.0, 100.0, 150.0, 110.0, 30.0, -70.0, -130.0, -150.0, 90.0, 50.0, -20.0, -80.0, -100.0, -60.0, 10.0, 70.0, 90.0, 50.0], x_range=[-0.9245, 0.8815], y_range=[-0.5912, 0.5276],  f(weights) : 103
          weights=[150.0, 140.95, 114.9, 75.0, 26.04, -26.04, -75.0, -114.9, -140.95, -150.0, 0.0, 34.2, 64.28, 86.6, 98.48, 98.48, 86.6, 64.28, 34.2, 0.0], x_range=[-0.9018, 0.8976], y_range=[0.0008, 0.6274],  f(weights) : 99
          weights=[-150.0, -100.0, -50.0, 20.0, 100.0, 150.0, 100.0, 20.0, -50.0, -100.0, 90.0, 50.0, 0.0, -40.0, -90.0, -90.0, -40.0, 0.0, 50.0, 90.0], x_range=[-0.873, 0.8724], y_range=[-0.564, 0.5664],  f(weights) : 120
          weights=[-114.0, -66.5, 47.5, 133.0, 152.0, 114.0, 28.5, -66.5, -133.0, -152.0, -96.8, -48.4, 72.6, 84.7, -24.2, -96.8, -48.4, 72.6, 84.7, -24.2], x_range=[-0.9263, 0.9257], y_range=[-0.5149, 0.4825],  f(weights) : 65
          weights=[-114.9398, -69.2155, 43.1417, 137.9174, 153.2801, 114.0735, 29.5447, -65.1764, -137.9427, -153.1365, -94.3948, -47.1691, 76.5449, 87.0505, -23.1118, -94.3948, -47.1691, 76.5449, 87.0505, -23.1118], x_range=[-0.9384, 0.9379], y_range=[-0.5017, 0.5008],  f(weights) : 80
          weights=[-122.4, -71.4, 51.0, 142.8, 163.2, 122.4, 30.6, -71.4, -142.8, -163.2, -89.76, -44.88, 67.32, 78.54, -22.44, -89.76, -44.88, 67.32, 78.54, -22.44], x_range=[-0.9945, 0.9939], y_range=[-0.4775, 0.4474],  f(weights) : 79
          weights=[-119.7, -69.825, 49.875, 139.65, 159.6, 119.7, 29.925, -69.825, -139.65, -159.6, -101.64, -50.82, 76.23, 88.935, -25.41, -101.64, -50.82, 76.23, 88.935, -25.41], x_range=[-0.9726, 0.972], y_range=[-0.5407, 0.5066],  f(weights) : 80
          weights=[-122.4, -71.4, 51.0, 142.8, 163.2, 122.4, 30.6, -71.4, -142.8, -163.2, -103.224, -51.612, 77.418, 90.321, -25.806, -103.224, -51.612, 77.418, 90.321, -25.806], x_range=[-0.9945, 0.9939], y_range=[-0.5491, 0.5145],  f(weights) : 83
          weights=[-119.7, -69.825, 49.875, 139.65, 159.6, 119.7, 29.925, -69.825, -139.65, -159.6, -106.48, -53.24, 79.86, 93.17, -26.62, -106.48, -53.24, 79.86, 93.17, -26.62], x_range=[-0.9726, 0.972], y_range=[-0.5664, 0.5307],  f(weights) : 79
          weights=[-106.3986, -58.3313, 38.0006, 110.1657, 126.986, 102.3966, 26.2375, -73.6644, -114.2882, -127.2889, -81.5659, -40.5409, 63.8587, 78.4735, -18.7836, -80.0887, -38.6483, 76.5414, 76.2414, -25.2639], x_range=[-0.7858, 0.7765], y_range=[-0.437, 0.4628],  f(weights) : 83
          weights=[-112.18, -69.21, 50.15, 130.34, 154.59, 111.87, 30.72, -64.11, -135.63, -150.38, -94.55, -51.12, 74.88, 82.01, -26.93, -93.89, -45.97, 75.31, 81.65, -21.84], x_range=[-0.9215, 0.9333], y_range=[-0.5059, 0.478],  f(weights) : 69
          weights=[-115.14, -67.165, 47.975, 134.33, 153.52, 115.14, 28.785, -67.165, -134.33, -153.52, -98.736, -49.368, 74.052, 86.394, -24.684, -98.736, -49.368, 74.052, 86.394, -24.684], x_range=[-0.9355, 0.935], y_range=[-0.5252, 0.4921],  f(weights) : 68
          weights=[-121.98, -71.155, 50.825, 142.31, 162.64, 121.98, 30.495, -71.155, -142.31, -162.64, -103.576, -51.788, 77.682, 90.629, -25.894, -103.576, -51.788, 77.682, 90.629, -25.894], x_range=[-0.9911, 0.9905], y_range=[-0.551, 0.5162],  f(weights) : 79
          weights=[-117.0, -68.25, 48.75, 136.5, 156.0, 117.0, 29.25, -68.25, -136.5, -156.0, -115.5, -57.75, 86.63, 101.06, -28.88, -115.5, -57.75, 86.63, 101.06, -28.88], x_range=[-0.9507, 0.9501], y_range=[-0.6144, 0.5757],  f(weights) : 81
          weights=[-115.71, -67.4975, 48.2125, 134.995, 154.28, 115.71, 28.9275, -67.4975, -134.995, -154.28, -99.704, -49.852, 74.778, 87.241, -24.926, -99.704, -49.852, 74.778, 87.241, -24.926], x_range=[-0.9402, 0.9396], y_range=[-0.5304, 0.4969],  f(weights) : 69
          weights=[-110.7513, -60.3821, 45.6139, 140.0142, 146.4578, 116.3323, 27.7175, -61.6046, -136.4485, -150.3317, -98.9126, -43.3707, 65.3831, 85.6835, -17.7616, -97.8507, -40.5113, 68.2825, 86.8521, -24.8702], x_range=[-0.9217, 0.9117], y_range=[-0.5202, 0.4821],  f(weights) : 72
          weights=[-125.0, -75.0, 50.0, 145.0, 165.0, 125.0, 35.0, -75.0, -145.0, -165.0, -100.0, -50.0, 75.0, 90.0, -25.0, -100.0, -50.0, 75.0, 90.0, -25.0], x_range=[-1.007, 1.0063], y_range=[-0.5319, 0.5082],  f(weights) : 92
          weights=[-116.0, -68.5, 49.5, 135.0, 154.0, 116.0, 30.5, -68.5, -135.0, -154.0, -96.8, -48.4, 72.6, 84.7, -24.2, -70.0, -30.0, 60.0, 75.0, -15.0], x_range=[-0.9391, 0.9385], y_range=[-0.5089, 0.4825],  f(weights) : 67
          weights=[-125.0, -75.0, 55.0, 145.0, 165.0, 125.0, 35.0, -75.0, -145.0, -165.0, -90.0, -45.0, 68.0, 80.0, -23.0, -90.0, -45.0, 68.0, 80.0, -23.0], x_range=[-1.007, 1.0064], y_range=[-0.4791, 0.4544],  f(weights) : 90
          weights=[-119.7, -69.825, 49.875, 139.65, 159.6, 119.7, 29.925, -69.825, -139.65, -159.6, -98.736, -49.368, 74.052, 86.394, -24.684, -98.736, -49.368, 74.052, 86.394, -24.684], x_range=[-0.9726, 0.972], y_range=[-0.5252, 0.4921],  f(weights) : 70
          weights=[-121.2, -70.7, 50.5, 141.4, 161.6, 121.2, 30.3, -70.7, -141.4, -161.6, -92.4, -46.2, 69.3, 80.85, -23.1, -92.4, -46.2, 69.3, 80.85, -23.1], x_range=[-0.9848, 0.9842], y_range=[-0.4915, 0.4605],  f(weights) : 68
          weights=[-116.28, -67.83, 48.45, 135.66, 155.04, 116.28, 29.07, -67.83, -135.66, -155.04, -90.0, -50.0, 30.0, 80.0, 110.0, 110.0, 80.0, 30.0, -50.0, -90.0], x_range=[-0.9448, 0.9442], y_range=[-0.5663, 0.6968],  f(weights) : 108
          weights=[-123.75, -74.25, 54.45, 143.55, 163.35, 123.75, 34.65, -74.25, -143.55, -163.35, -103.3944, -51.6972, 77.5368, 90.4636, -25.8456, -103.3944, -51.6972, 77.5368, 90.4636, -25.8456], x_range=[-0.997, 0.9964], y_range=[-0.55, 0.5153],  f(weights) : 89



Now you are at iteration 125 out of 400.  Please provide the results in the indicated format. Do not provide any additional texts.
