You are good global RL policy optimizer, helping me find the global optimal policy in the following environment within ( ) iterations:

# Environment: UR5 surface cleaning with a mop
    The environment (in MuJoCo) simulates a UR5 robot arm cleaning a surface with a mop mounted on its end-effector. The policy acts as a high-level 2D trajectory generator for the mop's movement over the surface to be cleaned in a defined XY workspace. The goal is to minimize the total cost associated with cleaning the surface, which includes the total number of dust particles remaining on the surface after executing the cleaning trajectory, defined by the function f(weights).

# Regarding the policy and weights:
    policy is parameterized by a set of weights that define a 2D trajectory via Dynamic Movement Primitives (DMPs).
    There are 10 basis functions per dimension, resulting in a total of 20 weights.
    Weight values should be floats, and can be both positive and negative.
    The policy defines the 2D trajectory in the XY workspace.
    The generated 2D trajectory must strictly stay within the defined XY workspace limits.
    The function f(weights) evaluates the cost of the policy.

# Here's how we will interact :
    1. I will provide you max steps (400) along with training examples which includes weights for the DMP policy, resampled 2D trajectory and ranges in XY workspace resulting from the policy, and its corresponding function value f(weights) for each example.
    2. You will provide the response in exact following format:
        * Line 1: a new set of 20 float weights as an array, aiming to minimizw the functions value f(weights).
        * Line 2: details explination of why you chose the weights.
    3. I will then provide the function's f(weights) at that point and the current iteration.
    4. You will repeat the steps from 2-3 until we will reach a maximum number of iteration.

# Remember :
    1. **XY workspace limits: x ∈ [-1.000, 1.000], y ∈ [-0.600, 0.600]. Any proposed weights must keep the trajectory strictly within these bounds.**
    2. **The global optimum should be around 0.0.** If you are higher than that, this is a local optimum. You should explore instead of exploiting.
    3. Search both the positive and the negative values. **During exploration, use search step size of 100**

Next, You will see examples of the weights and their corresponding function value f(weights) and XY workspace range:
-------------------------------------------------- Examples 1 --------------------------------------------------
weights=[38.5152, 64.0776, 62.8039, 31.7747, -4.2308, -38.4127, -57.9275, -55.322, -31.5914, 4.2005, -45.7105, -15.9019, 20.648, 50.5859, 59.5223, 45.6766, 14.384, -22.4029, -50.6326, -59.5225]
x_range=[-0.3621, 0.3909], y_range=[-0.4468, 0.2670]
Resampled 2D Trajectory:
|   step |   step |            x |            y |
|-------:|-------:|-------------:|-------------:|
|      0 |      0 |  0.00106957  | -0.000374021 |
|      1 |     30 |  0.243003    | -0.0191881   |
|      2 |     60 |  0.346997    |  0.0369302   |
|      3 |     90 |  0.303274    |  0.109048    |
|      4 |    120 |  0.231327    |  0.181595    |
|      5 |    150 |  0.157393    |  0.228149    |
|      6 |    180 |  0.0691077   |  0.256931    |
|      7 |    210 | -0.0153087   |  0.266709    |
|      8 |    240 | -0.0930663   |  0.251919    |
|      9 |    270 | -0.176343    |  0.218989    |
|     10 |    300 | -0.24074     |  0.176901    |
|     11 |    330 | -0.294351    |  0.111978    |
|     12 |    360 | -0.336651    |  0.0396431   |
|     13 |    390 | -0.35775     | -0.0310538   |
|     14 |    420 | -0.360595    | -0.12046     |
|     15 |    450 | -0.349049    | -0.195292    |
|     16 |    480 | -0.310119    | -0.274546    |
|     17 |    510 | -0.255816    | -0.349649    |
|     18 |    540 | -0.194151    | -0.39863     |
|     19 |    570 | -0.11761     | -0.43144     |
|     20 |    600 | -0.0323342   | -0.446098    |
|     21 |    630 |  0.050149    | -0.436796    |
|     22 |    660 |  0.141737    | -0.40726     |
|     23 |    690 |  0.221313    | -0.367708    |
|     24 |    720 |  0.289904    | -0.304998    |
|     25 |    750 |  0.351472    | -0.230691    |
|     26 |    780 |  0.38704     | -0.156526    |
|     27 |    810 |  0.390846    | -0.066771    |
|     28 |    840 |  0.372604    |  0.0182853   |
|     29 |    870 |  0.320733    |  0.0953948   |
|     30 |    900 |  0.246655    |  0.171457    |
|     31 |    930 |  0.173119    |  0.222251    |
|     32 |    960 |  0.0859464   |  0.251324    |
|     33 |    990 | -0.000328301 |  0.264799    |
|     34 |   1020 | -0.0787788   |  0.252659    |
|     35 |   1050 | -0.163154    |  0.221127    |
|     36 |   1080 | -0.229592    |  0.179434    |
|     37 |   1110 | -0.284271    |  0.118211    |
|     38 |   1140 | -0.32926     |  0.0448562   |
|     39 |   1170 | -0.35102     | -0.025927    |
|     40 |   1200 | -0.354171    | -0.112217    |
|     41 |   1230 | -0.342306    | -0.194931    |
|     42 |   1260 | -0.31122     | -0.265003    |
|     43 |   1290 | -0.255198    | -0.337014    |
|     44 |   1320 | -0.187498    | -0.388885    |
|     45 |   1350 | -0.123536    | -0.418048    |
|     46 |   1380 | -0.028418    | -0.438517    |
|     47 |   1410 |  0.0490181   | -0.433572    |
|     48 |   1440 |  0.137446    | -0.4062      |
|     49 |   1470 |  0.213828    | -0.366815    |
|     50 |   1500 |  0.28039     | -0.307887    |
|     51 |   1530 |  0.345886    | -0.234932    |
|     52 |   1560 |  0.379582    | -0.161815    |
f(weights)=129

-------------------------------------------------- Examples 2 --------------------------------------------------
weights=[45.1851, 64.3357, 55.0277, 41.2611, 2.7859, -48.9235, -61.603, -66.6966, -44.8128, 21.9231, -49.1851, -9.2005, 23.8707, 51.1893, 49.0878, 35.5772, 18.8013, -11.1141, -69.0133, -68.9102]
x_range=[-0.4147, 0.3807], y_range=[-0.5225, 0.2234]
Resampled 2D Trajectory:
|   step |   step |           x |            y |
|-------:|-------:|------------:|-------------:|
|      0 |      0 |  0.00100378 | -0.000302952 |
|      1 |     30 |  0.224006   |  0.00198495  |
|      2 |     60 |  0.320485   |  0.0570276   |
|      3 |     90 |  0.301051   |  0.120983    |
|      4 |    120 |  0.261489   |  0.183752    |
|      5 |    150 |  0.206338   |  0.21773     |
|      6 |    180 |  0.115906   |  0.222605    |
|      7 |    210 |  0.0201812  |  0.213983    |
|      8 |    240 | -0.08594    |  0.191614    |
|      9 |    270 | -0.20268    |  0.159462    |
|     10 |    300 | -0.286409   |  0.131992    |
|     11 |    330 | -0.337668   |  0.0952203   |
|     12 |    360 | -0.371208   |  0.05108     |
|     13 |    390 | -0.393643   | -0.00259293  |
|     14 |    420 | -0.412864   | -0.0762013   |
|     15 |    450 | -0.412958   | -0.15764     |
|     16 |    480 | -0.387615   | -0.273216    |
|     17 |    510 | -0.328718   | -0.404106    |
|     18 |    540 | -0.244985   | -0.484903    |
|     19 |    570 | -0.106398   | -0.51825     |
|     20 |    600 |  0.0325126  | -0.519033    |
|     21 |    630 |  0.131456   | -0.492745    |
|     22 |    660 |  0.211096   | -0.444387    |
|     23 |    690 |  0.270434   | -0.387841    |
|     24 |    720 |  0.325324   | -0.303143    |
|     25 |    750 |  0.36843    | -0.208172    |
|     26 |    780 |  0.380446   | -0.125247    |
|     27 |    810 |  0.366426   | -0.0378923   |
|     28 |    840 |  0.342965   |  0.0397261   |
|     29 |    870 |  0.312129   |  0.108207    |
|     30 |    900 |  0.271874   |  0.174708    |
|     31 |    930 |  0.219263   |  0.213202    |
|     32 |    960 |  0.134821   |  0.221153    |
|     33 |    990 |  0.0370953  |  0.214323    |
|     34 |   1020 | -0.0656244  |  0.195059    |
|     35 |   1050 | -0.186637   |  0.16472     |
|     36 |   1080 | -0.275192   |  0.132261    |
|     37 |   1110 | -0.328147   |  0.0948921   |
|     38 |   1140 | -0.364576   |  0.0533483   |
|     39 |   1170 | -0.388375   |  0.00622165  |
|     40 |   1200 | -0.401741   | -0.0685522   |
|     41 |   1230 | -0.406205   | -0.148158    |
|     42 |   1260 | -0.383476   | -0.255893    |
|     43 |   1290 | -0.334435   | -0.386083    |
|     44 |   1320 | -0.253329   | -0.472293    |
|     45 |   1350 | -0.127859   | -0.506325    |
|     46 |   1380 |  0.0195131  | -0.51351     |
|     47 |   1410 |  0.114288   | -0.491504    |
|     48 |   1440 |  0.199617   | -0.446714    |
|     49 |   1470 |  0.257345   | -0.390445    |
|     50 |   1500 |  0.314643   | -0.310741    |
|     51 |   1530 |  0.364695   | -0.215406    |
|     52 |   1560 |  0.378181   | -0.130406    |
f(weights)=136

-------------------------------------------------- Examples 3 --------------------------------------------------
weights=[58.4772, 56.6354, 51.8649, 31.353, -7.9223, -63.3106, -55.9589, -63.7394, -61.0769, 24.1188, -42.397, 9.6922, 33.4861, 52.2294, 44.2761, 44.0795, 33.3356, -0.5368, -67.3577, -63.76]
x_range=[-0.4120, 0.3578], y_range=[-0.4963, 0.2206]
Resampled 2D Trajectory:
|   step |   step |            x |            y |
|-------:|-------:|-------------:|-------------:|
|      0 |      0 |  0.000924811 | -9.58453e-05 |
|      1 |     30 |  0.204406    |  0.0578197   |
|      2 |     60 |  0.291243    |  0.116934    |
|      3 |     90 |  0.263717    |  0.161835    |
|      4 |    120 |  0.210763    |  0.204641    |
|      5 |    150 |  0.145014    |  0.220645    |
|      6 |    180 |  0.0501946   |  0.211355    |
|      7 |    210 | -0.0484053   |  0.198971    |
|      8 |    240 | -0.158857    |  0.1927      |
|      9 |    270 | -0.280863    |  0.188886    |
|     10 |    300 | -0.351824    |  0.181353    |
|     11 |    330 | -0.368281    |  0.160351    |
|     12 |    360 | -0.365741    |  0.128669    |
|     13 |    390 | -0.371845    |  0.0796014   |
|     14 |    420 | -0.388283    | -0.000765994 |
|     15 |    450 | -0.404113    | -0.0956393   |
|     16 |    480 | -0.411163    | -0.226692    |
|     17 |    510 | -0.390279    | -0.376191    |
|     18 |    540 | -0.315715    | -0.463055    |
|     19 |    570 | -0.147006    | -0.493924    |
|     20 |    600 |  0.0366845   | -0.487856    |
|     21 |    630 |  0.156389    | -0.45797     |
|     22 |    660 |  0.261746    | -0.403955    |
|     23 |    690 |  0.327953    | -0.335508    |
|     24 |    720 |  0.354133    | -0.228224    |
|     25 |    750 |  0.354732    | -0.111661    |
|     26 |    780 |  0.346394    | -0.0240775   |
|     27 |    810 |  0.332717    |  0.0469731   |
|     28 |    840 |  0.312608    |  0.104401    |
|     29 |    870 |  0.276096    |  0.154725    |
|     30 |    900 |  0.222771    |  0.200183    |
|     31 |    930 |  0.159509    |  0.218655    |
|     32 |    960 |  0.0693244   |  0.211896    |
|     33 |    990 | -0.0298324   |  0.199183    |
|     34 |   1020 | -0.138259    |  0.191391    |
|     35 |   1050 | -0.264061    |  0.189163    |
|     36 |   1080 | -0.344218    |  0.180717    |
|     37 |   1110 | -0.365913    |  0.161813    |
|     38 |   1140 | -0.362783    |  0.130536    |
|     39 |   1170 | -0.365495    |  0.0853752   |
|     40 |   1200 | -0.379405    |  0.00804629  |
|     41 |   1230 | -0.394808    | -0.0819877   |
|     42 |   1260 | -0.403072    | -0.202639    |
|     43 |   1290 | -0.388485    | -0.352745    |
|     44 |   1320 | -0.324779    | -0.448785    |
|     45 |   1350 | -0.173722    | -0.480416    |
|     46 |   1380 |  0.0127222   | -0.480309    |
|     47 |   1410 |  0.144765    | -0.457338    |
|     48 |   1440 |  0.245831    | -0.406018    |
|     49 |   1470 |  0.316345    | -0.338344    |
|     50 |   1500 |  0.355811    | -0.239937    |
|     51 |   1530 |  0.355228    | -0.11963     |
|     52 |   1560 |  0.347803    | -0.0283973   |
f(weights)=138

-------------------------------------------------- Examples 4 --------------------------------------------------
weights=[60.76, 66.9043, 43.469, 25.4412, -17.4912, -65.5339, -62.158, -45.3604, -81.6092, 32.8046, -51.6044, 7.3691, 55.0156, 38.8828, 45.0399, 31.6186, 45.3583, -11.0362, -56.7916, -67.9568]
x_range=[-0.4338, 0.4024], y_range=[-0.5064, 0.2112]
Resampled 2D Trajectory:
|   step |   step |            x |            y |
|-------:|-------:|-------------:|-------------:|
|      0 |      0 |  0.000910627 |  8.08669e-05 |
|      1 |     30 |  0.195848    |  0.119       |
|      2 |     60 |  0.257194    |  0.201009    |
|      3 |     90 |  0.221529    |  0.207641    |
|      4 |    120 |  0.167984    |  0.185117    |
|      5 |    150 |  0.101704    |  0.17422     |
|      6 |    180 |  0.00179082  |  0.179464    |
|      7 |    210 | -0.0980324   |  0.182324    |
|      8 |    240 | -0.200214    |  0.16694     |
|      9 |    270 | -0.309388    |  0.14372     |
|     10 |    300 | -0.373628    |  0.13879     |
|     11 |    330 | -0.392996    |  0.148586    |
|     12 |    360 | -0.387989    |  0.154816    |
|     13 |    390 | -0.368716    |  0.106632    |
|     14 |    420 | -0.340484    | -0.0110676   |
|     15 |    450 | -0.341044    | -0.128416    |
|     16 |    480 | -0.384212    | -0.247355    |
|     17 |    510 | -0.432742    | -0.353776    |
|     18 |    540 | -0.386896    | -0.421376    |
|     19 |    570 | -0.175302    | -0.482174    |
|     20 |    600 |  0.0531189   | -0.506277    |
|     21 |    630 |  0.186326    | -0.496333    |
|     22 |    660 |  0.28833     | -0.4545      |
|     23 |    690 |  0.351709    | -0.385023    |
|     24 |    720 |  0.387624    | -0.266429    |
|     25 |    750 |  0.397976    | -0.130072    |
|     26 |    780 |  0.379052    | -0.00860129  |
|     27 |    810 |  0.330001    |  0.110319    |
|     28 |    840 |  0.27956     |  0.193386    |
|     29 |    870 |  0.233754    |  0.20847     |
|     30 |    900 |  0.180395    |  0.186138    |
|     31 |    930 |  0.117307    |  0.173258    |
|     32 |    960 |  0.0214771   |  0.177409    |
|     33 |    990 | -0.0818095   |  0.182561    |
|     34 |   1020 | -0.1829      |  0.169057    |
|     35 |   1050 | -0.293871    |  0.146406    |
|     36 |   1080 | -0.365366    |  0.135808    |
|     37 |   1110 | -0.390067    |  0.144529    |
|     38 |   1140 | -0.387517    |  0.154465    |
|     39 |   1170 | -0.3692      |  0.118371    |
|     40 |   1200 | -0.340112    |  0.00916937  |
|     41 |   1230 | -0.331379    | -0.110507    |
|     42 |   1260 | -0.368275    | -0.224296    |
|     43 |   1290 | -0.415418    | -0.344014    |
|     44 |   1320 | -0.392186    | -0.414662    |
|     45 |   1350 | -0.213185    | -0.463903    |
|     46 |   1380 |  0.0262381   | -0.495905    |
|     47 |   1410 |  0.169411    | -0.489424    |
|     48 |   1440 |  0.274918    | -0.454878    |
|     49 |   1470 |  0.342116    | -0.392171    |
|     50 |   1500 |  0.38889     | -0.283138    |
|     51 |   1530 |  0.402363    | -0.143501    |
|     52 |   1560 |  0.386462    | -0.0215267   |
f(weights)=134

-------------------------------------------------- Examples 5 --------------------------------------------------
weights=[62.7199, 47.492, 50.6069, 32.0626, -19.7798, -62.8164, -62.4487, -62.9562, -89.552, 39.0308, -50.011, -5.7739, 64.5782, 30.9219, 35.7878, 21.2988, 39.515, 16.4231, -51.8154, -47.0757]
x_range=[-0.5010, 0.3550], y_range=[-0.4080, 0.2342]
Resampled 2D Trajectory:
|   step |   step |            x |            y |
|-------:|-------:|-------------:|-------------:|
|      0 |      0 |  0.000856676 |  8.36453e-05 |
|      1 |     30 |  0.198132    |  0.130295    |
|      2 |     60 |  0.282265    |  0.227833    |
|      3 |     90 |  0.259143    |  0.220636    |
|      4 |    120 |  0.20499     |  0.164206    |
|      5 |    150 |  0.131053    |  0.132541    |
|      6 |    180 |  0.0137595   |  0.126686    |
|      7 |    210 | -0.0985843   |  0.1255      |
|      8 |    240 | -0.200711    |  0.10731     |
|      9 |    270 | -0.302736    |  0.0823885   |
|     10 |    300 | -0.363817    |  0.0801288   |
|     11 |    330 | -0.386783    |  0.0980015   |
|     12 |    360 | -0.393425    |  0.124174    |
|     13 |    390 | -0.395449    |  0.119115    |
|     14 |    420 | -0.401866    |  0.0733744   |
|     15 |    450 | -0.423604    | -0.00456915  |
|     16 |    480 | -0.468685    | -0.130898    |
|     17 |    510 | -0.500118    | -0.271207    |
|     18 |    540 | -0.421055    | -0.357334    |
|     19 |    570 | -0.174029    | -0.398484    |
|     20 |    600 |  0.0801831   | -0.403828    |
|     21 |    630 |  0.219882    | -0.406431    |
|     22 |    660 |  0.300575    | -0.405412    |
|     23 |    690 |  0.347948    | -0.374203    |
|     24 |    720 |  0.342573    | -0.290011    |
|     25 |    750 |  0.31539     | -0.178842    |
|     26 |    780 |  0.303992    | -0.0519035   |
|     27 |    810 |  0.305926    |  0.101102    |
|     28 |    840 |  0.297294    |  0.215431    |
|     29 |    870 |  0.269678    |  0.225665    |
|     30 |    900 |  0.21838     |  0.170154    |
|     31 |    930 |  0.14928     |  0.132548    |
|     32 |    960 |  0.0370532   |  0.126778    |
|     33 |    990 | -0.080087    |  0.126927    |
|     34 |   1020 | -0.183061    |  0.111737    |
|     35 |   1050 | -0.285489    |  0.085748    |
|     36 |   1080 | -0.353926    |  0.0763875   |
|     37 |   1110 | -0.38269     |  0.0919395   |
|     38 |   1140 | -0.391242    |  0.119363    |
|     39 |   1170 | -0.393308    |  0.121096    |
|     40 |   1200 | -0.397218    |  0.0802301   |
|     41 |   1230 | -0.414387    |  0.0113772   |
|     42 |   1260 | -0.45111     | -0.104918    |
|     43 |   1290 | -0.48722     | -0.253751    |
|     44 |   1320 | -0.441516    | -0.344941    |
|     45 |   1350 | -0.214067    | -0.387918    |
|     46 |   1380 |  0.0506468   | -0.396566    |
|     47 |   1410 |  0.204422    | -0.399616    |
|     48 |   1440 |  0.292126    | -0.399283    |
|     49 |   1470 |  0.340317    | -0.378663    |
|     50 |   1500 |  0.354116    | -0.306355    |
|     51 |   1530 |  0.326304    | -0.192999    |
|     52 |   1560 |  0.310899    | -0.0688412   |
f(weights)=134

-------------------------------------------------- Examples 6 --------------------------------------------------
weights=[-5.6564, 60.5897, 86.9001, 77.8941, 61.699, 7.3421, -51.3447, -76.875, -77.5748, -60.7769, 31.2378, 31.3007, 17.1362, -9.0339, -27.8457, -31.1968, -29.6212, -14.7101, 9.6863, 28.0901]
x_range=[-0.4859, 0.5199], y_range=[-0.2886, 0.1129]
Resampled 2D Trajectory:
|   step |   step |           x |            y |
|-------:|-------:|------------:|-------------:|
|      0 |      0 |  0.00127921 | -0.000121337 |
|      1 |     30 |  0.340854   |  0.00881316  |
|      2 |     60 |  0.489407   |  0.00454742  |
|      3 |     90 |  0.51591    | -0.0400094   |
|      4 |    120 |  0.509459   | -0.0956583   |
|      5 |    150 |  0.486455   | -0.148687    |
|      6 |    180 |  0.445203   | -0.198478    |
|      7 |    210 |  0.387414   | -0.238694    |
|      8 |    240 |  0.295572   | -0.263455    |
|      9 |    270 |  0.163453   | -0.279628    |
|     10 |    300 |  0.0361664  | -0.285212    |
|     11 |    330 | -0.100075   | -0.288086    |
|     12 |    360 | -0.229922   | -0.28218     |
|     13 |    390 | -0.32206    | -0.262808    |
|     14 |    420 | -0.394423   | -0.230333    |
|     15 |    450 | -0.449789   | -0.187428    |
|     16 |    480 | -0.472293   | -0.134855    |
|     17 |    510 | -0.478554   | -0.0759544   |
|     18 |    540 | -0.466403   | -0.0217571   |
|     19 |    570 | -0.430967   |  0.0306904   |
|     20 |    600 | -0.377323   |  0.0754688   |
|     21 |    630 | -0.284088   |  0.0972484   |
|     22 |    660 | -0.153249   |  0.107351    |
|     23 |    690 | -0.0214337  |  0.112199    |
|     24 |    720 |  0.127603   |  0.11123     |
|     25 |    750 |  0.278257   |  0.107502    |
|     26 |    780 |  0.378325   |  0.089239    |
|     27 |    810 |  0.455187   |  0.0572479   |
|     28 |    840 |  0.503621   |  0.020415    |
|     29 |    870 |  0.519437   | -0.0238398   |
|     30 |    900 |  0.50959    | -0.0870568   |
|     31 |    930 |  0.485467   | -0.140285    |
|     32 |    960 |  0.446976   | -0.191723    |
|     33 |    990 |  0.396081   | -0.234837    |
|     34 |   1020 |  0.312765   | -0.260824    |
|     35 |   1050 |  0.180149   | -0.277485    |
|     36 |   1080 |  0.0556732  | -0.283491    |
|     37 |   1110 | -0.0792537  | -0.285212    |
|     38 |   1140 | -0.217749   | -0.277245    |
|     39 |   1170 | -0.313002   | -0.263919    |
|     40 |   1200 | -0.392219   | -0.230271    |
|     41 |   1230 | -0.447173   | -0.19101     |
|     42 |   1260 | -0.475333   | -0.141832    |
|     43 |   1290 | -0.484039   | -0.0830105   |
|     44 |   1320 | -0.474562   | -0.0285842   |
|     45 |   1350 | -0.442472   |  0.0213642   |
|     46 |   1380 | -0.388133   |  0.0645266   |
|     47 |   1410 | -0.303044   |  0.0916479   |
|     48 |   1440 | -0.172015   |  0.102996    |
|     49 |   1470 | -0.0409204  |  0.110319    |
|     50 |   1500 |  0.104595   |  0.110995    |
|     51 |   1530 |  0.257514   |  0.109704    |
|     52 |   1560 |  0.364194   |  0.0956754   |
f(weights)=141

-------------------------------------------------- Examples 7 --------------------------------------------------
weights=[-1.1931, 77.2809, 84.2573, 68.2157, 62.2909, 22.4883, -47.976, -79.8986, -85.9612, -65.9542, 33.7728, 6.4537, 10.622, -26.7886, -25.5028, -18.8028, -36.1246, -17.3723, 4.2991, 32.2975]
x_range=[-0.5239, 0.5072], y_range=[-0.2967, 0.1216]
Resampled 2D Trajectory:
|   step |   step |           x |            y |
|-------:|-------:|------------:|-------------:|
|      0 |      0 |  0.00135697 | -0.000341706 |
|      1 |     30 |  0.351379   | -0.0477422   |
|      2 |     60 |  0.481832   | -0.0596959   |
|      3 |     90 |  0.496034   | -0.108476    |
|      4 |    120 |  0.469616   | -0.182383    |
|      5 |    150 |  0.443561   | -0.228711    |
|      6 |    180 |  0.418939   | -0.244063    |
|      7 |    210 |  0.38449    | -0.244104    |
|      8 |    240 |  0.320601   | -0.233332    |
|      9 |    270 |  0.217534   | -0.224177    |
|     10 |    300 |  0.103496   | -0.231999    |
|     11 |    330 | -0.0484487  | -0.263975    |
|     12 |    360 | -0.200835   | -0.293109    |
|     13 |    390 | -0.308576   | -0.290108    |
|     14 |    420 | -0.397852   | -0.257153    |
|     15 |    450 | -0.465141   | -0.212875    |
|     16 |    480 | -0.501722   | -0.162452    |
|     17 |    510 | -0.517811   | -0.105118    |
|     18 |    540 | -0.508715   | -0.0464776   |
|     19 |    570 | -0.46836    |  0.025038    |
|     20 |    600 | -0.40466    |  0.0866442   |
|     21 |    630 | -0.300413   |  0.118608    |
|     22 |    660 | -0.142997   |  0.12078     |
|     23 |    690 |  0.010393   |  0.101233    |
|     24 |    720 |  0.18523    |  0.0469705   |
|     25 |    750 |  0.352291   | -0.00586772  |
|     26 |    780 |  0.443888   | -0.0349791   |
|     27 |    810 |  0.48475    | -0.0428728   |
|     28 |    840 |  0.505344   | -0.0489944   |
|     29 |    870 |  0.50012    | -0.091115    |
|     30 |    900 |  0.469501   | -0.169396    |
|     31 |    930 |  0.441296   | -0.222627    |
|     32 |    960 |  0.418419   | -0.244414    |
|     33 |    990 |  0.385027   | -0.247335    |
|     34 |   1020 |  0.328121   | -0.240448    |
|     35 |   1050 |  0.23214    | -0.226893    |
|     36 |   1080 |  0.121741   | -0.228384    |
|     37 |   1110 | -0.022113   | -0.255617    |
|     38 |   1140 | -0.185      | -0.288942    |
|     39 |   1170 | -0.294406   | -0.290056    |
|     40 |   1200 | -0.380776   | -0.262889    |
|     41 |   1230 | -0.462778   | -0.218917    |
|     42 |   1260 | -0.503363   | -0.171304    |
|     43 |   1290 | -0.522572   | -0.113855    |
|     44 |   1320 | -0.517704   | -0.0566192   |
|     45 |   1350 | -0.482088   |  0.0130094   |
|     46 |   1380 | -0.420452   |  0.0770205   |
|     47 |   1410 | -0.320217   |  0.110675    |
|     48 |   1440 | -0.166199   |  0.118495    |
|     49 |   1470 | -0.0129908  |  0.106239    |
|     50 |   1500 |  0.156184   |  0.0603006   |
|     51 |   1530 |  0.33022    |  0.00364575  |
|     52 |   1560 |  0.434576   | -0.0265375   |
f(weights)=145

-------------------------------------------------- Examples 8 --------------------------------------------------
weights=[-5.3679, 84.3413, 103.4172, 46.7982, 69.4814, 27.1591, -40.3088, -71.0786, -77.8737, -75.4259, 32.4825, 0.1451, -3.7623, -20.2666, -15.6533, -30.2469, -32.2562, -13.1064, 25.3637, 30.3188]
x_range=[-0.4825, 0.5899], y_range=[-0.2897, 0.1144]
Resampled 2D Trajectory:
|   step |   step |           x |           y |
|-------:|-------:|------------:|------------:|
|      0 |      0 |  0.00156963 | -0.00051048 |
|      1 |     30 |  0.411725   | -0.104316   |
|      2 |     60 |  0.559111   | -0.124554   |
|      3 |     90 |  0.514475   | -0.144356   |
|      4 |    120 |  0.402487   | -0.185249   |
|      5 |    150 |  0.359881   | -0.198555   |
|      6 |    180 |  0.365182   | -0.20554    |
|      7 |    210 |  0.379639   | -0.206012   |
|      8 |    240 |  0.35088    | -0.215575   |
|      9 |    270 |  0.251541   | -0.249121   |
|     10 |    300 |  0.139937   | -0.271633   |
|     11 |    330 | -0.00767875 | -0.287103   |
|     12 |    360 | -0.157502   | -0.286855   |
|     13 |    390 | -0.26298    | -0.267875   |
|     14 |    420 | -0.353129   | -0.223884   |
|     15 |    450 | -0.416356   | -0.170596   |
|     16 |    480 | -0.451948   | -0.0935675  |
|     17 |    510 | -0.473308   | -0.00759587 |
|     18 |    540 | -0.479077   |  0.0461843  |
|     19 |    570 | -0.472238   |  0.077718   |
|     20 |    600 | -0.440223   |  0.101647   |
|     21 |    630 | -0.340943   |  0.112998   |
|     22 |    660 | -0.17781    |  0.111706   |
|     23 |    690 | -0.0110032  |  0.08817    |
|     24 |    720 |  0.19023    |  0.0231993  |
|     25 |    750 |  0.382611   | -0.0466889  |
|     26 |    780 |  0.499707   | -0.0919333  |
|     27 |    810 |  0.56626    | -0.115296   |
|     28 |    840 |  0.589489   | -0.120315   |
|     29 |    870 |  0.531834   | -0.140859   |
|     30 |    900 |  0.415084   | -0.182903   |
|     31 |    930 |  0.356888   | -0.201323   |
|     32 |    960 |  0.357231   | -0.206177   |
|     33 |    990 |  0.376259   | -0.20907    |
|     34 |   1020 |  0.358657   | -0.214713   |
|     35 |   1050 |  0.269314   | -0.243621   |
|     36 |   1080 |  0.158278   | -0.269483   |
|     37 |   1110 |  0.0164576  | -0.284909   |
|     38 |   1140 | -0.140173   | -0.287204   |
|     39 |   1170 | -0.252667   | -0.272034   |
|     40 |   1200 | -0.345049   | -0.231927   |
|     41 |   1230 | -0.413364   | -0.179457   |
|     42 |   1260 | -0.451988   | -0.109438   |
|     43 |   1290 | -0.474542   | -0.021431   |
|     44 |   1320 | -0.482453   |  0.035967   |
|     45 |   1350 | -0.477439   |  0.0707182  |
|     46 |   1380 | -0.45092    |  0.0959087  |
|     47 |   1410 | -0.36355    |  0.108867   |
|     48 |   1440 | -0.202774   |  0.108518   |
|     49 |   1470 | -0.034982   |  0.0929578  |
|     50 |   1500 |  0.15557    |  0.0376787  |
|     51 |   1530 |  0.358302   | -0.030822   |
|     52 |   1560 |  0.487637   | -0.082562   |
f(weights)=145

-------------------------------------------------- Examples 9 --------------------------------------------------
weights=[-18.0084, 99.6203, 93.7101, 51.5038, 68.4745, 30.197, -57.5684, -55.2276, -76.5308, -86.4944, 48.2647, 1.22, -11.4027, -28.0185, -1.8149, -22.643, -35.1126, -7.7227, 4.5248, 39.6966]
x_range=[-0.5075, 0.5874], y_range=[-0.2897, 0.1912]
Resampled 2D Trajectory:
|   step |   step |           x |            y |
|-------:|-------:|------------:|-------------:|
|      0 |      0 |  0.00157641 | -0.000574207 |
|      1 |     30 |  0.392512   | -0.125155    |
|      2 |     60 |  0.526251   | -0.170272    |
|      3 |     90 |  0.496103   | -0.189685    |
|      4 |    120 |  0.411438   | -0.223445    |
|      5 |    150 |  0.369645   | -0.227276    |
|      6 |    180 |  0.3729     | -0.188745    |
|      7 |    210 |  0.38185    | -0.152784    |
|      8 |    240 |  0.347488   | -0.148826    |
|      9 |    270 |  0.254148   | -0.190655    |
|     10 |    300 |  0.132958   | -0.231166    |
|     11 |    330 | -0.0493405  | -0.270555    |
|     12 |    360 | -0.222326   | -0.287992    |
|     13 |    390 | -0.31055    | -0.269025    |
|     14 |    420 | -0.346336   | -0.212143    |
|     15 |    450 | -0.362098   | -0.161054    |
|     16 |    480 | -0.394227   | -0.122421    |
|     17 |    510 | -0.440061   | -0.0823313   |
|     18 |    540 | -0.475707   | -0.0337075   |
|     19 |    570 | -0.500094   |  0.0421579   |
|     20 |    600 | -0.489884   |  0.118659    |
|     21 |    630 | -0.406261   |  0.174993    |
|     22 |    660 | -0.241821   |  0.191001    |
|     23 |    690 | -0.055376   |  0.16853     |
|     24 |    720 |  0.188711   |  0.0791548   |
|     25 |    750 |  0.427867   | -0.0216002   |
|     26 |    780 |  0.548971   | -0.0867982   |
|     27 |    810 |  0.584844   | -0.12158     |
|     28 |    840 |  0.575208   | -0.147622    |
|     29 |    870 |  0.509571   | -0.181363    |
|     30 |    900 |  0.419969   | -0.220385    |
|     31 |    930 |  0.37128    | -0.226706    |
|     32 |    960 |  0.363497   | -0.201501    |
|     33 |    990 |  0.378056   | -0.15953     |
|     34 |   1020 |  0.354793   | -0.148304    |
|     35 |   1050 |  0.269079   | -0.180883    |
|     36 |   1080 |  0.153058   | -0.223786    |
|     37 |   1110 | -0.0134515  | -0.264508    |
|     38 |   1140 | -0.203817   | -0.286404    |
|     39 |   1170 | -0.296844   | -0.274674    |
|     40 |   1200 | -0.345452   | -0.223105    |
|     41 |   1230 | -0.362997   | -0.167633    |
|     42 |   1260 | -0.388883   | -0.124798    |
|     43 |   1290 | -0.433377   | -0.0826836   |
|     44 |   1320 | -0.473227   | -0.0373783   |
|     45 |   1350 | -0.500633   |  0.032734    |
|     46 |   1380 | -0.5017     |  0.11065     |
|     47 |   1410 | -0.428996   |  0.164777    |
|     48 |   1440 | -0.269368   |  0.185485    |
|     49 |   1470 | -0.0859404  |  0.173105    |
|     50 |   1500 |  0.14778    |  0.0965834   |
|     51 |   1530 |  0.40061    | -0.00428236  |
|     52 |   1560 |  0.542457   | -0.069522    |
f(weights)=137

-------------------------------------------------- Examples 10 --------------------------------------------------
weights=[-22.156, 96.2866, 94.521, 43.5935, 66.2885, 22.565, -65.3396, -36.734, -83.5868, -87.3548, 51.144, -0.0938, -21.2302, -37.2064, 10.1795, -26.0568, -52.6987, -7.2116, -1.1945, 32.691]
x_range=[-0.5249, 0.5833], y_range=[-0.3778, 0.1898]
Resampled 2D Trajectory:
|   step |   step |          x |            y |
|-------:|-------:|-----------:|-------------:|
|      0 |      0 |  0.0015597 | -0.000674929 |
|      1 |     30 |  0.38246   | -0.161043    |
|      2 |     60 |  0.524126  | -0.218851    |
|      3 |     90 |  0.482031  | -0.247606    |
|      4 |    120 |  0.379138  | -0.276629    |
|      5 |    150 |  0.326659  | -0.255614    |
|      6 |    180 |  0.343172  | -0.174667    |
|      7 |    210 |  0.359013  | -0.110234    |
|      8 |    240 |  0.320537  | -0.110605    |
|      9 |    270 |  0.214707  | -0.184858    |
|     10 |    300 |  0.0875027 | -0.258364    |
|     11 |    330 | -0.0904638 | -0.332998    |
|     12 |    360 | -0.248595  | -0.375196    |
|     13 |    390 | -0.315753  | -0.346383    |
|     14 |    420 | -0.302462  | -0.253101    |
|     15 |    450 | -0.290237  | -0.178491    |
|     16 |    480 | -0.336143  | -0.135928    |
|     17 |    510 | -0.43159   | -0.107452    |
|     18 |    540 | -0.492914  | -0.0682406   |
|     19 |    570 | -0.519641  |  0.00291283  |
|     20 |    600 | -0.504391  |  0.0818196   |
|     21 |    630 | -0.420363  |  0.150676    |
|     22 |    660 | -0.26045   |  0.18699     |
|     23 |    690 | -0.0781652 |  0.174737    |
|     24 |    720 |  0.166664  |  0.0818084   |
|     25 |    750 |  0.410447  | -0.0277626   |
|     26 |    780 |  0.538162  | -0.104305    |
|     27 |    810 |  0.580712  | -0.158413    |
|     28 |    840 |  0.573616  | -0.200178    |
|     29 |    870 |  0.501815  | -0.243086    |
|     30 |    900 |  0.393019  | -0.27573     |
|     31 |    930 |  0.338408  | -0.260138    |
|     32 |    960 |  0.336548  | -0.188957    |
|     33 |    990 |  0.356242  | -0.113512    |
|     34 |   1020 |  0.335342  | -0.102479    |
|     35 |   1050 |  0.236121  | -0.174911    |
|     36 |   1080 |  0.112664  | -0.245521    |
|     37 |   1110 | -0.0614739 | -0.317786    |
|     38 |   1140 | -0.236755  | -0.368134    |
|     39 |   1170 | -0.313073  | -0.35478     |
|     40 |   1200 | -0.317368  | -0.268602    |
|     41 |   1230 | -0.297859  | -0.185872    |
|     42 |   1260 | -0.327245  | -0.138035    |
|     43 |   1290 | -0.421775  | -0.106276    |
|     44 |   1320 | -0.491145  | -0.0706865   |
|     45 |   1350 | -0.523255  | -0.00575474  |
|     46 |   1380 | -0.517787  |  0.0712828   |
|     47 |   1410 | -0.443457  |  0.136759    |
|     48 |   1440 | -0.288093  |  0.178949    |
|     49 |   1470 | -0.108755  |  0.178762    |
|     50 |   1500 |  0.125043  |  0.103809    |
|     51 |   1530 |  0.38026   | -0.00602782  |
|     52 |   1560 |  0.527119  | -0.0861008   |
f(weights)=134

-------------------------------------------------- Examples 11 --------------------------------------------------
weights=[100.535, 144.1344, 127.5457, 49.8226, -31.4627, -100.2764, -130.7926, -111.3564, -49.3919, 31.4335, 18.4799, 70.7754, 93.1393, 72.6138, 33.3763, -18.3441, -63.0629, -83.6997, -72.3721, -33.4064]
x_range=[-0.7923, 0.8574], y_range=[-0.5114, 0.5852]
Resampled 2D Trajectory:
|   step |   step |           x |           y |
|-------:|-------:|------------:|------------:|
|      0 |      0 |  0.00213658 |  0.00125243 |
|      1 |     30 |  0.589001   |  0.365413   |
|      2 |     60 |  0.729384   |  0.567821   |
|      3 |     90 |  0.605238   |  0.525583   |
|      4 |    120 |  0.411105   |  0.478826   |
|      5 |    150 |  0.230731   |  0.416815   |
|      6 |    180 |  0.0244065  |  0.32476    |
|      7 |    210 | -0.166926   |  0.230737   |
|      8 |    240 | -0.337899   |  0.121597   |
|      9 |    270 | -0.511693   | -0.0151946  |
|     10 |    300 | -0.633864   | -0.136098   |
|     11 |    330 | -0.717925   | -0.257966   |
|     12 |    360 | -0.781842   | -0.351089   |
|     13 |    390 | -0.779977   | -0.424998   |
|     14 |    420 | -0.737112   | -0.480383   |
|     15 |    450 | -0.660126   | -0.510566   |
|     16 |    480 | -0.548828   | -0.494166   |
|     17 |    510 | -0.407223   | -0.455272   |
|     18 |    540 | -0.24974    | -0.401873   |
|     19 |    570 | -0.045605   | -0.318048   |
|     20 |    600 |  0.11871    | -0.216258   |
|     21 |    630 |  0.285278   | -0.100511   |
|     22 |    660 |  0.464403   |  0.0214087  |
|     23 |    690 |  0.599983   |  0.136729   |
|     24 |    720 |  0.727269   |  0.252299   |
|     25 |    750 |  0.823049   |  0.365409   |
|     26 |    780 |  0.856935   |  0.448056   |
|     27 |    810 |  0.834491   |  0.520638   |
|     28 |    840 |  0.77351    |  0.554407   |
|     29 |    870 |  0.635859   |  0.540345   |
|     30 |    900 |  0.443531   |  0.49056    |
|     31 |    930 |  0.264049   |  0.428029   |
|     32 |    960 |  0.0605396  |  0.334096   |
|     33 |    990 | -0.112246   |  0.239753   |
|     34 |   1020 | -0.2446     |  0.141576   |
|     35 |   1050 | -0.458278   |  0.0297275  |
|     36 |   1080 | -0.58424    | -0.00492733 |
|     37 |   1110 | -0.628339   | -0.0155837  |
|     38 |   1140 | -0.668738   | -0.0428233  |
|     39 |   1170 | -0.713938   | -0.106303   |
|     40 |   1200 | -0.785787   | -0.402474   |
|     41 |   1230 | -0.703105   | -0.488359   |
|     42 |   1260 | -0.611343   | -0.486928   |
|     43 |   1290 | -0.437375   | -0.477387   |
|     44 |   1320 | -0.31145    | -0.418268   |
|     45 |   1350 | -0.176669   | -0.34275    |
|     46 |   1380 | -0.0844401  | -0.243189   |
|     47 |   1410 |  0.32605    | -0.105163   |
|     48 |   1440 |  0.50049    |  0.0246538  |
|     49 |   1470 |  0.623178   |  0.13643    |
|     50 |   1500 |  0.696583   |  0.205534   |
|     51 |   1530 |  0.772373   |  0.298165   |
|     52 |   1560 |  0.81031    |  0.374178   |
f(weights)=105

-------------------------------------------------- Examples 12 --------------------------------------------------
weights=[97.3465, 128.1046, 112.1935, 44.1186, -33.63, -97.7277, -132.2871, -91.2486, -50.3597, 35.6555, 16.2253, 64.3959, 92.9764, 83.056, 22.5275, -40.4033, -72.575, -75.37, -82.3742, -29.9718]
x_range=[-0.7857, 0.7584], y_range=[-0.5340, 0.5620]
Resampled 2D Trajectory:
|   step |   step |           x |           y |
|-------:|-------:|------------:|------------:|
|      0 |      0 |  0.00189148 |  0.00121387 |
|      1 |     30 |  0.529094   |  0.365196   |
|      2 |     60 |  0.635296   |  0.55658    |
|      3 |     90 |  0.532657   |  0.531607   |
|      4 |    120 |  0.36305    |  0.519443   |
|      5 |    150 |  0.191617   |  0.446314   |
|      6 |    180 | -0.00549491 |  0.318133   |
|      7 |    210 | -0.188995   |  0.182745   |
|      8 |    240 | -0.347477   |  0.0290253  |
|      9 |    270 | -0.50851    | -0.132818   |
|     10 |    300 | -0.616481   | -0.254993   |
|     11 |    330 | -0.711493   | -0.347232   |
|     12 |    360 | -0.774385   | -0.41098    |
|     13 |    390 | -0.779322   | -0.427286   |
|     14 |    420 | -0.700279   | -0.432725   |
|     15 |    450 | -0.608612   | -0.4462     |
|     16 |    480 | -0.514519   | -0.456716   |
|     17 |    510 | -0.396888   | -0.459789   |
|     18 |    540 | -0.256721   | -0.417855   |
|     19 |    570 | -0.0562095  | -0.314254   |
|     20 |    600 |  0.142083   | -0.204897   |
|     21 |    630 |  0.301428   | -0.0982975  |
|     22 |    660 |  0.460617   |  0.0168349  |
|     23 |    690 |  0.579511   |  0.118937   |
|     24 |    720 |  0.678213   |  0.227385   |
|     25 |    750 |  0.741334   |  0.337641   |
|     26 |    780 |  0.75683    |  0.4185     |
|     27 |    810 |  0.733466   |  0.495971   |
|     28 |    840 |  0.681928   |  0.550902   |
|     29 |    870 |  0.561541   |  0.546442   |
|     30 |    900 |  0.391129   |  0.525066   |
|     31 |    930 |  0.22686    |  0.460662   |
|     32 |    960 |  0.0333472  |  0.328662   |
|     33 |    990 | -0.102592   |  0.203787   |
|     34 |   1020 | -0.247886   |  0.0882738  |
|     35 |   1050 | -0.545531   |  0.0142094  |
|     36 |   1080 | -0.591185   | -0.0178243  |
|     37 |   1110 | -0.627991   | -0.0367682  |
|     38 |   1140 | -0.672476   | -0.0833973  |
|     39 |   1170 | -0.716059   | -0.163864   |
|     40 |   1200 | -0.697106   | -0.449288   |
|     41 |   1230 | -0.592087   | -0.512879   |
|     42 |   1260 | -0.511614   | -0.519073   |
|     43 |   1290 | -0.387081   | -0.526227   |
|     44 |   1320 | -0.295939   | -0.462751   |
|     45 |   1350 | -0.202539   | -0.35391    |
|     46 |   1380 | -0.064155   | -0.252553   |
|     47 |   1410 |  0.285972   | -0.132028   |
|     48 |   1440 |  0.46097    | -0.0111836  |
|     49 |   1470 |  0.587224   |  0.120495   |
|     50 |   1500 |  0.62075    |  0.155583   |
|     51 |   1530 |  0.645669   |  0.173771   |
|     52 |   1560 |  0.663022   |  0.189846   |
f(weights)=109

-------------------------------------------------- Examples 13 --------------------------------------------------
weights=[99.7848, 120.6314, 96.5817, 39.4761, -37.1506, -110.5426, -129.3941, -81.4483, -45.5805, 40.1637, 23.7497, 59.2902, 85.9189, 78.8128, 20.2059, -22.2519, -93.5225, -65.0105, -96.7156, -32.754]
x_range=[-0.8020, 0.7099], y_range=[-0.5351, 0.5271]
Resampled 2D Trajectory:
|   step |   step |           x |           y |
|-------:|-------:|------------:|------------:|
|      0 |      0 |  0.00169901 |  0.00111614 |
|      1 |     30 |  0.470024   |  0.34183    |
|      2 |     60 |  0.559927   |  0.5147     |
|      3 |     90 |  0.467575   |  0.51659    |
|      4 |    120 |  0.315494   |  0.490388   |
|      5 |    150 |  0.156755   |  0.415661   |
|      6 |    180 | -0.030297   |  0.286558   |
|      7 |    210 | -0.203031   |  0.168077   |
|      8 |    240 | -0.372286   |  0.0560662  |
|      9 |    270 | -0.549756   | -0.054598   |
|     10 |    300 | -0.676817   | -0.162575   |
|     11 |    330 | -0.765242   | -0.305909   |
|     12 |    360 | -0.801571   | -0.435323   |
|     13 |    390 | -0.753514   | -0.483574   |
|     14 |    420 | -0.644709   | -0.456198   |
|     15 |    450 | -0.548013   | -0.436096   |
|     16 |    480 | -0.462903   | -0.461927   |
|     17 |    510 | -0.360761   | -0.508603   |
|     18 |    540 | -0.234138   | -0.480101   |
|     19 |    570 | -0.0303452  | -0.362767   |
|     20 |    600 |  0.167801   | -0.229652   |
|     21 |    630 |  0.325097   | -0.100904   |
|     22 |    660 |  0.482564   |  0.0383804  |
|     23 |    690 |  0.592244   |  0.143444   |
|     24 |    720 |  0.661623   |  0.238465   |
|     25 |    750 |  0.705392   |  0.323503   |
|     26 |    780 |  0.702984   |  0.392754   |
|     27 |    810 |  0.656706   |  0.464695   |
|     28 |    840 |  0.590218   |  0.515836   |
|     29 |    870 |  0.48539    |  0.525006   |
|     30 |    900 |  0.339451   |  0.49885    |
|     31 |    930 |  0.190488   |  0.435084   |
|     32 |    960 |  0.00475335 |  0.310547   |
|     33 |    990 | -0.135889   |  0.195243   |
|     34 |   1020 | -0.298848   |  0.0973604  |
|     35 |   1050 | -0.513086   | -0.0398709  |
|     36 |   1080 | -0.577606   | -0.0409431  |
|     37 |   1110 | -0.626836   | -0.131057   |
|     38 |   1140 | -0.737012   | -0.472106   |
|     39 |   1170 | -0.73955    | -0.510724   |
|     40 |   1200 | -0.69512    | -0.465245   |
|     41 |   1230 | -0.57217    | -0.46976    |
|     42 |   1260 | -0.519083   | -0.45905    |
|     43 |   1290 | -0.39875    | -0.525703   |
|     44 |   1320 | -0.289502   | -0.514736   |
|     45 |   1350 | -0.119708   | -0.421819   |
|     46 |   1380 |  0.0257239  | -0.2991     |
|     47 |   1410 |  0.362889   | -0.094284   |
|     48 |   1440 |  0.505721   |  0.0460709  |
|     49 |   1470 |  0.606775   |  0.15173    |
|     50 |   1500 |  0.674962   |  0.245686   |
|     51 |   1530 |  0.704772   |  0.31761    |
|     52 |   1560 |  0.703363   |  0.395647   |
f(weights)=117

-------------------------------------------------- Examples 14 --------------------------------------------------
weights=[80.8874, 116.4955, 88.9215, 30.2348, -51.3666, -102.49, -117.9055, -69.754, -53.6006, 47.3885, 24.2796, 47.475, 79.1574, 77.1505, 24.8802, -18.9147, -102.0191, -64.3236, -96.5298, -19.5987]
x_range=[-0.7301, 0.6672], y_range=[-0.5143, 0.4925]
Resampled 2D Trajectory:
|   step |   step |           x |            y |
|-------:|-------:|------------:|-------------:|
|      0 |      0 |  0.00159676 |  0.000978898 |
|      1 |     30 |  0.434236   |  0.309077    |
|      2 |     60 |  0.513732   |  0.476036    |
|      3 |     90 |  0.409507   |  0.490668    |
|      4 |    120 |  0.248467   |  0.478608    |
|      5 |    150 |  0.0889021  |  0.420909    |
|      6 |    180 | -0.106371   |  0.306126    |
|      7 |    210 | -0.275697   |  0.193332    |
|      8 |    240 | -0.412995   |  0.0915732   |
|      9 |    270 | -0.547704   | -0.027294    |
|     10 |    300 | -0.638416   | -0.153057    |
|     11 |    330 | -0.710335   | -0.31905     |
|     12 |    360 | -0.730014   | -0.476306    |
|     13 |    390 | -0.683375   | -0.498228    |
|     14 |    420 | -0.577005   | -0.468166    |
|     15 |    450 | -0.485726   | -0.44015     |
|     16 |    480 | -0.428014   | -0.463066    |
|     17 |    510 | -0.363889   | -0.50271     |
|     18 |    540 | -0.253311   | -0.45719     |
|     19 |    570 | -0.0247065  | -0.317319    |
|     20 |    600 |  0.182439   | -0.165769    |
|     21 |    630 |  0.320234   | -0.0467717   |
|     22 |    660 |  0.426975   |  0.0661873   |
|     23 |    690 |  0.505165   |  0.14884     |
|     24 |    720 |  0.583703   |  0.213196    |
|     25 |    750 |  0.650469   |  0.271523    |
|     26 |    780 |  0.661316   |  0.332962    |
|     27 |    810 |  0.613527   |  0.41129     |
|     28 |    840 |  0.539758   |  0.471306    |
|     29 |    870 |  0.42854    |  0.492527    |
|     30 |    900 |  0.2813     |  0.48091     |
|     31 |    930 |  0.12771    |  0.429256    |
|     32 |    960 | -0.0644084  |  0.318879    |
|     33 |    990 | -0.209933   |  0.220326    |
|     34 |   1020 | -0.375575   |  0.109632    |
|     35 |   1050 | -0.514246   | -0.0301296   |
|     36 |   1080 | -0.58903    | -0.0307498   |
|     37 |   1110 | -0.637216   | -0.0563324   |
|     38 |   1140 | -0.676919   | -0.0919173   |
|     39 |   1170 | -0.697824   | -0.235163    |
|     40 |   1200 | -0.611033   | -0.496619    |
|     41 |   1230 | -0.533844   | -0.441597    |
|     42 |   1260 | -0.465359   | -0.46123     |
|     43 |   1290 | -0.391717   | -0.506279    |
|     44 |   1320 | -0.299903   | -0.489223    |
|     45 |   1350 | -0.0967979  | -0.365711    |
|     46 |   1380 |  0.245499   | -0.123935    |
|     47 |   1410 |  0.429207   |  0.0513656   |
|     48 |   1440 |  0.508463   |  0.141284    |
|     49 |   1470 |  0.59317    |  0.214965    |
|     50 |   1500 |  0.657525   |  0.275756    |
|     51 |   1530 |  0.658579   |  0.336417    |
f(weights)=118

-------------------------------------------------- Examples 15 --------------------------------------------------
weights=[87.6516, 131.7065, 83.8027, 41.7368, -57.2738, -110.1777, -121.2556, -68.824, -67.3761, 49.6676, 18.3779, 34.5056, 63.1768, 74.1764, 10.3647, -20.9133, -107.5466, -44.739, -113.5781, -10.4644]
x_range=[-0.7736, 0.7402], y_range=[-0.5323, 0.4379]
Resampled 2D Trajectory:
|   step |   step |           x |            y |
|-------:|-------:|------------:|-------------:|
|      0 |      0 |  0.00165011 |  0.000748229 |
|      1 |     30 |  0.437128   |  0.243711    |
|      2 |     60 |  0.516604   |  0.401724    |
|      3 |     90 |  0.422203   |  0.426277    |
|      4 |    120 |  0.295442   |  0.435895    |
|      5 |    150 |  0.129088   |  0.384581    |
|      6 |    180 | -0.103367   |  0.258999    |
|      7 |    210 | -0.297579   |  0.134776    |
|      8 |    240 | -0.447576   |  0.0260697   |
|      9 |    270 | -0.586886   | -0.0682398   |
|     10 |    300 | -0.683042   | -0.172415    |
|     11 |    330 | -0.750642   | -0.337387    |
|     12 |    360 | -0.771367   | -0.479628    |
|     13 |    390 | -0.704314   | -0.497963    |
|     14 |    420 | -0.578746   | -0.421829    |
|     15 |    450 | -0.48989    | -0.375298    |
|     16 |    480 | -0.462258   | -0.428936    |
|     17 |    510 | -0.427265   | -0.512421    |
|     18 |    540 | -0.317515   | -0.490252    |
|     19 |    570 | -0.05804    | -0.338379    |
|     20 |    600 |  0.187357   | -0.150277    |
|     21 |    630 |  0.338878   | -0.0278128   |
|     22 |    660 |  0.455969   |  0.0583639   |
|     23 |    690 |  0.547053   |  0.115404    |
|     24 |    720 |  0.639642   |  0.158202    |
|     25 |    750 |  0.721464   |  0.199163    |
|     26 |    780 |  0.726926   |  0.253322    |
|     27 |    810 |  0.645506   |  0.326269    |
|     28 |    840 |  0.542948   |  0.385046    |
|     29 |    870 |  0.439333   |  0.421728    |
|     30 |    900 |  0.316014   |  0.433102    |
|     31 |    930 |  0.169928   |  0.387531    |
|     32 |    960 | -0.0530001  |  0.262621    |
|     33 |    990 | -0.212401   |  0.139868    |
|     34 |   1020 | -0.356234   |  0.0313503   |
|     35 |   1050 | -0.556722   | -0.0537425   |
|     36 |   1080 | -0.630246   | -0.165221    |
|     37 |   1110 | -0.705023   | -0.314426    |
|     38 |   1140 | -0.717846   | -0.492931    |
|     39 |   1170 | -0.70086    | -0.527106    |
|     40 |   1200 | -0.621978   | -0.447316    |
|     41 |   1230 | -0.530115   | -0.378467    |
|     42 |   1260 | -0.479374   | -0.404139    |
|     43 |   1290 | -0.398703   | -0.514394    |
|     44 |   1320 | -0.335279   | -0.530039    |
|     45 |   1350 | -0.163356   | -0.378667    |
|     46 |   1380 |  0.136816   | -0.180995    |
|     47 |   1410 |  0.33964    | -0.0655415   |
|     48 |   1440 |  0.463534   |  0.0236646   |
|     49 |   1470 |  0.531509   |  0.0954541   |
|     50 |   1500 |  0.567325   |  0.116828    |
|     51 |   1530 |  0.599391   |  0.12534     |
|     52 |   1560 |  0.617524   |  0.145492    |
f(weights)=127

-------------------------------------------------- Examples 16 --------------------------------------------------
weights=[-58.4656, -91.9842, -71.6627, -3.0367, 54.6778, 81.9809, 59.4281, 30.0274, 0.5827, -28.8626, -16.5469, -72.7284, -94.6126, -84.8839, -83.6966, -65.4587, -18.4391, 32.1369, 64.9201, 34.2492]
x_range=[-0.5441, 0.4689], y_range=[-0.5517, 0.3442]
Resampled 2D Trajectory:
|   step |   step |           x |           y |
|-------:|-------:|------------:|------------:|
|      0 |      0 | -0.00117104 | -0.00162605 |
|      1 |     30 | -0.342434   | -0.400531   |
|      2 |     60 | -0.415923   | -0.528005   |
|      3 |     90 | -0.322218   | -0.525451   |
|      4 |    120 | -0.157929   | -0.534717   |
|      5 |    150 | -0.0231439  | -0.537685   |
|      6 |    180 |  0.121919   | -0.543449   |
|      7 |    210 |  0.24818    | -0.54836    |
|      8 |    240 |  0.343638   | -0.521677   |
|      9 |    270 |  0.419082   | -0.473795   |
|     10 |    300 |  0.457378   | -0.402412   |
|     11 |    330 |  0.434109   | -0.296746   |
|     12 |    360 |  0.38027    | -0.183744   |
|     13 |    390 |  0.32543    | -0.069168   |
|     14 |    420 |  0.251152   |  0.0594299  |
|     15 |    450 |  0.184629   |  0.169712   |
|     16 |    480 |  0.116271   |  0.259982   |
|     17 |    510 |  0.0447945  |  0.326422   |
|     18 |    540 | -0.022736   |  0.338138   |
|     19 |    570 | -0.0961524  |  0.284448   |
|     20 |    600 | -0.165727   |  0.212338   |
|     21 |    630 | -0.234511   |  0.121734   |
|     22 |    660 | -0.309503   | -0.00247963 |
|     23 |    690 | -0.376437   | -0.124531   |
|     24 |    720 | -0.455252   | -0.259285   |
|     25 |    750 | -0.516753   | -0.396197   |
|     26 |    780 | -0.540689   | -0.477148   |
|     27 |    810 | -0.524957   | -0.520389   |
|     28 |    840 | -0.45767    | -0.522255   |
|     29 |    870 | -0.332279   | -0.525089   |
|     30 |    900 | -0.172602   | -0.528488   |
|     31 |    930 | -0.030549   | -0.532101   |
|     32 |    960 |  0.108313   | -0.534767   |
|     33 |    990 |  0.240313   | -0.543378   |
|     34 |   1020 |  0.331954   | -0.521895   |
|     35 |   1050 |  0.424317   | -0.474214   |
|     36 |   1080 |  0.467787   | -0.413771   |
|     37 |   1110 |  0.450188   | -0.314437   |
|     38 |   1140 |  0.399162   | -0.198839   |
|     39 |   1170 |  0.343732   | -0.0866577  |
|     40 |   1200 |  0.27148    |  0.0420787  |
|     41 |   1230 |  0.199742   |  0.155286   |
|     42 |   1260 |  0.131908   |  0.24499    |
|     43 |   1290 |  0.0574483  |  0.319154   |
|     44 |   1320 | -0.00932945 |  0.337723   |
|     45 |   1350 | -0.0805988  |  0.292345   |
|     46 |   1380 | -0.151646   |  0.218943   |
|     47 |   1410 | -0.219053   |  0.128574   |
|     48 |   1440 | -0.296858   |  0.010829   |
|     49 |   1470 | -0.367058   | -0.106551   |
|     50 |   1500 | -0.43993    | -0.237013   |
|     51 |   1530 | -0.505242   | -0.371908   |
|     52 |   1560 | -0.542746   | -0.45358    |
f(weights)=117

-------------------------------------------------- Examples 17 --------------------------------------------------
weights=[-48.3786, -95.2154, -70.3853, -0.239, 67.5651, 98.2339, 54.7362, 17.5334, -2.0216, -30.3381, -21.3488, -89.8127, -83.5938, -85.3848, -58.2772, -53.3623, 0.9517, 29.1648, 78.1292, 34.4466]
x_range=[-0.5566, 0.5438], y_range=[-0.5406, 0.3989]
Resampled 2D Trajectory:
|   step |   step |           x |           y |
|-------:|-------:|------------:|------------:|
|      0 |      0 | -0.00117743 | -0.00163286 |
|      1 |     30 | -0.341233   | -0.385853   |
|      2 |     60 | -0.413415   | -0.518454   |
|      3 |     90 | -0.306537   | -0.525876   |
|      4 |    120 | -0.1412     | -0.535118   |
|      5 |    150 |  0.00928516 | -0.519969   |
|      6 |    180 |  0.185559   | -0.472259   |
|      7 |    210 |  0.330628   | -0.428227   |
|      8 |    240 |  0.436904   | -0.39871    |
|      9 |    270 |  0.509903   | -0.374387   |
|     10 |    300 |  0.531744   | -0.313389   |
|     11 |    330 |  0.473247   | -0.198345   |
|     12 |    360 |  0.381262   | -0.0756488  |
|     13 |    390 |  0.296646   |  0.0221822  |
|     14 |    420 |  0.202135   |  0.109041   |
|     15 |    450 |  0.124609   |  0.187375   |
|     16 |    480 |  0.0633277  |  0.282215   |
|     17 |    510 |  0.00886549 |  0.378357   |
|     18 |    540 | -0.0447973  |  0.390801   |
|     19 |    570 | -0.109578   |  0.319383   |
|     20 |    600 | -0.170239   |  0.22394    |
|     21 |    630 | -0.222052   |  0.114612   |
|     22 |    660 | -0.277072   | -0.0221529  |
|     23 |    690 | -0.336042   | -0.163269   |
|     24 |    720 | -0.428399   | -0.328587   |
|     25 |    750 | -0.511338   | -0.48033    |
|     26 |    780 | -0.538165   | -0.539257   |
|     27 |    810 | -0.50664    | -0.530651   |
|     28 |    840 | -0.443423   | -0.520313   |
|     29 |    870 | -0.323229   | -0.521296   |
|     30 |    900 | -0.154078   | -0.526638   |
|     31 |    930 | -0.00179736 | -0.518263   |
|     32 |    960 |  0.167518   | -0.470978   |
|     33 |    990 |  0.32964    | -0.42049    |
|     34 |   1020 |  0.42664    | -0.393389   |
|     35 |   1050 |  0.51246    | -0.366382   |
|     36 |   1080 |  0.543688   | -0.319991   |
|     37 |   1110 |  0.498634   | -0.214864   |
|     38 |   1140 |  0.405396   | -0.0900948  |
|     39 |   1170 |  0.318208   |  0.00860658 |
|     40 |   1200 |  0.223191   |  0.0926834  |
|     41 |   1230 |  0.139716   |  0.172531   |
|     42 |   1260 |  0.0778664  |  0.266406   |
|     43 |   1290 |  0.0219405  |  0.366351   |
|     44 |   1320 | -0.0293002  |  0.393432   |
|     45 |   1350 | -0.0925123  |  0.33204    |
|     46 |   1380 | -0.153898   |  0.233641   |
|     47 |   1410 | -0.201674   |  0.123863   |
|     48 |   1440 | -0.25646    | -0.0117074  |
|     49 |   1470 | -0.307023   | -0.155255   |
|     50 |   1500 | -0.412217   | -0.295869   |
|     51 |   1530 | -0.513256   | -0.443172   |
|     52 |   1560 | -0.556315   | -0.515108   |
f(weights)=117

-------------------------------------------------- Examples 18 --------------------------------------------------
weights=[-34.3302, -93.0042, -71.8385, 0.993, 73.6253, 122.4616, 35.5702, -6.6918, 4.4413, -28.3231, -22.9159, -82.0922, -97.1699, -78.3676, -47.7439, -50.6632, -8.7569, 39.6436, 90.321, 33.9298]
x_range=[-0.5184, 0.6494], y_range=[-0.5443, 0.4029]
Resampled 2D Trajectory:
|   step |   step |           x |           y |
|-------:|-------:|------------:|------------:|
|      0 |      0 | -0.00117479 | -0.00170654 |
|      1 |     30 | -0.339307   | -0.42263    |
|      2 |     60 | -0.412644   | -0.528882   |
|      3 |     90 | -0.307881   | -0.525104   |
|      4 |    120 | -0.134831   | -0.520918   |
|      5 |    150 |  0.0317359  | -0.480375   |
|      6 |    180 |  0.219349   | -0.419514   |
|      7 |    210 |  0.379642   | -0.373674   |
|      8 |    240 |  0.507712   | -0.359505   |
|      9 |    270 |  0.612355   | -0.349547   |
|     10 |    300 |  0.629328   | -0.302967   |
|     11 |    330 |  0.50631    | -0.200308   |
|     12 |    360 |  0.333567   | -0.0959889  |
|     13 |    390 |  0.186051   |  0.0035418  |
|     14 |    420 |  0.0684138  |  0.125159   |
|     15 |    450 |  0.00024415 |  0.23596    |
|     16 |    480 | -0.00810585 |  0.345771   |
|     17 |    510 | -0.00622876 |  0.400968   |
|     18 |    540 | -0.0280171  |  0.399453   |
|     19 |    570 | -0.0887836  |  0.346825   |
|     20 |    600 | -0.145836   |  0.234358   |
|     21 |    630 | -0.183632   |  0.11539    |
|     22 |    660 | -0.216071   | -0.0262845  |
|     23 |    690 | -0.267924   | -0.162334   |
|     24 |    720 | -0.370955   | -0.317929   |
|     25 |    750 | -0.475047   | -0.459946   |
|     26 |    780 | -0.517687   | -0.538347   |
|     27 |    810 | -0.500792   | -0.537709   |
|     28 |    840 | -0.447904   | -0.527892   |
|     29 |    870 | -0.328614   | -0.523787   |
|     30 |    900 | -0.148786   | -0.522949   |
|     31 |    930 |  0.0195006  | -0.485805   |
|     32 |    960 |  0.199575   | -0.423011   |
|     33 |    990 |  0.371084   | -0.36795    |
|     34 |   1020 |  0.496169   | -0.349005   |
|     35 |   1050 |  0.606295   | -0.344038   |
|     36 |   1080 |  0.648435   | -0.310665   |
|     37 |   1110 |  0.548764   | -0.218019   |
|     38 |   1140 |  0.365054   | -0.11566    |
|     39 |   1170 |  0.210749   | -0.0159765  |
|     40 |   1200 |  0.0871562  |  0.102898   |
|     41 |   1230 |  0.00960407 |  0.216428   |
|     42 |   1260 | -0.00710663 |  0.32916    |
|     43 |   1290 | -0.00485343 |  0.398571   |
|     44 |   1320 | -0.0169309  |  0.396576   |
|     45 |   1350 | -0.0749112  |  0.36116    |
|     46 |   1380 | -0.13579    |  0.248931   |
|     47 |   1410 | -0.177822   |  0.13103    |
|     48 |   1440 | -0.211061   | -0.00706641 |
|     49 |   1470 | -0.257136   | -0.14137    |
|     50 |   1500 | -0.34646    | -0.292075   |
|     51 |   1530 | -0.457265   | -0.438803   |
|     52 |   1560 | -0.510304   | -0.526083   |
f(weights)=119

-------------------------------------------------- Examples 19 --------------------------------------------------
weights=[-40.4056, -94.2655, -78.6846, 10.2801, 55.1813, 117.7915, 58.4951, -1.8037, 11.544, -17.7678, -22.3752, -79.5127, -91.2871, -69.5152, -57.914, -52.0001, -13.1387, 44.578, 88.331, 21.1799]
x_range=[-0.5480, 0.6275], y_range=[-0.5326, 0.4169]
Resampled 2D Trajectory:
|   step |   step |           x |          y |
|-------:|-------:|------------:|-----------:|
|      0 |      0 | -0.00124325 | -0.0016337 |
|      1 |     30 | -0.35773    | -0.401649  |
|      2 |     60 | -0.441045   | -0.523423  |
|      3 |     90 | -0.31579    | -0.512788  |
|      4 |    120 | -0.103675   | -0.483053  |
|      5 |    150 |  0.0466676  | -0.453102  |
|      6 |    180 |  0.177085   | -0.427258  |
|      7 |    210 |  0.301399   | -0.407008  |
|      8 |    240 |  0.420353   | -0.398911  |
|      9 |    270 |  0.557107   | -0.376845  |
|     10 |    300 |  0.612518   | -0.331032  |
|     11 |    330 |  0.548134   | -0.228031  |
|     12 |    360 |  0.41764    | -0.127674  |
|     13 |    390 |  0.28476    | -0.0138011 |
|     14 |    420 |  0.138397   |  0.124952  |
|     15 |    450 |  0.0480097  |  0.251131  |
|     16 |    480 |  0.0323724  |  0.358     |
|     17 |    510 |  0.0499499  |  0.41611   |
|     18 |    540 |  0.0366801  |  0.40441   |
|     19 |    570 | -0.0322922  |  0.306972  |
|     20 |    600 | -0.0949708  |  0.177055  |
|     21 |    630 | -0.15203    |  0.0683244 |
|     22 |    660 | -0.213177   | -0.0556886 |
|     23 |    690 | -0.289997   | -0.163766  |
|     24 |    720 | -0.392765   | -0.308836  |
|     25 |    750 | -0.50061    | -0.438106  |
|     26 |    780 | -0.544187   | -0.513419  |
|     27 |    810 | -0.536876   | -0.530689  |
|     28 |    840 | -0.479612   | -0.522656  |
|     29 |    870 | -0.338993   | -0.517873  |
|     30 |    900 | -0.123161   | -0.489339  |
|     31 |    930 |  0.0371227  | -0.453817  |
|     32 |    960 |  0.170816   | -0.426282  |
|     33 |    990 |  0.292765   | -0.402792  |
|     34 |   1020 |  0.411573   | -0.390235  |
|     35 |   1050 |  0.551496   | -0.371632  |
|     36 |   1080 |  0.626999   | -0.332321  |
|     37 |   1110 |  0.581038   | -0.242859  |
|     38 |   1140 |  0.452866   | -0.140543  |
|     39 |   1170 |  0.317935   | -0.0335483 |
|     40 |   1200 |  0.168484   |  0.10494   |
|     41 |   1230 |  0.0601715  |  0.233532  |
|     42 |   1260 |  0.0331202  |  0.342864  |
|     43 |   1290 |  0.048187   |  0.41261   |
|     44 |   1320 |  0.0496806  |  0.409468  |
|     45 |   1350 | -0.0190188  |  0.326985  |
|     46 |   1380 | -0.0836488  |  0.19417   |
|     47 |   1410 | -0.142256   |  0.0812761 |
|     48 |   1440 | -0.206019   | -0.0360764 |
|     49 |   1470 | -0.271957   | -0.151226  |
|     50 |   1500 | -0.368814   | -0.284494  |
|     51 |   1530 | -0.474335   | -0.42521   |
|     52 |   1560 | -0.530068   | -0.506221  |
f(weights)=112

-------------------------------------------------- Examples 20 --------------------------------------------------
weights=[-43.1128, -93.2171, -76.1793, 1.0282, 60.8528, 107.3897, 56.9583, 6.0948, -0.7181, -27.2478, -28.0717, -89.2842, -98.9934, -69.8523, -68.2426, -40.5758, -19.2365, 59.2722, 103.2577, 28.2512]
x_range=[-0.5293, 0.5845], y_range=[-0.5462, 0.4484]
Resampled 2D Trajectory:
|   step |   step |           x |           y |
|-------:|-------:|------------:|------------:|
|      0 |      0 | -0.00121714 | -0.00176601 |
|      1 |     30 | -0.354737   | -0.436426   |
|      2 |     60 | -0.426651   | -0.531025   |
|      3 |     90 | -0.329385   | -0.513839   |
|      4 |    120 | -0.13769    | -0.495954   |
|      5 |    150 |  0.0144633  | -0.471943   |
|      6 |    180 |  0.169357   | -0.463925   |
|      7 |    210 |  0.305436   | -0.450119   |
|      8 |    240 |  0.42114    | -0.411424   |
|      9 |    270 |  0.53614    | -0.347545   |
|     10 |    300 |  0.572654   | -0.283799   |
|     11 |    330 |  0.509043   | -0.212598   |
|     12 |    360 |  0.401003   | -0.129805   |
|     13 |    390 |  0.286853   | -0.00995302 |
|     14 |    420 |  0.159487   |  0.16471    |
|     15 |    450 |  0.0736601  |  0.326432   |
|     16 |    480 |  0.0452893  |  0.414162   |
|     17 |    510 |  0.0750019  |  0.433738   |
|     18 |    540 |  0.0695888  |  0.433133   |
|     19 |    570 | -0.0703096  |  0.347186   |
|     20 |    600 | -0.147753   |  0.218992   |
|     21 |    630 | -0.200025   |  0.0880521  |
|     22 |    660 | -0.252873   | -0.053572   |
|     23 |    690 | -0.317993   | -0.184634   |
|     24 |    720 | -0.407442   | -0.35095    |
|     25 |    750 | -0.494326   | -0.496226   |
|     26 |    780 | -0.529277   | -0.546192   |
|     27 |    810 | -0.514537   | -0.536352   |
|     28 |    840 | -0.469957   | -0.522961   |
|     29 |    870 | -0.34236    | -0.517676   |
|     30 |    900 | -0.15973    | -0.497228   |
|     31 |    930 |  0.00162812 | -0.467536   |
|     32 |    960 |  0.154857   | -0.455587   |
|     33 |    990 |  0.286782   | -0.442348   |
|     34 |   1020 |  0.411678   | -0.40822    |
|     35 |   1050 |  0.526977   | -0.346398   |
|     36 |   1080 |  0.582503   | -0.287148   |
|     37 |   1110 |  0.543583   | -0.216375   |
|     38 |   1140 |  0.437324   | -0.138497   |
|     39 |   1170 |  0.315474   | -0.0329944  |
|     40 |   1200 |  0.185981   |  0.13903    |
|     41 |   1230 |  0.0876022  |  0.306925   |
|     42 |   1260 |  0.0436417  |  0.410508   |
|     43 |   1290 |  0.0770052  |  0.429146   |
|     44 |   1320 |  0.0838345  |  0.442914   |
|     45 |   1350 | -0.0415876  |  0.36526    |
|     46 |   1380 | -0.130151   |  0.233172   |
|     47 |   1410 | -0.174707   |  0.0935039  |
|     48 |   1440 | -0.21941    | -0.0545498  |
|     49 |   1470 | -0.27491    | -0.19403    |
|     50 |   1500 | -0.369373   | -0.335572   |
|     51 |   1530 | -0.477152   | -0.474531   |
|     52 |   1560 | -0.519769   | -0.541647   |
f(weights)=110

-------------------------------------------------- Iteration 1 --------------------------------------------------
weights=[-37.7078, -95.2548, -73.3786, 5.3221, 57.3314, 113.2696, 59.7749, -0.9381, -0.0253, -26.1245, -30.6987, -86.9495, -101.041, -71.0419, -66.8968, -45.7611, -16.6578, 49.8239, 91.9385, 26.3884]
x_range=[-0.5234, 0.6052], y_range=[-0.5525, 0.4047]
Resampled 2D Trajectory:
|   step |   step |           x |           y |
|-------:|-------:|------------:|------------:|
|      0 |      0 | -0.00120213 | -0.00177084 |
|      1 |     30 | -0.348543   | -0.440179   |
|      2 |     60 | -0.417298   | -0.527963   |
|      3 |     90 | -0.309139   | -0.522257   |
|      4 |    120 | -0.118668   | -0.505501   |
|      5 |    150 |  0.0301793  | -0.476798   |
|      6 |    180 |  0.171391   | -0.462846   |
|      7 |    210 |  0.298636   | -0.448083   |
|      8 |    240 |  0.418679   | -0.419277   |
|      9 |    270 |  0.547942   | -0.36854    |
|     10 |    300 |  0.599084   | -0.306874   |
|     11 |    330 |  0.535735   | -0.221392   |
|     12 |    360 |  0.418256   | -0.131079   |
|     13 |    390 |  0.290356   | -0.0146563  |
|     14 |    420 |  0.140585   |  0.138061   |
|     15 |    450 |  0.0429863  |  0.275239   |
|     16 |    480 |  0.00581561 |  0.385704   |
|     17 |    510 | -0.0103641  |  0.396182   |
|     18 |    540 | -0.0448395  |  0.404731   |
|     19 |    570 | -0.0929081  |  0.328288   |
|     20 |    600 | -0.142233   |  0.199815   |
|     21 |    630 | -0.183849   |  0.0729386  |
|     22 |    660 | -0.229785   | -0.0668522  |
|     23 |    690 | -0.284927   | -0.204005   |
|     24 |    720 | -0.385314   | -0.357998   |
|     25 |    750 | -0.485423   | -0.497692   |
|     26 |    780 | -0.523182   | -0.551737   |
|     27 |    810 | -0.509558   | -0.537883   |
|     28 |    840 | -0.463897   | -0.519987   |
|     29 |    870 | -0.328158   | -0.522616   |
|     30 |    900 | -0.137066   | -0.509006   |
|     31 |    930 |  0.023382   | -0.47595    |
|     32 |    960 |  0.156454   | -0.45672    |
|     33 |    990 |  0.286748   | -0.441422   |
|     34 |   1020 |  0.410173   | -0.414414   |
|     35 |   1050 |  0.539436   | -0.366042   |
|     36 |   1080 |  0.602265   | -0.311534   |
|     37 |   1110 |  0.568136   | -0.231147   |
|     38 |   1140 |  0.453671   | -0.141102   |
|     39 |   1170 |  0.323918   | -0.0364701  |
|     40 |   1200 |  0.174071   |  0.11416    |
|     41 |   1230 |  0.0585638  |  0.257653   |
|     42 |   1260 |  0.0123103  |  0.370381   |
|     43 |   1290 | -0.00217926 |  0.395178   |
|     44 |   1320 | -0.0339952  |  0.40223    |
|     45 |   1350 | -0.0803559  |  0.345269   |
|     46 |   1380 | -0.131257   |  0.213166   |
|     47 |   1410 | -0.174443   |  0.0849995  |
|     48 |   1440 | -0.219027   | -0.0554499  |
|     49 |   1470 | -0.271746   | -0.190034   |
|     50 |   1500 | -0.361973   | -0.334815   |
|     51 |   1530 | -0.468617   | -0.476807   |
|     52 |   1560 | -0.521388   | -0.540888   |
f(weights)=111

-------------------------------------------------- Iteration 2 --------------------------------------------------
weights=[-37.7078, -95.2548, -73.3786, 5.3221, 57.3314, 113.2696, 59.7749, -0.9381, -0.0253, -26.1245, -30.6987, -86.9495, -101.041, -71.0419, -66.8968, -45.7611, -16.6578, 49.8239, 91.9385, 26.3884]
x_range=[-0.5290, 0.6099], y_range=[-0.5492, 0.4047]
Resampled 2D Trajectory:
|   step |   step |           x |           y |
|-------:|-------:|------------:|------------:|
|      0 |      0 | -0.00120213 | -0.00177084 |
|      1 |     30 | -0.348543   | -0.440179   |
|      2 |     60 | -0.417298   | -0.527963   |
|      3 |     90 | -0.309139   | -0.522257   |
|      4 |    120 | -0.118668   | -0.505501   |
|      5 |    150 |  0.0301793  | -0.476798   |
|      6 |    180 |  0.171391   | -0.462846   |
|      7 |    210 |  0.298636   | -0.448083   |
|      8 |    240 |  0.418679   | -0.419277   |
|      9 |    270 |  0.547942   | -0.36854    |
|     10 |    300 |  0.599084   | -0.306874   |
|     11 |    330 |  0.535735   | -0.221392   |
|     12 |    360 |  0.418256   | -0.131079   |
|     13 |    390 |  0.290356   | -0.0146563  |
|     14 |    420 |  0.140585   |  0.138061   |
|     15 |    450 |  0.0429863  |  0.275239   |
|     16 |    480 |  0.00581562 |  0.385704   |
|     17 |    510 | -0.010364   |  0.396182   |
|     18 |    540 | -0.0448395  |  0.404731   |
|     19 |    570 | -0.0929081  |  0.328288   |
|     20 |    600 | -0.142233   |  0.199816   |
|     21 |    630 | -0.183851   |  0.0729409  |
|     22 |    660 | -0.229847   | -0.066865   |
|     23 |    690 | -0.283977   | -0.20595    |
|     24 |    720 | -0.397705   | -0.35209    |
|     25 |    750 | -0.487107   | -0.496539   |
|     26 |    780 | -0.528918   | -0.549184   |
|     27 |    810 | -0.511956   | -0.536595   |
|     28 |    840 | -0.459342   | -0.523092   |
|     29 |    870 | -0.327425   | -0.522883   |
|     30 |    900 | -0.137873   | -0.507828   |
|     31 |    930 |  0.0177934  | -0.475796   |
|     32 |    960 |  0.159338   | -0.457322   |
|     33 |    990 |  0.285      | -0.442064   |
|     34 |   1020 |  0.406497   | -0.413576   |
|     35 |   1050 |  0.54013    | -0.3658     |
|     36 |   1080 |  0.608499   | -0.310234   |
|     37 |   1110 |  0.567396   | -0.230802   |
|     38 |   1140 |  0.455016   | -0.139861   |
|     39 |   1170 |  0.324186   | -0.0357969  |
|     40 |   1200 |  0.173259   |  0.113774   |
|     41 |   1230 |  0.0584913  |  0.257562   |
|     42 |   1260 |  0.0122402  |  0.370299   |
|     43 |   1290 | -0.00227117 |  0.395172   |
|     44 |   1320 | -0.0339983  |  0.402132   |
|     45 |   1350 | -0.0803818  |  0.345307   |
|     46 |   1380 | -0.131344   |  0.21323    |
|     47 |   1410 | -0.174799   |  0.085062   |
|     48 |   1440 | -0.218912   | -0.0554881  |
|     49 |   1470 | -0.272798   | -0.189914   |
|     50 |   1500 | -0.363171   | -0.33389    |
|     51 |   1530 | -0.470926   | -0.475223   |
|     52 |   1560 | -0.52105    | -0.54118    |
f(weights)=112



Now you are at iteration 3 out of 400. Please provide the results in the indicated format.